#wls	flux	fluxerr
1.590679E+03	5.660153E-05	4.720764E-06
1.630446E+03	5.808704E-05	4.838231E-06
1.670213E+03	5.960894E-05	4.958208E-06
1.709980E+03	6.120179E-05	5.083536E-06
1.749746E+03	6.281329E-05	5.209833E-06
1.789513E+03	6.449570E-05	5.341398E-06
1.829280E+03	6.621333E-05	5.475235E-06
1.869047E+03	6.798336E-05	5.612724E-06
1.908814E+03	6.980511E-05	5.753768E-06
1.948581E+03	7.165927E-05	5.896731E-06
1.988348E+03	7.358149E-05	6.044503E-06
2.028115E+03	7.553335E-05	6.193879E-06
2.067882E+03	7.755063E-05	6.347747E-06
2.107649E+03	7.961283E-05	6.504374E-06
2.147416E+03	8.171773E-05	6.663531E-06
2.187183E+03	8.386286E-05	6.824964E-06
2.226950E+03	8.606495E-05	6.989981E-06
2.266717E+03	8.832127E-05	7.158301E-06
2.306484E+03	9.060894E-05	7.328010E-06
2.346251E+03	9.292414E-05	7.498750E-06
2.386018E+03	9.530276E-05	7.673361E-06
2.425785E+03	9.772083E-05	7.849843E-06
2.465552E+03	1.001738E-04	8.027774E-06
2.505319E+03	1.026568E-04	8.206699E-06
2.545086E+03	1.051848E-04	8.387768E-06
2.584853E+03	1.077525E-04	8.570481E-06
2.624620E+03	1.103336E-04	8.752688E-06
2.664387E+03	1.129630E-04	8.937096E-06
2.704154E+03	1.156341E-04	9.123115E-06
2.743921E+03	1.183199E-04	9.308546E-06
2.783688E+03	1.210543E-04	9.495995E-06
2.823455E+03	1.238094E-04	9.683203E-06
2.863222E+03	1.266187E-04	9.872722E-06
2.902988E+03	1.294333E-04	1.006066E-05
2.942755E+03	1.323062E-04	1.025108E-05
2.982522E+03	1.352086E-04	1.044167E-05
2.992464E+03	1.359307E-04	1.048870E-05
3.002406E+03	1.366655E-04	1.053659E-05
3.012348E+03	1.373923E-04	1.058372E-05
3.022289E+03	1.381315E-04	1.063166E-05
3.032231E+03	1.388828E-04	1.068039E-05
3.042173E+03	1.396257E-04	1.072833E-05
3.052115E+03	1.403602E-04	1.077549E-05
3.062056E+03	1.411064E-04	1.082341E-05
3.071998E+03	1.418641E-04	1.087205E-05
3.081940E+03	1.426129E-04	1.091987E-05
3.091882E+03	1.433730E-04	1.096841E-05
3.101823E+03	1.441238E-04	1.101609E-05
3.111765E+03	1.448856E-04	1.106446E-05
3.121707E+03	1.456578E-04	1.111348E-05
3.131649E+03	1.464207E-04	1.116163E-05
3.141590E+03	1.471939E-04	1.121041E-05
3.151532E+03	1.479572E-04	1.125829E-05
3.161474E+03	1.487503E-04	1.130828E-05
3.171416E+03	1.495136E-04	1.135585E-05
3.181357E+03	1.503063E-04	1.140550E-05
3.191299E+03	1.510886E-04	1.145419E-05
3.201241E+03	1.518802E-04	1.150343E-05
3.211182E+03	1.526611E-04	1.155170E-05
3.221124E+03	1.534706E-04	1.160198E-05
3.231066E+03	1.542691E-04	1.165125E-05
3.241008E+03	1.550762E-04	1.170101E-05
3.250949E+03	1.558720E-04	1.174976E-05
3.260891E+03	1.566760E-04	1.179895E-05
3.270833E+03	1.574880E-04	1.184858E-05
3.280775E+03	1.583078E-04	1.189863E-05
3.290716E+03	1.591351E-04	1.194907E-05
3.300658E+03	1.599506E-04	1.199845E-05
3.310600E+03	1.607926E-04	1.204964E-05
3.320542E+03	1.616222E-04	1.209974E-05
3.330483E+03	1.624588E-04	1.215018E-05
3.340425E+03	1.633019E-04	1.220093E-05
3.350367E+03	1.641325E-04	1.225056E-05
3.360309E+03	1.649884E-04	1.230191E-05
3.370250E+03	1.658503E-04	1.235352E-05
3.380192E+03	1.666992E-04	1.240397E-05
3.390134E+03	1.675539E-04	1.245468E-05
3.400076E+03	1.684328E-04	1.250700E-05
3.410017E+03	1.692982E-04	1.255813E-05
3.419959E+03	1.701687E-04	1.260946E-05
3.429901E+03	1.710443E-04	1.266097E-05
3.439843E+03	1.719431E-04	1.271400E-05
3.449784E+03	1.728279E-04	1.276581E-05
3.459726E+03	1.737171E-04	1.281775E-05
3.469668E+03	1.746105E-04	1.286980E-05
3.479609E+03	1.755261E-04	1.292330E-05
3.489551E+03	1.764273E-04	1.297553E-05
3.499493E+03	1.773502E-04	1.302917E-05
3.509435E+03	1.782584E-04	1.308152E-05
3.519376E+03	1.791880E-04	1.313524E-05
3.529318E+03	1.801206E-04	1.318898E-05
3.539260E+03	1.810560E-04	1.324271E-05
3.549202E+03	1.819940E-04	1.329643E-05
3.559143E+03	1.829346E-04	1.335013E-05
3.569085E+03	1.838774E-04	1.340378E-05
3.579027E+03	1.848403E-04	1.345869E-05
3.588969E+03	1.858049E-04	1.351351E-05
3.598910E+03	1.867713E-04	1.356824E-05
3.608852E+03	1.877393E-04	1.362287E-05
3.618794E+03	1.887087E-04	1.367740E-05
3.628736E+03	1.896969E-04	1.373306E-05
3.638677E+03	1.906860E-04	1.378857E-05
3.648619E+03	1.916761E-04	1.384393E-05
3.658561E+03	1.926841E-04	1.390036E-05
3.668503E+03	1.936927E-04	1.395660E-05
3.678444E+03	1.947016E-04	1.401265E-05
3.688386E+03	1.957107E-04	1.406848E-05
3.698328E+03	1.967370E-04	1.412531E-05
3.708270E+03	1.977799E-04	1.418311E-05
3.718211E+03	1.988057E-04	1.423945E-05
3.728153E+03	1.998479E-04	1.429673E-05
3.738095E+03	2.008894E-04	1.435373E-05
3.748037E+03	2.019469E-04	1.441163E-05
3.757978E+03	2.030034E-04	1.446923E-05
3.767920E+03	2.040753E-04	1.452768E-05
3.777862E+03	2.051459E-04	1.458580E-05
3.787803E+03	2.062151E-04	1.464357E-05
3.797745E+03	2.072991E-04	1.470216E-05
3.807687E+03	2.083975E-04	1.476152E-05
3.817629E+03	2.094939E-04	1.482050E-05
3.827570E+03	2.105884E-04	1.487908E-05
3.837512E+03	2.116965E-04	1.493838E-05
3.847454E+03	2.128023E-04	1.499727E-05
3.857396E+03	2.139213E-04	1.505684E-05
3.867337E+03	2.150376E-04	1.511597E-05
3.877279E+03	2.161668E-04	1.517574E-05
3.887221E+03	2.173083E-04	1.523614E-05
3.897163E+03	2.184466E-04	1.529604E-05
3.907104E+03	2.195812E-04	1.535543E-05
3.917046E+03	2.207277E-04	1.541539E-05
3.926988E+03	2.218856E-04	1.547588E-05
3.936930E+03	2.230391E-04	1.553582E-05
3.946871E+03	2.242036E-04	1.559626E-05
3.956813E+03	2.253632E-04	1.565609E-05
3.966755E+03	2.265332E-04	1.571638E-05
3.976697E+03	2.277128E-04	1.577708E-05
3.986638E+03	2.288869E-04	1.583712E-05
3.996580E+03	2.300551E-04	1.589650E-05
4.006522E+03	2.312469E-04	1.595724E-05
4.016464E+03	2.324173E-04	1.601624E-05
4.026405E+03	2.336103E-04	1.607652E-05
4.036347E+03	2.347958E-04	1.613603E-05
4.046289E+03	2.359737E-04	1.619475E-05
4.056230E+03	2.371723E-04	1.625462E-05
4.066172E+03	2.383478E-04	1.631264E-05
4.076114E+03	2.395429E-04	1.637174E-05
4.086056E+03	2.407140E-04	1.642893E-05
4.095997E+03	2.419032E-04	1.648709E-05
4.105939E+03	2.430814E-04	1.654424E-05
4.115881E+03	2.442622E-04	1.660130E-05
4.125823E+03	2.454307E-04	1.665726E-05
4.135764E+03	2.465861E-04	1.671208E-05
4.145706E+03	2.477556E-04	1.676758E-05
4.155648E+03	2.489104E-04	1.682184E-05
4.165590E+03	2.500497E-04	1.687479E-05
4.175531E+03	2.511862E-04	1.692730E-05
4.185473E+03	2.523054E-04	1.697838E-05
4.195415E+03	2.534196E-04	1.702890E-05
4.205357E+03	2.545143E-04	1.707784E-05
4.215298E+03	2.556017E-04	1.712606E-05
4.225240E+03	2.566674E-04	1.717258E-05
4.235182E+03	2.577231E-04	1.721820E-05
4.245124E+03	2.587544E-04	1.726195E-05
4.255065E+03	2.597730E-04	1.730463E-05
4.265007E+03	2.607643E-04	1.734527E-05
4.274949E+03	2.617270E-04	1.738379E-05
4.284891E+03	2.626724E-04	1.742095E-05
4.294832E+03	2.635861E-04	1.745580E-05
4.304774E+03	2.644791E-04	1.748908E-05
4.314716E+03	2.653247E-04	1.751903E-05
4.324658E+03	2.661589E-04	1.754804E-05
4.334599E+03	2.669426E-04	1.757355E-05
4.344541E+03	2.676869E-04	1.759629E-05
4.354483E+03	2.684032E-04	1.761703E-05
4.364424E+03	2.690783E-04	1.763491E-05
4.374366E+03	2.697242E-04	1.765073E-05
4.384308E+03	2.703169E-04	1.766292E-05
4.394250E+03	2.708812E-04	1.767314E-05
4.404191E+03	2.713943E-04	1.767989E-05
4.414133E+03	2.718811E-04	1.768480E-05
4.424075E+03	2.723310E-04	1.768719E-05
4.434017E+03	2.727452E-04	1.768716E-05
4.443958E+03	2.731254E-04	1.768481E-05
4.453900E+03	2.734728E-04	1.768023E-05
4.463842E+03	2.737891E-04	1.767352E-05
4.473784E+03	2.740755E-04	1.766479E-05
4.483725E+03	2.743225E-04	1.765342E-05
4.493667E+03	2.745535E-04	1.764093E-05
4.503609E+03	2.747479E-04	1.762599E-05
4.513551E+03	2.749289E-04	1.761009E-05
4.523492E+03	2.750761E-04	1.759194E-05
4.533434E+03	2.751907E-04	1.757161E-05
4.543376E+03	2.752954E-04	1.755057E-05
4.553318E+03	2.753702E-04	1.752752E-05
4.563259E+03	2.754268E-04	1.750324E-05
4.573201E+03	2.754558E-04	1.747711E-05
4.583143E+03	2.754790E-04	1.745054E-05
4.593085E+03	2.754666E-04	1.742162E-05
4.603026E+03	2.754401E-04	1.739174E-05
4.612968E+03	2.754006E-04	1.736094E-05
4.622910E+03	2.753388E-04	1.732866E-05
4.632851E+03	2.752656E-04	1.729559E-05
4.642793E+03	2.751721E-04	1.726115E-05
4.652735E+03	2.750591E-04	1.722541E-05
4.662677E+03	2.749373E-04	1.718903E-05
4.672618E+03	2.747977E-04	1.715147E-05
4.682560E+03	2.746411E-04	1.711276E-05
4.692502E+03	2.744685E-04	1.707298E-05
4.702444E+03	2.742898E-04	1.703273E-05
4.712385E+03	2.740873E-04	1.699092E-05
4.722327E+03	2.738800E-04	1.694874E-05
4.732269E+03	2.736593E-04	1.690565E-05
4.742211E+03	2.734261E-04	1.686170E-05
4.752152E+03	2.731809E-04	1.681693E-05
4.762094E+03	2.729243E-04	1.677138E-05
4.772036E+03	2.726570E-04	1.672509E-05
4.781978E+03	2.723794E-04	1.667809E-05
4.791919E+03	2.720922E-04	1.663041E-05
4.801861E+03	2.717959E-04	1.658210E-05
4.811803E+03	2.714825E-04	1.653265E-05
4.821745E+03	2.711613E-04	1.648265E-05
4.831686E+03	2.708325E-04	1.643211E-05
4.841628E+03	2.704967E-04	1.638106E-05
4.851570E+03	2.701462E-04	1.632903E-05
4.861512E+03	2.697897E-04	1.627655E-05
4.871453E+03	2.694277E-04	1.622366E-05
4.881395E+03	2.690605E-04	1.617038E-05
4.891337E+03	2.686727E-04	1.611577E-05
4.901279E+03	2.682887E-04	1.606130E-05
4.911220E+03	2.678931E-04	1.600605E-05
4.921162E+03	2.674864E-04	1.595006E-05
4.931104E+03	2.670769E-04	1.589381E-05
4.941045E+03	2.666649E-04	1.583733E-05
4.950987E+03	2.662357E-04	1.577974E-05
4.960929E+03	2.658049E-04	1.572197E-05
4.970871E+03	2.653730E-04	1.566405E-05
4.980812E+03	2.649328E-04	1.560555E-05
4.990754E+03	2.644848E-04	1.554651E-05
5.000696E+03	2.640296E-04	1.548695E-05
5.010638E+03	2.635748E-04	1.542734E-05
5.020579E+03	2.631136E-04	1.536726E-05
5.030521E+03	2.626465E-04	1.530675E-05
5.040463E+03	2.621740E-04	1.524584E-05
5.050405E+03	2.617034E-04	1.518496E-05
5.060346E+03	2.612214E-04	1.512331E-05
5.070288E+03	2.607420E-04	1.506174E-05
5.080230E+03	2.602590E-04	1.499987E-05
5.090172E+03	2.597659E-04	1.493733E-05
5.100113E+03	2.592767E-04	1.487493E-05
5.110055E+03	2.587852E-04	1.481231E-05
5.119997E+03	2.582916E-04	1.474948E-05
5.129939E+03	2.577965E-04	1.468647E-05
5.139880E+03	2.573003E-04	1.462331E-05
5.149822E+03	2.568033E-04	1.456001E-05
5.159764E+03	2.562997E-04	1.449625E-05
5.169706E+03	2.558025E-04	1.443277E-05
5.179647E+03	2.553059E-04	1.436922E-05
5.189589E+03	2.548039E-04	1.430528E-05
5.199531E+03	2.543096E-04	1.424168E-05
5.209472E+03	2.538108E-04	1.417774E-05
5.219414E+03	2.533142E-04	1.411382E-05
5.229356E+03	2.528201E-04	1.404996E-05
5.239298E+03	2.523230E-04	1.398582E-05
5.249239E+03	2.518353E-04	1.392212E-05
5.259181E+03	2.513453E-04	1.385820E-05
5.269123E+03	2.508595E-04	1.379440E-05
5.279065E+03	2.503782E-04	1.373076E-05
5.289006E+03	2.498959E-04	1.366697E-05
5.298948E+03	2.494190E-04	1.360337E-05
5.308890E+03	2.489478E-04	1.353998E-05
5.318832E+03	2.484826E-04	1.347682E-05
5.328773E+03	2.480181E-04	1.341359E-05
5.338715E+03	2.475604E-04	1.335063E-05
5.348657E+03	2.471041E-04	1.328764E-05
5.358599E+03	2.466554E-04	1.322495E-05
5.368540E+03	2.462147E-04	1.316258E-05
5.378482E+03	2.457765E-04	1.310024E-05
5.388424E+03	2.453470E-04	1.303825E-05
5.398366E+03	2.449264E-04	1.297662E-05
5.408307E+03	2.445095E-04	1.291507E-05
5.418249E+03	2.440968E-04	1.285362E-05
5.428191E+03	2.436940E-04	1.279259E-05
5.438133E+03	2.433015E-04	1.273198E-05
5.448074E+03	2.429142E-04	1.267151E-05
5.458016E+03	2.425377E-04	1.261149E-05
5.467958E+03	2.421670E-04	1.255164E-05
5.477900E+03	2.418024E-04	1.249198E-05
5.487841E+03	2.414496E-04	1.243280E-05
5.497783E+03	2.411087E-04	1.237410E-05
5.507725E+03	2.407747E-04	1.231563E-05
5.517666E+03	2.404481E-04	1.225739E-05
5.527608E+03	2.401343E-04	1.219966E-05
5.537550E+03	2.398283E-04	1.214219E-05
5.547492E+03	2.395305E-04	1.208498E-05
5.557433E+03	2.392463E-04	1.202832E-05
5.567375E+03	2.389708E-04	1.197194E-05
5.577317E+03	2.387044E-04	1.191586E-05
5.587259E+03	2.384523E-04	1.186033E-05
5.597200E+03	2.382098E-04	1.180513E-05
5.607142E+03	2.379770E-04	1.175024E-05
5.617084E+03	2.377595E-04	1.169594E-05
5.627026E+03	2.375523E-04	1.164197E-05
5.636967E+03	2.373557E-04	1.158836E-05
5.646909E+03	2.371701E-04	1.153510E-05
5.656851E+03	2.369957E-04	1.148221E-05
5.666793E+03	2.368377E-04	1.142993E-05
5.676734E+03	2.366915E-04	1.137803E-05
5.686676E+03	2.365572E-04	1.132652E-05
5.696618E+03	2.364353E-04	1.127540E-05
5.706560E+03	2.363259E-04	1.122469E-05
5.716501E+03	2.362294E-04	1.117439E-05
5.726443E+03	2.361509E-04	1.112473E-05
5.736385E+03	2.360809E-04	1.107526E-05
5.746327E+03	2.360295E-04	1.102646E-05
5.756268E+03	2.359920E-04	1.097809E-05
5.766210E+03	2.359641E-04	1.092994E-05
5.776152E+03	2.359554E-04	1.088247E-05
5.786093E+03	2.359617E-04	1.083545E-05
5.796035E+03	2.359784E-04	1.078868E-05
5.805977E+03	2.360152E-04	1.074260E-05
5.815919E+03	2.360678E-04	1.069700E-05
5.825860E+03	2.361319E-04	1.065167E-05
5.835802E+03	2.362170E-04	1.060705E-05
5.845744E+03	2.363141E-04	1.056271E-05
5.855686E+03	2.364330E-04	1.051909E-05
5.865627E+03	2.365646E-04	1.047578E-05
5.875569E+03	2.367139E-04	1.043298E-05
5.885511E+03	2.368814E-04	1.039072E-05
5.895453E+03	2.370672E-04	1.034899E-05
5.905394E+03	2.372719E-04	1.030781E-05
5.915336E+03	2.374957E-04	1.026717E-05
5.925278E+03	2.377390E-04	1.022709E-05
5.935220E+03	2.379976E-04	1.018738E-05
5.945161E+03	2.382766E-04	1.014825E-05
5.955103E+03	2.385764E-04	1.010971E-05
5.965045E+03	2.388972E-04	1.007175E-05
5.974987E+03	2.392397E-04	1.003440E-05
5.984928E+03	2.395996E-04	9.997463E-06
5.994870E+03	2.399819E-04	9.961152E-06
6.004812E+03	2.403872E-04	9.925472E-06
6.014754E+03	2.408160E-04	9.890435E-06
6.024695E+03	2.412687E-04	9.856052E-06
6.034637E+03	2.417413E-04	9.822144E-06
6.044579E+03	2.422388E-04	9.788913E-06
6.054521E+03	2.427619E-04	9.756370E-06
6.064462E+03	2.433111E-04	9.724530E-06
6.074404E+03	2.438823E-04	9.693220E-06
6.084346E+03	2.444855E-04	9.662824E-06
6.094287E+03	2.451120E-04	9.632988E-06
6.104229E+03	2.457624E-04	9.603728E-06
6.114171E+03	2.464467E-04	9.575425E-06
6.124113E+03	2.471564E-04	9.547733E-06
6.134054E+03	2.478966E-04	9.520849E-06
6.143996E+03	2.486683E-04	9.494794E-06
6.153938E+03	2.494723E-04	9.469584E-06
6.163880E+03	2.503044E-04	9.445058E-06
6.173821E+03	2.511752E-04	9.421599E-06
6.183763E+03	2.520759E-04	9.398866E-06
6.193705E+03	2.530122E-04	9.377064E-06
6.203647E+03	2.539801E-04	9.356032E-06
6.213588E+03	2.549902E-04	9.336154E-06
6.223530E+03	2.560338E-04	9.317097E-06
6.233472E+03	2.571216E-04	9.299238E-06
6.243414E+03	2.582448E-04	9.282251E-06
6.253355E+03	2.594093E-04	9.266335E-06
6.263297E+03	2.606161E-04	9.251519E-06
6.273239E+03	2.618612E-04	9.237652E-06
6.283181E+03	2.631557E-04	9.225111E-06
6.293122E+03	2.644955E-04	9.213744E-06
6.303064E+03	2.658766E-04	9.203403E-06
6.313006E+03	2.673101E-04	9.194462E-06
6.322948E+03	2.687867E-04	9.186595E-06
6.332889E+03	2.703173E-04	9.180169E-06
6.342831E+03	2.718979E-04	9.175033E-06
6.352773E+03	2.735237E-04	9.171026E-06
6.362714E+03	2.752057E-04	9.168511E-06
6.372656E+03	2.769392E-04	9.167324E-06
6.382598E+03	2.787190E-04	9.167293E-06
6.392540E+03	2.805556E-04	9.168765E-06
6.402481E+03	2.824435E-04	9.171558E-06
6.412423E+03	2.843875E-04	9.175828E-06
6.422365E+03	2.863759E-04	9.181205E-06
6.432307E+03	2.884181E-04	9.188001E-06
6.442248E+03	2.905071E-04	9.195996E-06
6.452190E+03	2.926406E-04	9.205138E-06
6.462132E+03	2.948161E-04	9.215364E-06
6.472074E+03	2.970367E-04	9.226791E-06
6.482015E+03	2.992947E-04	9.239204E-06
6.491957E+03	3.015886E-04	9.252585E-06
6.501899E+03	3.039244E-04	9.267147E-06
6.511841E+03	3.062979E-04	9.282795E-06
6.521782E+03	3.087118E-04	9.299648E-06
6.531724E+03	3.111757E-04	9.318025E-06
6.541666E+03	3.136871E-04	9.337890E-06
6.551608E+03	3.162555E-04	9.359560E-06
6.561549E+03	3.188771E-04	9.382963E-06
6.571491E+03	3.215604E-04	9.408384E-06
6.581433E+03	3.243010E-04	9.435738E-06
6.591375E+03	3.271067E-04	9.465294E-06
6.601316E+03	3.299788E-04	9.497135E-06
6.611258E+03	3.329118E-04	9.531157E-06
6.621200E+03	3.359130E-04	9.567616E-06
6.631142E+03	3.389830E-04	9.606585E-06
6.641083E+03	3.421156E-04	9.647947E-06
6.651025E+03	3.453176E-04	9.691957E-06
6.660967E+03	3.485890E-04	9.738683E-06
6.670908E+03	3.519230E-04	9.788004E-06
6.680850E+03	3.553264E-04	9.840178E-06
6.690792E+03	3.588057E-04	9.895469E-06
6.700734E+03	3.623469E-04	9.953564E-06
6.710675E+03	3.659494E-04	1.001454E-05
6.720617E+03	3.696270E-04	1.007885E-05
6.730559E+03	3.733722E-04	1.014639E-05
6.740501E+03	3.771770E-04	1.021705E-05
6.750442E+03	3.810558E-04	1.029129E-05
6.760384E+03	3.850005E-04	1.036902E-05
6.770326E+03	3.890031E-04	1.045012E-05
6.780268E+03	3.930780E-04	1.053508E-05
6.790209E+03	3.972089E-04	1.062359E-05
6.800151E+03	4.014109E-04	1.071615E-05
6.810093E+03	4.056752E-04	1.081265E-05
6.820035E+03	4.100009E-04	1.091318E-05
6.829976E+03	4.143870E-04	1.101785E-05
6.839918E+03	4.188324E-04	1.112672E-05
6.849860E+03	4.233445E-04	1.124005E-05
6.859802E+03	4.279054E-04	1.135740E-05
6.869743E+03	4.325308E-04	1.147925E-05
6.879685E+03	4.372112E-04	1.160540E-05
6.889627E+03	4.419454E-04	1.173586E-05
6.899569E+03	4.467412E-04	1.187088E-05
6.909510E+03	4.515887E-04	1.201025E-05
6.919452E+03	4.564868E-04	1.215396E-05
6.929394E+03	4.614435E-04	1.230228E-05
6.939335E+03	4.664391E-04	1.245471E-05
6.949277E+03	4.715008E-04	1.261202E-05
6.959219E+03	4.765991E-04	1.277345E-05
6.969161E+03	4.817520E-04	1.293952E-05
6.979102E+03	4.869488E-04	1.310996E-05
6.989044E+03	4.921982E-04	1.328504E-05
6.998986E+03	4.974895E-04	1.346449E-05
7.008928E+03	5.028317E-04	1.364858E-05
7.018869E+03	5.082135E-04	1.383702E-05
7.028811E+03	5.136445E-04	1.403009E-05
7.038753E+03	5.191130E-04	1.422749E-05
7.048695E+03	5.246180E-04	1.442921E-05
7.058636E+03	5.301695E-04	1.463552E-05
7.068578E+03	5.357666E-04	1.484644E-05
7.078520E+03	5.413974E-04	1.506162E-05
7.088462E+03	5.470608E-04	1.528105E-05
7.098403E+03	5.527790E-04	1.550535E-05
7.108345E+03	5.585165E-04	1.573353E-05
7.118287E+03	5.643076E-04	1.596657E-05
7.128229E+03	5.701281E-04	1.620378E-05
7.138170E+03	5.759771E-04	1.644513E-05
7.148112E+03	5.818659E-04	1.669096E-05
7.158054E+03	5.877942E-04	1.694123E-05
7.167996E+03	5.937489E-04	1.719559E-05
7.177937E+03	5.997420E-04	1.745437E-05
7.187879E+03	6.057731E-04	1.771755E-05
7.197821E+03	6.118289E-04	1.798475E-05
7.207763E+03	6.179221E-04	1.825632E-05
7.217704E+03	6.240524E-04	1.853227E-05
7.227646E+03	6.302063E-04	1.881217E-05
7.237588E+03	6.363968E-04	1.909640E-05
7.247529E+03	6.426240E-04	1.938497E-05
7.257471E+03	6.488741E-04	1.967745E-05
7.267413E+03	6.551607E-04	1.997425E-05
7.277355E+03	6.614844E-04	2.027537E-05
7.287296E+03	6.678451E-04	2.058081E-05
7.297238E+03	6.742288E-04	2.089012E-05
7.307180E+03	6.806502E-04	2.120376E-05
7.317122E+03	6.870948E-04	2.152126E-05
7.327063E+03	6.935932E-04	2.184357E-05
7.337005E+03	7.001158E-04	2.216976E-05
7.346947E+03	7.066785E-04	2.250033E-05
7.356889E+03	7.132665E-04	2.283479E-05
7.366830E+03	7.199121E-04	2.317417E-05
7.376772E+03	7.265847E-04	2.351750E-05
7.386714E+03	7.333014E-04	2.386532E-05
7.396656E+03	7.400468E-04	2.421712E-05
7.406597E+03	7.468553E-04	2.457404E-05
7.416539E+03	7.536951E-04	2.493502E-05
7.426481E+03	7.605845E-04	2.530067E-05
7.436423E+03	7.675251E-04	2.567105E-05
7.446364E+03	7.745011E-04	2.604564E-05
7.456306E+03	7.815497E-04	2.642569E-05
7.466248E+03	7.886374E-04	2.681007E-05
7.476190E+03	7.957839E-04	2.719948E-05
7.486131E+03	8.029916E-04	2.759399E-05
7.496073E+03	8.102441E-04	2.799306E-05
7.506015E+03	8.175808E-04	2.839806E-05
7.515956E+03	8.249670E-04	2.880781E-05
7.525898E+03	8.324236E-04	2.922306E-05
7.535840E+03	8.399533E-04	2.964391E-05
7.545782E+03	8.475391E-04	3.006980E-05
7.555723E+03	8.552230E-04	3.050223E-05
7.565665E+03	8.629679E-04	3.093992E-05
7.575607E+03	8.707963E-04	3.138369E-05
7.585549E+03	8.787109E-04	3.183367E-05
7.595490E+03	8.867142E-04	3.228999E-05
7.605432E+03	8.948088E-04	3.275279E-05
7.615374E+03	9.029755E-04	3.322140E-05
7.625316E+03	9.112375E-04	3.369669E-05
7.635257E+03	9.195966E-04	3.417879E-05
7.645199E+03	9.280546E-04	3.466780E-05
7.655141E+03	9.366124E-04	3.516381E-05
7.665083E+03	9.452712E-04	3.566691E-05
7.675024E+03	9.540081E-04	3.617627E-05
7.684966E+03	9.628685E-04	3.669367E-05
7.694908E+03	9.718049E-04	3.721735E-05
7.704850E+03	9.808385E-04	3.774816E-05
7.714791E+03	9.899664E-04	3.828604E-05
7.724733E+03	9.991596E-04	3.882991E-05
7.734675E+03	1.008462E-03	3.938150E-05
7.744617E+03	1.017816E-03	3.993867E-05
7.754558E+03	1.027264E-03	4.050304E-05
7.764500E+03	1.036744E-03	4.107227E-05
7.774442E+03	1.046268E-03	4.164683E-05
7.784384E+03	1.055821E-03	4.222613E-05
7.794325E+03	1.065358E-03	4.280839E-05
7.804267E+03	1.074910E-03	4.339486E-05
7.814209E+03	1.084398E-03	4.398235E-05
7.824150E+03	1.093848E-03	4.457189E-05
7.834092E+03	1.103173E-03	4.515984E-05
7.844034E+03	1.112360E-03	4.574572E-05
7.853976E+03	1.121369E-03	4.632769E-05
7.863917E+03	1.130122E-03	4.690249E-05
7.873859E+03	1.138623E-03	4.747013E-05
7.883801E+03	1.146784E-03	4.802682E-05
7.893743E+03	1.154513E-03	4.856841E-05
7.903684E+03	1.161767E-03	4.909296E-05
7.913626E+03	1.168473E-03	4.959703E-05
7.923568E+03	1.174551E-03	5.007699E-05
7.933510E+03	1.179920E-03	5.052898E-05
7.943451E+03	1.184466E-03	5.094768E-05
7.953393E+03	1.188167E-03	5.133176E-05
7.963335E+03	1.190886E-03	5.167472E-05
7.973277E+03	1.192619E-03	5.197589E-05
7.983218E+03	1.193255E-03	5.222988E-05
7.993160E+03	1.192804E-03	5.243649E-05
8.003102E+03	1.191242E-03	5.259403E-05
8.013044E+03	1.188668E-03	5.270626E-05
8.022985E+03	1.185111E-03	5.277381E-05
8.032927E+03	1.180614E-03	5.279804E-05
8.042869E+03	1.175291E-03	5.278355E-05
8.052811E+03	1.169229E-03	5.273378E-05
8.062752E+03	1.162516E-03	5.265220E-05
8.072694E+03	1.155236E-03	5.254228E-05
8.082636E+03	1.147469E-03	5.240734E-05
8.092577E+03	1.139260E-03	5.224910E-05
8.102519E+03	1.130740E-03	5.207339E-05
8.112461E+03	1.121911E-03	5.188011E-05
8.122403E+03	1.112863E-03	5.167318E-05
8.132344E+03	1.103648E-03	5.145492E-05
8.142286E+03	1.094311E-03	5.122739E-05
8.152228E+03	1.084866E-03	5.099105E-05
8.162170E+03	1.075408E-03	5.075038E-05
8.172111E+03	1.065910E-03	5.050406E-05
8.182053E+03	1.056429E-03	5.025479E-05
8.191995E+03	1.046990E-03	5.000374E-05
8.201937E+03	1.037613E-03	4.975189E-05
8.211878E+03	1.028315E-03	4.950012E-05
8.221820E+03	1.019112E-03	4.924918E-05
8.231762E+03	1.009987E-03	4.899830E-05
8.241704E+03	1.000978E-03	4.874944E-05
8.251645E+03	9.920940E-04	4.850305E-05
8.261587E+03	9.833415E-04	4.825951E-05
8.271529E+03	9.747254E-04	4.801913E-05
8.281471E+03	9.662490E-04	4.778216E-05
8.291412E+03	9.578868E-04	4.754741E-05
8.301354E+03	9.496965E-04	4.731780E-05
8.311296E+03	9.416228E-04	4.709068E-05
8.321238E+03	9.336934E-04	4.686749E-05
8.331179E+03	9.259075E-04	4.664826E-05
8.341121E+03	9.182367E-04	4.643165E-05
8.351063E+03	9.107339E-04	4.622040E-05
8.361005E+03	9.033424E-04	4.601172E-05
8.370946E+03	8.961139E-04	4.580830E-05
8.380888E+03	8.889921E-04	4.560736E-05
8.390830E+03	8.820007E-04	4.541017E-05
8.400771E+03	8.751104E-04	4.521529E-05
8.410713E+03	8.683711E-04	4.502537E-05
8.420655E+03	8.617266E-04	4.483755E-05
8.430597E+03	8.552262E-04	4.465448E-05
8.440538E+03	8.488140E-04	4.447331E-05
8.450480E+03	8.425133E-04	4.429529E-05
8.460422E+03	8.362941E-04	4.411893E-05
8.470364E+03	8.302058E-04	4.394688E-05
8.480305E+03	8.242183E-04	4.377761E-05
8.490247E+03	8.183031E-04	4.360966E-05
8.500189E+03	8.124825E-04	4.344426E-05
8.510131E+03	8.067536E-04	4.328132E-05
8.520072E+03	8.011129E-04	4.312070E-05
8.530014E+03	7.955577E-04	4.296229E-05
8.539956E+03	7.900593E-04	4.280461E-05
8.549898E+03	7.846658E-04	4.265029E-05
8.559839E+03	7.793237E-04	4.249648E-05
8.569781E+03	7.740555E-04	4.234443E-05
8.579723E+03	7.688586E-04	4.219405E-05
8.589665E+03	7.637302E-04	4.204523E-05
8.599606E+03	7.586680E-04	4.189788E-05
8.609548E+03	7.536694E-04	4.175188E-05
8.619490E+03	7.487070E-04	4.160578E-05
8.629432E+03	7.438284E-04	4.146222E-05
8.639373E+03	7.389817E-04	4.131836E-05
8.649315E+03	7.341898E-04	4.117552E-05
8.659257E+03	7.294504E-04	4.103358E-05
8.669198E+03	7.247617E-04	4.089248E-05
8.679140E+03	7.201213E-04	4.075211E-05
8.689082E+03	7.155032E-04	4.061104E-05
8.699024E+03	7.109546E-04	4.047196E-05
8.708965E+03	7.064247E-04	4.033202E-05
8.718907E+03	7.019608E-04	4.019393E-05
8.728849E+03	6.975124E-04	4.005483E-05
8.738791E+03	6.931025E-04	3.991607E-05
8.748732E+03	6.887295E-04	3.977757E-05
8.758674E+03	6.843919E-04	3.963928E-05
8.768616E+03	6.800884E-04	3.950113E-05
8.778558E+03	6.758177E-04	3.936308E-05
8.788499E+03	6.715782E-04	3.922506E-05
8.798441E+03	6.673450E-04	3.908563E-05
8.808383E+03	6.631650E-04	3.894755E-05
8.818325E+03	6.590129E-04	3.880936E-05
8.828266E+03	6.548637E-04	3.866961E-05
8.838208E+03	6.507642E-04	3.853107E-05
8.848150E+03	6.466655E-04	3.839088E-05
8.858092E+03	6.426145E-04	3.825183E-05
8.868033E+03	6.385626E-04	3.811105E-05
8.877975E+03	6.345567E-04	3.797135E-05
8.887917E+03	6.305480E-04	3.782984E-05
8.897859E+03	6.265597E-04	3.768791E-05
8.907800E+03	6.226147E-04	3.754695E-05
8.917742E+03	6.186649E-04	3.740410E-05
8.927684E+03	6.147568E-04	3.726218E-05
8.937626E+03	6.108425E-04	3.711828E-05
8.947567E+03	6.069685E-04	3.697526E-05
8.987334E+03	5.915814E-04	3.639433E-05
9.027101E+03	5.764410E-04	3.580430E-05
9.066868E+03	5.615176E-04	3.520419E-05
9.106635E+03	5.468097E-04	3.459472E-05
9.146402E+03	5.322971E-04	3.397544E-05
9.186169E+03	5.180093E-04	3.334901E-05
9.225936E+03	5.038874E-04	3.271245E-05
9.265703E+03	4.899668E-04	3.206877E-05
9.305470E+03	4.762395E-04	3.141823E-05
9.345237E+03	4.626992E-04	3.076116E-05
9.385004E+03	4.493860E-04	3.010096E-05
9.424771E+03	4.362741E-04	2.943667E-05
9.464538E+03	4.233837E-04	2.877037E-05
9.504305E+03	4.107129E-04	2.810269E-05
9.544072E+03	3.982827E-04	2.743578E-05
9.583839E+03	3.860708E-04	2.676883E-05
9.623606E+03	3.741202E-04	2.610554E-05
9.663373E+03	3.624093E-04	2.544511E-05
9.703140E+03	3.509593E-04	2.478972E-05
9.742907E+03	3.397704E-04	2.414006E-05
9.782674E+03	3.288424E-04	2.349682E-05
9.822440E+03	3.181957E-04	2.286209E-05
9.862207E+03	3.078096E-04	2.223504E-05
9.901974E+03	2.976836E-04	2.161626E-05
9.941741E+03	2.878373E-04	2.100776E-05
9.981508E+03	2.782699E-04	2.041008E-05
1.002128E+04	2.689800E-04	1.982372E-05
1.006104E+04	2.599463E-04	1.924765E-05
1.010081E+04	2.511874E-04	1.868376E-05
1.014058E+04	2.427014E-04	1.813244E-05
1.018034E+04	2.344860E-04	1.759403E-05
1.022011E+04	2.265199E-04	1.706740E-05
1.025988E+04	2.188201E-04	1.655427E-05
