#wls	flux	fluxerr
1.596966E+03	5.981181E-18	1.872218E-19
1.636890E+03	6.071416E-18	1.896743E-19
1.676814E+03	6.121444E-18	1.908524E-19
1.716738E+03	6.131839E-18	1.907811E-19
1.756662E+03	6.098830E-18	1.893507E-19
1.796586E+03	6.014491E-18	1.863245E-19
1.836511E+03	5.867128E-18	1.813514E-19
1.876435E+03	5.646399E-18	1.741264E-19
1.916359E+03	5.346636E-18	1.644916E-19
1.956283E+03	4.970173E-18	1.525375E-19
1.996207E+03	4.539786E-18	1.389805E-19
2.036131E+03	4.101978E-18	1.252551E-19
2.076055E+03	3.726531E-18	1.134908E-19
2.115980E+03	3.487486E-18	1.059232E-19
2.155904E+03	3.440170E-18	1.041956E-19
2.195828E+03	3.603346E-18	1.088264E-19
2.235752E+03	3.966452E-18	1.194417E-19
2.275676E+03	4.494561E-18	1.349375E-19
2.315600E+03	5.144643E-18	1.539777E-19
2.355525E+03	5.874912E-18	1.752772E-19
2.395449E+03	6.655840E-18	1.979303E-19
2.435373E+03	7.468431E-18	2.213538E-19
2.475297E+03	8.306827E-18	2.453596E-19
2.515221E+03	9.170608E-18	2.699217E-19
2.555145E+03	1.006748E-17	2.952516E-19
2.595069E+03	1.100543E-17	3.215660E-19
2.634994E+03	1.199804E-17	3.492399E-19
2.674918E+03	1.305673E-17	3.785786E-19
2.714842E+03	1.419577E-17	4.099642E-19
2.754766E+03	1.543308E-17	4.438751E-19
2.794690E+03	1.678568E-17	4.807546E-19
2.834614E+03	1.826877E-17	5.209840E-19
2.874538E+03	1.990429E-17	5.651268E-19
2.914463E+03	2.170931E-17	6.135951E-19
2.954387E+03	2.370484E-17	6.669006E-19
2.994311E+03	2.591711E-17	7.256875E-19
3.004292E+03	2.650834E-17	7.413487E-19
3.014273E+03	2.711040E-17	7.572680E-19
3.024254E+03	2.773235E-17	7.736972E-19
3.034235E+03	2.836670E-17	7.904251E-19
3.044216E+03	2.902586E-17	8.077952E-19
3.054197E+03	2.971005E-17	8.258107E-19
3.064178E+03	3.041401E-17	8.443231E-19
3.074159E+03	3.114713E-17	8.635901E-19
3.084140E+03	3.190441E-17	8.834698E-19
3.094121E+03	3.268561E-17	9.039526E-19
3.104102E+03	3.349058E-17	9.250316E-19
3.114083E+03	3.431363E-17	9.465469E-19
3.124064E+03	3.516554E-17	9.687931E-19
3.134045E+03	3.604086E-17	9.916167E-19
3.144026E+03	3.693950E-17	1.015012E-18
3.154007E+03	3.786143E-17	1.038976E-18
3.163988E+03	3.880666E-17	1.063505E-18
3.173969E+03	3.977515E-17	1.088596E-18
3.183950E+03	4.076697E-17	1.114247E-18
3.193932E+03	4.178217E-17	1.140457E-18
3.203913E+03	4.282085E-17	1.167225E-18
3.213894E+03	4.389011E-17	1.194742E-18
3.223875E+03	4.497628E-17	1.222631E-18
3.233856E+03	4.608634E-17	1.251081E-18
3.243837E+03	4.722047E-17	1.280092E-18
3.253818E+03	4.837893E-17	1.309668E-18
3.263799E+03	4.956975E-17	1.340024E-18
3.273780E+03	5.077777E-17	1.370745E-18
3.283761E+03	5.201094E-17	1.402043E-18
3.293742E+03	5.326961E-17	1.433925E-18
3.303723E+03	5.456274E-17	1.466627E-18
3.313704E+03	5.587374E-17	1.499700E-18
3.323685E+03	5.721152E-17	1.533380E-18
3.333666E+03	5.858570E-17	1.567921E-18
3.343647E+03	5.997868E-17	1.602846E-18
3.353628E+03	6.140966E-17	1.638666E-18
3.363609E+03	6.286017E-17	1.674884E-18
3.373590E+03	6.435044E-17	1.712034E-18
3.383571E+03	6.586124E-17	1.749600E-18
3.393552E+03	6.741371E-17	1.788141E-18
3.403533E+03	6.898789E-17	1.827121E-18
3.413514E+03	7.060598E-17	1.867123E-18
3.423495E+03	7.224716E-17	1.907594E-18
3.433476E+03	7.393471E-17	1.949141E-18
3.443457E+03	7.565874E-17	1.991500E-18
3.453438E+03	7.740837E-17	2.034378E-18
3.463420E+03	7.920864E-17	2.078429E-18
3.473401E+03	8.104908E-17	2.123371E-18
3.483382E+03	8.291828E-17	2.168900E-18
3.493363E+03	8.484306E-17	2.215712E-18
3.503344E+03	8.681246E-17	2.263513E-18
3.513325E+03	8.881441E-17	2.311983E-18
3.523306E+03	9.087768E-17	2.361864E-18
3.533287E+03	9.299075E-17	2.412850E-18
3.543268E+03	9.515545E-17	2.464979E-18
3.553249E+03	9.737381E-17	2.518297E-18
3.563230E+03	9.963253E-17	2.572453E-18
3.573211E+03	1.019641E-16	2.628279E-18
3.583192E+03	1.043557E-16	2.685433E-18
3.593173E+03	1.068098E-16	2.743968E-18
3.603154E+03	1.093286E-16	2.803937E-18
3.613135E+03	1.119146E-16	2.865391E-18
3.623116E+03	1.145704E-16	2.928385E-18
3.633097E+03	1.172805E-16	2.992519E-18
3.643078E+03	1.200831E-16	3.058750E-18
3.653059E+03	1.229631E-16	3.126687E-18
3.663040E+03	1.259234E-16	3.196387E-18
3.673021E+03	1.289664E-16	3.267903E-18
3.683002E+03	1.320947E-16	3.341289E-18
3.692983E+03	1.353108E-16	3.416595E-18
3.702964E+03	1.386173E-16	3.493868E-18
3.712945E+03	1.420162E-16	3.573152E-18
3.722926E+03	1.455098E-16	3.654487E-18
3.732907E+03	1.490998E-16	3.737904E-18
3.742889E+03	1.527879E-16	3.823427E-18
3.752870E+03	1.565751E-16	3.911072E-18
3.762851E+03	1.604623E-16	4.000842E-18
3.772832E+03	1.644495E-16	4.092726E-18
3.782813E+03	1.685365E-16	4.186698E-18
3.792794E+03	1.727219E-16	4.282712E-18
3.802775E+03	1.770036E-16	4.380701E-18
3.812756E+03	1.813784E-16	4.480571E-18
3.822737E+03	1.858418E-16	4.582196E-18
3.832718E+03	1.903880E-16	4.685421E-18
3.842699E+03	1.950095E-16	4.790043E-18
3.852680E+03	1.996966E-16	4.895821E-18
3.862661E+03	2.044380E-16	5.002460E-18
3.872642E+03	2.092195E-16	5.109610E-18
3.882623E+03	2.140250E-16	5.216867E-18
3.892604E+03	2.188354E-16	5.323764E-18
3.902585E+03	2.236293E-16	5.429780E-18
3.912566E+03	2.283832E-16	5.534343E-18
3.922547E+03	2.330716E-16	5.636844E-18
3.932528E+03	2.376680E-16	5.736650E-18
3.942509E+03	2.421456E-16	5.833128E-18
3.952490E+03	2.464782E-16	5.925666E-18
3.962471E+03	2.506417E-16	6.013702E-18
3.972452E+03	2.546148E-16	6.096750E-18
3.982433E+03	2.583800E-16	6.174422E-18
3.992414E+03	2.619248E-16	6.246446E-18
4.002395E+03	2.652422E-16	6.312687E-18
4.012376E+03	2.683309E-16	6.373149E-18
4.022358E+03	2.711957E-16	6.427979E-18
4.032339E+03	2.738475E-16	6.477464E-18
4.042320E+03	2.763026E-16	6.522022E-18
4.052301E+03	2.785826E-16	6.562189E-18
4.062282E+03	2.807136E-16	6.598607E-18
4.072263E+03	2.827256E-16	6.631998E-18
4.082244E+03	2.846515E-16	6.663153E-18
4.092225E+03	2.865265E-16	6.692906E-18
4.102206E+03	2.883872E-16	6.722118E-18
4.112187E+03	2.902707E-16	6.751655E-18
4.122168E+03	2.921718E-16	6.781391E-18
4.132149E+03	2.942109E-16	6.814113E-18
4.142130E+03	2.963804E-16	6.849626E-18
4.152111E+03	2.987125E-16	6.888656E-18
4.162092E+03	3.012370E-16	6.931858E-18
4.172073E+03	3.039802E-16	6.979812E-18
4.182054E+03	3.069206E-16	7.031994E-18
4.192035E+03	3.101655E-16	7.090825E-18
4.202016E+03	3.136856E-16	7.155592E-18
4.211997E+03	3.174913E-16	7.226491E-18
4.221978E+03	3.215428E-16	7.302575E-18
4.231959E+03	3.259335E-16	7.385924E-18
4.241940E+03	3.306145E-16	7.475383E-18
4.251921E+03	3.355307E-16	7.569665E-18
4.261902E+03	3.407658E-16	7.670618E-18
4.271883E+03	3.462069E-16	7.775657E-18
4.281864E+03	3.519320E-16	7.886504E-18
4.291845E+03	3.578697E-16	8.001515E-18
4.301827E+03	3.639418E-16	8.118920E-18
4.311808E+03	3.702233E-16	8.240363E-18
4.321789E+03	3.765803E-16	8.362843E-18
4.331770E+03	3.830890E-16	8.488037E-18
4.341751E+03	3.896125E-16	8.612897E-18
4.351732E+03	3.961764E-16	8.737985E-18
4.361713E+03	4.028121E-16	8.863989E-18
4.371694E+03	4.093835E-16	8.987909E-18
4.381675E+03	4.159915E-16	9.111969E-18
4.391656E+03	4.225191E-16	9.233608E-18
4.401637E+03	4.290385E-16	9.354411E-18
4.411618E+03	4.355693E-16	9.474813E-18
4.421599E+03	4.421945E-16	9.596609E-18
4.431580E+03	4.488067E-16	9.717466E-18
4.441561E+03	4.554782E-16	9.838946E-18
4.451542E+03	4.622103E-16	9.961075E-18
4.461523E+03	4.689936E-16	1.008364E-17
4.471504E+03	4.758051E-16	1.020614E-17
4.481485E+03	4.826085E-16	1.032780E-17
4.491466E+03	4.894204E-16	1.044897E-17
4.501447E+03	4.960378E-16	1.056533E-17
4.511428E+03	5.024491E-16	1.067666E-17
4.521409E+03	5.084930E-16	1.077958E-17
4.531390E+03	5.142133E-16	1.087506E-17
4.541371E+03	5.194402E-16	1.095957E-17
4.551352E+03	5.240752E-16	1.103112E-17
4.561333E+03	5.280297E-16	1.108793E-17
4.571315E+03	5.312267E-16	1.112850E-17
4.581296E+03	5.335333E-16	1.115015E-17
4.591277E+03	5.350611E-16	1.115536E-17
4.601258E+03	5.357234E-16	1.114243E-17
4.611239E+03	5.354579E-16	1.111020E-17
4.621220E+03	5.344502E-16	1.106265E-17
4.631201E+03	5.326845E-16	1.099957E-17
4.641182E+03	5.301655E-16	1.092117E-17
4.651163E+03	5.271329E-16	1.083248E-17
4.661144E+03	5.235433E-16	1.073270E-17
4.671125E+03	5.195784E-16	1.062562E-17
4.681106E+03	5.154190E-16	1.051498E-17
4.691087E+03	5.110292E-16	1.040009E-17
4.701068E+03	5.066507E-16	1.028589E-17
4.711049E+03	5.022369E-16	1.017143E-17
4.721030E+03	4.979410E-16	1.005981E-17
4.731011E+03	4.938365E-16	9.952492E-18
4.740992E+03	4.899861E-16	9.850714E-18
4.750973E+03	4.864436E-16	9.755514E-18
4.760954E+03	4.833207E-16	9.669082E-18
4.770935E+03	4.805225E-16	9.589464E-18
4.780916E+03	4.781489E-16	9.518602E-18
4.790897E+03	4.762298E-16	9.457023E-18
4.800878E+03	4.747270E-16	9.403909E-18
4.810859E+03	4.737977E-16	9.362303E-18
4.820840E+03	4.734051E-16	9.331397E-18
4.830821E+03	4.735782E-16	9.311682E-18
4.840802E+03	4.743485E-16	9.303695E-18
4.850784E+03	4.756859E-16	9.306764E-18
4.860765E+03	4.777546E-16	9.324009E-18
4.870746E+03	4.805265E-16	9.354778E-18
4.880727E+03	4.839711E-16	9.398378E-18
4.890708E+03	4.882506E-16	9.457857E-18
4.900689E+03	4.932571E-16	9.531012E-18
4.910670E+03	4.991390E-16	9.620599E-18
4.920651E+03	5.057624E-16	9.723921E-18
4.930632E+03	5.132484E-16	9.843194E-18
4.940613E+03	5.214236E-16	9.974985E-18
4.950594E+03	5.303007E-16	1.011944E-17
4.960575E+03	5.398773E-16	1.027641E-17
4.970556E+03	5.499148E-16	1.044128E-17
4.980537E+03	5.603790E-16	1.061334E-17
4.990518E+03	5.711572E-16	1.079040E-17
5.000499E+03	5.821378E-16	1.097032E-17
5.010480E+03	5.932167E-16	1.115113E-17
5.020461E+03	6.043064E-16	1.133117E-17
5.030442E+03	6.153395E-16	1.150918E-17
5.040423E+03	6.262705E-16	1.168435E-17
5.050404E+03	6.370759E-16	1.185624E-17
5.060385E+03	6.477500E-16	1.202478E-17
5.070366E+03	6.582089E-16	1.218844E-17
5.080347E+03	6.686372E-16	1.235067E-17
5.090328E+03	6.789493E-16	1.250990E-17
5.100309E+03	6.890420E-16	1.266426E-17
5.110290E+03	6.990667E-16	1.281657E-17
5.120271E+03	7.088741E-16	1.296411E-17
5.130253E+03	7.182844E-16	1.310364E-17
5.140234E+03	7.273789E-16	1.323670E-17
5.150215E+03	7.358325E-16	1.335745E-17
5.160196E+03	7.435965E-16	1.346510E-17
5.170177E+03	7.506177E-16	1.355879E-17
5.180158E+03	7.565466E-16	1.363232E-17
5.190139E+03	7.613437E-16	1.368514E-17
5.200120E+03	7.648902E-16	1.371529E-17
5.210101E+03	7.671964E-16	1.372311E-17
5.220082E+03	7.679988E-16	1.370407E-17
5.230063E+03	7.673751E-16	1.365976E-17
5.240044E+03	7.653395E-16	1.359061E-17
5.250025E+03	7.619423E-16	1.349771E-17
5.260006E+03	7.572700E-16	1.338276E-17
5.269987E+03	7.514391E-16	1.324798E-17
5.279968E+03	7.445939E-16	1.309605E-17
5.289949E+03	7.368025E-16	1.292830E-17
5.299930E+03	7.284447E-16	1.275149E-17
5.309911E+03	7.196140E-16	1.256732E-17
5.319892E+03	7.105070E-16	1.237927E-17
5.329873E+03	7.012262E-16	1.218915E-17
5.339854E+03	6.921482E-16	1.200352E-17
5.349835E+03	6.832646E-16	1.182220E-17
5.359816E+03	6.749192E-16	1.165110E-17
5.369797E+03	6.670722E-16	1.148947E-17
5.379778E+03	6.600187E-16	1.134231E-17
5.389759E+03	6.536720E-16	1.120804E-17
5.399740E+03	6.481815E-16	1.108914E-17
5.409722E+03	6.436612E-16	1.098745E-17
5.419703E+03	6.399346E-16	1.089986E-17
5.429684E+03	6.370476E-16	1.082705E-17
5.439665E+03	6.349249E-16	1.076767E-17
5.449646E+03	6.335373E-16	1.072112E-17
5.459627E+03	6.325705E-16	1.068203E-17
5.469608E+03	6.319292E-16	1.064874E-17
5.479589E+03	6.314085E-16	1.061775E-17
5.489570E+03	6.307842E-16	1.058530E-17
5.499551E+03	6.298232E-16	1.054748E-17
5.509532E+03	6.282924E-16	1.050043E-17
5.519513E+03	6.258894E-16	1.043917E-17
5.529494E+03	6.225849E-16	1.036327E-17
5.539475E+03	6.181357E-16	1.026880E-17
5.549456E+03	6.124277E-16	1.015397E-17
5.559437E+03	6.053186E-16	1.001652E-17
5.569418E+03	5.969638E-16	9.859158E-18
5.579399E+03	5.873311E-16	9.681462E-18
5.589380E+03	5.764435E-16	9.483916E-18
5.599361E+03	5.645977E-16	9.271500E-18
5.609342E+03	5.518214E-16	9.044741E-18
5.619323E+03	5.384662E-16	8.809463E-18
5.629304E+03	5.246075E-16	8.566938E-18
5.639285E+03	5.106156E-16	8.323231E-18
5.649266E+03	4.965856E-16	8.079886E-18
5.659247E+03	4.828158E-16	7.841736E-18
5.669228E+03	4.695262E-16	7.612316E-18
5.679210E+03	4.569870E-16	7.395937E-18
5.689191E+03	4.452695E-16	7.193681E-18
5.699172E+03	4.346108E-16	7.009285E-18
5.709153E+03	4.251637E-16	6.845113E-18
5.719134E+03	4.170565E-16	6.703116E-18
5.729115E+03	4.103900E-16	6.584791E-18
5.739096E+03	4.052357E-16	6.491163E-18
5.749077E+03	4.016337E-16	6.422743E-18
5.759058E+03	3.995908E-16	6.379511E-18
5.769039E+03	3.990784E-16	6.360887E-18
5.779020E+03	4.000301E-16	6.365690E-18
5.789001E+03	4.023396E-16	6.392121E-18
5.798982E+03	4.058590E-16	6.437727E-18
5.808963E+03	4.103436E-16	6.498545E-18
5.818944E+03	4.156687E-16	6.572533E-18
5.828925E+03	4.215109E-16	6.654524E-18
5.838906E+03	4.275694E-16	6.739745E-18
5.848887E+03	4.334664E-16	6.822236E-18
5.858868E+03	4.389891E-16	6.898669E-18
5.868849E+03	4.437082E-16	6.962339E-18
5.878830E+03	4.474567E-16	7.010690E-18
5.888811E+03	4.498839E-16	7.038304E-18
5.898792E+03	4.509409E-16	7.044514E-18
5.908773E+03	4.504218E-16	7.026201E-18
5.918754E+03	4.484435E-16	6.985292E-18
5.928735E+03	4.449731E-16	6.921372E-18
5.938716E+03	4.402356E-16	6.838035E-18
5.948697E+03	4.345233E-16	6.739894E-18
5.958679E+03	4.280096E-16	6.629694E-18
5.968660E+03	4.210771E-16	6.513398E-18
5.978641E+03	4.140689E-16	6.396332E-18
5.988622E+03	4.073851E-16	6.284667E-18
5.998603E+03	4.012551E-16	6.181911E-18
6.008584E+03	3.960535E-16	6.093792E-18
6.018565E+03	3.920788E-16	6.024835E-18
6.028546E+03	3.896074E-16	5.979209E-18
6.038527E+03	3.888966E-16	5.960767E-18
6.048508E+03	3.901889E-16	5.973120E-18
6.058489E+03	3.937190E-16	6.019742E-18
6.068470E+03	3.997202E-16	6.104077E-18
6.078451E+03	4.084318E-16	6.229639E-18
6.088432E+03	4.201048E-16	6.400114E-18
6.098413E+03	4.350067E-16	6.619423E-18
6.108394E+03	4.534240E-16	6.891763E-18
6.118375E+03	4.756616E-16	7.221599E-18
6.128356E+03	5.019732E-16	7.612599E-18
6.138337E+03	5.328113E-16	8.071438E-18
6.148318E+03	5.684273E-16	8.601728E-18
6.158299E+03	6.091033E-16	9.207533E-18
6.168280E+03	6.549730E-16	9.890669E-18
6.178261E+03	7.063213E-16	1.065524E-17
6.188242E+03	7.630425E-16	1.149945E-17
6.198223E+03	8.248074E-16	1.241816E-17
6.208204E+03	8.913591E-16	1.340734E-17
6.218185E+03	9.617148E-16	1.445210E-17
6.228166E+03	1.035040E-15	1.553983E-17
6.238148E+03	1.109659E-15	1.664534E-17
6.248129E+03	1.184130E-15	1.774706E-17
6.258110E+03	1.256167E-15	1.881086E-17
6.268091E+03	1.323943E-15	1.980956E-17
6.278072E+03	1.384936E-15	2.070573E-17
6.288053E+03	1.437441E-15	2.147417E-17
6.298034E+03	1.479302E-15	2.208309E-17
6.308015E+03	1.509349E-15	2.251546E-17
6.317996E+03	1.526974E-15	2.276262E-17
6.327977E+03	1.531572E-15	2.281598E-17
6.337958E+03	1.523744E-15	2.268489E-17
6.347939E+03	1.504442E-15	2.238388E-17
6.357920E+03	1.475256E-15	2.193688E-17
6.367901E+03	1.437488E-15	2.136349E-17
6.377882E+03	1.393185E-15	2.069425E-17
6.387863E+03	1.344197E-15	1.995677E-17
6.397844E+03	1.292261E-15	1.917685E-17
6.407825E+03	1.238909E-15	1.837721E-17
6.417806E+03	1.185410E-15	1.757664E-17
6.427787E+03	1.132900E-15	1.679192E-17
6.437768E+03	1.081787E-15	1.602900E-17
6.447749E+03	1.032686E-15	1.529689E-17
6.457730E+03	9.858384E-16	1.459910E-17
6.467711E+03	9.413181E-16	1.393662E-17
6.477692E+03	8.990686E-16	1.330852E-17
6.487673E+03	8.589474E-16	1.271262E-17
6.497654E+03	8.207643E-16	1.214604E-17
6.507635E+03	7.842062E-16	1.160407E-17
6.517617E+03	7.492919E-16	1.108693E-17
6.527598E+03	7.157758E-16	1.059093E-17
6.537579E+03	6.835795E-16	1.011485E-17
6.547560E+03	6.526480E-16	9.657819E-18
6.557541E+03	6.229317E-16	9.219047E-18
6.567522E+03	5.942982E-16	8.796525E-18
6.577503E+03	5.668553E-16	8.391802E-18
6.587484E+03	5.404660E-16	8.002810E-18
6.597465E+03	5.150763E-16	7.628716E-18
6.607446E+03	4.905728E-16	7.267805E-18
6.617427E+03	4.670471E-16	6.921403E-18
6.627408E+03	4.444007E-16	6.588027E-18
6.637389E+03	4.225598E-16	6.266560E-18
6.647370E+03	4.016348E-16	5.958619E-18
6.657351E+03	3.815764E-16	5.663455E-18
6.667332E+03	3.623576E-16	5.380655E-18
6.677313E+03	3.441075E-16	5.112127E-18
6.687294E+03	3.267696E-16	4.857024E-18
6.697275E+03	3.104731E-16	4.617267E-18
6.707256E+03	2.952133E-16	4.392786E-18
6.717237E+03	2.809911E-16	4.183601E-18
6.727218E+03	2.679161E-16	3.991356E-18
6.737199E+03	2.559427E-16	3.815382E-18
6.747180E+03	2.451282E-16	3.656554E-18
6.757161E+03	2.355177E-16	3.515563E-18
6.767142E+03	2.270556E-16	3.391604E-18
6.777123E+03	2.198076E-16	3.285685E-18
6.787105E+03	2.137159E-16	3.196971E-18
6.797086E+03	2.088393E-16	3.126373E-18
6.807067E+03	2.051242E-16	3.073124E-18
6.817048E+03	2.026046E-16	3.037768E-18
6.827029E+03	2.013178E-16	3.020904E-18
6.837010E+03	2.012275E-16	3.022027E-18
6.846991E+03	2.023848E-16	3.041950E-18
6.856972E+03	2.048221E-16	3.081205E-18
6.866953E+03	2.086074E-16	3.140866E-18
6.876934E+03	2.137340E-16	3.220885E-18
6.886915E+03	2.202837E-16	3.322551E-18
6.896896E+03	2.283162E-16	3.446824E-18
6.906877E+03	2.378939E-16	3.594713E-18
6.916858E+03	2.491128E-16	3.767737E-18
6.926839E+03	2.619685E-16	3.965902E-18
6.936820E+03	2.765469E-16	4.190587E-18
6.946801E+03	2.928932E-16	4.442557E-18
6.956782E+03	3.110414E-16	4.722411E-18
6.966763E+03	3.310119E-16	5.030547E-18
6.976744E+03	3.528113E-16	5.367154E-18
6.986725E+03	3.764331E-16	5.732222E-18
6.996706E+03	4.018604E-16	6.125586E-18
7.006687E+03	4.290696E-16	6.546978E-18
7.016668E+03	4.580368E-16	6.996122E-18
7.026649E+03	4.887435E-16	7.472829E-18
7.036630E+03	5.211846E-16	7.977113E-18
7.046611E+03	5.553756E-16	8.509300E-18
7.056592E+03	5.913583E-16	9.070126E-18
7.066574E+03	6.292072E-16	9.660833E-18
7.076555E+03	6.690309E-16	1.028319E-17
7.086536E+03	7.109732E-16	1.093951E-17
7.096517E+03	7.551057E-16	1.163102E-17
7.106498E+03	8.018222E-16	1.236391E-17
7.116479E+03	8.512343E-16	1.314003E-17
7.126460E+03	9.035391E-16	1.396259E-17
7.136441E+03	9.589016E-16	1.483428E-17
7.146422E+03	1.017286E-15	1.575474E-17
7.156403E+03	1.078955E-15	1.672818E-17
7.166384E+03	1.143638E-15	1.775060E-17
7.176365E+03	1.211002E-15	1.881699E-17
7.186346E+03	1.280314E-15	1.991609E-17
7.196327E+03	1.351073E-15	2.104023E-17
7.206308E+03	1.421983E-15	2.216929E-17
7.216289E+03	1.491405E-15	2.327771E-17
7.226270E+03	1.558000E-15	2.434450E-17
7.236251E+03	1.619390E-15	2.533233E-17
7.246232E+03	1.673876E-15	2.621434E-17
7.256213E+03	1.719087E-15	2.695297E-17
7.266194E+03	1.752733E-15	2.751184E-17
7.276175E+03	1.773504E-15	2.786972E-17
7.286156E+03	1.779576E-15	2.799723E-17
7.296137E+03	1.770636E-15	2.788864E-17
7.306118E+03	1.746067E-15	2.753343E-17
7.316099E+03	1.706880E-15	2.694669E-17
7.326080E+03	1.653799E-15	2.613904E-17
7.336061E+03	1.588803E-15	2.514105E-17
7.346043E+03	1.514258E-15	2.398950E-17
7.356024E+03	1.432156E-15	2.271547E-17
7.366005E+03	1.345383E-15	2.136432E-17
7.375986E+03	1.255975E-15	1.996815E-17
7.385967E+03	1.166328E-15	1.856494E-17
7.395948E+03	1.078349E-15	1.718502E-17
7.405929E+03	9.937248E-16	1.585540E-17
7.415910E+03	9.133671E-16	1.459079E-17
7.425891E+03	8.382599E-16	1.340716E-17
7.435872E+03	7.690298E-16	1.231484E-17
7.445853E+03	7.057164E-16	1.131476E-17
7.455834E+03	6.484714E-16	1.040971E-17
7.465815E+03	5.971701E-16	9.598008E-18
7.475796E+03	5.515712E-16	8.876112E-18
7.485777E+03	5.113567E-16	8.239224E-18
7.495758E+03	4.761656E-16	7.681830E-18
7.505739E+03	4.456798E-16	7.199082E-18
7.515720E+03	4.193979E-16	6.783149E-18
7.525701E+03	3.970222E-16	6.429457E-18
7.535682E+03	3.782135E-16	6.132741E-18
7.545663E+03	3.626609E-16	5.888167E-18
7.555644E+03	3.500826E-16	5.691355E-18
7.565625E+03	3.402263E-16	5.538383E-18
7.575606E+03	3.328666E-16	5.425745E-18
7.585587E+03	3.278015E-16	5.350306E-18
7.595568E+03	3.248043E-16	5.308507E-18
7.605549E+03	3.237946E-16	5.299172E-18
7.615530E+03	3.245684E-16	5.319087E-18
7.625512E+03	3.269687E-16	5.365803E-18
7.635493E+03	3.308365E-16	5.436817E-18
7.645474E+03	3.360050E-16	5.529493E-18
7.655455E+03	3.422490E-16	5.640212E-18
7.665436E+03	3.494674E-16	5.767389E-18
7.675417E+03	3.574044E-16	5.906875E-18
7.685398E+03	3.658348E-16	6.055003E-18
7.695379E+03	3.744707E-16	6.207043E-18
7.705360E+03	3.831706E-16	6.360674E-18
7.715341E+03	3.916460E-16	6.511115E-18
7.725322E+03	3.996193E-16	6.653735E-18
7.735303E+03	4.070042E-16	6.787072E-18
7.745284E+03	4.135953E-16	6.907656E-18
7.755265E+03	4.192377E-16	7.012849E-18
7.765246E+03	4.240139E-16	7.103963E-18
7.775227E+03	4.278474E-16	7.179659E-18
7.785208E+03	4.309671E-16	7.243712E-18
7.795189E+03	4.334360E-16	7.297134E-18
7.805170E+03	4.356140E-16	7.345947E-18
7.815151E+03	4.376711E-16	7.393003E-18
7.825132E+03	4.400503E-16	7.445796E-18
7.835113E+03	4.429719E-16	7.508092E-18
7.845094E+03	4.468396E-16	7.586801E-18
7.855075E+03	4.520472E-16	7.688716E-18
7.865056E+03	4.587774E-16	7.817077E-18
7.875037E+03	4.673590E-16	7.977649E-18
7.885018E+03	4.780718E-16	8.175403E-18
7.895000E+03	4.909293E-16	8.410787E-18
7.904981E+03	5.060481E-16	8.686031E-18
7.914962E+03	5.234347E-16	9.001488E-18
7.924943E+03	5.427313E-16	9.351242E-18
7.934924E+03	5.636050E-16	9.729770E-18
7.944905E+03	5.854296E-16	1.012643E-17
7.954886E+03	6.073263E-16	1.052614E-17
7.964867E+03	6.281543E-16	1.090912E-17
7.974848E+03	6.466221E-16	1.125283E-17
7.984829E+03	6.610052E-16	1.152697E-17
7.994810E+03	6.698076E-16	1.170499E-17
8.004791E+03	6.715951E-16	1.176118E-17
8.014772E+03	6.653311E-16	1.167659E-17
8.024753E+03	6.506968E-16	1.144466E-17
8.034734E+03	6.283310E-16	1.107568E-17
8.044715E+03	5.996717E-16	1.059411E-17
8.054696E+03	5.665323E-16	1.003125E-17
8.064677E+03	5.307704E-16	9.419492E-18
8.074658E+03	4.940064E-16	8.787269E-18
8.084639E+03	4.577845E-16	8.161930E-18
8.094620E+03	4.230949E-16	7.561183E-18
8.104601E+03	3.906731E-16	6.998337E-18
8.114582E+03	3.609674E-16	6.481683E-18
8.124563E+03	3.341972E-16	6.015476E-18
8.134544E+03	3.103699E-16	5.600187E-18
8.144525E+03	2.895115E-16	5.236639E-18
8.154506E+03	2.714410E-16	4.921914E-18
8.164487E+03	2.559875E-16	4.653254E-18
8.174469E+03	2.429337E-16	4.427030E-18
8.184450E+03	2.321702E-16	4.241553E-18
8.194431E+03	2.234971E-16	4.093462E-18
8.204412E+03	2.167415E-16	3.979862E-18
8.214393E+03	2.118476E-16	3.899983E-18
8.224374E+03	2.086936E-16	3.851832E-18
8.234355E+03	2.071874E-16	3.833948E-18
8.244336E+03	2.073519E-16	3.846991E-18
8.254317E+03	2.091206E-16	3.889963E-18
8.264298E+03	2.125715E-16	3.964550E-18
8.274279E+03	2.176917E-16	4.070762E-18
8.284260E+03	2.246162E-16	4.211376E-18
8.294241E+03	2.333841E-16	4.387404E-18
8.304222E+03	2.441901E-16	4.602797E-18
8.314203E+03	2.571249E-16	4.859581E-18
8.324184E+03	2.724070E-16	5.162231E-18
8.334165E+03	2.902907E-16	5.515946E-18
8.344146E+03	3.109356E-16	5.924177E-18
8.354127E+03	3.346897E-16	6.394010E-18
8.364108E+03	3.617422E-16	6.929565E-18
8.374089E+03	3.924290E-16	7.537829E-18
8.384070E+03	4.270446E-16	8.225055E-18
8.394051E+03	4.659397E-16	8.998657E-18
8.404032E+03	5.092475E-16	9.861905E-18
8.414013E+03	5.572438E-16	1.082088E-17
8.423994E+03	6.100786E-16	1.187928E-17
8.433975E+03	6.679088E-16	1.304096E-17
8.443956E+03	7.305002E-16	1.430216E-17
8.453938E+03	7.977501E-16	1.566167E-17
8.463919E+03	8.693117E-16	1.711343E-17
8.473900E+03	9.446643E-16	1.864789E-17
8.483881E+03	1.023105E-15	2.025180E-17
8.493862E+03	1.103908E-15	2.191125E-17
8.503843E+03	1.185714E-15	2.359963E-17
8.513824E+03	1.267464E-15	2.529600E-17
8.523805E+03	1.347838E-15	2.697392E-17
8.533786E+03	1.425434E-15	2.860511E-17
8.543767E+03	1.498823E-15	3.016031E-17
8.553748E+03	1.566591E-15	3.161035E-17
8.563729E+03	1.627395E-15	3.292715E-17
8.573710E+03	1.680011E-15	3.408469E-17
8.583691E+03	1.723377E-15	3.506004E-17
8.593672E+03	1.756632E-15	3.583409E-17
8.603653E+03	1.779149E-15	3.639234E-17
8.613634E+03	1.790553E-15	3.672530E-17
8.623615E+03	1.790479E-15	3.682358E-17
8.633596E+03	1.779604E-15	3.669921E-17
8.643577E+03	1.758083E-15	3.635362E-17
8.653558E+03	1.726573E-15	3.579858E-17
8.663539E+03	1.685932E-15	3.505029E-17
8.673520E+03	1.637191E-15	3.412865E-17
8.683501E+03	1.581506E-15	3.305645E-17
8.693482E+03	1.519891E-15	3.185379E-17
8.703463E+03	1.454064E-15	3.055574E-17
8.713444E+03	1.385050E-15	2.918319E-17
8.723425E+03	1.314052E-15	2.776100E-17
8.733407E+03	1.242189E-15	2.631251E-17
8.743388E+03	1.170297E-15	2.485536E-17
8.753369E+03	1.099612E-15	2.341584E-17
8.763350E+03	1.030702E-15	2.200627E-17
8.773331E+03	9.641780E-16	2.064005E-17
8.783312E+03	9.003916E-16	1.932509E-17
8.793293E+03	8.399707E-16	1.807539E-17
8.803274E+03	7.830205E-16	1.689377E-17
8.813255E+03	7.295826E-16	1.578172E-17
8.823236E+03	6.799417E-16	1.474601E-17
8.833217E+03	6.339772E-16	1.378465E-17
8.843198E+03	5.915401E-16	1.289502E-17
8.853179E+03	5.527034E-16	1.207930E-17
8.863160E+03	5.172357E-16	1.133304E-17
8.873141E+03	4.849037E-16	1.065167E-17
8.883122E+03	4.556782E-16	1.003508E-17
8.893103E+03	4.292353E-16	9.476638E-18
8.903084E+03	4.055188E-16	8.975576E-18
8.913065E+03	3.842774E-16	8.526771E-18
8.923046E+03	3.652786E-16	8.125467E-18
8.933027E+03	3.484627E-16	7.770708E-18
8.943008E+03	3.335636E-16	7.456913E-18
8.952989E+03	3.205334E-16	7.183325E-18
8.962970E+03	3.091836E-16	6.946025E-18
8.972951E+03	2.993454E-16	6.741487E-18
8.982932E+03	2.909963E-16	6.569459E-18
9.022857E+03	2.700970E-16	6.156788E-18
9.062781E+03	2.659977E-16	6.121155E-18
9.102705E+03	2.756607E-16	6.402929E-18
9.142629E+03	2.962453E-16	6.944317E-18
9.182553E+03	3.240788E-16	7.665281E-18
9.222477E+03	3.533455E-16	8.431424E-18
9.262401E+03	3.764970E-16	9.061726E-18
9.302326E+03	3.864993E-16	9.381457E-18
9.342250E+03	3.798034E-16	9.295579E-18
9.382174E+03	3.577946E-16	8.828190E-18
9.422098E+03	3.256797E-16	8.099783E-18
9.462022E+03	2.896355E-16	7.259460E-18
9.501946E+03	2.548972E-16	6.437436E-18
9.541870E+03	2.246748E-16	5.716417E-18
9.581795E+03	2.002908E-16	5.133095E-18
9.621719E+03	1.819270E-16	4.695608E-18
9.661643E+03	1.691559E-16	4.396299E-18
9.701567E+03	1.613135E-16	4.220906E-18
9.741491E+03	1.576769E-16	4.153068E-18
9.781415E+03	1.575326E-16	4.176084E-18
9.821339E+03	1.600866E-16	4.270556E-18
9.861264E+03	1.645385E-16	4.416333E-18
9.901188E+03	1.701332E-16	4.593917E-18
9.941112E+03	1.761237E-16	4.783525E-18
9.981036E+03	1.820083E-16	4.971591E-18
1.002096E+04	1.873404E-16	5.145744E-18
1.006088E+04	1.918441E-16	5.298070E-18
1.010081E+04	1.952886E-16	5.421752E-18
1.014073E+04	1.975861E-16	5.513853E-18
1.018066E+04	1.987475E-16	5.574165E-18
1.022058E+04	1.988798E-16	5.605222E-18
1.026051E+04	1.980588E-16	5.608750E-18
1.030043E+04	1.964068E-16	5.587857E-18
