#wls	flux	fluxerr
1.600000E+03	4.105157E-17	4.156580E-18
1.640000E+03	4.227964E-17	4.268472E-18
1.680000E+03	4.357597E-17	4.386326E-18
1.720000E+03	4.493260E-17	4.509264E-18
1.760000E+03	4.638096E-17	4.640365E-18
1.800000E+03	4.791449E-17	4.778877E-18
1.840000E+03	4.954015E-17	4.925399E-18
1.880000E+03	5.126563E-17	5.080591E-18
1.920000E+03	5.309929E-17	5.245173E-18
1.960000E+03	5.505016E-17	5.419915E-18
2.000000E+03	5.712788E-17	5.605638E-18
2.040000E+03	5.935730E-17	5.804635E-18
2.080000E+03	6.171974E-17	6.014922E-18
2.120000E+03	6.425626E-17	6.240346E-18
2.160000E+03	6.696398E-17	6.480443E-18
2.200000E+03	6.987060E-17	6.737703E-18
2.240000E+03	7.295438E-17	7.009829E-18
2.280000E+03	7.625502E-17	7.300435E-18
2.320000E+03	7.975951E-17	7.608051E-18
2.360000E+03	8.346583E-17	7.932263E-18
2.400000E+03	8.736625E-17	8.272120E-18
2.440000E+03	9.146552E-17	8.627862E-18
2.480000E+03	9.570670E-17	8.993929E-18
2.520000E+03	1.001010E-16	9.371217E-18
2.560000E+03	1.045970E-16	9.754790E-18
2.600000E+03	1.091569E-16	1.014104E-17
2.640000E+03	1.137396E-16	1.052611E-17
2.680000E+03	1.183255E-16	1.090820E-17
2.720000E+03	1.228542E-16	1.128180E-17
2.760000E+03	1.273088E-16	1.164548E-17
2.800000E+03	1.316297E-16	1.199393E-17
2.840000E+03	1.358250E-16	1.232809E-17
2.880000E+03	1.398385E-16	1.264309E-17
2.920000E+03	1.436617E-16	1.293840E-17
2.960000E+03	1.472901E-16	1.321386E-17
3.000000E+03	1.507232E-16	1.346968E-17
3.010000E+03	1.515386E-16	1.352950E-17
3.020000E+03	1.523546E-16	1.358926E-17
3.030000E+03	1.531481E-16	1.364689E-17
3.040000E+03	1.539418E-16	1.370443E-17
3.050000E+03	1.547126E-16	1.375983E-17
3.060000E+03	1.554831E-16	1.381511E-17
3.070000E+03	1.562531E-16	1.387024E-17
3.080000E+03	1.569998E-16	1.392319E-17
3.090000E+03	1.577227E-16	1.397395E-17
3.100000E+03	1.584677E-16	1.402657E-17
3.110000E+03	1.591888E-16	1.407699E-17
3.120000E+03	1.598858E-16	1.412519E-17
3.130000E+03	1.605818E-16	1.417322E-17
3.140000E+03	1.612989E-16	1.422303E-17
3.150000E+03	1.619693E-16	1.426865E-17
3.160000E+03	1.626607E-16	1.431605E-17
3.170000E+03	1.633505E-16	1.436323E-17
3.180000E+03	1.640161E-16	1.440820E-17
3.190000E+03	1.646800E-16	1.445296E-17
3.200000E+03	1.653644E-16	1.449947E-17
3.210000E+03	1.660247E-16	1.454378E-17
3.220000E+03	1.666831E-16	1.458787E-17
3.230000E+03	1.673617E-16	1.463368E-17
3.240000E+03	1.680163E-16	1.467731E-17
3.250000E+03	1.686910E-16	1.472265E-17
3.260000E+03	1.693636E-16	1.476776E-17
3.270000E+03	1.700343E-16	1.481264E-17
3.280000E+03	1.707031E-16	1.485730E-17
3.290000E+03	1.713917E-16	1.490364E-17
3.300000E+03	1.720782E-16	1.494975E-17
3.310000E+03	1.727628E-16	1.499564E-17
3.320000E+03	1.734670E-16	1.504319E-17
3.330000E+03	1.741692E-16	1.509051E-17
3.340000E+03	1.748909E-16	1.513949E-17
3.350000E+03	1.756319E-16	1.519008E-17
3.360000E+03	1.763709E-16	1.524046E-17
3.370000E+03	1.771291E-16	1.529245E-17
3.380000E+03	1.779065E-16	1.534605E-17
3.390000E+03	1.786820E-16	1.539945E-17
3.400000E+03	1.794973E-16	1.545624E-17
3.410000E+03	1.803108E-16	1.551282E-17
3.420000E+03	1.811434E-16	1.557101E-17
3.430000E+03	1.820153E-16	1.563253E-17
3.440000E+03	1.828857E-16	1.569388E-17
3.450000E+03	1.837953E-16	1.575856E-17
3.460000E+03	1.847240E-16	1.582482E-17
3.470000E+03	1.856717E-16	1.589267E-17
3.480000E+03	1.866588E-16	1.596384E-17
3.490000E+03	1.876452E-16	1.603492E-17
3.500000E+03	1.886911E-16	1.611103E-17
3.510000E+03	1.897569E-16	1.618879E-17
3.520000E+03	1.908430E-16	1.626824E-17
3.530000E+03	1.919885E-16	1.635270E-17
3.540000E+03	1.931550E-16	1.643889E-17
3.550000E+03	1.943426E-16	1.652682E-17
3.560000E+03	1.955901E-16	1.661978E-17
3.570000E+03	1.968784E-16	1.671614E-17
3.580000E+03	1.982075E-16	1.681590E-17
3.590000E+03	1.995587E-16	1.691745E-17
3.600000E+03	2.009699E-16	1.702402E-17
3.610000E+03	2.024409E-16	1.713556E-17
3.620000E+03	2.039341E-16	1.724890E-17
3.630000E+03	2.054867E-16	1.736717E-17
3.640000E+03	2.070983E-16	1.749034E-17
3.650000E+03	2.087500E-16	1.761679E-17
3.660000E+03	2.104416E-16	1.774650E-17
3.670000E+03	2.122091E-16	1.788251E-17
3.680000E+03	2.140152E-16	1.802165E-17
3.690000E+03	2.158774E-16	1.816541E-17
3.700000E+03	2.177947E-16	1.831368E-17
3.710000E+03	2.197840E-16	1.846789E-17
3.720000E+03	2.218083E-16	1.862491E-17
3.730000E+03	2.238844E-16	1.878614E-17
3.740000E+03	2.260283E-16	1.895293E-17
3.750000E+03	2.282384E-16	1.912513E-17
3.760000E+03	2.304778E-16	1.929965E-17
3.770000E+03	2.327971E-16	1.948072E-17
3.780000E+03	2.351595E-16	1.966525E-17
3.790000E+03	2.375800E-16	1.985449E-17
3.800000E+03	2.400391E-16	2.004679E-17
3.810000E+03	2.425685E-16	2.024482E-17
3.820000E+03	2.451483E-16	2.044691E-17
3.830000E+03	2.477759E-16	2.065282E-17
3.840000E+03	2.504481E-16	2.086229E-17
3.850000E+03	2.531619E-16	2.107508E-17
3.860000E+03	2.559309E-16	2.129230E-17
3.870000E+03	2.587348E-16	2.151227E-17
3.880000E+03	2.615868E-16	2.173608E-17
3.890000E+03	2.644832E-16	2.196343E-17
3.900000E+03	2.674039E-16	2.219264E-17
3.910000E+03	2.703615E-16	2.242476E-17
3.920000E+03	2.733684E-16	2.266082E-17
3.930000E+03	2.763881E-16	2.289780E-17
3.940000E+03	2.794330E-16	2.313672E-17
3.950000E+03	2.825152E-16	2.337858E-17
3.960000E+03	2.856145E-16	2.362172E-17
3.970000E+03	2.887429E-16	2.386714E-17
3.980000E+03	2.918806E-16	2.411320E-17
3.990000E+03	2.950241E-16	2.435961E-17
4.000000E+03	2.982005E-16	2.460862E-17
4.010000E+03	3.013751E-16	2.485737E-17
4.020000E+03	3.045447E-16	2.510560E-17
4.030000E+03	3.077362E-16	2.535554E-17
4.040000E+03	3.109310E-16	2.560566E-17
4.050000E+03	3.141260E-16	2.585571E-17
4.060000E+03	3.173184E-16	2.610547E-17
4.070000E+03	3.205054E-16	2.635472E-17
4.080000E+03	3.236846E-16	2.660326E-17
4.090000E+03	3.268682E-16	2.685210E-17
4.100000E+03	3.300394E-16	2.709989E-17
4.110000E+03	3.332108E-16	2.734765E-17
4.120000E+03	3.363664E-16	2.759410E-17
4.130000E+03	3.395049E-16	2.783911E-17
4.140000E+03	3.426529E-16	2.808491E-17
4.150000E+03	3.457677E-16	2.832798E-17
4.160000E+03	3.488899E-16	2.857166E-17
4.170000E+03	3.519915E-16	2.881368E-17
4.180000E+03	3.550721E-16	2.905401E-17
4.190000E+03	3.581450E-16	2.929375E-17
4.200000E+03	3.612100E-16	2.953290E-17
4.210000E+03	3.642670E-16	2.977146E-17
4.220000E+03	3.673032E-16	3.000838E-17
4.230000E+03	3.703318E-16	3.024477E-17
4.240000E+03	3.733403E-16	3.047961E-17
4.250000E+03	3.763421E-16	3.071401E-17
4.260000E+03	3.793250E-16	3.094698E-17
4.270000E+03	3.823021E-16	3.117961E-17
4.280000E+03	3.852615E-16	3.141093E-17
4.290000E+03	3.882160E-16	3.164201E-17
4.300000E+03	3.911542E-16	3.187191E-17
4.310000E+03	3.940766E-16	3.210071E-17
4.320000E+03	3.969839E-16	3.232846E-17
4.330000E+03	3.998650E-16	3.255427E-17
4.340000E+03	4.027438E-16	3.278012E-17
4.350000E+03	4.055976E-16	3.300415E-17
4.360000E+03	4.084385E-16	3.322737E-17
4.370000E+03	4.112668E-16	3.344982E-17
4.380000E+03	4.140604E-16	3.366970E-17
4.390000E+03	4.168423E-16	3.388891E-17
4.400000E+03	4.195907E-16	3.410569E-17
4.410000E+03	4.223174E-16	3.432101E-17
4.420000E+03	4.250227E-16	3.453491E-17
4.430000E+03	4.276964E-16	3.474657E-17
4.440000E+03	4.303392E-16	3.495607E-17
4.450000E+03	4.329416E-16	3.516265E-17
4.460000E+03	4.355252E-16	3.536808E-17
4.470000E+03	4.380600E-16	3.556994E-17
4.480000E+03	4.405681E-16	3.577002E-17
4.490000E+03	4.430402E-16	3.596761E-17
4.500000E+03	4.454682E-16	3.616204E-17
4.510000E+03	4.478539E-16	3.635349E-17
4.520000E+03	4.501995E-16	3.654215E-17
4.530000E+03	4.525076E-16	3.672824E-17
4.540000E+03	4.547710E-16	3.691118E-17
4.550000E+03	4.570023E-16	3.709203E-17
4.560000E+03	4.591857E-16	3.726951E-17
4.570000E+03	4.613249E-16	3.744394E-17
4.580000E+03	4.634335E-16	3.761643E-17
4.590000E+03	4.654970E-16	3.778581E-17
4.600000E+03	4.675291E-16	3.795324E-17
4.610000E+03	4.695167E-16	3.811763E-17
4.620000E+03	4.714828E-16	3.828088E-17
4.630000E+03	4.734149E-16	3.844198E-17
4.640000E+03	4.753097E-16	3.860069E-17
4.650000E+03	4.771908E-16	3.875894E-17
4.660000E+03	4.790464E-16	3.891577E-17
4.670000E+03	4.808825E-16	3.907169E-17
4.680000E+03	4.826970E-16	3.922655E-17
4.690000E+03	4.845046E-16	3.938154E-17
4.700000E+03	4.863026E-16	3.953647E-17
4.710000E+03	4.880894E-16	3.969122E-17
4.720000E+03	4.898790E-16	3.984695E-17
4.730000E+03	4.916694E-16	4.000349E-17
4.740000E+03	4.934582E-16	4.016069E-17
4.750000E+03	4.952594E-16	4.031969E-17
4.760000E+03	4.970706E-16	4.048031E-17
4.770000E+03	4.988969E-16	4.064298E-17
4.780000E+03	5.007437E-16	4.080816E-17
4.790000E+03	5.026001E-16	4.097499E-17
4.800000E+03	5.044867E-16	4.114515E-17
4.810000E+03	5.064000E-16	4.131837E-17
4.820000E+03	5.083364E-16	4.149436E-17
4.830000E+03	5.103002E-16	4.167348E-17
4.840000E+03	5.122950E-16	4.185601E-17
4.850000E+03	5.143320E-16	4.204288E-17
4.860000E+03	5.163992E-16	4.223311E-17
4.870000E+03	5.185000E-16	4.242698E-17
4.880000E+03	5.206448E-16	4.262534E-17
4.890000E+03	5.228364E-16	4.282842E-17
4.900000E+03	5.250623E-16	4.303521E-17
4.910000E+03	5.273402E-16	4.324717E-17
4.920000E+03	5.296575E-16	4.346325E-17
4.930000E+03	5.320314E-16	4.368489E-17
4.940000E+03	5.344491E-16	4.391103E-17
4.950000E+03	5.369202E-16	4.414247E-17
4.960000E+03	5.394467E-16	4.437937E-17
4.970000E+03	5.420232E-16	4.462131E-17
4.980000E+03	5.446661E-16	4.486965E-17
4.990000E+03	5.473627E-16	4.512333E-17
5.000000E+03	5.501220E-16	4.538312E-17
5.010000E+03	5.529455E-16	4.564914E-17
5.020000E+03	5.558275E-16	4.592094E-17
5.030000E+03	5.587841E-16	4.619986E-17
5.040000E+03	5.618092E-16	4.648540E-17
5.050000E+03	5.649041E-16	4.677768E-17
5.060000E+03	5.680772E-16	4.707742E-17
5.070000E+03	5.713220E-16	4.738408E-17
5.080000E+03	5.746394E-16	4.769776E-17
5.090000E+03	5.780443E-16	4.801971E-17
5.100000E+03	5.815227E-16	4.834877E-17
5.110000E+03	5.850892E-16	4.868618E-17
5.120000E+03	5.887364E-16	4.903133E-17
5.130000E+03	5.924711E-16	4.938482E-17
5.140000E+03	5.962853E-16	4.974599E-17
5.150000E+03	6.001853E-16	5.011539E-17
5.160000E+03	6.041772E-16	5.049354E-17
5.170000E+03	6.082518E-16	5.087969E-17
5.180000E+03	6.124146E-16	5.127432E-17
5.190000E+03	6.166631E-16	5.167724E-17
5.200000E+03	6.209947E-16	5.208825E-17
5.210000E+03	6.254136E-16	5.250772E-17
5.220000E+03	6.299089E-16	5.293476E-17
5.230000E+03	6.344916E-16	5.337031E-17
5.240000E+03	6.391425E-16	5.381276E-17
5.250000E+03	6.438797E-16	5.426367E-17
5.260000E+03	6.486832E-16	5.472136E-17
5.270000E+03	6.535552E-16	5.518605E-17
5.280000E+03	6.584980E-16	5.565792E-17
5.290000E+03	6.635057E-16	5.613650E-17
5.300000E+03	6.685646E-16	5.662066E-17
5.310000E+03	6.736840E-16	5.711118E-17
5.320000E+03	6.788573E-16	5.760752E-17
5.330000E+03	6.840702E-16	5.810848E-17
5.340000E+03	6.893237E-16	5.861415E-17
5.350000E+03	6.946109E-16	5.912396E-17
5.360000E+03	6.999410E-16	5.963868E-17
5.370000E+03	7.052830E-16	6.015570E-17
5.380000E+03	7.106542E-16	6.067648E-17
5.390000E+03	7.160395E-16	6.119974E-17
5.400000E+03	7.214406E-16	6.172563E-17
5.410000E+03	7.268426E-16	6.225288E-17
5.420000E+03	7.322557E-16	6.278234E-17
5.430000E+03	7.376570E-16	6.331206E-17
5.440000E+03	7.430571E-16	6.384295E-17
5.450000E+03	7.484422E-16	6.437381E-17
5.460000E+03	7.538068E-16	6.490417E-17
5.470000E+03	7.591623E-16	6.543499E-17
5.480000E+03	7.644876E-16	6.596444E-17
5.490000E+03	7.697867E-16	6.649286E-17
5.500000E+03	7.750556E-16	6.701990E-17
5.510000E+03	7.802992E-16	6.754596E-17
5.520000E+03	7.854976E-16	6.806931E-17
5.530000E+03	7.906651E-16	6.859117E-17
5.540000E+03	7.957995E-16	6.911133E-17
5.550000E+03	8.008822E-16	6.962818E-17
5.560000E+03	8.059292E-16	7.014307E-17
5.570000E+03	8.109398E-16	7.065593E-17
5.580000E+03	8.159053E-16	7.116599E-17
5.590000E+03	8.208262E-16	7.167327E-17
5.600000E+03	8.257032E-16	7.217783E-17
5.610000E+03	8.305467E-16	7.268054E-17
5.620000E+03	8.353413E-16	7.318003E-17
5.630000E+03	8.401064E-16	7.367801E-17
5.640000E+03	8.448368E-16	7.417398E-17
5.650000E+03	8.495267E-16	7.466743E-17
5.660000E+03	8.541888E-16	7.515946E-17
5.670000E+03	8.588186E-16	7.564966E-17
5.680000E+03	8.634297E-16	7.613920E-17
5.690000E+03	8.680179E-16	7.662772E-17
5.700000E+03	8.725800E-16	7.711490E-17
5.710000E+03	8.771302E-16	7.760200E-17
5.720000E+03	8.816656E-16	7.808875E-17
5.730000E+03	8.862014E-16	7.857648E-17
5.740000E+03	8.907259E-16	7.906414E-17
5.750000E+03	8.952455E-16	7.955231E-17
5.760000E+03	8.997759E-16	8.004236E-17
5.770000E+03	9.043149E-16	8.053411E-17
5.780000E+03	9.088605E-16	8.102736E-17
5.790000E+03	9.134195E-16	8.152271E-17
5.800000E+03	9.180079E-16	8.202160E-17
5.810000E+03	9.226056E-16	8.252223E-17
5.820000E+03	9.272378E-16	8.302685E-17
5.830000E+03	9.318935E-16	8.353448E-17
5.840000E+03	9.365886E-16	8.404655E-17
5.850000E+03	9.413215E-16	8.456291E-17
5.860000E+03	9.460898E-16	8.508336E-17
5.870000E+03	9.509005E-16	8.560853E-17
5.880000E+03	9.557609E-16	8.613909E-17
5.890000E+03	9.606687E-16	8.667484E-17
5.900000E+03	9.656219E-16	8.721559E-17
5.910000E+03	9.706457E-16	8.776364E-17
5.920000E+03	9.757198E-16	8.831716E-17
5.930000E+03	9.808603E-16	8.887763E-17
5.940000E+03	9.860559E-16	8.944402E-17
5.950000E+03	9.913322E-16	9.001868E-17
5.960000E+03	9.966776E-16	9.060057E-17
5.970000E+03	1.002090E-15	9.118951E-17
5.980000E+03	1.007586E-15	9.178700E-17
5.990000E+03	1.013163E-15	9.239288E-17
6.000000E+03	1.018829E-15	9.300781E-17
6.010000E+03	1.024590E-15	9.363246E-17
6.020000E+03	1.030435E-15	9.426578E-17
6.030000E+03	1.036381E-15	9.490931E-17
6.040000E+03	1.042424E-15	9.556281E-17
6.050000E+03	1.048572E-15	9.622697E-17
6.060000E+03	1.054831E-15	9.690243E-17
6.070000E+03	1.061199E-15	9.758894E-17
6.080000E+03	1.067683E-15	9.828712E-17
6.090000E+03	1.074297E-15	9.899847E-17
6.100000E+03	1.081029E-15	9.972182E-17
6.110000E+03	1.087893E-15	1.004585E-16
6.120000E+03	1.094887E-15	1.012083E-16
6.130000E+03	1.102014E-15	1.019715E-16
6.140000E+03	1.109289E-15	1.027497E-16
6.150000E+03	1.116705E-15	1.035421E-16
6.160000E+03	1.124268E-15	1.043494E-16
6.170000E+03	1.131968E-15	1.051707E-16
6.180000E+03	1.139830E-15	1.060082E-16
6.190000E+03	1.147845E-15	1.068614E-16
6.200000E+03	1.156013E-15	1.077301E-16
6.210000E+03	1.164347E-15	1.086157E-16
6.220000E+03	1.172826E-15	1.095160E-16
6.230000E+03	1.181468E-15	1.104331E-16
6.240000E+03	1.190273E-15	1.113667E-16
6.250000E+03	1.199236E-15	1.123167E-16
6.260000E+03	1.208343E-15	1.132814E-16
6.270000E+03	1.217607E-15	1.142625E-16
6.280000E+03	1.227021E-15	1.152591E-16
6.290000E+03	1.236576E-15	1.162704E-16
6.300000E+03	1.246247E-15	1.172943E-16
6.310000E+03	1.256042E-15	1.183312E-16
6.320000E+03	1.265959E-15	1.193812E-16
6.330000E+03	1.275953E-15	1.204401E-16
6.340000E+03	1.286028E-15	1.215082E-16
6.350000E+03	1.296162E-15	1.225833E-16
6.360000E+03	1.306327E-15	1.236630E-16
6.370000E+03	1.316521E-15	1.247470E-16
6.380000E+03	1.326689E-15	1.258301E-16
6.390000E+03	1.336823E-15	1.269114E-16
6.400000E+03	1.346902E-15	1.279890E-16
6.410000E+03	1.356875E-15	1.290581E-16
6.420000E+03	1.366718E-15	1.301162E-16
6.430000E+03	1.376389E-15	1.311594E-16
6.440000E+03	1.385860E-15	1.321849E-16
6.450000E+03	1.395101E-15	1.331898E-16
6.460000E+03	1.404055E-15	1.341685E-16
6.470000E+03	1.412703E-15	1.351192E-16
6.480000E+03	1.420987E-15	1.360362E-16
6.490000E+03	1.428877E-15	1.369165E-16
6.500000E+03	1.436324E-15	1.377555E-16
6.510000E+03	1.443302E-15	1.385502E-16
6.520000E+03	1.449778E-15	1.392976E-16
6.530000E+03	1.455700E-15	1.399925E-16
6.540000E+03	1.461025E-15	1.406306E-16
6.550000E+03	1.465747E-15	1.412110E-16
6.560000E+03	1.469829E-15	1.417302E-16
6.570000E+03	1.473226E-15	1.421836E-16
6.580000E+03	1.475938E-15	1.425709E-16
6.590000E+03	1.477924E-15	1.428882E-16
6.600000E+03	1.479181E-15	1.431348E-16
6.610000E+03	1.479689E-15	1.433088E-16
6.620000E+03	1.479437E-15	1.434087E-16
6.630000E+03	1.478429E-15	1.434348E-16
6.640000E+03	1.476662E-15	1.433867E-16
6.650000E+03	1.474122E-15	1.432627E-16
6.660000E+03	1.470842E-15	1.430658E-16
6.670000E+03	1.466815E-15	1.427954E-16
6.680000E+03	1.462055E-15	1.424524E-16
6.690000E+03	1.456609E-15	1.420413E-16
6.700000E+03	1.450466E-15	1.415609E-16
6.710000E+03	1.443663E-15	1.410146E-16
6.720000E+03	1.436230E-15	1.404052E-16
6.730000E+03	1.428193E-15	1.397351E-16
6.740000E+03	1.419601E-15	1.390089E-16
6.750000E+03	1.410470E-15	1.382281E-16
6.760000E+03	1.400854E-15	1.373978E-16
6.770000E+03	1.390786E-15	1.365213E-16
6.780000E+03	1.380290E-15	1.356007E-16
6.790000E+03	1.369419E-15	1.346412E-16
6.800000E+03	1.358197E-15	1.336450E-16
6.810000E+03	1.346690E-15	1.326186E-16
6.820000E+03	1.334910E-15	1.315630E-16
6.830000E+03	1.322906E-15	1.304832E-16
6.840000E+03	1.310714E-15	1.293826E-16
6.850000E+03	1.298387E-15	1.282663E-16
6.860000E+03	1.285928E-15	1.271347E-16
6.870000E+03	1.273384E-15	1.259924E-16
6.880000E+03	1.260788E-15	1.248426E-16
6.890000E+03	1.248167E-15	1.236881E-16
6.900000E+03	1.235551E-15	1.225317E-16
6.910000E+03	1.222964E-15	1.213759E-16
6.920000E+03	1.210431E-15	1.202233E-16
6.930000E+03	1.197974E-15	1.190760E-16
6.940000E+03	1.185614E-15	1.179361E-16
6.950000E+03	1.173354E-15	1.168041E-16
6.960000E+03	1.161228E-15	1.156831E-16
6.970000E+03	1.149261E-15	1.145759E-16
6.980000E+03	1.137429E-15	1.134800E-16
6.990000E+03	1.125781E-15	1.124005E-16
7.000000E+03	1.114303E-15	1.113359E-16
7.010000E+03	1.103016E-15	1.102883E-16
7.020000E+03	1.091915E-15	1.092575E-16
7.030000E+03	1.081018E-15	1.082452E-16
7.040000E+03	1.070318E-15	1.072507E-16
7.050000E+03	1.059820E-15	1.062746E-16
7.060000E+03	1.049537E-15	1.053183E-16
7.070000E+03	1.039461E-15	1.043810E-16
7.080000E+03	1.029592E-15	1.034628E-16
7.090000E+03	1.019930E-15	1.025637E-16
7.100000E+03	1.010475E-15	1.016838E-16
7.110000E+03	1.001226E-15	1.008231E-16
7.120000E+03	9.921822E-16	9.998141E-17
7.130000E+03	9.833409E-16	9.915862E-17
7.140000E+03	9.746880E-16	9.835336E-17
7.150000E+03	9.662326E-16	9.756657E-17
7.160000E+03	9.579716E-16	9.679798E-17
7.170000E+03	9.498900E-16	9.604614E-17
7.180000E+03	9.419957E-16	9.531189E-17
7.190000E+03	9.342737E-16	9.459375E-17
7.200000E+03	9.267200E-16	9.389137E-17
7.210000E+03	9.193420E-16	9.320552E-17
7.220000E+03	9.121244E-16	9.253471E-17
7.230000E+03	9.050520E-16	9.187742E-17
7.240000E+03	8.981429E-16	9.123554E-17
7.250000E+03	8.913820E-16	9.060756E-17
7.260000E+03	8.847652E-16	8.999311E-17
7.270000E+03	8.782775E-16	8.939069E-17
7.280000E+03	8.719259E-16	8.880105E-17
7.290000E+03	8.657066E-16	8.822384E-17
7.300000E+03	8.596159E-16	8.765870E-17
7.310000E+03	8.536390E-16	8.710416E-17
7.320000E+03	8.477726E-16	8.655991E-17
7.330000E+03	8.420240E-16	8.602672E-17
7.340000E+03	8.363896E-16	8.550427E-17
7.350000E+03	8.308557E-16	8.499115E-17
7.360000E+03	8.254191E-16	8.448708E-17
7.370000E+03	8.200769E-16	8.399179E-17
7.380000E+03	8.148367E-16	8.350607E-17
7.390000E+03	8.096852E-16	8.302858E-17
7.400000E+03	8.046197E-16	8.255907E-17
7.410000E+03	7.996378E-16	8.209731E-17
7.420000E+03	7.947471E-16	8.164411E-17
7.430000E+03	7.899247E-16	8.119714E-17
7.440000E+03	7.851890E-16	8.075829E-17
7.450000E+03	7.805272E-16	8.032627E-17
7.460000E+03	7.759374E-16	7.990091E-17
7.470000E+03	7.714073E-16	7.948094E-17
7.480000E+03	7.669550E-16	7.906827E-17
7.490000E+03	7.625684E-16	7.866164E-17
7.500000E+03	7.582558E-16	7.826194E-17
7.510000E+03	7.539950E-16	7.786689E-17
7.520000E+03	7.497945E-16	7.747737E-17
7.530000E+03	7.456623E-16	7.709423E-17
7.540000E+03	7.415770E-16	7.671527E-17
7.550000E+03	7.375565E-16	7.634236E-17
7.560000E+03	7.335893E-16	7.597432E-17
7.570000E+03	7.296736E-16	7.561096E-17
7.580000E+03	7.258074E-16	7.525211E-17
7.590000E+03	7.219986E-16	7.489858E-17
7.600000E+03	7.182350E-16	7.454914E-17
7.610000E+03	7.145145E-16	7.420356E-17
7.620000E+03	7.108446E-16	7.386263E-17
7.630000E+03	7.072127E-16	7.352507E-17
7.640000E+03	7.036164E-16	7.319063E-17
7.650000E+03	7.000624E-16	7.286001E-17
7.660000E+03	6.965382E-16	7.253193E-17
7.670000E+03	6.930504E-16	7.220707E-17
7.680000E+03	6.895958E-16	7.188512E-17
7.690000E+03	6.861616E-16	7.156474E-17
7.700000E+03	6.827539E-16	7.124659E-17
7.710000E+03	6.793599E-16	7.092932E-17
7.720000E+03	6.759857E-16	7.061359E-17
7.730000E+03	6.726278E-16	7.029903E-17
7.740000E+03	6.692826E-16	6.998527E-17
7.750000E+03	6.659468E-16	6.967197E-17
7.760000E+03	6.626075E-16	6.935778E-17
7.770000E+03	6.592706E-16	6.904333E-17
7.780000E+03	6.559423E-16	6.872927E-17
7.790000E+03	6.526007E-16	6.841330E-17
7.800000E+03	6.492520E-16	6.809608E-17
7.810000E+03	6.458934E-16	6.777731E-17
7.820000E+03	6.425221E-16	6.745671E-17
7.830000E+03	6.391450E-16	6.713499E-17
7.840000E+03	6.357410E-16	6.680994E-17
7.850000E+03	6.323175E-16	6.648234E-17
7.860000E+03	6.288818E-16	6.615296E-17
7.870000E+03	6.254140E-16	6.581969E-17
7.880000E+03	6.219313E-16	6.548436E-17
7.890000E+03	6.184144E-16	6.514493E-17
7.900000E+03	6.148809E-16	6.480324E-17
7.910000E+03	6.113214E-16	6.445833E-17
7.920000E+03	6.077360E-16	6.411017E-17
7.930000E+03	6.041342E-16	6.375979E-17
7.940000E+03	6.004987E-16	6.340535E-17
7.950000E+03	5.968486E-16	6.304888E-17
7.960000E+03	5.931674E-16	6.268862E-17
7.970000E+03	5.894748E-16	6.232666E-17
7.980000E+03	5.857641E-16	6.196230E-17
7.990000E+03	5.820377E-16	6.159577E-17
8.000000E+03	5.782987E-16	6.122743E-17
8.010000E+03	5.745500E-16	6.085756E-17
8.020000E+03	5.707952E-16	6.048657E-17
8.030000E+03	5.670467E-16	6.011576E-17
8.040000E+03	5.632912E-16	5.974372E-17
8.050000E+03	5.595503E-16	5.937275E-17
8.060000E+03	5.558112E-16	5.900150E-17
8.070000E+03	5.520874E-16	5.863140E-17
8.080000E+03	5.483921E-16	5.826386E-17
8.090000E+03	5.447137E-16	5.789766E-17
8.100000E+03	5.410740E-16	5.753512E-17
8.110000E+03	5.374617E-16	5.717503E-17
8.120000E+03	5.338904E-16	5.681886E-17
8.130000E+03	5.303657E-16	5.646722E-17
8.140000E+03	5.268930E-16	5.612068E-17
8.150000E+03	5.234695E-16	5.577897E-17
8.160000E+03	5.201172E-16	5.544442E-17
8.170000E+03	5.168247E-16	5.511584E-17
8.180000E+03	5.136057E-16	5.479470E-17
8.190000E+03	5.104572E-16	5.448069E-17
8.200000E+03	5.073922E-16	5.417520E-17
8.210000E+03	5.044153E-16	5.387876E-17
8.220000E+03	5.015232E-16	5.359101E-17
8.230000E+03	4.987280E-16	5.331328E-17
8.240000E+03	4.960261E-16	5.304516E-17
8.250000E+03	4.934210E-16	5.278706E-17
8.260000E+03	4.909242E-16	5.254024E-17
8.270000E+03	4.885386E-16	5.230500E-17
8.280000E+03	4.862515E-16	5.208001E-17
8.290000E+03	4.840806E-16	5.186719E-17
8.300000E+03	4.820203E-16	5.166593E-17
8.310000E+03	4.800722E-16	5.147642E-17
8.320000E+03	4.782373E-16	5.129880E-17
8.330000E+03	4.765164E-16	5.113317E-17
8.340000E+03	4.749097E-16	5.097956E-17
8.350000E+03	4.734171E-16	5.083796E-17
8.360000E+03	4.720302E-16	5.070750E-17
8.370000E+03	4.707634E-16	5.058974E-17
8.380000E+03	4.695994E-16	5.048284E-17
8.390000E+03	4.685366E-16	5.038662E-17
8.400000E+03	4.675876E-16	5.030247E-17
8.410000E+03	4.667263E-16	5.022758E-17
8.420000E+03	4.659647E-16	5.016326E-17
8.430000E+03	4.652991E-16	5.010913E-17
8.440000E+03	4.647174E-16	5.006389E-17
8.450000E+03	4.642147E-16	5.002702E-17
8.460000E+03	4.637860E-16	4.999799E-17
8.470000E+03	4.634257E-16	4.997621E-17
8.480000E+03	4.631357E-16	4.996190E-17
8.490000E+03	4.628942E-16	4.995270E-17
8.500000E+03	4.627103E-16	4.994960E-17
8.510000E+03	4.625614E-16	4.995019E-17
8.520000E+03	4.624482E-16	4.995452E-17
8.530000E+03	4.623638E-16	4.996185E-17
8.540000E+03	4.622924E-16	4.997050E-17
8.550000E+03	4.622345E-16	4.998051E-17
8.560000E+03	4.621823E-16	4.999104E-17
8.570000E+03	4.621204E-16	5.000041E-17
8.580000E+03	4.620405E-16	5.000776E-17
8.590000E+03	4.619435E-16	5.001315E-17
8.600000E+03	4.618215E-16	5.001572E-17
8.610000E+03	4.616509E-16	5.001295E-17
8.620000E+03	4.614407E-16	5.000577E-17
8.630000E+03	4.611839E-16	4.999344E-17
8.640000E+03	4.608573E-16	4.997343E-17
8.650000E+03	4.604710E-16	4.994684E-17
8.660000E+03	4.600024E-16	4.991120E-17
8.670000E+03	4.594622E-16	4.986768E-17
8.680000E+03	4.588372E-16	4.981482E-17
8.690000E+03	4.581143E-16	4.975120E-17
8.700000E+03	4.573058E-16	4.967815E-17
8.710000E+03	4.563997E-16	4.959435E-17
8.720000E+03	4.553929E-16	4.949947E-17
8.730000E+03	4.542745E-16	4.939230E-17
8.740000E+03	4.530591E-16	4.927443E-17
8.750000E+03	4.517288E-16	4.914390E-17
8.760000E+03	4.502909E-16	4.900149E-17
8.770000E+03	4.487453E-16	4.884718E-17
8.780000E+03	4.470922E-16	4.868100E-17
8.790000E+03	4.453327E-16	4.850303E-17
8.800000E+03	4.434596E-16	4.831251E-17
8.810000E+03	4.414917E-16	4.811145E-17
8.820000E+03	4.394148E-16	4.789832E-17
8.830000E+03	4.372398E-16	4.767430E-17
8.840000E+03	4.349706E-16	4.743978E-17
8.850000E+03	4.326104E-16	4.719513E-17
8.860000E+03	4.301635E-16	4.694080E-17
8.870000E+03	4.276342E-16	4.667726E-17
8.880000E+03	4.250190E-16	4.640413E-17
8.890000E+03	4.223393E-16	4.612372E-17
8.900000E+03	4.195838E-16	4.583480E-17
8.910000E+03	4.167742E-16	4.553973E-17
8.920000E+03	4.138994E-16	4.523731E-17
8.930000E+03	4.109812E-16	4.492991E-17
8.940000E+03	4.080089E-16	4.461637E-17
8.950000E+03	4.050042E-16	4.429904E-17
8.960000E+03	4.019645E-16	4.397766E-17
8.970000E+03	3.988953E-16	4.365279E-17
8.980000E+03	3.958018E-16	4.332505E-17
8.990000E+03	3.926974E-16	4.299587E-17
9.000000E+03	3.895711E-16	4.266406E-17
9.040000E+03	3.770782E-16	4.133588E-17
9.080000E+03	3.647914E-16	4.002670E-17
9.120000E+03	3.529569E-16	3.876376E-17
9.160000E+03	3.417578E-16	3.756741E-17
9.200000E+03	3.313235E-16	3.645219E-17
9.240000E+03	3.217296E-16	3.542674E-17
9.280000E+03	3.130071E-16	3.449478E-17
9.320000E+03	3.051528E-16	3.365629E-17
9.360000E+03	2.981163E-16	3.290600E-17
9.400000E+03	2.918692E-16	3.224103E-17
9.440000E+03	2.863279E-16	3.165243E-17
9.480000E+03	2.814443E-16	3.113506E-17
9.520000E+03	2.771469E-16	3.068123E-17
9.560000E+03	2.733594E-16	3.028267E-17
9.600000E+03	2.700264E-16	2.993336E-17
9.640000E+03	2.670819E-16	2.962615E-17
9.680000E+03	2.644752E-16	2.935549E-17
9.720000E+03	2.621533E-16	2.911562E-17
9.760000E+03	2.600607E-16	2.890043E-17
9.800000E+03	2.581748E-16	2.870748E-17
9.840000E+03	2.564331E-16	2.852989E-17
9.880000E+03	2.548147E-16	2.836537E-17
9.920000E+03	2.532949E-16	2.821121E-17
9.960000E+03	2.518234E-16	2.806184E-17
1.000000E+04	2.503931E-16	2.791650E-17
1.004000E+04	2.489817E-16	2.777272E-17
1.008000E+04	2.475582E-16	2.762705E-17
1.012000E+04	2.461050E-16	2.747756E-17
1.016000E+04	2.445962E-16	2.732135E-17
1.020000E+04	2.430436E-16	2.715976E-17
1.024000E+04	2.414022E-16	2.698775E-17
1.028000E+04	2.396772E-16	2.680590E-17
1.032000E+04	2.378644E-16	2.661377E-17
