#wls	flux	fluxerr
1.592674E+03	2.607352E-17	1.067635E-18
1.632491E+03	2.517696E-17	1.025673E-18
1.672307E+03	2.415387E-17	9.788545E-19
1.712124E+03	2.302910E-17	9.282757E-19
1.751941E+03	2.182370E-17	8.748594E-19
1.791758E+03	2.055646E-17	8.194231E-19
1.831575E+03	1.923780E-17	7.624378E-19
1.871392E+03	1.788669E-17	7.047022E-19
1.911208E+03	1.652322E-17	6.470436E-19
1.951025E+03	1.516965E-17	5.903546E-19
1.990842E+03	1.386110E-17	5.360034E-19
2.030659E+03	1.265565E-17	4.862054E-19
2.070476E+03	1.163040E-17	4.438407E-19
2.110293E+03	1.087338E-17	4.121206E-19
2.150109E+03	1.043979E-17	3.929238E-19
2.189926E+03	1.034123E-17	3.864329E-19
2.229743E+03	1.054210E-17	3.910578E-19
2.269560E+03	1.098396E-17	4.044001E-19
2.309377E+03	1.162185E-17	4.246105E-19
2.349194E+03	1.243005E-17	4.505844E-19
2.389011E+03	1.341027E-17	4.822268E-19
2.428827E+03	1.457750E-17	5.199124E-19
2.468644E+03	1.596075E-17	5.644892E-19
2.508461E+03	1.759711E-17	6.170495E-19
2.548278E+03	1.952925E-17	6.788306E-19
2.588095E+03	2.180361E-17	7.511414E-19
2.627912E+03	2.446856E-17	8.352945E-19
2.667728E+03	2.757232E-17	9.325292E-19
2.707545E+03	3.115597E-17	1.043780E-18
2.747362E+03	3.526419E-17	1.170041E-18
2.787179E+03	3.993133E-17	1.311903E-18
2.826996E+03	4.517782E-17	1.469456E-18
2.866813E+03	5.102760E-17	1.642870E-18
2.906630E+03	5.749234E-17	1.831893E-18
2.946446E+03	6.458644E-17	2.036341E-18
2.986263E+03	7.233281E-17	2.256279E-18
2.996217E+03	7.437545E-17	2.313734E-18
3.006172E+03	7.646377E-17	2.372257E-18
3.016126E+03	7.858823E-17	2.431540E-18
3.026080E+03	8.076963E-17	2.492218E-18
3.036034E+03	8.299149E-17	2.553767E-18
3.045988E+03	8.526728E-17	2.616592E-18
3.055943E+03	8.759843E-17	2.680722E-18
3.065897E+03	8.998462E-17	2.746134E-18
3.075851E+03	9.242554E-17	2.812805E-18
3.085805E+03	9.493223E-17	2.881056E-18
3.095760E+03	9.748157E-17	2.950172E-18
3.105714E+03	1.000963E-16	3.020828E-18
3.115668E+03	1.027646E-16	3.092650E-18
3.125622E+03	1.054856E-16	3.165606E-18
3.135576E+03	1.082716E-16	3.240043E-18
3.145531E+03	1.111095E-16	3.315558E-18
3.155485E+03	1.140117E-16	3.392507E-18
3.165439E+03	1.169776E-16	3.470861E-18
3.175393E+03	1.199934E-16	3.550190E-18
3.185347E+03	1.230713E-16	3.630846E-18
3.195302E+03	1.262245E-16	3.713200E-18
3.205256E+03	1.294236E-16	3.796377E-18
3.215210E+03	1.326809E-16	3.880723E-18
3.225164E+03	1.360091E-16	3.966595E-18
3.235118E+03	1.393913E-16	4.053488E-18
3.245073E+03	1.428244E-16	4.141297E-18
3.255027E+03	1.463203E-16	4.230355E-18
3.264981E+03	1.498595E-16	4.320088E-18
3.274935E+03	1.534688E-16	4.411258E-18
3.284890E+03	1.571111E-16	4.502787E-18
3.294844E+03	1.608124E-16	4.595410E-18
3.304798E+03	1.645326E-16	4.687974E-18
3.314752E+03	1.682964E-16	4.781179E-18
3.324706E+03	1.720777E-16	4.874277E-18
3.334661E+03	1.758827E-16	4.967441E-18
3.344615E+03	1.796995E-16	5.060334E-18
3.354569E+03	1.835147E-16	5.152581E-18
3.364523E+03	1.873134E-16	5.243767E-18
3.374477E+03	1.910788E-16	5.333435E-18
3.384432E+03	1.947928E-16	5.421088E-18
3.394386E+03	1.984536E-16	5.506697E-18
3.404340E+03	2.020400E-16	5.589693E-18
3.414294E+03	2.055294E-16	5.669470E-18
3.424248E+03	2.088974E-16	5.745391E-18
3.434203E+03	2.121188E-16	5.816797E-18
3.444157E+03	2.151856E-16	5.883505E-18
3.454111E+03	2.180524E-16	5.944327E-18
3.464065E+03	2.207106E-16	5.999078E-18
3.474020E+03	2.231333E-16	6.047082E-18
3.483974E+03	2.252945E-16	6.087699E-18
3.493928E+03	2.271879E-16	6.120825E-18
3.503882E+03	2.287731E-16	6.145444E-18
3.513836E+03	2.300488E-16	6.161600E-18
3.523791E+03	2.309995E-16	6.168951E-18
3.533745E+03	2.316144E-16	6.167293E-18
3.543699E+03	2.318881E-16	6.156561E-18
3.553653E+03	2.318213E-16	6.136859E-18
3.563607E+03	2.314377E-16	6.108895E-18
3.573562E+03	2.307506E-16	6.073089E-18
3.583516E+03	2.297798E-16	6.030034E-18
3.593470E+03	2.285514E-16	5.980482E-18
3.603424E+03	2.270978E-16	5.925334E-18
3.613378E+03	2.254561E-16	5.865607E-18
3.623333E+03	2.236820E-16	5.802786E-18
3.633287E+03	2.218053E-16	5.737665E-18
3.643241E+03	2.198863E-16	5.671821E-18
3.653195E+03	2.179590E-16	5.606132E-18
3.663150E+03	2.160973E-16	5.542494E-18
3.673104E+03	2.143351E-16	5.481755E-18
3.683058E+03	2.127188E-16	5.425073E-18
3.693012E+03	2.112938E-16	5.373568E-18
3.702966E+03	2.101040E-16	5.328309E-18
3.712921E+03	2.092029E-16	5.290598E-18
3.722875E+03	2.086197E-16	5.261105E-18
3.732829E+03	2.084044E-16	5.241021E-18
3.742783E+03	2.085839E-16	5.230939E-18
3.752737E+03	2.092054E-16	5.231958E-18
3.762692E+03	2.102938E-16	5.244604E-18
3.772646E+03	2.118941E-16	5.269898E-18
3.782600E+03	2.140395E-16	5.308562E-18
3.792554E+03	2.167527E-16	5.361044E-18
3.802508E+03	2.200752E-16	5.428252E-18
3.812463E+03	2.240370E-16	5.510805E-18
3.822417E+03	2.286666E-16	5.609269E-18
3.832371E+03	2.339797E-16	5.723903E-18
3.842325E+03	2.399991E-16	5.855123E-18
3.852280E+03	2.467625E-16	6.003713E-18
3.862234E+03	2.542530E-16	6.169118E-18
3.872188E+03	2.624961E-16	6.351818E-18
3.882142E+03	2.714896E-16	6.551614E-18
3.892096E+03	2.812110E-16	6.767825E-18
3.902051E+03	2.916367E-16	6.999747E-18
3.912005E+03	3.027304E-16	7.246384E-18
3.921959E+03	3.144423E-16	7.506424E-18
3.931913E+03	3.267087E-16	7.778236E-18
3.941867E+03	3.394511E-16	8.059862E-18
3.951822E+03	3.525660E-16	8.348769E-18
3.961776E+03	3.659488E-16	8.642420E-18
3.971730E+03	3.794960E-16	8.938339E-18
3.981684E+03	3.930732E-16	9.233348E-18
3.991638E+03	4.065539E-16	9.524482E-18
4.001593E+03	4.198110E-16	9.808806E-18
4.011547E+03	4.327094E-16	1.008322E-17
4.021501E+03	4.451344E-16	1.034513E-17
4.031455E+03	4.569966E-16	1.059257E-17
4.041410E+03	4.681838E-16	1.082304E-17
4.051364E+03	4.786402E-16	1.103541E-17
4.061318E+03	4.883036E-16	1.122838E-17
4.071272E+03	4.971580E-16	1.140173E-17
4.081226E+03	5.051672E-16	1.155479E-17
4.091181E+03	5.123521E-16	1.168820E-17
4.101135E+03	5.187355E-16	1.180264E-17
4.111089E+03	5.243274E-16	1.189846E-17
4.121043E+03	5.291984E-16	1.197743E-17
4.130997E+03	5.333621E-16	1.203999E-17
4.140952E+03	5.368995E-16	1.208807E-17
4.150906E+03	5.398548E-16	1.212280E-17
4.160860E+03	5.422726E-16	1.214527E-17
4.170814E+03	5.442201E-16	1.215710E-17
4.180768E+03	5.457381E-16	1.215925E-17
4.190723E+03	5.468649E-16	1.215268E-17
4.200677E+03	5.476601E-16	1.213876E-17
4.210631E+03	5.481463E-16	1.211806E-17
4.220585E+03	5.483792E-16	1.209186E-17
4.230540E+03	5.484014E-16	1.206114E-17
4.240494E+03	5.482329E-16	1.202638E-17
4.250448E+03	5.479269E-16	1.198877E-17
4.260402E+03	5.475147E-16	1.194904E-17
4.270356E+03	5.470390E-16	1.190811E-17
4.280311E+03	5.465331E-16	1.186673E-17
4.290265E+03	5.460527E-16	1.182612E-17
4.300219E+03	5.456252E-16	1.178685E-17
4.310173E+03	5.453122E-16	1.175026E-17
4.320127E+03	5.451493E-16	1.171709E-17
4.330082E+03	5.452158E-16	1.168902E-17
4.340036E+03	5.455557E-16	1.166695E-17
4.349990E+03	5.462328E-16	1.165221E-17
4.359944E+03	5.472980E-16	1.164582E-17
4.369898E+03	5.488206E-16	1.164921E-17
4.379853E+03	5.508103E-16	1.166250E-17
4.389807E+03	5.533079E-16	1.168649E-17
4.399761E+03	5.563140E-16	1.172112E-17
4.409715E+03	5.598194E-16	1.176611E-17
4.419670E+03	5.638351E-16	1.182163E-17
4.429624E+03	5.683310E-16	1.188697E-17
4.439578E+03	5.732995E-16	1.196190E-17
4.449532E+03	5.787192E-16	1.204589E-17
4.459486E+03	5.845460E-16	1.213796E-17
4.469441E+03	5.907477E-16	1.223739E-17
4.479395E+03	5.972949E-16	1.234351E-17
4.489349E+03	6.041258E-16	1.245501E-17
4.499303E+03	6.111995E-16	1.257098E-17
4.509257E+03	6.184521E-16	1.269010E-17
4.519212E+03	6.258247E-16	1.281113E-17
4.529166E+03	6.332462E-16	1.293259E-17
4.539120E+03	6.406615E-16	1.305337E-17
4.549074E+03	6.479973E-16	1.317197E-17
4.559028E+03	6.551890E-16	1.328710E-17
4.568983E+03	6.621818E-16	1.339766E-17
4.578937E+03	6.688942E-16	1.350205E-17
4.588891E+03	6.752620E-16	1.359900E-17
4.598845E+03	6.812276E-16	1.368741E-17
4.608800E+03	6.867196E-16	1.376591E-17
4.618754E+03	6.916412E-16	1.383262E-17
4.628708E+03	6.959134E-16	1.388604E-17
4.638662E+03	6.994459E-16	1.392447E-17
4.648616E+03	7.021012E-16	1.394527E-17
4.658571E+03	7.037867E-16	1.394673E-17
4.668525E+03	7.043509E-16	1.392599E-17
4.678479E+03	7.036802E-16	1.388094E-17
4.688433E+03	7.016633E-16	1.380958E-17
4.698387E+03	6.982122E-16	1.371035E-17
4.708342E+03	6.932641E-16	1.358220E-17
4.718296E+03	6.868182E-16	1.342531E-17
4.728250E+03	6.789081E-16	1.324055E-17
4.738204E+03	6.696326E-16	1.303002E-17
4.748158E+03	6.591393E-16	1.279677E-17
4.758113E+03	6.476552E-16	1.254534E-17
4.768067E+03	6.354398E-16	1.228088E-17
4.778021E+03	6.227786E-16	1.200898E-17
4.787975E+03	6.100171E-16	1.173634E-17
4.797930E+03	5.975021E-16	1.146964E-17
4.807884E+03	5.855834E-16	1.121552E-17
4.817838E+03	5.746013E-16	1.098041E-17
4.827792E+03	5.648818E-16	1.077041E-17
4.837746E+03	5.567135E-16	1.059082E-17
4.847701E+03	5.503544E-16	1.044635E-17
4.857655E+03	5.460142E-16	1.034073E-17
4.867609E+03	5.438576E-16	1.027682E-17
4.877563E+03	5.440086E-16	1.025667E-17
4.887517E+03	5.465362E-16	1.028128E-17
4.897472E+03	5.514528E-16	1.035060E-17
4.907426E+03	5.587434E-16	1.046404E-17
4.917380E+03	5.683062E-16	1.061940E-17
4.927334E+03	5.800016E-16	1.081381E-17
4.937288E+03	5.936316E-16	1.104331E-17
4.947243E+03	6.089337E-16	1.130281E-17
4.957197E+03	6.255911E-16	1.158623E-17
4.967151E+03	6.432392E-16	1.188668E-17
4.977105E+03	6.614776E-16	1.219667E-17
4.987060E+03	6.798929E-16	1.250852E-17
4.997014E+03	6.980712E-16	1.281463E-17
5.006968E+03	7.155955E-16	1.310740E-17
5.016922E+03	7.321202E-16	1.338061E-17
5.026876E+03	7.473441E-16	1.362890E-17
5.036831E+03	7.610313E-16	1.384814E-17
5.046785E+03	7.730452E-16	1.403605E-17
5.056739E+03	7.833328E-16	1.419188E-17
5.066693E+03	7.918938E-16	1.431584E-17
5.076647E+03	7.988322E-16	1.441001E-17
5.086602E+03	8.042775E-16	1.447694E-17
5.096556E+03	8.084171E-16	1.452017E-17
5.106510E+03	8.114487E-16	1.454341E-17
5.116464E+03	8.135686E-16	1.455030E-17
5.126418E+03	8.149849E-16	1.454468E-17
5.136373E+03	8.158937E-16	1.453012E-17
5.146327E+03	8.164432E-16	1.450932E-17
5.156281E+03	8.167890E-16	1.448509E-17
5.166235E+03	8.170554E-16	1.445966E-17
5.176190E+03	8.173472E-16	1.443491E-17
5.186144E+03	8.177610E-16	1.441254E-17
5.196098E+03	8.183528E-16	1.439352E-17
5.206052E+03	8.191980E-16	1.437919E-17
5.216006E+03	8.203363E-16	1.437021E-17
5.225961E+03	8.218032E-16	1.436719E-17
5.235915E+03	8.236317E-16	1.437068E-17
5.245869E+03	8.258153E-16	1.438054E-17
5.255823E+03	8.283721E-16	1.439706E-17
5.265777E+03	8.312792E-16	1.441983E-17
5.275732E+03	8.345193E-16	1.444853E-17
5.285686E+03	8.380400E-16	1.448222E-17
5.295640E+03	8.418145E-16	1.452045E-17
5.305594E+03	8.457823E-16	1.456215E-17
5.315548E+03	8.498914E-16	1.460644E-17
5.325503E+03	8.540900E-16	1.465244E-17
5.335457E+03	8.583319E-16	1.469935E-17
5.345411E+03	8.625758E-16	1.474650E-17
5.355365E+03	8.667998E-16	1.479353E-17
5.365320E+03	8.709640E-16	1.483978E-17
5.375274E+03	8.750696E-16	1.488530E-17
5.385228E+03	8.790880E-16	1.492963E-17
5.395182E+03	8.830268E-16	1.497292E-17
5.405136E+03	8.868623E-16	1.501478E-17
5.415091E+03	8.905575E-16	1.505459E-17
5.425045E+03	8.940894E-16	1.509197E-17
5.434999E+03	8.973854E-16	1.512570E-17
5.444953E+03	9.003503E-16	1.515419E-17
5.454907E+03	9.028952E-16	1.517596E-17
5.464862E+03	9.048827E-16	1.518872E-17
5.474816E+03	9.061597E-16	1.518994E-17
5.484770E+03	9.065814E-16	1.517724E-17
5.494724E+03	9.059962E-16	1.514811E-17
5.504678E+03	9.042318E-16	1.509974E-17
5.514633E+03	9.011370E-16	1.502966E-17
5.524587E+03	8.965481E-16	1.493522E-17
5.534541E+03	8.903604E-16	1.481474E-17
5.544495E+03	8.824780E-16	1.466670E-17
5.554450E+03	8.728624E-16	1.449054E-17
5.564404E+03	8.615397E-16	1.428678E-17
5.574358E+03	8.485880E-16	1.405677E-17
5.584312E+03	8.341742E-16	1.380335E-17
5.594266E+03	8.185214E-16	1.353024E-17
5.604221E+03	8.019302E-16	1.324247E-17
5.614175E+03	7.847725E-16	1.294617E-17
5.624129E+03	7.674564E-16	1.264809E-17
5.634083E+03	7.504341E-16	1.235564E-17
5.644037E+03	7.341796E-16	1.207660E-17
5.653992E+03	7.191719E-16	1.181878E-17
5.663946E+03	7.058867E-16	1.158990E-17
5.673900E+03	6.947555E-16	1.139696E-17
5.683854E+03	6.862041E-16	1.124683E-17
5.693808E+03	6.805895E-16	1.114522E-17
5.703763E+03	6.782419E-16	1.109741E-17
5.713717E+03	6.794348E-16	1.110772E-17
5.723671E+03	6.843806E-16	1.117949E-17
5.733625E+03	6.932473E-16	1.131530E-17
5.743580E+03	7.061258E-16	1.151649E-17
5.753534E+03	7.230499E-16	1.178347E-17
5.763488E+03	7.439522E-16	1.211499E-17
5.773442E+03	7.687024E-16	1.250879E-17
5.783396E+03	7.970482E-16	1.296066E-17
5.793351E+03	8.286269E-16	1.346460E-17
5.803305E+03	8.629778E-16	1.401303E-17
5.813259E+03	8.995246E-16	1.459653E-17
5.823213E+03	9.375781E-16	1.520388E-17
5.833167E+03	9.763810E-16	1.582278E-17
5.843122E+03	1.015119E-15	1.644004E-17
5.853076E+03	1.052950E-15	1.704210E-17
5.863030E+03	1.089083E-15	1.761617E-17
5.872984E+03	1.122738E-15	1.814976E-17
5.882938E+03	1.153251E-15	1.863221E-17
5.892893E+03	1.180074E-15	1.905482E-17
5.902847E+03	1.202802E-15	1.941115E-17
5.912801E+03	1.221177E-15	1.969718E-17
5.922755E+03	1.235080E-15	1.991113E-17
5.932710E+03	1.244546E-15	2.005367E-17
5.942664E+03	1.249746E-15	2.012770E-17
5.952618E+03	1.250921E-15	2.013721E-17
5.962572E+03	1.248431E-15	2.008807E-17
5.972526E+03	1.242682E-15	1.998691E-17
5.982481E+03	1.234092E-15	1.984052E-17
5.992435E+03	1.223142E-15	1.965669E-17
6.002389E+03	1.210275E-15	1.944259E-17
6.012343E+03	1.195929E-15	1.920527E-17
6.022297E+03	1.180513E-15	1.895132E-17
6.032252E+03	1.164391E-15	1.868659E-17
6.042206E+03	1.147915E-15	1.841675E-17
6.052160E+03	1.131363E-15	1.814626E-17
6.062114E+03	1.114972E-15	1.787887E-17
6.072068E+03	1.098963E-15	1.761817E-17
6.082023E+03	1.083501E-15	1.736676E-17
6.091977E+03	1.068699E-15	1.712644E-17
6.101931E+03	1.054669E-15	1.689900E-17
6.111885E+03	1.041473E-15	1.668543E-17
6.121840E+03	1.029133E-15	1.648606E-17
6.131794E+03	1.017683E-15	1.630144E-17
6.141748E+03	1.007100E-15	1.613117E-17
6.151702E+03	9.973486E-16	1.597471E-17
6.161656E+03	9.883766E-16	1.583120E-17
6.171611E+03	9.801486E-16	1.570007E-17
6.181565E+03	9.725823E-16	1.558001E-17
6.191519E+03	9.656228E-16	1.547015E-17
6.201473E+03	9.591859E-16	1.536913E-17
6.211427E+03	9.531914E-16	1.527565E-17
6.221382E+03	9.475406E-16	1.518809E-17
6.231336E+03	9.421742E-16	1.510548E-17
6.241290E+03	9.369972E-16	1.502627E-17
6.251244E+03	9.319489E-16	1.494946E-17
6.261198E+03	9.269626E-16	1.487396E-17
6.271153E+03	9.219685E-16	1.479861E-17
6.281107E+03	9.169096E-16	1.472249E-17
6.291061E+03	9.117528E-16	1.464502E-17
6.301015E+03	9.064386E-16	1.456524E-17
6.310970E+03	9.009199E-16	1.448234E-17
6.320924E+03	8.951611E-16	1.439574E-17
6.330878E+03	8.891164E-16	1.430468E-17
6.340832E+03	8.827445E-16	1.420844E-17
6.350786E+03	8.760178E-16	1.410658E-17
6.360741E+03	8.688965E-16	1.399840E-17
6.370695E+03	8.613790E-16	1.388386E-17
6.380649E+03	8.534640E-16	1.376292E-17
6.390603E+03	8.451606E-16	1.363568E-17
6.400557E+03	8.365262E-16	1.350305E-17
6.410512E+03	8.276452E-16	1.336636E-17
6.420466E+03	8.186231E-16	1.322730E-17
6.430420E+03	8.096058E-16	1.308820E-17
6.440374E+03	8.007740E-16	1.295198E-17
6.450328E+03	7.923444E-16	1.282214E-17
6.460283E+03	7.845384E-16	1.270225E-17
6.470237E+03	7.775983E-16	1.259624E-17
6.480191E+03	7.717840E-16	1.250834E-17
6.490145E+03	7.673305E-16	1.244238E-17
6.500100E+03	7.644530E-16	1.240186E-17
6.510054E+03	7.633537E-16	1.239011E-17
6.520008E+03	7.641803E-16	1.240954E-17
6.529962E+03	7.670349E-16	1.246187E-17
6.539916E+03	7.719683E-16	1.254794E-17
6.549871E+03	7.789834E-16	1.266785E-17
6.559825E+03	7.880239E-16	1.282071E-17
6.569779E+03	7.989561E-16	1.300439E-17
6.579733E+03	8.115932E-16	1.321587E-17
6.589687E+03	8.257079E-16	1.345148E-17
6.599642E+03	8.409924E-16	1.370620E-17
6.609596E+03	8.571099E-16	1.397457E-17
6.619550E+03	8.736766E-16	1.425032E-17
6.629504E+03	8.902768E-16	1.452667E-17
6.639458E+03	9.065106E-16	1.479708E-17
6.649413E+03	9.219552E-16	1.505462E-17
6.659367E+03	9.362297E-16	1.529304E-17
6.669321E+03	9.489786E-16	1.550650E-17
6.679275E+03	9.598948E-16	1.568995E-17
6.689230E+03	9.687308E-16	1.583930E-17
6.699184E+03	9.753052E-16	1.595154E-17
6.709138E+03	9.795070E-16	1.602483E-17
6.719092E+03	9.813062E-16	1.605864E-17
6.729046E+03	9.807311E-16	1.605339E-17
6.739001E+03	9.778723E-16	1.601054E-17
6.748955E+03	9.728710E-16	1.593238E-17
6.758909E+03	9.659505E-16	1.582254E-17
6.768863E+03	9.573350E-16	1.568469E-17
6.778817E+03	9.473299E-16	1.552383E-17
6.788772E+03	9.362252E-16	1.534470E-17
6.798726E+03	9.243767E-16	1.515313E-17
6.808680E+03	9.121318E-16	1.495483E-17
6.818634E+03	8.998207E-16	1.475522E-17
6.828588E+03	8.878167E-16	1.456044E-17
6.838543E+03	8.764479E-16	1.437588E-17
6.848497E+03	8.660465E-16	1.420701E-17
6.858451E+03	8.568979E-16	1.405853E-17
6.868405E+03	8.492655E-16	1.393478E-17
6.878360E+03	8.433816E-16	1.383959E-17
6.888314E+03	8.394132E-16	1.377573E-17
6.898268E+03	8.374996E-16	1.374550E-17
6.908222E+03	8.377018E-16	1.374993E-17
6.918176E+03	8.400346E-16	1.378926E-17
6.928131E+03	8.444654E-16	1.386299E-17
6.938085E+03	8.508787E-16	1.396925E-17
6.948039E+03	8.591087E-16	1.410532E-17
6.957993E+03	8.689368E-16	1.426765E-17
6.967947E+03	8.800892E-16	1.445175E-17
6.977902E+03	8.922494E-16	1.465244E-17
6.987856E+03	9.050691E-16	1.486403E-17
6.997810E+03	9.181775E-16	1.508046E-17
7.007764E+03	9.312027E-16	1.529562E-17
7.017718E+03	9.437685E-16	1.550337E-17
7.027673E+03	9.555537E-16	1.569845E-17
7.037627E+03	9.662556E-16	1.587591E-17
7.047581E+03	9.756403E-16	1.603193E-17
7.057535E+03	9.835517E-16	1.616396E-17
7.067490E+03	9.898680E-16	1.627002E-17
7.077444E+03	9.945752E-16	1.634989E-17
7.087398E+03	9.977123E-16	1.640425E-17
7.097352E+03	9.993636E-16	1.643448E-17
7.107306E+03	9.996719E-16	1.644295E-17
7.117261E+03	9.988104E-16	1.643253E-17
7.127215E+03	9.969721E-16	1.640640E-17
7.137169E+03	9.943406E-16	1.636760E-17
7.147123E+03	9.911183E-16	1.631949E-17
7.157077E+03	9.874506E-16	1.626446E-17
7.167032E+03	9.835088E-16	1.620537E-17
7.176986E+03	9.793734E-16	1.614355E-17
7.186940E+03	9.751514E-16	1.608080E-17
7.196894E+03	9.708834E-16	1.601780E-17
7.206848E+03	9.665914E-16	1.595495E-17
7.216803E+03	9.622586E-16	1.589198E-17
7.226757E+03	9.578484E-16	1.582832E-17
7.236711E+03	9.533407E-16	1.576366E-17
7.246665E+03	9.486588E-16	1.569674E-17
7.256620E+03	9.437346E-16	1.562646E-17
7.266574E+03	9.385343E-16	1.555226E-17
7.276528E+03	9.329755E-16	1.547280E-17
7.286482E+03	9.270421E-16	1.538781E-17
7.296436E+03	9.206889E-16	1.529654E-17
7.306391E+03	9.139211E-16	1.519908E-17
7.316345E+03	9.067410E-16	1.509545E-17
7.326299E+03	8.991676E-16	1.498596E-17
7.336253E+03	8.912729E-16	1.487180E-17
7.346207E+03	8.830870E-16	1.475347E-17
7.356162E+03	8.747103E-16	1.463262E-17
7.366116E+03	8.662043E-16	1.451029E-17
7.376070E+03	8.576822E-16	1.438836E-17
7.386024E+03	8.492233E-16	1.426817E-17
7.395978E+03	8.409142E-16	1.415117E-17
7.405933E+03	8.328364E-16	1.403876E-17
7.415887E+03	8.250587E-16	1.393211E-17
7.425841E+03	8.176489E-16	1.383239E-17
7.435795E+03	8.106287E-16	1.374000E-17
7.445750E+03	8.040454E-16	1.365579E-17
7.455704E+03	7.978899E-16	1.357965E-17
7.465658E+03	7.921782E-16	1.351188E-17
7.475612E+03	7.868724E-16	1.345191E-17
7.485566E+03	7.819641E-16	1.339962E-17
7.495521E+03	7.774060E-16	1.335427E-17
7.505475E+03	7.731662E-16	1.331535E-17
7.515429E+03	7.691910E-16	1.328198E-17
7.525383E+03	7.654580E-16	1.325381E-17
7.535337E+03	7.619103E-16	1.322990E-17
7.545292E+03	7.585378E-16	1.321009E-17
7.555246E+03	7.553204E-16	1.319405E-17
7.565200E+03	7.522393E-16	1.318144E-17
7.575154E+03	7.493054E-16	1.317244E-17
7.585109E+03	7.465403E-16	1.316740E-17
7.595063E+03	7.439543E-16	1.316651E-17
7.605017E+03	7.415740E-16	1.317024E-17
7.614971E+03	7.394294E-16	1.317913E-17
7.624925E+03	7.375711E-16	1.319409E-17
7.634880E+03	7.360096E-16	1.321534E-17
7.644834E+03	7.347803E-16	1.324354E-17
7.654788E+03	7.339032E-16	1.327910E-17
7.664742E+03	7.334000E-16	1.332246E-17
7.674696E+03	7.332552E-16	1.337338E-17
7.684651E+03	7.334826E-16	1.343219E-17
7.694605E+03	7.340571E-16	1.349847E-17
7.704559E+03	7.349541E-16	1.357183E-17
7.714513E+03	7.361496E-16	1.365188E-17
7.724467E+03	7.375925E-16	1.373773E-17
7.734422E+03	7.392346E-16	1.382850E-17
7.744376E+03	7.410223E-16	1.392324E-17
7.754330E+03	7.429091E-16	1.402107E-17
7.764284E+03	7.448269E-16	1.412072E-17
7.774239E+03	7.467186E-16	1.422110E-17
7.784193E+03	7.485297E-16	1.432113E-17
7.794147E+03	7.502201E-16	1.442000E-17
7.804101E+03	7.517359E-16	1.451664E-17
7.814055E+03	7.530406E-16	1.461026E-17
7.824010E+03	7.541058E-16	1.470023E-17
7.833964E+03	7.549115E-16	1.478608E-17
7.843918E+03	7.554464E-16	1.486750E-17
7.853872E+03	7.557169E-16	1.494451E-17
7.863826E+03	7.557166E-16	1.501688E-17
7.873781E+03	7.554656E-16	1.508493E-17
7.883735E+03	7.549684E-16	1.514865E-17
7.893689E+03	7.542542E-16	1.520853E-17
7.903643E+03	7.533446E-16	1.526493E-17
7.913597E+03	7.522737E-16	1.531845E-17
7.923552E+03	7.510558E-16	1.536932E-17
7.933506E+03	7.497260E-16	1.541820E-17
7.943460E+03	7.483195E-16	1.546575E-17
7.953414E+03	7.468599E-16	1.551242E-17
7.963369E+03	7.453586E-16	1.555841E-17
7.973323E+03	7.438672E-16	1.560477E-17
7.983277E+03	7.423716E-16	1.565119E-17
7.993231E+03	7.408964E-16	1.569815E-17
8.003185E+03	7.394412E-16	1.574564E-17
8.013140E+03	7.380114E-16	1.579377E-17
8.023094E+03	7.365964E-16	1.584230E-17
8.033048E+03	7.352007E-16	1.589129E-17
8.043002E+03	7.338005E-16	1.594024E-17
8.052956E+03	7.323753E-16	1.598868E-17
8.062911E+03	7.308965E-16	1.603594E-17
8.072865E+03	7.293278E-16	1.608119E-17
8.082819E+03	7.276245E-16	1.612340E-17
8.092773E+03	7.257247E-16	1.616113E-17
8.102727E+03	7.235917E-16	1.619348E-17
8.112682E+03	7.211314E-16	1.621823E-17
8.122636E+03	7.183109E-16	1.623452E-17
8.132590E+03	7.150448E-16	1.624028E-17
8.142544E+03	7.112833E-16	1.623420E-17
8.152499E+03	7.069626E-16	1.621463E-17
8.162453E+03	7.020507E-16	1.618064E-17
8.172407E+03	6.965096E-16	1.613114E-17
8.182361E+03	6.903395E-16	1.606589E-17
8.192315E+03	6.835405E-16	1.598469E-17
8.202270E+03	6.761452E-16	1.588805E-17
8.212224E+03	6.682192E-16	1.577732E-17
8.222178E+03	6.598298E-16	1.565391E-17
8.232132E+03	6.510851E-16	1.552021E-17
8.242086E+03	6.420814E-16	1.537840E-17
8.252041E+03	6.329590E-16	1.523175E-17
8.261995E+03	6.238675E-16	1.508384E-17
8.271949E+03	6.149332E-16	1.493773E-17
8.281903E+03	6.063120E-16	1.479726E-17
8.291857E+03	5.981372E-16	1.466580E-17
8.301812E+03	5.905534E-16	1.454707E-17
8.311766E+03	5.836763E-16	1.444410E-17
8.321720E+03	5.776270E-16	1.436016E-17
8.331674E+03	5.724854E-16	1.429751E-17
8.341629E+03	5.683520E-16	1.425898E-17
8.351583E+03	5.652771E-16	1.424617E-17
8.361537E+03	5.633227E-16	1.426101E-17
8.371491E+03	5.625197E-16	1.430465E-17
8.381445E+03	5.629045E-16	1.437842E-17
8.391400E+03	5.644847E-16	1.448292E-17
8.401354E+03	5.672585E-16	1.461849E-17
8.411308E+03	5.712427E-16	1.478596E-17
8.421262E+03	5.764103E-16	1.498506E-17
8.431216E+03	5.827464E-16	1.521578E-17
8.441171E+03	5.902387E-16	1.547818E-17
8.451125E+03	5.988498E-16	1.577167E-17
8.461079E+03	6.085444E-16	1.609568E-17
8.471033E+03	6.192691E-16	1.644916E-17
8.480987E+03	6.309806E-16	1.683129E-17
8.490942E+03	6.436044E-16	1.724040E-17
8.500896E+03	6.570739E-16	1.767498E-17
8.510850E+03	6.712872E-16	1.813257E-17
8.520804E+03	6.861256E-16	1.861017E-17
8.530759E+03	7.014765E-16	1.910493E-17
8.540713E+03	7.172001E-16	1.961317E-17
8.550667E+03	7.331286E-16	2.013040E-17
8.560621E+03	7.490911E-16	2.065197E-17
8.570575E+03	7.649181E-16	2.117316E-17
8.580530E+03	7.804059E-16	2.168828E-17
8.590484E+03	7.953588E-16	2.219172E-17
8.600438E+03	8.095809E-16	2.267780E-17
8.610392E+03	8.228819E-16	2.314093E-17
8.620346E+03	8.350798E-16	2.357564E-17
8.630301E+03	8.460114E-16	2.397693E-17
8.640255E+03	8.555311E-16	2.434023E-17
8.650209E+03	8.635326E-16	2.466203E-17
8.660163E+03	8.699068E-16	2.493869E-17
8.670117E+03	8.745910E-16	2.516788E-17
8.680072E+03	8.775656E-16	2.534846E-17
8.690026E+03	8.788280E-16	2.547980E-17
8.699980E+03	8.784196E-16	2.556254E-17
8.709934E+03	8.763771E-16	2.559721E-17
8.719889E+03	8.728105E-16	2.558652E-17
8.729843E+03	8.678005E-16	2.553233E-17
8.739797E+03	8.614761E-16	2.543801E-17
8.749751E+03	8.539815E-16	2.530741E-17
8.759705E+03	8.454496E-16	2.514411E-17
8.769660E+03	8.360355E-16	2.495241E-17
8.779614E+03	8.258962E-16	2.473674E-17
8.789568E+03	8.151521E-16	2.450050E-17
8.799522E+03	8.039692E-16	2.424852E-17
8.809476E+03	7.924741E-16	2.398449E-17
8.819431E+03	7.807702E-16	2.371147E-17
8.829385E+03	7.689528E-16	2.343230E-17
8.839339E+03	7.571549E-16	2.315103E-17
8.849293E+03	7.454228E-16	2.286908E-17
8.859247E+03	7.338553E-16	2.258955E-17
8.869202E+03	7.225264E-16	2.231476E-17
8.879156E+03	7.114866E-16	2.204637E-17
8.889110E+03	7.008066E-16	2.178667E-17
8.899064E+03	6.905042E-16	2.153633E-17
8.909019E+03	6.806329E-16	2.129717E-17
8.918973E+03	6.712372E-16	2.107070E-17
8.928927E+03	6.623090E-16	2.085683E-17
8.938881E+03	6.538757E-16	2.065657E-17
8.948835E+03	6.459414E-16	2.047022E-17
8.958790E+03	6.385020E-16	2.029778E-17
8.998606E+03	6.134291E-16	1.974185E-17
9.038423E+03	5.943206E-16	1.935703E-17
9.078240E+03	5.784179E-16	1.905961E-17
9.118057E+03	5.625970E-16	1.874940E-17
9.157874E+03	5.445052E-16	1.834748E-17
9.197691E+03	5.229738E-16	1.781183E-17
9.237507E+03	4.982485E-16	1.714754E-17
9.277324E+03	4.714885E-16	1.639194E-17
9.317141E+03	4.442227E-16	1.559707E-17
9.356958E+03	4.176501E-16	1.480540E-17
9.396775E+03	3.925164E-16	1.404482E-17
9.436592E+03	3.692077E-16	1.333118E-17
9.476409E+03	3.480179E-16	1.267741E-17
9.516225E+03	3.291902E-16	1.209487E-17
9.556042E+03	3.127190E-16	1.158593E-17
9.595859E+03	2.983537E-16	1.114373E-17
9.635676E+03	2.856221E-16	1.075267E-17
9.675493E+03	2.739799E-16	1.039380E-17
9.715310E+03	2.628985E-16	1.004806E-17
9.755126E+03	2.519085E-16	9.698081E-18
9.794943E+03	2.406894E-16	9.331724E-18
9.834760E+03	2.290679E-16	8.942242E-18
9.874577E+03	2.170182E-16	8.528511E-18
9.914394E+03	2.047062E-16	8.096976E-18
9.954211E+03	1.923819E-16	7.657604E-18
9.994027E+03	1.803038E-16	7.220950E-18
1.003384E+04	1.687564E-16	6.798876E-18
1.007366E+04	1.579268E-16	6.399534E-18
1.011348E+04	1.479523E-16	6.029202E-18
1.015329E+04	1.388667E-16	5.690027E-18
1.019311E+04	1.307035E-16	5.384132E-18
1.023293E+04	1.234014E-16	5.109714E-18
1.027275E+04	1.169174E-16	4.865652E-18
