#wls	flux	fluxerr
1.585257E+03	2.234142E-18	1.436094E-19
1.624889E+03	2.258273E-18	1.445713E-19
1.664520E+03	2.277688E-18	1.452066E-19
1.704151E+03	2.292595E-18	1.455320E-19
1.743783E+03	2.302273E-18	1.455050E-19
1.783414E+03	2.305166E-18	1.450318E-19
1.823046E+03	2.300888E-18	1.440936E-19
1.862677E+03	2.286331E-18	1.425029E-19
1.902309E+03	2.260375E-18	1.401995E-19
1.941940E+03	2.221309E-18	1.370885E-19
1.981571E+03	2.169759E-18	1.332210E-19
2.021203E+03	2.110607E-18	1.289080E-19
2.060834E+03	2.053164E-18	1.247233E-19
2.100466E+03	2.013305E-18	1.216253E-19
2.140097E+03	2.004573E-18	1.204104E-19
2.179729E+03	2.035352E-18	1.215474E-19
2.219360E+03	2.102817E-18	1.248263E-19
2.258991E+03	2.197079E-18	1.296228E-19
2.298623E+03	2.306810E-18	1.352415E-19
2.338254E+03	2.422242E-18	1.410938E-19
2.377886E+03	2.538033E-18	1.468614E-19
2.417517E+03	2.650649E-18	1.523383E-19
2.457149E+03	2.760350E-18	1.575405E-19
2.496780E+03	2.867685E-18	1.625001E-19
2.536411E+03	2.973232E-18	1.672502E-19
2.576043E+03	3.078230E-18	1.718596E-19
2.615674E+03	3.183962E-18	1.763979E-19
2.655306E+03	3.292245E-18	1.809616E-19
2.694937E+03	3.403773E-18	1.855830E-19
2.734569E+03	3.519735E-18	1.903196E-19
2.774200E+03	3.641911E-18	1.952583E-19
2.813831E+03	3.770905E-18	2.004203E-19
2.853463E+03	3.908574E-18	2.058913E-19
2.893094E+03	4.055564E-18	2.116900E-19
2.932726E+03	4.213207E-18	2.178690E-19
2.972357E+03	4.382927E-18	2.244829E-19
2.982265E+03	4.427422E-18	2.262110E-19
2.992173E+03	4.472792E-18	2.279707E-19
3.002081E+03	4.519813E-18	2.298012E-19
3.011989E+03	4.567046E-18	2.316286E-19
3.021896E+03	4.615345E-18	2.334962E-19
3.031804E+03	4.664921E-18	2.354142E-19
3.041712E+03	4.715537E-18	2.373699E-19
3.051620E+03	4.768380E-18	2.394227E-19
3.061528E+03	4.821864E-18	2.414922E-19
3.071436E+03	4.876753E-18	2.436162E-19
3.081344E+03	4.933849E-18	2.458342E-19
3.091251E+03	4.991528E-18	2.480644E-19
3.101159E+03	5.050591E-18	2.503463E-19
3.111067E+03	5.111880E-18	2.527210E-19
3.120975E+03	5.173727E-18	2.551053E-19
3.130883E+03	5.237833E-18	2.575825E-19
3.140791E+03	5.302498E-18	2.600684E-19
3.150699E+03	5.369469E-18	2.626481E-19
3.160606E+03	5.437012E-18	2.652361E-19
3.170514E+03	5.506920E-18	2.679193E-19
3.180422E+03	5.577426E-18	2.706109E-19
3.190330E+03	5.650369E-18	2.733997E-19
3.200238E+03	5.723944E-18	2.761976E-19
3.210146E+03	5.800042E-18	2.790952E-19
3.220054E+03	5.876816E-18	2.820029E-19
3.229961E+03	5.956210E-18	2.850132E-19
3.239869E+03	6.036333E-18	2.880350E-19
3.249777E+03	6.119183E-18	2.911628E-19
3.259685E+03	6.203833E-18	2.943516E-19
3.269593E+03	6.289310E-18	2.975545E-19
3.279501E+03	6.377696E-18	3.008694E-19
3.289409E+03	6.468034E-18	3.042500E-19
3.299316E+03	6.559314E-18	3.076481E-19
3.309224E+03	6.653708E-18	3.111648E-19
3.319132E+03	6.750223E-18	3.147525E-19
3.329040E+03	6.847821E-18	3.183619E-19
3.338948E+03	6.948755E-18	3.220972E-19
3.348856E+03	7.052005E-18	3.259095E-19
3.358763E+03	7.157642E-18	3.298014E-19
3.368671E+03	7.265735E-18	3.337747E-19
3.378579E+03	7.375166E-18	3.377774E-19
3.388487E+03	7.488374E-18	3.419201E-19
3.398395E+03	7.604261E-18	3.461513E-19
3.408303E+03	7.722913E-18	3.504737E-19
3.418211E+03	7.844412E-18	3.548897E-19
3.428118E+03	7.967559E-18	3.593442E-19
3.438026E+03	8.094984E-18	3.639547E-19
3.447934E+03	8.225518E-18	3.686667E-19
3.457842E+03	8.359251E-18	3.734833E-19
3.467750E+03	8.496279E-18	3.784070E-19
3.477658E+03	8.636693E-18	3.834407E-19
3.487566E+03	8.780602E-18	3.885876E-19
3.497473E+03	8.928100E-18	3.938505E-19
3.507381E+03	9.079297E-18	3.992326E-19
3.517289E+03	9.234293E-18	4.047368E-19
3.527197E+03	9.393200E-18	4.103662E-19
3.537105E+03	9.556128E-18	4.161241E-19
3.547013E+03	9.721646E-18	4.219465E-19
3.556921E+03	9.892940E-18	4.279704E-19
3.566828E+03	1.006860E-17	4.341322E-19
3.576736E+03	1.024875E-17	4.404358E-19
3.586644E+03	1.043351E-17	4.468844E-19
3.596552E+03	1.062301E-17	4.534811E-19
3.606460E+03	1.081737E-17	4.602298E-19
3.616368E+03	1.101672E-17	4.671334E-19
3.626276E+03	1.122120E-17	4.741958E-19
3.636183E+03	1.143093E-17	4.814200E-19
3.646091E+03	1.164604E-17	4.888097E-19
3.655999E+03	1.186855E-17	4.964467E-19
3.665907E+03	1.209489E-17	5.041790E-19
3.675815E+03	1.232702E-17	5.120868E-19
3.685723E+03	1.256509E-17	5.201738E-19
3.695631E+03	1.280923E-17	5.284434E-19
3.705538E+03	1.305959E-17	5.368989E-19
3.715446E+03	1.331630E-17	5.455432E-19
3.725354E+03	1.357951E-17	5.543797E-19
3.735262E+03	1.384936E-17	5.634117E-19
3.745170E+03	1.412597E-17	5.726419E-19
3.755078E+03	1.440949E-17	5.820731E-19
3.764986E+03	1.470007E-17	5.917085E-19
3.774893E+03	1.499782E-17	6.015503E-19
3.784801E+03	1.530287E-17	6.116011E-19
3.794709E+03	1.561537E-17	6.218633E-19
3.804617E+03	1.593543E-17	6.323393E-19
3.814525E+03	1.626317E-17	6.430303E-19
3.824433E+03	1.659872E-17	6.539387E-19
3.834341E+03	1.694480E-17	6.651690E-19
3.844248E+03	1.729632E-17	6.765173E-19
3.854156E+03	1.765595E-17	6.880863E-19
3.864064E+03	1.802377E-17	6.998765E-19
3.873972E+03	1.839988E-17	7.118881E-19
3.883880E+03	1.878434E-17	7.241211E-19
3.893788E+03	1.917720E-17	7.365746E-19
3.903696E+03	1.957853E-17	7.492482E-19
3.913603E+03	1.998836E-17	7.621401E-19
3.923511E+03	2.040671E-17	7.752484E-19
3.933419E+03	2.083358E-17	7.885707E-19
3.943327E+03	2.126898E-17	8.021043E-19
3.953235E+03	2.171287E-17	8.158451E-19
3.963143E+03	2.216523E-17	8.297897E-19
3.973051E+03	2.262596E-17	8.439324E-19
3.982958E+03	2.309501E-17	8.582684E-19
3.992866E+03	2.357226E-17	8.727913E-19
4.002774E+03	2.405758E-17	8.874942E-19
4.012682E+03	2.455082E-17	9.023693E-19
4.022590E+03	2.505181E-17	9.174081E-19
4.032498E+03	2.556031E-17	9.326012E-19
4.042406E+03	2.607613E-17	9.479387E-19
4.052313E+03	2.659896E-17	9.634090E-19
4.062221E+03	2.712852E-17	9.790003E-19
4.072129E+03	2.766449E-17	9.946998E-19
4.082037E+03	2.820647E-17	1.010493E-18
4.091945E+03	2.875409E-17	1.026365E-18
4.101853E+03	2.930243E-17	1.042142E-18
4.111761E+03	2.985986E-17	1.058121E-18
4.121668E+03	3.042150E-17	1.074128E-18
4.131576E+03	3.098676E-17	1.090143E-18
4.141484E+03	3.155510E-17	1.106148E-18
4.151392E+03	3.212584E-17	1.122120E-18
4.161300E+03	3.269835E-17	1.138038E-18
4.171208E+03	3.326686E-17	1.153705E-18
4.181116E+03	3.384064E-17	1.169443E-18
4.191023E+03	3.441396E-17	1.185057E-18
4.200931E+03	3.498602E-17	1.200521E-18
4.210839E+03	3.555599E-17	1.215810E-18
4.220747E+03	3.611758E-17	1.230713E-18
4.230655E+03	3.668076E-17	1.245574E-18
4.240563E+03	3.723931E-17	1.260185E-18
4.250471E+03	3.779238E-17	1.274521E-18
4.260378E+03	3.833337E-17	1.288366E-18
4.270286E+03	3.887296E-17	1.302083E-18
4.280194E+03	3.940470E-17	1.315462E-18
4.290102E+03	3.992192E-17	1.328285E-18
4.300010E+03	4.043591E-17	1.340935E-18
4.309918E+03	4.093410E-17	1.353000E-18
4.319826E+03	4.142825E-17	1.364875E-18
4.329733E+03	4.191194E-17	1.376354E-18
4.339641E+03	4.237853E-17	1.387227E-18
4.349549E+03	4.284032E-17	1.397902E-18
4.359457E+03	4.328416E-17	1.407956E-18
4.369365E+03	4.372234E-17	1.417796E-18
4.379273E+03	4.414131E-17	1.426989E-18
4.389181E+03	4.455367E-17	1.435950E-18
4.399088E+03	4.494574E-17	1.444243E-18
4.408996E+03	4.532379E-17	1.452079E-18
4.418904E+03	4.569442E-17	1.459675E-18
4.428812E+03	4.604397E-17	1.466600E-18
4.438720E+03	4.638607E-17	1.473296E-18
4.448628E+03	4.670709E-17	1.479336E-18
4.458536E+03	4.701403E-17	1.484949E-18
4.468443E+03	4.730717E-17	1.490148E-18
4.478351E+03	4.759390E-17	1.495167E-18
4.488259E+03	4.786052E-17	1.499578E-18
4.498167E+03	4.811449E-17	1.503620E-18
4.508075E+03	4.835629E-17	1.507309E-18
4.517983E+03	4.859364E-17	1.510888E-18
4.527891E+03	4.881272E-17	1.513929E-18
4.537798E+03	4.902127E-17	1.516673E-18
4.547706E+03	4.921988E-17	1.519141E-18
4.557614E+03	4.940915E-17	1.521353E-18
4.567522E+03	4.958969E-17	1.523327E-18
4.577430E+03	4.976212E-17	1.525084E-18
4.587338E+03	4.992708E-17	1.526643E-18
4.597246E+03	5.008518E-17	1.528024E-18
4.607153E+03	5.023705E-17	1.529245E-18
4.617061E+03	5.038333E-17	1.530326E-18
4.626969E+03	5.052461E-17	1.531285E-18
4.636877E+03	5.066154E-17	1.532139E-18
4.646785E+03	5.079470E-17	1.532908E-18
4.656693E+03	5.092470E-17	1.533607E-18
4.666601E+03	5.104465E-17	1.534028E-18
4.676508E+03	5.117007E-17	1.534639E-18
4.686416E+03	5.129408E-17	1.535229E-18
4.696324E+03	5.141722E-17	1.535814E-18
4.706232E+03	5.153251E-17	1.536184E-18
4.716140E+03	5.165553E-17	1.536803E-18
4.726048E+03	5.177929E-17	1.537459E-18
4.735956E+03	5.189671E-17	1.537942E-18
4.745863E+03	5.202343E-17	1.538712E-18
4.755771E+03	5.214473E-17	1.539333E-18
4.765679E+03	5.227630E-17	1.540266E-18
4.775587E+03	5.240335E-17	1.541073E-18
4.785495E+03	5.254156E-17	1.542212E-18
4.795403E+03	5.267606E-17	1.543245E-18
4.805311E+03	5.282257E-17	1.544631E-18
4.815218E+03	5.296613E-17	1.545929E-18
4.825126E+03	5.312249E-17	1.547596E-18
4.835034E+03	5.327657E-17	1.549191E-18
4.844942E+03	5.343642E-17	1.550945E-18
4.854850E+03	5.361014E-17	1.553092E-18
4.864758E+03	5.378249E-17	1.555186E-18
4.874666E+03	5.396152E-17	1.557458E-18
4.884573E+03	5.414749E-17	1.559913E-18
4.894481E+03	5.434066E-17	1.562556E-18
4.904389E+03	5.454919E-17	1.565618E-18
4.914297E+03	5.475750E-17	1.568650E-18
4.924205E+03	5.497368E-17	1.571879E-18
4.934113E+03	5.519792E-17	1.575309E-18
4.944021E+03	5.543040E-17	1.578943E-18
4.953928E+03	5.567126E-17	1.582781E-18
4.963836E+03	5.592064E-17	1.586824E-18
4.973744E+03	5.617866E-17	1.591073E-18
4.983652E+03	5.644543E-17	1.595527E-18
4.993560E+03	5.671284E-17	1.599955E-18
5.003468E+03	5.699728E-17	1.604816E-18
5.013376E+03	5.729067E-17	1.609879E-18
5.023283E+03	5.759301E-17	1.615142E-18
5.033191E+03	5.790432E-17	1.620600E-18
5.043099E+03	5.821620E-17	1.626016E-18
5.053007E+03	5.854533E-17	1.631855E-18
5.062915E+03	5.888333E-17	1.637876E-18
5.072823E+03	5.922159E-17	1.643840E-18
5.082731E+03	5.957699E-17	1.650211E-18
5.092638E+03	5.993235E-17	1.656509E-18
5.102546E+03	6.030467E-17	1.663203E-18
5.112454E+03	6.067652E-17	1.669808E-18
5.122362E+03	6.106506E-17	1.676792E-18
5.132270E+03	6.145261E-17	1.683668E-18
5.142178E+03	6.185649E-17	1.690906E-18
5.152086E+03	6.225874E-17	1.698013E-18
5.161993E+03	6.267686E-17	1.705463E-18
5.171901E+03	6.309261E-17	1.712757E-18
5.181809E+03	6.351456E-17	1.720124E-18
5.191717E+03	6.394233E-17	1.727553E-18
5.201625E+03	6.438473E-17	1.735277E-18
5.211533E+03	6.482294E-17	1.742786E-18
5.221441E+03	6.526567E-17	1.750312E-18
5.231348E+03	6.571241E-17	1.757840E-18
5.241256E+03	6.616266E-17	1.765354E-18
5.251164E+03	6.661588E-17	1.772837E-18
5.261072E+03	6.707151E-17	1.780272E-18
5.270980E+03	6.752895E-17	1.787640E-18
5.280888E+03	6.798762E-17	1.794926E-18
5.290796E+03	6.844690E-17	1.802109E-18
5.300703E+03	6.890616E-17	1.809173E-18
5.310611E+03	6.936475E-17	1.816099E-18
5.320519E+03	6.982205E-17	1.822869E-18
5.330427E+03	7.027740E-17	1.829464E-18
5.340335E+03	7.073017E-17	1.835869E-18
5.350243E+03	7.116962E-17	1.841804E-18
5.360151E+03	7.161537E-17	1.847777E-18
5.370058E+03	7.205678E-17	1.853512E-18
5.379966E+03	7.249335E-17	1.858995E-18
5.389874E+03	7.291422E-17	1.863950E-18
5.399782E+03	7.333970E-17	1.868897E-18
5.409690E+03	7.375914E-17	1.873562E-18
5.419598E+03	7.416174E-17	1.877674E-18
5.429506E+03	7.456836E-17	1.881762E-18
5.439413E+03	7.495771E-17	1.885289E-18
5.449321E+03	7.535095E-17	1.888789E-18
5.459229E+03	7.572658E-17	1.891723E-18
5.469137E+03	7.610600E-17	1.894628E-18
5.479045E+03	7.646760E-17	1.896968E-18
5.488953E+03	7.682217E-17	1.899012E-18
5.498861E+03	7.718084E-17	1.901036E-18
5.508768E+03	7.752192E-17	1.902508E-18
5.518676E+03	7.785660E-17	1.903705E-18
5.528584E+03	7.819633E-17	1.904906E-18
5.538492E+03	7.851935E-17	1.905583E-18
5.548400E+03	7.883718E-17	1.906017E-18
5.558308E+03	7.915034E-17	1.906222E-18
5.568216E+03	7.945936E-17	1.906213E-18
5.578123E+03	7.977616E-17	1.906275E-18
5.588031E+03	8.007875E-17	1.905882E-18
5.597939E+03	8.037905E-17	1.905321E-18
5.607847E+03	8.067769E-17	1.904609E-18
5.617755E+03	8.097535E-17	1.903761E-18
5.627663E+03	8.127270E-17	1.902794E-18
5.637571E+03	8.157041E-17	1.901724E-18
5.647478E+03	8.186915E-17	1.900567E-18
5.657386E+03	8.216960E-17	1.899340E-18
5.667294E+03	8.247243E-17	1.898058E-18
5.677202E+03	8.276657E-17	1.896467E-18
5.687110E+03	8.307609E-17	1.895122E-18
5.697018E+03	8.338995E-17	1.893766E-18
5.706926E+03	8.370877E-17	1.892416E-18
5.716833E+03	8.403317E-17	1.891083E-18
5.726741E+03	8.435180E-17	1.889515E-18
5.736649E+03	8.468910E-17	1.888259E-18
5.746557E+03	8.503372E-17	1.887061E-18
5.756465E+03	8.537413E-17	1.885664E-18
5.766373E+03	8.573499E-17	1.884615E-18
5.776281E+03	8.610474E-17	1.883657E-18
5.786188E+03	8.647165E-17	1.882534E-18
5.796096E+03	8.686059E-17	1.881790E-18
5.806004E+03	8.724747E-17	1.880900E-18
5.815912E+03	8.765735E-17	1.880406E-18
5.825820E+03	8.806584E-17	1.879784E-18
5.835728E+03	8.849819E-17	1.879575E-18
5.845636E+03	8.892972E-17	1.879252E-18
5.855543E+03	8.938586E-17	1.879356E-18
5.865451E+03	8.984164E-17	1.879360E-18
5.875359E+03	9.030989E-17	1.879538E-18
5.885267E+03	9.080365E-17	1.880159E-18
5.895175E+03	9.129748E-17	1.880697E-18
5.905083E+03	9.180431E-17	1.881423E-18
5.914991E+03	9.233728E-17	1.882607E-18
5.924898E+03	9.287042E-17	1.883720E-18
5.934806E+03	9.341675E-17	1.885032E-18
5.944714E+03	9.397626E-17	1.886546E-18
5.954622E+03	9.456225E-17	1.888531E-18
5.964530E+03	9.514794E-17	1.890455E-18
5.974438E+03	9.574663E-17	1.892589E-18
5.984346E+03	9.635789E-17	1.894930E-18
5.994253E+03	9.698165E-17	1.897483E-18
6.004161E+03	9.761755E-17	1.900247E-18
6.014069E+03	9.826532E-17	1.903223E-18
6.023977E+03	9.892442E-17	1.906409E-18
6.033885E+03	9.959457E-17	1.909807E-18
6.043793E+03	1.002751E-16	1.913415E-18
6.053701E+03	1.009655E-16	1.917230E-18
6.063608E+03	1.016650E-16	1.921254E-18
6.073516E+03	1.023732E-16	1.925484E-18
6.083424E+03	1.030891E-16	1.929917E-18
6.093332E+03	1.038118E-16	1.934552E-18
6.103240E+03	1.045405E-16	1.939383E-18
6.113148E+03	1.052742E-16	1.944409E-18
6.123056E+03	1.060118E-16	1.949625E-18
6.132963E+03	1.067369E-16	1.954750E-18
6.142871E+03	1.074786E-16	1.960332E-18
6.152779E+03	1.082205E-16	1.966091E-18
6.162687E+03	1.089611E-16	1.972018E-18
6.172595E+03	1.096991E-16	1.978111E-18
6.182503E+03	1.104172E-16	1.984078E-18
6.192411E+03	1.111449E-16	1.990474E-18
6.202318E+03	1.118651E-16	1.997012E-18
6.212226E+03	1.125600E-16	2.003399E-18
6.222134E+03	1.132594E-16	2.010192E-18
6.232042E+03	1.139455E-16	2.017096E-18
6.241950E+03	1.146003E-16	2.023817E-18
6.251858E+03	1.152540E-16	2.030915E-18
6.261766E+03	1.158719E-16	2.037802E-18
6.271673E+03	1.164847E-16	2.045044E-18
6.281581E+03	1.170737E-16	2.052338E-18
6.291489E+03	1.176203E-16	2.059380E-18
6.301397E+03	1.181554E-16	2.066739E-18
6.311305E+03	1.186435E-16	2.073815E-18
6.321213E+03	1.191160E-16	2.081180E-18
6.331121E+03	1.195372E-16	2.088233E-18
6.341028E+03	1.199219E-16	2.095252E-18
6.350936E+03	1.202853E-16	2.102522E-18
6.360844E+03	1.205917E-16	2.109437E-18
6.370752E+03	1.208736E-16	2.116581E-18
6.380660E+03	1.210954E-16	2.123346E-18
6.390568E+03	1.212730E-16	2.130021E-18
6.400476E+03	1.214227E-16	2.136903E-18
6.410383E+03	1.215093E-16	2.143377E-18
6.420291E+03	1.215494E-16	2.149726E-18
6.430199E+03	1.215599E-16	2.156233E-18
6.440107E+03	1.215061E-16	2.162266E-18
6.450015E+03	1.214051E-16	2.168108E-18
6.459923E+03	1.212740E-16	2.174042E-18
6.469831E+03	1.210783E-16	2.179429E-18
6.479738E+03	1.208356E-16	2.184556E-18
6.489646E+03	1.205462E-16	2.189400E-18
6.499554E+03	1.202107E-16	2.193945E-18
6.509462E+03	1.198465E-16	2.198480E-18
6.519370E+03	1.194207E-16	2.202368E-18
6.529278E+03	1.189508E-16	2.205899E-18
6.539186E+03	1.184379E-16	2.209058E-18
6.549093E+03	1.178832E-16	2.211834E-18
6.559001E+03	1.172877E-16	2.214212E-18
6.568909E+03	1.166532E-16	2.216188E-18
6.578817E+03	1.159811E-16	2.217756E-18
6.588725E+03	1.152733E-16	2.218916E-18
6.598633E+03	1.145320E-16	2.219675E-18
6.608541E+03	1.137590E-16	2.220032E-18
6.618448E+03	1.129566E-16	2.220001E-18
6.628356E+03	1.121269E-16	2.219589E-18
6.638264E+03	1.112723E-16	2.218810E-18
6.648172E+03	1.103950E-16	2.217678E-18
6.658080E+03	1.094975E-16	2.216210E-18
6.667988E+03	1.085819E-16	2.214422E-18
6.677896E+03	1.076503E-16	2.212332E-18
6.687803E+03	1.067053E-16	2.209960E-18
6.697711E+03	1.057488E-16	2.207328E-18
6.707619E+03	1.047829E-16	2.204452E-18
6.717527E+03	1.038095E-16	2.201352E-18
6.727435E+03	1.028308E-16	2.198052E-18
6.737343E+03	1.018340E-16	2.194259E-18
6.747251E+03	1.008501E-16	2.190618E-18
6.757158E+03	9.986601E-17	2.186838E-18
6.767066E+03	9.888342E-17	2.182939E-18
6.776974E+03	9.790383E-17	2.178941E-18
6.786882E+03	9.691488E-17	2.174556E-18
6.796790E+03	9.594563E-17	2.170421E-18
6.806698E+03	9.498340E-17	2.166246E-18
6.816606E+03	9.402937E-17	2.162051E-18
6.826513E+03	9.307138E-17	2.157546E-18
6.836421E+03	9.213709E-17	2.153365E-18
6.846329E+03	9.121406E-17	2.149218E-18
6.856237E+03	9.029027E-17	2.144815E-18
6.866145E+03	8.939242E-17	2.140787E-18
6.876053E+03	8.850822E-17	2.136842E-18
6.885961E+03	8.762583E-17	2.132692E-18
6.895868E+03	8.677100E-17	2.128961E-18
6.905776E+03	8.591941E-17	2.125057E-18
6.915684E+03	8.509617E-17	2.121601E-18
6.925592E+03	8.428934E-17	2.118301E-18
6.935500E+03	8.348742E-17	2.114871E-18
6.945408E+03	8.271471E-17	2.111927E-18
6.955316E+03	8.194775E-17	2.108877E-18
6.965223E+03	8.121036E-17	2.106337E-18
6.975131E+03	8.047944E-17	2.103717E-18
6.985039E+03	7.977829E-17	2.101628E-18
6.994947E+03	7.908415E-17	2.099480E-18
7.004855E+03	7.841988E-17	2.097885E-18
7.014763E+03	7.776302E-17	2.096251E-18
7.024671E+03	7.713601E-17	2.095189E-18
7.034578E+03	7.651673E-17	2.094107E-18
7.044486E+03	7.591632E-17	2.093314E-18
7.054394E+03	7.534556E-17	2.093119E-18
7.064302E+03	7.478279E-17	2.092930E-18
7.074210E+03	7.424947E-17	2.093353E-18
7.084118E+03	7.372420E-17	2.093798E-18
7.094026E+03	7.321763E-17	2.094571E-18
7.103933E+03	7.274008E-17	2.095978E-18
7.113841E+03	7.227056E-17	2.097426E-18
7.123749E+03	7.181944E-17	2.099221E-18
7.133657E+03	7.139685E-17	2.101671E-18
7.143565E+03	7.098213E-17	2.104179E-18
7.153473E+03	7.058541E-17	2.107050E-18
7.163381E+03	7.020657E-17	2.110291E-18
7.173288E+03	6.985549E-17	2.114209E-18
7.183196E+03	6.951188E-17	2.118203E-18
7.193104E+03	6.918567E-17	2.122579E-18
7.203012E+03	6.887667E-17	2.127342E-18
7.212920E+03	6.858469E-17	2.132495E-18
7.222828E+03	6.831939E-17	2.138350E-18
7.232736E+03	6.806086E-17	2.144295E-18
7.242643E+03	6.781878E-17	2.150639E-18
7.252551E+03	6.759295E-17	2.157385E-18
7.262459E+03	6.738314E-17	2.164536E-18
7.272367E+03	6.718914E-17	2.172093E-18
7.282275E+03	6.701071E-17	2.180057E-18
7.292183E+03	6.684764E-17	2.188430E-18
7.302091E+03	6.669966E-17	2.197211E-18
7.311998E+03	6.656655E-17	2.206402E-18
7.321906E+03	6.644803E-17	2.216001E-18
7.331814E+03	6.634385E-17	2.226009E-18
7.341722E+03	6.625373E-17	2.236424E-18
7.351630E+03	6.617739E-17	2.247243E-18
7.361538E+03	6.611455E-17	2.258466E-18
7.371446E+03	6.606487E-17	2.270087E-18
7.381353E+03	6.602806E-17	2.282105E-18
7.391261E+03	6.600378E-17	2.294514E-18
7.401169E+03	6.599169E-17	2.307309E-18
7.411077E+03	6.599142E-17	2.320484E-18
7.420985E+03	6.600261E-17	2.334033E-18
7.430893E+03	6.602487E-17	2.347948E-18
7.440801E+03	6.605778E-17	2.362219E-18
7.450708E+03	6.609136E-17	2.376495E-18
7.460616E+03	6.614427E-17	2.391448E-18
7.470524E+03	6.620650E-17	2.406726E-18
7.480432E+03	6.627755E-17	2.422316E-18
7.490340E+03	6.635691E-17	2.438203E-18
7.500248E+03	6.643442E-17	2.454016E-18
7.510156E+03	6.652874E-17	2.470447E-18
7.520063E+03	6.662969E-17	2.487124E-18
7.529971E+03	6.673665E-17	2.504028E-18
7.539879E+03	6.683925E-17	2.520771E-18
7.549787E+03	6.695623E-17	2.538059E-18
7.559695E+03	6.707718E-17	2.555505E-18
7.569603E+03	6.719162E-17	2.572707E-18
7.579511E+03	6.731826E-17	2.590382E-18
7.589418E+03	6.744659E-17	2.608130E-18
7.599326E+03	6.756593E-17	2.625535E-18
7.609234E+03	6.769507E-17	2.643327E-18
7.619142E+03	6.781341E-17	2.660702E-18
7.629050E+03	6.793974E-17	2.678394E-18
7.638958E+03	6.806327E-17	2.695979E-18
7.648866E+03	6.817305E-17	2.713020E-18
7.658773E+03	6.828793E-17	2.730263E-18
7.668681E+03	6.838694E-17	2.746866E-18
7.678589E+03	6.848895E-17	2.763583E-18
7.688497E+03	6.857288E-17	2.779561E-18
7.698405E+03	6.865762E-17	2.795557E-18
7.708313E+03	6.872197E-17	2.810705E-18
7.718221E+03	6.878485E-17	2.825771E-18
7.728128E+03	6.882498E-17	2.839875E-18
7.738036E+03	6.885124E-17	2.853373E-18
7.747944E+03	6.887250E-17	2.866627E-18
7.757852E+03	6.886747E-17	2.878743E-18
7.767760E+03	6.884503E-17	2.890080E-18
7.777668E+03	6.881410E-17	2.901004E-18
7.787576E+03	6.875340E-17	2.910611E-18
7.797483E+03	6.867190E-17	2.919266E-18
7.807391E+03	6.857861E-17	2.927342E-18
7.817299E+03	6.845240E-17	2.933928E-18
7.827207E+03	6.830235E-17	2.939396E-18
7.837115E+03	6.813759E-17	2.944130E-18
7.847023E+03	6.793727E-17	2.947218E-18
7.856931E+03	6.771067E-17	2.949044E-18
7.866838E+03	6.745714E-17	2.949569E-18
7.876746E+03	6.717615E-17	2.948755E-18
7.886654E+03	6.687710E-17	2.947003E-18
7.896562E+03	6.653993E-17	2.943417E-18
7.906470E+03	6.617434E-17	2.938409E-18
7.916378E+03	6.578025E-17	2.931961E-18
7.926286E+03	6.535773E-17	2.924064E-18
7.936193E+03	6.490696E-17	2.914711E-18
7.946101E+03	6.442827E-17	2.903905E-18
7.956009E+03	6.392215E-17	2.891654E-18
7.965917E+03	6.339852E-17	2.878397E-18
7.975825E+03	6.283934E-17	2.863304E-18
7.985733E+03	6.225487E-17	2.846828E-18
7.995641E+03	6.164608E-17	2.829002E-18
8.005548E+03	6.101405E-17	2.809865E-18
8.015456E+03	6.035992E-17	2.789461E-18
8.025364E+03	5.968498E-17	2.767839E-18
8.035272E+03	5.899052E-17	2.745051E-18
8.045180E+03	5.827794E-17	2.721155E-18
8.055088E+03	5.754015E-17	2.695811E-18
8.064996E+03	5.679580E-17	2.669885E-18
8.074903E+03	5.603775E-17	2.643040E-18
8.084811E+03	5.526750E-17	2.615341E-18
8.094719E+03	5.448659E-17	2.586857E-18
8.104627E+03	5.369651E-17	2.557657E-18
8.114535E+03	5.289877E-17	2.527809E-18
8.124443E+03	5.209482E-17	2.497381E-18
8.134351E+03	5.127846E-17	2.466075E-18
8.144258E+03	5.046645E-17	2.434694E-18
8.154166E+03	4.965240E-17	2.402933E-18
8.164074E+03	4.883759E-17	2.370855E-18
8.173982E+03	4.801611E-17	2.338174E-18
8.183890E+03	4.720355E-17	2.305649E-18
8.193798E+03	4.639374E-17	2.272985E-18
8.203706E+03	4.558776E-17	2.240237E-18
8.213613E+03	4.477987E-17	2.207126E-18
8.223521E+03	4.398450E-17	2.174366E-18
8.233429E+03	4.319567E-17	2.141668E-18
8.243337E+03	4.240787E-17	2.108762E-18
8.253245E+03	4.163457E-17	2.076322E-18
8.263153E+03	4.087002E-17	2.044068E-18
8.273061E+03	4.010878E-17	2.011734E-18
8.282968E+03	3.936353E-17	1.979958E-18
8.292876E+03	3.862283E-17	1.948175E-18
8.302784E+03	3.789881E-17	1.916999E-18
8.312692E+03	3.718594E-17	1.886160E-18
8.322600E+03	3.647909E-17	1.855402E-18
8.332508E+03	3.578956E-17	1.825306E-18
8.342416E+03	3.510675E-17	1.795339E-18
8.352323E+03	3.444150E-17	1.766060E-18
8.362231E+03	3.378351E-17	1.736949E-18
8.372139E+03	3.314315E-17	1.708544E-18
8.382047E+03	3.251042E-17	1.680337E-18
8.391955E+03	3.189528E-17	1.652849E-18
8.401863E+03	3.128802E-17	1.625583E-18
8.411771E+03	3.069816E-17	1.599041E-18
8.421678E+03	3.011632E-17	1.572740E-18
8.431586E+03	2.955164E-17	1.547162E-18
8.441494E+03	2.899501E-17	1.521839E-18
8.451402E+03	2.845087E-17	1.497009E-18
8.461310E+03	2.792335E-17	1.472893E-18
8.471218E+03	2.740379E-17	1.449044E-18
8.481126E+03	2.689635E-17	1.425684E-18
8.491033E+03	2.640487E-17	1.403025E-18
8.500941E+03	2.592110E-17	1.380633E-18
8.510849E+03	2.545282E-17	1.358929E-18
8.520757E+03	2.499204E-17	1.337490E-18
8.530665E+03	2.454252E-17	1.316523E-18
8.540573E+03	2.410405E-17	1.296022E-18
8.550481E+03	2.368002E-17	1.276174E-18
8.560388E+03	2.326298E-17	1.256584E-18
8.570296E+03	2.285638E-17	1.237440E-18
8.580204E+03	2.246343E-17	1.218923E-18
8.590112E+03	2.207702E-17	1.200652E-18
8.600020E+03	2.170042E-17	1.182807E-18
8.609928E+03	2.133342E-17	1.165381E-18
8.619836E+03	2.097899E-17	1.148543E-18
8.629743E+03	2.063050E-17	1.131931E-18
8.639651E+03	2.029096E-17	1.115717E-18
8.649559E+03	1.996019E-17	1.099893E-18
8.659467E+03	1.963797E-17	1.084450E-18
8.669375E+03	1.932705E-17	1.069545E-18
8.679283E+03	1.902128E-17	1.054841E-18
8.689191E+03	1.872345E-17	1.040495E-18
8.699098E+03	1.843337E-17	1.026501E-18
8.709006E+03	1.815086E-17	1.012852E-18
8.718914E+03	1.787572E-17	9.995387E-19
8.728822E+03	1.760776E-17	9.865548E-19
8.738730E+03	1.734946E-17	9.740421E-19
8.748638E+03	1.709529E-17	9.616931E-19
8.758546E+03	1.684777E-17	9.496515E-19
8.768453E+03	1.660673E-17	9.379112E-19
8.778361E+03	1.637199E-17	9.264640E-19
8.788269E+03	1.614341E-17	9.153045E-19
8.798177E+03	1.592080E-17	9.044248E-19
8.808085E+03	1.570402E-17	8.938191E-19
8.817993E+03	1.549291E-17	8.834808E-19
8.827901E+03	1.528734E-17	8.734039E-19
8.837808E+03	1.508946E-17	8.637149E-19
8.847716E+03	1.489448E-17	8.541406E-19
8.857624E+03	1.470458E-17	8.448088E-19
8.867532E+03	1.451965E-17	8.357141E-19
8.877440E+03	1.433955E-17	8.268509E-19
8.887348E+03	1.416415E-17	8.182136E-19
8.897256E+03	1.399332E-17	8.097966E-19
8.907163E+03	1.382695E-17	8.015947E-19
8.917071E+03	1.366492E-17	7.936029E-19
8.956703E+03	1.305789E-17	7.636337E-19
8.996334E+03	1.251149E-17	7.366344E-19
9.035966E+03	1.202027E-17	7.123692E-19
9.075597E+03	1.157753E-17	6.905170E-19
9.115228E+03	1.117939E-17	6.709138E-19
9.154860E+03	1.082033E-17	6.532860E-19
9.194491E+03	1.049665E-17	6.374624E-19
9.234123E+03	1.020466E-17	6.232645E-19
9.273754E+03	9.941038E-18	6.105294E-19
9.313386E+03	9.702755E-18	5.991065E-19
9.353017E+03	9.487077E-18	5.888579E-19
9.392648E+03	9.291513E-18	5.796564E-19
9.432280E+03	9.113801E-18	5.713846E-19
9.471911E+03	8.951875E-18	5.639342E-19
9.511543E+03	8.805265E-18	5.572942E-19
9.551174E+03	8.669387E-18	5.511909E-19
9.590806E+03	8.545484E-18	5.457169E-19
9.630437E+03	8.429319E-18	5.406142E-19
9.670068E+03	8.322323E-18	5.359847E-19
9.709700E+03	8.221898E-18	5.316708E-19
9.749331E+03	8.126939E-18	5.276089E-19
9.788963E+03	8.036439E-18	5.237402E-19
9.828594E+03	7.950798E-18	5.200971E-19
9.868226E+03	7.867871E-18	5.165446E-19
9.907857E+03	7.785648E-18	5.129546E-19
9.947488E+03	7.706082E-18	5.094591E-19
9.987120E+03	7.628596E-18	5.060238E-19
1.002675E+04	7.550186E-18	5.024523E-19
1.006638E+04	7.471752E-18	4.988063E-19
1.010601E+04	7.394237E-18	4.951508E-19
1.014565E+04	7.316163E-18	4.913892E-19
1.018528E+04	7.237379E-18	4.875129E-19
1.022491E+04	7.159009E-18	4.835995E-19
