#wls	flux	fluxerr
1.600000E+03	9.320968E-17	9.688663E-18
1.640000E+03	9.160102E-17	9.473615E-18
1.680000E+03	8.989024E-17	9.248501E-18
1.720000E+03	8.810156E-17	9.016011E-18
1.760000E+03	8.622530E-17	8.775337E-18
1.800000E+03	8.434679E-17	8.535321E-18
1.840000E+03	8.251439E-17	8.300891E-18
1.880000E+03	8.074661E-17	8.073874E-18
1.920000E+03	7.914615E-17	7.864415E-18
1.960000E+03	7.774621E-17	7.675529E-18
2.000000E+03	7.665650E-17	7.517636E-18
2.040000E+03	7.592014E-17	7.394353E-18
2.080000E+03	7.561860E-17	7.312864E-18
2.120000E+03	7.586758E-17	7.283367E-18
2.160000E+03	7.672043E-17	7.309746E-18
2.200000E+03	7.829720E-17	7.401975E-18
2.240000E+03	8.062260E-17	7.560654E-18
2.280000E+03	8.384921E-17	7.798126E-18
2.320000E+03	8.806424E-17	8.120133E-18
2.360000E+03	9.331326E-17	8.528226E-18
2.400000E+03	9.969841E-17	9.028814E-18
2.440000E+03	1.072284E-16	9.619451E-18
2.480000E+03	1.159992E-16	1.030528E-17
2.520000E+03	1.259506E-16	1.107723E-17
2.560000E+03	1.370098E-16	1.192520E-17
2.600000E+03	1.491037E-16	1.283916E-17
2.640000E+03	1.621278E-16	1.380657E-17
2.680000E+03	1.758480E-16	1.480426E-17
2.720000E+03	1.900699E-16	1.581312E-17
2.760000E+03	2.046647E-16	1.682019E-17
2.800000E+03	2.195257E-16	1.781471E-17
2.840000E+03	2.345784E-16	1.878893E-17
2.880000E+03	2.495578E-16	1.972031E-17
2.920000E+03	2.646930E-16	2.062596E-17
2.960000E+03	2.798878E-16	2.149700E-17
3.000000E+03	2.952492E-16	2.234032E-17
3.010000E+03	2.991364E-16	2.254821E-17
3.020000E+03	3.030022E-16	2.275184E-17
3.030000E+03	3.069342E-16	2.295777E-17
3.040000E+03	3.109349E-16	2.316612E-17
3.050000E+03	3.149194E-16	2.337050E-17
3.060000E+03	3.189771E-16	2.357752E-17
3.070000E+03	3.231106E-16	2.378730E-17
3.080000E+03	3.272340E-16	2.399345E-17
3.090000E+03	3.313484E-16	2.419604E-17
3.100000E+03	3.356355E-16	2.440828E-17
3.110000E+03	3.399187E-16	2.461721E-17
3.120000E+03	3.442903E-16	2.482947E-17
3.130000E+03	3.487532E-16	2.504517E-17
3.140000E+03	3.532183E-16	2.525784E-17
3.150000E+03	3.577793E-16	2.547414E-17
3.160000E+03	3.624388E-16	2.569413E-17
3.170000E+03	3.671992E-16	2.591788E-17
3.180000E+03	3.720628E-16	2.614545E-17
3.190000E+03	3.770318E-16	2.637686E-17
3.200000E+03	3.820140E-16	2.660559E-17
3.210000E+03	3.871990E-16	2.684474E-17
3.220000E+03	3.923998E-16	2.708120E-17
3.230000E+03	3.978069E-16	2.732803E-17
3.240000E+03	4.033269E-16	2.757861E-17
3.250000E+03	4.089603E-16	2.783285E-17
3.260000E+03	4.146110E-16	2.808412E-17
3.270000E+03	4.205683E-16	2.835189E-17
3.280000E+03	4.265422E-16	2.861637E-17
3.290000E+03	4.327259E-16	2.889042E-17
3.300000E+03	4.390211E-16	2.916731E-17
3.310000E+03	4.454260E-16	2.944676E-17
3.320000E+03	4.519380E-16	2.972848E-17
3.330000E+03	4.587519E-16	3.002510E-17
3.340000E+03	4.655683E-16	3.031678E-17
3.350000E+03	4.725808E-16	3.061606E-17
3.360000E+03	4.797852E-16	3.092244E-17
3.370000E+03	4.870761E-16	3.122894E-17
3.380000E+03	4.945468E-16	3.154141E-17
3.390000E+03	5.021903E-16	3.185919E-17
3.400000E+03	5.098967E-16	3.217515E-17
3.410000E+03	5.178580E-16	3.250126E-17
3.420000E+03	5.258602E-16	3.282388E-17
3.430000E+03	5.339909E-16	3.314836E-17
3.440000E+03	5.422348E-16	3.347361E-17
3.450000E+03	5.506760E-16	3.380466E-17
3.460000E+03	5.590900E-16	3.412757E-17
3.470000E+03	5.676580E-16	3.445334E-17
3.480000E+03	5.762515E-16	3.477404E-17
3.490000E+03	5.848412E-16	3.508785E-17
3.500000E+03	5.934969E-16	3.539892E-17
3.510000E+03	6.020815E-16	3.569903E-17
3.520000E+03	6.106598E-16	3.599205E-17
3.530000E+03	6.191931E-16	3.627570E-17
3.540000E+03	6.275397E-16	3.654176E-17
3.550000E+03	6.357630E-16	3.679407E-17
3.560000E+03	6.438255E-16	3.703060E-17
3.570000E+03	6.517936E-16	3.725529E-17
3.580000E+03	6.594344E-16	3.745500E-17
3.590000E+03	6.668230E-16	3.763431E-17
3.600000E+03	6.740376E-16	3.779786E-17
3.610000E+03	6.809627E-16	3.793940E-17
3.620000E+03	6.875863E-16	3.805857E-17
3.630000E+03	6.939953E-16	3.816047E-17
3.640000E+03	7.001781E-16	3.824469E-17
3.650000E+03	7.060277E-16	3.830567E-17
3.660000E+03	7.116309E-16	3.834845E-17
3.670000E+03	7.169786E-16	3.837281E-17
3.680000E+03	7.221583E-16	3.838369E-17
3.690000E+03	7.269883E-16	3.837168E-17
3.700000E+03	7.316713E-16	3.834780E-17
3.710000E+03	7.361575E-16	3.830962E-17
3.720000E+03	7.405239E-16	3.826134E-17
3.730000E+03	7.449795E-16	3.821383E-17
3.740000E+03	7.496967E-16	3.817577E-17
3.750000E+03	7.549058E-16	3.815851E-17
3.760000E+03	7.608941E-16	3.817593E-17
3.770000E+03	7.679224E-16	3.824014E-17
3.780000E+03	7.765503E-16	3.837763E-17
3.790000E+03	7.872159E-16	3.860809E-17
3.800000E+03	8.002374E-16	3.894470E-17
3.810000E+03	8.163730E-16	3.942141E-17
3.820000E+03	8.360047E-16	4.005298E-17
3.830000E+03	8.597784E-16	4.086614E-17
3.840000E+03	8.882721E-16	4.188343E-17
3.850000E+03	9.220635E-16	4.312649E-17
3.860000E+03	9.617116E-16	4.461519E-17
3.870000E+03	1.007816E-15	4.637042E-17
3.880000E+03	1.060813E-15	4.840473E-17
3.890000E+03	1.120917E-15	5.071991E-17
3.900000E+03	1.188340E-15	5.331737E-17
3.910000E+03	1.263076E-15	5.618839E-17
3.920000E+03	1.344525E-15	5.929820E-17
3.930000E+03	1.432148E-15	6.261556E-17
3.940000E+03	1.524847E-15	6.608576E-17
3.950000E+03	1.621030E-15	6.963475E-17
3.960000E+03	1.719009E-15	7.318667E-17
3.970000E+03	1.816760E-15	7.665414E-17
3.980000E+03	1.912158E-15	7.994867E-17
3.990000E+03	2.003247E-15	8.299210E-17
4.000000E+03	2.088109E-15	8.571074E-17
4.010000E+03	2.164947E-15	8.803885E-17
4.020000E+03	2.232535E-15	8.993633E-17
4.030000E+03	2.289921E-15	9.137601E-17
4.040000E+03	2.335947E-15	9.232397E-17
4.050000E+03	2.370286E-15	9.278058E-17
4.060000E+03	2.391974E-15	9.272198E-17
4.070000E+03	2.400514E-15	9.214365E-17
4.080000E+03	2.395398E-15	9.104144E-17
4.090000E+03	2.376543E-15	8.942789E-17
4.100000E+03	2.344061E-15	8.732276E-17
4.110000E+03	2.298777E-15	8.477208E-17
4.120000E+03	2.242413E-15	8.185309E-17
4.130000E+03	2.176976E-15	7.865080E-17
4.140000E+03	2.105131E-15	7.527062E-17
4.150000E+03	2.029890E-15	7.182627E-17
4.160000E+03	1.954579E-15	6.843784E-17
4.170000E+03	1.882052E-15	6.520419E-17
4.180000E+03	1.815150E-15	6.221945E-17
4.190000E+03	1.756281E-15	5.955901E-17
4.200000E+03	1.707235E-15	5.727396E-17
4.210000E+03	1.669491E-15	5.540258E-17
4.220000E+03	1.644059E-15	5.396566E-17
4.230000E+03	1.631678E-15	5.297398E-17
4.240000E+03	1.632959E-15	5.243319E-17
4.250000E+03	1.648466E-15	5.234674E-17
4.260000E+03	1.678801E-15	5.271873E-17
4.270000E+03	1.724448E-15	5.354890E-17
4.280000E+03	1.785741E-15	5.483204E-17
4.290000E+03	1.862738E-15	5.655427E-17
4.300000E+03	1.955023E-15	5.868770E-17
4.310000E+03	2.061459E-15	6.118399E-17
4.320000E+03	2.180035E-15	6.397093E-17
4.330000E+03	2.307416E-15	6.694093E-17
4.340000E+03	2.438983E-15	6.995430E-17
4.350000E+03	2.568370E-15	7.282807E-17
4.360000E+03	2.687768E-15	7.534720E-17
4.370000E+03	2.787661E-15	7.725934E-17
4.380000E+03	2.858070E-15	7.831130E-17
4.390000E+03	2.889738E-15	7.828145E-17
4.400000E+03	2.883803E-15	7.723717E-17
4.410000E+03	2.851851E-15	7.552030E-17
4.420000E+03	2.805997E-15	7.347161E-17
4.430000E+03	2.758074E-15	7.140976E-17
4.440000E+03	2.718156E-15	6.959426E-17
4.450000E+03	2.694815E-15	6.823514E-17
4.460000E+03	2.695426E-15	6.750317E-17
4.470000E+03	2.726127E-15	6.753098E-17
4.480000E+03	2.792701E-15	6.843674E-17
4.490000E+03	2.900519E-15	7.032370E-17
4.500000E+03	3.055025E-15	7.329265E-17
4.510000E+03	3.261225E-15	7.743022E-17
4.520000E+03	3.523320E-15	8.280111E-17
4.530000E+03	3.844087E-15	8.943510E-17
4.540000E+03	4.223740E-15	9.730274E-17
4.550000E+03	4.659225E-15	1.063024E-16
4.560000E+03	5.142952E-15	1.162354E-16
4.570000E+03	5.662607E-15	1.268061E-16
4.580000E+03	6.201382E-15	1.376314E-16
4.590000E+03	6.738788E-15	1.482615E-16
4.600000E+03	7.251686E-15	1.582037E-16
4.610000E+03	7.716161E-15	1.669644E-16
4.620000E+03	8.108798E-15	1.740762E-16
4.630000E+03	8.408847E-15	1.791408E-16
4.640000E+03	8.598853E-15	1.818399E-16
4.650000E+03	8.666762E-15	1.819746E-16
4.660000E+03	8.606606E-15	1.794759E-16
4.670000E+03	8.419923E-15	1.744280E-16
4.680000E+03	8.116515E-15	1.670802E-16
4.690000E+03	7.713533E-15	1.578221E-16
4.700000E+03	7.235572E-15	1.471829E-16
4.710000E+03	6.711527E-15	1.357642E-16
4.720000E+03	6.171831E-15	1.241838E-16
4.730000E+03	5.647212E-15	1.130520E-16
4.740000E+03	5.166205E-15	1.029231E-16
4.750000E+03	4.750755E-15	9.421124E-17
4.760000E+03	4.416053E-15	8.719133E-17
4.770000E+03	4.171436E-15	8.202024E-17
4.780000E+03	4.021824E-15	7.876805E-17
4.790000E+03	3.969524E-15	7.745505E-17
4.800000E+03	4.015095E-15	7.806958E-17
4.810000E+03	4.157520E-15	8.057171E-17
4.820000E+03	4.392744E-15	8.486556E-17
4.830000E+03	4.712790E-15	9.078282E-17
4.840000E+03	5.104351E-15	9.805638E-17
4.850000E+03	5.548417E-15	1.063142E-16
4.860000E+03	6.021077E-15	1.150954E-16
4.870000E+03	6.496893E-15	1.239144E-16
4.880000E+03	6.952841E-15	1.323354E-16
4.890000E+03	7.370998E-15	1.400226E-16
4.900000E+03	7.739242E-15	1.467518E-16
4.910000E+03	8.050390E-15	1.523932E-16
4.920000E+03	8.302219E-15	1.569103E-16
4.930000E+03	8.496942E-15	1.603501E-16
4.940000E+03	8.641180E-15	1.628413E-16
4.950000E+03	8.744460E-15	1.645661E-16
4.960000E+03	8.818747E-15	1.657513E-16
4.970000E+03	8.874876E-15	1.666008E-16
4.980000E+03	8.918255E-15	1.672159E-16
4.990000E+03	8.943130E-15	1.674881E-16
5.000000E+03	8.931606E-15	1.670824E-16
5.010000E+03	8.857365E-15	1.655079E-16
5.020000E+03	8.695518E-15	1.623027E-16
5.030000E+03	8.431180E-15	1.571932E-16
5.040000E+03	8.065529E-15	1.502069E-16
5.050000E+03	7.617266E-15	1.416970E-16
5.060000E+03	7.119216E-15	1.322782E-16
5.070000E+03	6.610376E-15	1.226774E-16
5.080000E+03	6.128025E-15	1.135863E-16
5.090000E+03	5.702381E-15	1.055629E-16
5.100000E+03	5.354726E-15	9.899708E-17
5.110000E+03	5.097365E-15	9.411075E-17
5.120000E+03	4.935851E-15	9.099979E-17
5.130000E+03	4.870114E-15	8.965555E-17
5.140000E+03	4.895780E-15	8.998972E-17
5.150000E+03	5.003995E-15	9.183174E-17
5.160000E+03	5.181636E-15	9.493328E-17
5.170000E+03	5.411870E-15	9.897927E-17
5.180000E+03	5.674597E-15	1.035968E-16
5.190000E+03	5.948203E-15	1.083875E-16
5.200000E+03	6.212352E-15	1.129795E-16
5.210000E+03	6.451320E-15	1.170872E-16
5.220000E+03	6.655305E-15	1.205349E-16
5.230000E+03	6.821013E-15	1.232665E-16
5.240000E+03	6.950524E-15	1.253234E-16
5.250000E+03	7.050058E-15	1.268216E-16
5.260000E+03	7.127951E-15	1.279142E-16
5.270000E+03	7.192998E-15	1.287615E-16
5.280000E+03	7.253829E-15	1.295193E-16
5.290000E+03	7.317734E-15	1.303181E-16
5.300000E+03	7.390474E-15	1.312601E-16
5.310000E+03	7.475959E-15	1.324133E-16
5.320000E+03	7.575680E-15	1.338026E-16
5.330000E+03	7.689109E-15	1.354168E-16
5.340000E+03	7.813779E-15	1.372107E-16
5.350000E+03	7.945907E-15	1.391167E-16
5.360000E+03	8.081177E-15	1.410588E-16
5.370000E+03	8.214767E-15	1.429531E-16
5.380000E+03	8.341850E-15	1.447166E-16
5.390000E+03	8.457288E-15	1.462624E-16
5.400000E+03	8.555794E-15	1.475018E-16
5.410000E+03	8.631839E-15	1.483436E-16
5.420000E+03	8.680171E-15	1.487023E-16
5.430000E+03	8.697105E-15	1.485207E-16
5.440000E+03	8.682647E-15	1.478048E-16
5.450000E+03	8.642027E-15	1.466497E-16
5.460000E+03	8.586377E-15	1.452489E-16
5.470000E+03	8.532928E-15	1.438962E-16
5.480000E+03	8.503800E-15	1.429643E-16
5.490000E+03	8.523381E-15	1.428590E-16
5.500000E+03	8.604982E-15	1.437965E-16
5.510000E+03	8.729602E-15	1.454523E-16
5.520000E+03	8.870607E-15	1.473790E-16
5.530000E+03	9.001196E-15	1.491315E-16
5.540000E+03	9.097327E-15	1.503134E-16
5.550000E+03	9.142573E-15	1.506574E-16
5.560000E+03	9.131510E-15	1.500798E-16
5.570000E+03	9.070889E-15	1.486968E-16
5.580000E+03	8.976575E-15	1.467727E-16
5.590000E+03	8.868467E-15	1.446344E-16
5.600000E+03	8.765488E-15	1.425899E-16
5.610000E+03	8.681378E-15	1.408600E-16
5.620000E+03	8.622394E-15	1.395422E-16
5.630000E+03	8.585419E-15	1.385815E-16
5.640000E+03	8.558185E-15	1.377764E-16
5.650000E+03	8.520558E-15	1.368010E-16
5.660000E+03	8.446091E-15	1.352319E-16
5.670000E+03	8.306993E-15	1.326293E-16
5.680000E+03	8.079458E-15	1.286221E-16
5.690000E+03	7.749834E-15	1.230056E-16
5.700000E+03	7.319013E-15	1.158087E-16
5.710000E+03	6.804346E-15	1.073211E-16
5.720000E+03	6.236772E-15	9.804319E-17
5.730000E+03	5.654932E-15	8.859097E-17
5.740000E+03	5.097555E-15	7.957381E-17
5.750000E+03	4.597926E-15	7.150799E-17
5.760000E+03	4.180516E-15	6.476515E-17
5.770000E+03	3.860857E-15	5.957244E-17
5.780000E+03	3.647928E-15	5.605135E-17
5.790000E+03	3.547157E-15	5.426540E-17
5.800000E+03	3.563194E-15	5.426335E-17
5.810000E+03	3.701948E-15	5.611009E-17
5.820000E+03	3.971885E-15	5.990551E-17
5.830000E+03	4.383695E-15	6.577842E-17
5.840000E+03	4.947789E-15	7.384791E-17
5.850000E+03	5.669886E-15	8.415771E-17
5.860000E+03	6.545526E-15	9.659691E-17
5.870000E+03	7.553400E-15	1.108064E-16
5.880000E+03	8.650605E-15	1.261174E-16
5.890000E+03	9.771853E-15	1.415509E-16
5.900000E+03	1.083551E-14	1.559165E-16
5.910000E+03	1.175572E-14	1.679954E-16
5.920000E+03	1.245884E-14	1.767782E-16
5.930000E+03	1.289845E-14	1.816720E-16
5.940000E+03	1.306307E-14	1.825962E-16
5.950000E+03	1.297383E-14	1.799313E-16
5.960000E+03	1.267613E-14	1.743868E-16
5.970000E+03	1.222729E-14	1.668177E-16
5.980000E+03	1.168450E-14	1.580539E-16
5.990000E+03	1.109725E-14	1.487962E-16
6.000000E+03	1.050391E-14	1.395759E-16
6.010000E+03	9.932314E-15	1.307662E-16
6.020000E+03	9.401165E-15	1.226079E-16
6.030000E+03	8.922579E-15	1.152466E-16
6.040000E+03	8.504336E-15	1.087658E-16
6.050000E+03	8.151790E-15	1.032137E-16
6.060000E+03	7.869120E-15	9.862043E-17
6.070000E+03	7.660228E-15	9.500987E-17
6.080000E+03	7.528997E-15	9.240338E-17
6.090000E+03	7.479269E-15	9.081957E-17
6.100000E+03	7.514328E-15	9.026826E-17
6.110000E+03	7.636289E-15	9.074394E-17
6.120000E+03	7.844693E-15	9.221021E-17
6.130000E+03	8.134995E-15	9.458422E-17
6.140000E+03	8.496274E-15	9.771318E-17
6.150000E+03	8.908394E-15	1.013463E-16
6.160000E+03	9.340144E-15	1.051198E-16
6.170000E+03	9.747689E-15	1.085455E-16
6.180000E+03	1.007686E-14	1.110432E-16
6.190000E+03	1.026747E-14	1.119918E-16
6.200000E+03	1.030099E-14	1.112451E-16
6.210000E+03	1.022882E-14	1.094092E-16
6.220000E+03	1.010447E-14	1.070884E-16
6.230000E+03	9.968197E-15	1.047242E-16
6.240000E+03	9.843103E-15	1.025637E-16
6.250000E+03	9.737001E-15	1.006876E-16
6.260000E+03	9.644969E-15	9.904404E-17
6.270000E+03	9.552854E-15	9.748864E-17
6.280000E+03	9.441235E-15	9.582682E-17
6.290000E+03	9.288714E-15	9.384445E-17
6.300000E+03	9.075586E-15	9.134482E-17
6.310000E+03	8.786635E-15	8.817635E-17
6.320000E+03	8.414764E-15	8.426685E-17
6.330000E+03	7.963428E-15	7.964610E-17
6.340000E+03	7.447448E-15	7.445329E-17
6.350000E+03	6.891784E-15	6.892531E-17
6.360000E+03	6.327283E-15	6.335620E-17
6.370000E+03	5.786381E-15	5.805659E-17
6.380000E+03	5.298444E-15	5.330971E-17
6.390000E+03	4.886800E-15	4.934336E-17
6.400000E+03	4.568061E-15	4.632398E-17
6.410000E+03	4.353000E-15	4.436561E-17
6.420000E+03	4.248399E-15	4.354820E-17
6.430000E+03	4.258675E-15	4.393383E-17
6.440000E+03	4.387462E-15	4.558255E-17
6.450000E+03	4.638986E-15	4.856667E-17
6.460000E+03	5.018785E-15	5.297866E-17
6.470000E+03	5.533757E-15	5.893247E-17
6.480000E+03	6.192227E-15	6.656505E-17
6.490000E+03	7.005402E-15	7.605311E-17
6.500000E+03	7.991628E-15	8.766024E-17
6.510000E+03	9.184918E-15	1.018354E-16
6.520000E+03	1.065086E-14	1.194019E-16
6.530000E+03	1.250743E-14	1.418145E-16
6.540000E+03	1.482382E-14	1.700347E-16
6.550000E+03	1.748170E-14	2.028915E-16
6.560000E+03	2.026687E-14	2.380275E-16
6.570000E+03	2.290087E-14	2.722018E-16
6.580000E+03	2.509639E-14	3.019044E-16
6.590000E+03	2.662598E-14	3.241812E-16
6.600000E+03	2.737247E-14	3.372952E-16
6.610000E+03	2.733966E-14	3.409414E-16
6.620000E+03	2.662959E-14	3.360512E-16
6.630000E+03	2.540248E-14	3.243581E-16
6.640000E+03	2.383492E-14	3.079025E-16
6.650000E+03	2.208926E-14	2.886461E-16
6.660000E+03	2.029766E-14	2.682513E-16
6.670000E+03	1.855655E-14	2.479840E-16
6.680000E+03	1.692830E-14	2.287089E-16
6.690000E+03	1.544846E-14	2.109626E-16
6.700000E+03	1.413210E-14	1.950205E-16
6.710000E+03	1.297993E-14	1.809659E-16
6.720000E+03	1.198386E-14	1.687590E-16
6.730000E+03	1.113091E-14	1.582842E-16
6.740000E+03	1.040561E-14	1.493825E-16
6.750000E+03	9.791933E-15	1.418772E-16
6.760000E+03	9.273922E-15	1.355825E-16
6.770000E+03	8.836424E-15	1.303153E-16
6.780000E+03	8.465596E-15	1.259031E-16
6.790000E+03	8.148478E-15	1.221788E-16
6.800000E+03	7.873566E-15	1.189902E-16
6.810000E+03	7.630648E-15	1.161984E-16
6.820000E+03	7.411598E-15	1.136917E-16
6.830000E+03	7.210253E-15	1.113843E-16
6.840000E+03	7.022513E-15	1.092197E-16
6.850000E+03	6.846275E-15	1.071708E-16
6.860000E+03	6.681163E-15	1.052365E-16
6.870000E+03	6.528472E-15	1.034422E-16
6.880000E+03	6.390270E-15	1.018256E-16
6.890000E+03	6.269467E-15	1.004384E-16
6.900000E+03	6.168977E-15	9.933336E-17
6.910000E+03	6.091539E-15	9.856054E-17
6.920000E+03	6.039071E-15	9.815731E-17
6.930000E+03	6.012678E-15	9.814771E-17
6.940000E+03	6.012160E-15	9.853409E-17
6.950000E+03	6.036079E-15	9.929781E-17
6.960000E+03	6.081788E-15	1.003993E-16
6.970000E+03	6.145334E-15	1.017763E-16
6.980000E+03	6.221688E-15	1.033474E-16
6.990000E+03	6.305159E-15	1.050187E-16
7.000000E+03	6.389327E-15	1.066831E-16
7.010000E+03	6.467326E-15	1.082247E-16
7.020000E+03	6.532964E-15	1.095384E-16
7.030000E+03	6.580634E-15	1.105280E-16
7.040000E+03	6.606245E-15	1.111228E-16
7.050000E+03	6.607570E-15	1.112837E-16
7.060000E+03	6.584817E-15	1.110127E-16
7.070000E+03	6.540443E-15	1.103509E-16
7.080000E+03	6.479237E-15	1.093788E-16
7.090000E+03	6.407647E-15	1.082061E-16
7.100000E+03	6.333176E-15	1.069605E-16
7.110000E+03	6.263799E-15	1.057779E-16
7.120000E+03	6.207217E-15	1.047894E-16
7.130000E+03	6.169990E-15	1.041066E-16
7.140000E+03	6.157675E-15	1.038237E-16
7.150000E+03	6.173739E-15	1.039986E-16
7.160000E+03	6.220109E-15	1.046630E-16
7.170000E+03	6.296982E-15	1.058187E-16
7.180000E+03	6.402804E-15	1.074373E-16
7.190000E+03	6.534978E-15	1.094731E-16
7.200000E+03	6.689611E-15	1.118584E-16
7.210000E+03	6.862402E-15	1.145187E-16
7.220000E+03	7.048656E-15	1.173735E-16
7.230000E+03	7.243501E-15	1.203400E-16
7.240000E+03	7.441888E-15	1.233331E-16
7.250000E+03	7.638330E-15	1.262612E-16
7.260000E+03	7.826796E-15	1.290250E-16
7.270000E+03	7.999893E-15	1.315043E-16
7.280000E+03	8.149092E-15	1.335614E-16
7.290000E+03	8.264966E-15	1.350466E-16
7.300000E+03	8.338255E-15	1.358147E-16
7.310000E+03	8.361435E-15	1.357513E-16
7.320000E+03	8.330263E-15	1.347970E-16
7.330000E+03	8.244790E-15	1.329630E-16
7.340000E+03	8.110154E-15	1.303424E-16
7.350000E+03	7.935908E-15	1.270982E-16
7.360000E+03	7.734308E-15	1.234344E-16
7.370000E+03	7.518913E-15	1.195727E-16
7.380000E+03	7.302807E-15	1.157245E-16
7.390000E+03	7.097164E-15	1.120677E-16
7.400000E+03	6.910379E-15	1.087338E-16
7.410000E+03	6.747682E-15	1.058027E-16
7.420000E+03	6.611105E-15	1.033034E-16
7.430000E+03	6.499247E-15	1.012106E-16
7.440000E+03	6.408089E-15	9.945912E-17
7.450000E+03	6.331001E-15	9.794399E-17
7.460000E+03	6.259168E-15	9.652752E-17
7.470000E+03	6.182100E-15	9.504676E-17
7.480000E+03	6.088403E-15	9.332686E-17
7.490000E+03	5.966417E-15	9.119083E-17
7.500000E+03	5.805914E-15	8.848552E-17
7.510000E+03	5.599331E-15	8.509980E-17
7.520000E+03	5.353554E-15	8.114274E-17
7.530000E+03	5.091046E-15	7.695750E-17
7.540000E+03	4.832332E-15	7.285442E-17
7.550000E+03	4.593415E-15	6.907269E-17
7.560000E+03	4.385834E-15	6.578216E-17
7.570000E+03	4.217209E-15	6.309248E-17
7.580000E+03	4.091647E-15	6.105994E-17
7.590000E+03	4.010893E-15	5.970519E-17
7.600000E+03	3.974361E-15	5.901417E-17
7.610000E+03	3.979877E-15	5.894951E-17
7.620000E+03	4.023883E-15	5.945377E-17
7.630000E+03	4.101649E-15	6.045287E-17
7.640000E+03	4.207769E-15	6.186347E-17
7.650000E+03	4.336360E-15	6.359613E-17
7.660000E+03	4.481801E-15	6.556610E-17
7.670000E+03	4.639244E-15	6.770079E-17
7.680000E+03	4.804703E-15	6.994090E-17
7.690000E+03	4.974644E-15	7.223432E-17
7.700000E+03	5.146346E-15	7.454133E-17
7.710000E+03	5.316853E-15	7.681924E-17
7.720000E+03	5.482818E-15	7.902028E-17
7.730000E+03	5.640110E-15	8.108596E-17
7.740000E+03	5.783838E-15	8.294759E-17
7.750000E+03	5.908742E-15	8.453199E-17
7.760000E+03	6.009368E-15	8.576401E-17
7.770000E+03	6.080816E-15	8.657722E-17
7.780000E+03	6.119282E-15	8.692141E-17
7.790000E+03	6.122364E-15	8.676677E-17
7.800000E+03	6.089469E-15	8.610924E-17
7.810000E+03	6.022328E-15	8.497750E-17
7.820000E+03	5.924749E-15	8.342908E-17
7.830000E+03	5.802377E-15	8.154664E-17
7.840000E+03	5.662101E-15	7.942943E-17
7.850000E+03	5.511739E-15	7.718874E-17
7.860000E+03	5.358707E-15	7.492934E-17
7.870000E+03	5.209982E-15	7.274900E-17
7.880000E+03	5.071097E-15	7.072485E-17
7.890000E+03	4.946263E-15	6.891521E-17
7.900000E+03	4.838316E-15	6.735917E-17
7.910000E+03	4.748602E-15	6.607517E-17
7.920000E+03	4.677868E-15	6.507359E-17
7.930000E+03	4.625894E-15	6.435166E-17
7.940000E+03	4.592531E-15	6.390805E-17
7.950000E+03	4.577385E-15	6.373840E-17
7.960000E+03	4.579887E-15	6.383639E-17
7.970000E+03	4.599180E-15	6.419219E-17
7.980000E+03	4.633521E-15	6.478399E-17
7.990000E+03	4.679290E-15	6.556408E-17
8.000000E+03	4.730181E-15	6.644701E-17
8.010000E+03	4.776447E-15	6.729823E-17
8.020000E+03	4.804850E-15	6.793214E-17
8.030000E+03	4.799154E-15	6.811746E-17
8.040000E+03	4.744137E-15	6.763208E-17
8.050000E+03	4.643961E-15	6.652447E-17
8.060000E+03	4.515392E-15	6.502364E-17
8.070000E+03	4.373719E-15	6.334099E-17
8.080000E+03	4.231590E-15	6.165387E-17
8.090000E+03	4.098946E-15	6.010435E-17
8.100000E+03	3.982697E-15	5.879375E-17
8.110000E+03	3.887446E-15	5.779245E-17
8.120000E+03	3.815890E-15	5.714488E-17
8.130000E+03	3.769174E-15	5.687404E-17
8.140000E+03	3.747036E-15	5.698279E-17
8.150000E+03	3.748071E-15	5.745703E-17
8.160000E+03	3.769165E-15	5.825621E-17
8.170000E+03	3.805929E-15	5.931881E-17
8.180000E+03	3.851811E-15	6.054745E-17
8.190000E+03	3.898800E-15	6.181830E-17
8.200000E+03	3.936963E-15	6.297247E-17
8.210000E+03	3.955727E-15	6.383518E-17
8.220000E+03	3.944469E-15	6.422447E-17
8.230000E+03	3.894523E-15	6.398408E-17
8.240000E+03	3.800291E-15	6.300306E-17
8.250000E+03	3.661026E-15	6.124782E-17
8.260000E+03	3.480997E-15	5.876860E-17
8.270000E+03	3.269501E-15	5.570357E-17
8.280000E+03	3.039106E-15	5.225276E-17
8.290000E+03	2.803886E-15	4.865006E-17
8.300000E+03	2.577255E-15	4.512678E-17
8.310000E+03	2.370319E-15	4.188217E-17
8.320000E+03	2.191279E-15	3.907093E-17
8.330000E+03	2.045175E-15	3.679649E-17
8.340000E+03	1.934610E-15	3.512149E-17
8.350000E+03	1.860455E-15	3.407881E-17
8.360000E+03	1.822587E-15	3.368368E-17
8.370000E+03	1.820501E-15	3.394435E-17
8.380000E+03	1.853643E-15	3.486793E-17
8.390000E+03	1.921531E-15	3.646266E-17
8.400000E+03	2.023494E-15	3.873292E-17
8.410000E+03	2.158443E-15	4.167474E-17
8.420000E+03	2.324341E-15	4.526497E-17
8.430000E+03	2.518082E-15	4.945826E-17
8.440000E+03	2.735349E-15	5.418317E-17
8.450000E+03	2.971212E-15	5.935331E-17
8.460000E+03	3.220343E-15	6.487097E-17
8.470000E+03	3.478114E-15	7.064912E-17
8.480000E+03	3.740967E-15	7.661967E-17
8.490000E+03	4.007313E-15	8.275279E-17
8.500000E+03	4.277526E-15	8.905856E-17
8.510000E+03	4.553863E-15	9.558684E-17
8.520000E+03	4.840326E-15	1.024261E-16
8.530000E+03	5.142252E-15	1.096962E-16
8.540000E+03	5.465575E-15	1.175335E-16
8.550000E+03	5.816514E-15	1.260849E-16
8.560000E+03	6.200887E-15	1.354929E-16
8.570000E+03	6.623382E-15	1.458798E-16
8.580000E+03	7.086709E-15	1.573273E-16
8.590000E+03	7.590496E-15	1.698505E-16
8.600000E+03	8.130104E-15	1.833685E-16
8.610000E+03	8.695523E-15	1.976754E-16
8.620000E+03	9.271161E-15	2.124308E-16
8.630000E+03	9.835270E-15	2.271412E-16
8.640000E+03	1.036163E-14	2.411935E-16
8.650000E+03	1.082132E-14	2.538921E-16
8.660000E+03	1.118643E-14	2.645431E-16
8.670000E+03	1.143357E-14	2.725399E-16
8.680000E+03	1.154750E-14	2.774520E-16
8.690000E+03	1.152341E-14	2.790890E-16
8.700000E+03	1.136762E-14	2.775269E-16
8.710000E+03	1.109544E-14	2.730660E-16
8.720000E+03	1.072959E-14	2.662005E-16
8.730000E+03	1.029578E-14	2.575161E-16
8.740000E+03	9.820061E-15	2.476266E-16
8.750000E+03	9.325193E-15	2.370819E-16
8.760000E+03	8.830245E-15	2.263561E-16
8.770000E+03	8.350142E-15	2.158315E-16
8.780000E+03	7.894799E-15	2.057726E-16
8.790000E+03	7.471219E-15	1.963761E-16
8.800000E+03	7.082666E-15	1.877462E-16
8.810000E+03	6.730286E-15	1.799338E-16
8.820000E+03	6.413587E-15	1.729472E-16
8.830000E+03	6.130637E-15	1.667559E-16
8.840000E+03	5.878903E-15	1.613115E-16
8.850000E+03	5.655226E-15	1.565466E-16
8.860000E+03	5.456033E-15	1.523796E-16
8.870000E+03	5.277644E-15	1.487219E-16
8.880000E+03	5.116331E-15	1.454807E-16
8.890000E+03	4.968119E-15	1.425524E-16
8.900000E+03	4.829293E-15	1.398376E-16
8.910000E+03	4.696207E-15	1.372350E-16
8.920000E+03	4.566123E-15	1.346666E-16
8.930000E+03	4.438590E-15	1.321195E-16
8.940000E+03	4.315731E-15	1.296579E-16
8.950000E+03	4.199191E-15	1.273338E-16
8.960000E+03	4.090185E-15	1.251882E-16
8.970000E+03	3.989033E-15	1.232360E-16
8.980000E+03	3.895393E-15	1.214719E-16
8.990000E+03	3.808926E-15	1.198905E-16
9.000000E+03	3.729134E-15	1.184812E-16
9.040000E+03	3.473968E-15	1.145747E-16
9.080000E+03	3.332792E-15	1.140770E-16
9.120000E+03	3.295527E-15	1.170225E-16
9.160000E+03	3.336209E-15	1.228334E-16
9.200000E+03	3.476288E-15	1.326211E-16
9.240000E+03	3.696623E-15	1.460202E-16
9.280000E+03	3.854986E-15	1.575399E-16
9.320000E+03	3.839433E-15	1.621899E-16
9.360000E+03	3.703652E-15	1.615817E-16
9.400000E+03	3.552001E-15	1.599002E-16
9.440000E+03	3.433494E-15	1.593425E-16
9.480000E+03	3.355355E-15	1.603832E-16
9.520000E+03	3.307438E-15	1.626846E-16
9.560000E+03	3.265571E-15	1.651438E-16
9.600000E+03	3.227498E-15	1.676636E-16
9.640000E+03	3.211081E-15	1.712077E-16
9.680000E+03	3.205636E-15	1.752765E-16
9.720000E+03	3.182820E-15	1.783230E-16
9.760000E+03	3.131825E-15	1.796539E-16
9.800000E+03	3.062815E-15	1.797513E-16
9.840000E+03	2.996998E-15	1.798163E-16
9.880000E+03	2.956763E-15	1.812338E-16
9.920000E+03	2.966422E-15	1.856246E-16
9.960000E+03	3.063162E-15	1.955518E-16
1.000000E+04	3.278532E-15	2.133931E-16
1.004000E+04	3.608923E-15	2.393408E-16
1.008000E+04	4.016970E-15	2.712779E-16
1.012000E+04	4.456487E-15	3.062901E-16
1.016000E+04	4.887723E-15	3.416867E-16
1.020000E+04	5.283460E-15	3.754795E-16
1.024000E+04	5.626643E-15	4.062907E-16
1.028000E+04	5.907550E-15	4.332076E-16
1.032000E+04	6.121866E-15	4.556827E-16
