#wls	flux	fluxerr
1.600000E+03	2.154367E-17	1.762811E-17
1.640000E+03	2.170453E-17	1.759453E-17
1.680000E+03	2.185670E-17	1.755199E-17
1.720000E+03	2.200783E-17	1.750744E-17
1.760000E+03	2.215404E-17	1.745845E-17
1.800000E+03	2.229559E-17	1.740593E-17
1.840000E+03	2.243697E-17	1.735391E-17
1.880000E+03	2.257898E-17	1.730343E-17
1.920000E+03	2.272274E-17	1.725560E-17
1.960000E+03	2.286964E-17	1.721160E-17
2.000000E+03	2.302139E-17	1.717267E-17
2.040000E+03	2.318394E-17	1.714306E-17
2.080000E+03	2.336351E-17	1.712694E-17
2.120000E+03	2.355480E-17	1.711989E-17
2.160000E+03	2.376846E-17	1.712909E-17
2.200000E+03	2.400750E-17	1.715597E-17
2.240000E+03	2.427511E-17	1.720204E-17
2.280000E+03	2.457456E-17	1.726882E-17
2.320000E+03	2.491706E-17	1.736334E-17
2.360000E+03	2.530198E-17	1.748422E-17
2.400000E+03	2.573647E-17	1.763543E-17
2.440000E+03	2.622753E-17	1.782061E-17
2.480000E+03	2.677390E-17	1.803761E-17
2.520000E+03	2.738985E-17	1.829445E-17
2.560000E+03	2.806923E-17	1.858502E-17
2.600000E+03	2.882528E-17	1.891566E-17
2.640000E+03	2.965450E-17	1.928100E-17
2.680000E+03	3.056888E-17	1.968511E-17
2.720000E+03	3.156329E-17	2.012016E-17
2.760000E+03	3.264416E-17	2.058497E-17
2.800000E+03	3.381312E-17	2.107441E-17
2.840000E+03	3.507124E-17	2.158217E-17
2.880000E+03	3.641925E-17	2.210098E-17
2.920000E+03	3.786654E-17	2.262808E-17
2.960000E+03	3.941001E-17	2.315250E-17
3.000000E+03	4.106057E-17	2.367110E-17
3.010000E+03	4.148941E-17	2.379837E-17
3.020000E+03	4.192739E-17	2.392588E-17
3.030000E+03	4.237010E-17	2.405097E-17
3.040000E+03	4.282200E-17	2.417600E-17
3.050000E+03	4.328315E-17	2.430084E-17
3.060000E+03	4.374913E-17	2.442282E-17
3.070000E+03	4.422447E-17	2.454434E-17
3.080000E+03	4.470926E-17	2.466525E-17
3.090000E+03	4.520359E-17	2.478543E-17
3.100000E+03	4.570307E-17	2.490229E-17
3.110000E+03	4.621232E-17	2.501821E-17
3.120000E+03	4.673602E-17	2.513551E-17
3.130000E+03	4.726527E-17	2.524920E-17
3.140000E+03	4.780477E-17	2.536165E-17
3.150000E+03	4.835472E-17	2.547277E-17
3.160000E+03	4.891991E-17	2.558487E-17
3.170000E+03	4.949145E-17	2.569310E-17
3.180000E+03	5.007873E-17	2.580216E-17
3.190000E+03	5.067747E-17	2.590960E-17
3.200000E+03	5.128798E-17	2.601538E-17
3.210000E+03	5.191059E-17	2.611946E-17
3.220000E+03	5.255026E-17	2.622412E-17
3.230000E+03	5.320740E-17	2.632927E-17
3.240000E+03	5.387319E-17	2.643033E-17
3.250000E+03	5.456193E-17	2.653407E-17
3.260000E+03	5.526022E-17	2.663368E-17
3.270000E+03	5.598247E-17	2.673588E-17
3.280000E+03	5.671994E-17	2.683613E-17
3.290000E+03	5.747786E-17	2.693664E-17
3.300000E+03	5.825683E-17	2.703735E-17
3.310000E+03	5.905281E-17	2.713605E-17
3.320000E+03	5.987585E-17	2.723701E-17
3.330000E+03	6.071726E-17	2.733587E-17
3.340000E+03	6.158721E-17	2.743682E-17
3.350000E+03	6.247703E-17	2.753557E-17
3.360000E+03	6.339699E-17	2.763622E-17
3.370000E+03	6.434323E-17	2.773657E-17
3.380000E+03	6.532139E-17	2.783853E-17
3.390000E+03	6.632284E-17	2.793789E-17
3.400000E+03	6.736291E-17	2.804055E-17
3.410000E+03	6.842820E-17	2.814029E-17
3.420000E+03	6.953418E-17	2.824286E-17
3.430000E+03	7.066741E-17	2.834209E-17
3.440000E+03	7.184355E-17	2.844356E-17
3.450000E+03	7.305888E-17	2.854497E-17
3.460000E+03	7.430968E-17	2.864404E-17
3.470000E+03	7.560200E-17	2.874228E-17
3.480000E+03	7.694203E-17	2.884110E-17
3.490000E+03	7.832109E-17	2.893623E-17
3.500000E+03	7.975038E-17	2.903083E-17
3.510000E+03	8.122620E-17	2.912243E-17
3.520000E+03	8.274984E-17	2.921036E-17
3.530000E+03	8.432767E-17	2.929568E-17
3.540000E+03	8.595599E-17	2.937582E-17
3.550000E+03	8.764125E-17	2.945170E-17
3.560000E+03	8.938491E-17	2.952240E-17
3.570000E+03	9.118321E-17	2.958525E-17
3.580000E+03	9.304801E-17	2.964261E-17
3.590000E+03	9.497033E-17	2.969006E-17
3.600000E+03	9.696220E-17	2.972978E-17
3.610000E+03	9.901453E-17	2.975732E-17
3.620000E+03	1.011395E-16	2.977469E-17
3.630000E+03	1.033333E-16	2.977900E-17
3.640000E+03	1.056029E-16	2.977050E-17
3.650000E+03	1.079445E-16	2.974627E-17
3.660000E+03	1.103650E-16	2.970645E-17
3.670000E+03	1.128604E-16	2.964813E-17
3.680000E+03	1.154435E-16	2.957283E-17
3.690000E+03	1.181046E-16	2.947620E-17
3.700000E+03	1.208507E-16	2.935826E-17
3.710000E+03	1.236890E-16	2.921900E-17
3.720000E+03	1.266092E-16	2.905433E-17
3.730000E+03	1.296243E-16	2.886568E-17
3.740000E+03	1.327355E-16	2.865178E-17
3.750000E+03	1.359318E-16	2.840904E-17
3.760000E+03	1.392321E-16	2.814030E-17
3.770000E+03	1.426248E-16	2.784234E-17
3.780000E+03	1.461165E-16	2.751587E-17
3.790000E+03	1.497010E-16	2.715951E-17
3.800000E+03	1.533903E-16	2.677562E-17
3.810000E+03	1.571711E-16	2.636244E-17
3.820000E+03	1.610545E-16	2.592302E-17
3.830000E+03	1.650320E-16	2.545765E-17
3.840000E+03	1.691004E-16	2.496824E-17
3.850000E+03	1.732619E-16	2.445824E-17
3.860000E+03	1.775043E-16	2.392978E-17
3.870000E+03	1.818200E-16	2.338661E-17
3.880000E+03	1.862061E-16	2.283393E-17
3.890000E+03	1.906504E-16	2.227660E-17
3.900000E+03	1.951311E-16	2.171926E-17
3.910000E+03	1.996367E-16	2.116846E-17
3.920000E+03	2.041448E-16	2.063018E-17
3.930000E+03	2.086226E-16	2.010970E-17
3.940000E+03	2.130538E-16	1.961401E-17
3.950000E+03	2.173905E-16	1.914685E-17
3.960000E+03	2.216025E-16	1.871302E-17
3.970000E+03	2.256498E-16	1.831541E-17
3.980000E+03	2.294910E-16	1.795552E-17
3.990000E+03	2.330845E-16	1.763331E-17
4.000000E+03	2.363904E-16	1.734720E-17
4.010000E+03	2.393648E-16	1.709378E-17
4.020000E+03	2.419898E-16	1.687001E-17
4.030000E+03	2.442262E-16	1.667012E-17
4.040000E+03	2.460634E-16	1.648943E-17
4.050000E+03	2.474930E-16	1.632272E-17
4.060000E+03	2.485090E-16	1.616467E-17
4.070000E+03	2.491284E-16	1.601134E-17
4.080000E+03	2.493698E-16	1.585905E-17
4.090000E+03	2.492469E-16	1.570401E-17
4.100000E+03	2.488056E-16	1.554480E-17
4.110000E+03	2.480710E-16	1.537901E-17
4.120000E+03	2.470959E-16	1.520630E-17
4.130000E+03	2.459097E-16	1.502511E-17
4.140000E+03	2.445596E-16	1.483521E-17
4.150000E+03	2.430791E-16	1.463564E-17
4.160000E+03	2.414991E-16	1.442535E-17
4.170000E+03	2.398638E-16	1.420406E-17
4.180000E+03	2.381905E-16	1.396983E-17
4.190000E+03	2.365037E-16	1.372104E-17
4.200000E+03	2.348232E-16	1.345571E-17
4.210000E+03	2.331598E-16	1.317126E-17
4.220000E+03	2.315299E-16	1.286550E-17
4.230000E+03	2.299315E-16	1.253540E-17
4.240000E+03	2.283739E-16	1.217896E-17
4.250000E+03	2.268491E-16	1.179392E-17
4.260000E+03	2.253645E-16	1.137993E-17
4.270000E+03	2.239022E-16	1.093681E-17
4.280000E+03	2.224597E-16	1.046731E-17
4.290000E+03	2.210230E-16	9.976465E-18
4.300000E+03	2.195757E-16	9.472960E-18
4.310000E+03	2.181073E-16	8.970475E-18
4.320000E+03	2.165929E-16	8.487678E-18
4.330000E+03	2.150147E-16	8.049434E-18
4.340000E+03	2.133564E-16	7.685162E-18
4.350000E+03	2.116035E-16	7.424491E-18
4.360000E+03	2.097570E-16	7.289440E-18
4.370000E+03	2.078484E-16	7.285348E-18
4.380000E+03	2.059391E-16	7.397709E-18
4.390000E+03	2.041030E-16	7.598725E-18
4.400000E+03	2.024289E-16	7.858195E-18
4.410000E+03	2.009927E-16	8.149858E-18
4.420000E+03	1.998603E-16	8.454274E-18
4.430000E+03	1.990878E-16	8.758851E-18
4.440000E+03	1.987152E-16	9.056290E-18
4.450000E+03	1.987723E-16	9.343360E-18
4.460000E+03	1.992766E-16	9.619439E-18
4.470000E+03	2.002313E-16	9.885329E-18
4.480000E+03	2.016319E-16	1.014282E-17
4.490000E+03	2.034649E-16	1.039402E-17
4.500000E+03	2.057022E-16	1.064073E-17
4.510000E+03	2.083209E-16	1.088516E-17
4.520000E+03	2.112827E-16	1.112869E-17
4.530000E+03	2.145410E-16	1.137209E-17
4.540000E+03	2.180604E-16	1.161652E-17
4.550000E+03	2.217831E-16	1.186162E-17
4.560000E+03	2.256609E-16	1.210719E-17
4.570000E+03	2.296396E-16	1.235236E-17
4.580000E+03	2.336597E-16	1.259560E-17
4.590000E+03	2.376693E-16	1.283541E-17
4.600000E+03	2.415980E-16	1.306897E-17
4.610000E+03	2.453904E-16	1.329397E-17
4.620000E+03	2.489828E-16	1.350738E-17
4.630000E+03	2.523038E-16	1.370557E-17
4.640000E+03	2.552956E-16	1.388547E-17
4.650000E+03	2.578943E-16	1.404359E-17
4.660000E+03	2.600307E-16	1.417611E-17
4.670000E+03	2.616536E-16	1.428021E-17
4.680000E+03	2.627067E-16	1.435282E-17
4.690000E+03	2.631487E-16	1.439182E-17
4.700000E+03	2.629379E-16	1.439517E-17
4.710000E+03	2.620630E-16	1.436260E-17
4.720000E+03	2.605069E-16	1.429362E-17
4.730000E+03	2.582905E-16	1.418988E-17
4.740000E+03	2.554362E-16	1.405308E-17
4.750000E+03	2.519962E-16	1.388646E-17
4.760000E+03	2.480381E-16	1.369399E-17
4.770000E+03	2.436478E-16	1.348039E-17
4.780000E+03	2.389266E-16	1.325104E-17
4.790000E+03	2.339913E-16	1.301194E-17
4.800000E+03	2.289645E-16	1.276921E-17
4.810000E+03	2.239710E-16	1.252894E-17
4.820000E+03	2.191450E-16	1.229762E-17
4.830000E+03	2.146100E-16	1.208111E-17
4.840000E+03	2.104892E-16	1.188526E-17
4.850000E+03	2.068956E-16	1.171536E-17
4.860000E+03	2.039323E-16	1.157626E-17
4.870000E+03	2.016941E-16	1.147244E-17
4.880000E+03	2.002595E-16	1.140757E-17
4.890000E+03	1.997015E-16	1.138518E-17
4.900000E+03	2.000729E-16	1.140776E-17
4.910000E+03	2.014168E-16	1.147743E-17
4.920000E+03	2.037600E-16	1.159552E-17
4.930000E+03	2.071029E-16	1.176204E-17
4.940000E+03	2.114361E-16	1.197662E-17
4.950000E+03	2.167118E-16	1.223693E-17
4.960000E+03	2.228618E-16	1.253972E-17
4.970000E+03	2.297762E-16	1.287964E-17
4.980000E+03	2.373171E-16	1.325001E-17
4.990000E+03	2.452979E-16	1.364166E-17
5.000000E+03	2.535123E-16	1.404451E-17
5.010000E+03	2.617076E-16	1.444600E-17
5.020000E+03	2.696307E-16	1.483359E-17
5.030000E+03	2.770113E-16	1.519371E-17
5.040000E+03	2.835933E-16	1.551339E-17
5.050000E+03	2.891519E-16	1.578112E-17
5.060000E+03	2.934998E-16	1.598714E-17
5.070000E+03	2.965165E-16	1.612499E-17
5.080000E+03	2.981324E-16	1.619067E-17
5.090000E+03	2.983588E-16	1.618429E-17
5.100000E+03	2.972594E-16	1.610855E-17
5.110000E+03	2.949557E-16	1.596914E-17
5.120000E+03	2.916138E-16	1.577411E-17
5.130000E+03	2.874234E-16	1.553277E-17
5.140000E+03	2.825832E-16	1.525496E-17
5.150000E+03	2.772979E-16	1.495097E-17
5.160000E+03	2.717568E-16	1.463042E-17
5.170000E+03	2.661274E-16	1.430184E-17
5.180000E+03	2.605588E-16	1.397292E-17
5.190000E+03	2.551713E-16	1.364986E-17
5.200000E+03	2.500584E-16	1.333747E-17
5.210000E+03	2.452864E-16	1.303908E-17
5.220000E+03	2.409049E-16	1.275703E-17
5.230000E+03	2.369385E-16	1.249222E-17
5.240000E+03	2.334008E-16	1.224481E-17
5.250000E+03	2.302864E-16	1.201375E-17
5.260000E+03	2.275816E-16	1.179733E-17
5.270000E+03	2.252645E-16	1.159316E-17
5.280000E+03	2.233063E-16	1.139826E-17
5.290000E+03	2.216719E-16	1.120897E-17
5.300000E+03	2.203261E-16	1.102136E-17
5.310000E+03	2.192358E-16	1.083123E-17
5.320000E+03	2.183643E-16	1.063384E-17
5.330000E+03	2.176786E-16	1.042421E-17
5.340000E+03	2.171529E-16	1.019731E-17
5.350000E+03	2.167712E-16	9.948091E-18
5.360000E+03	2.165205E-16	9.671157E-18
5.370000E+03	2.163976E-16	9.361027E-18
5.380000E+03	2.164119E-16	9.012229E-18
5.390000E+03	2.165837E-16	8.619195E-18
5.400000E+03	2.169462E-16	8.176418E-18
5.410000E+03	2.175330E-16	7.678186E-18
5.420000E+03	2.183989E-16	7.119885E-18
5.430000E+03	2.195983E-16	6.498221E-18
5.440000E+03	2.211930E-16	5.813586E-18
5.450000E+03	2.232456E-16	5.074193E-18
5.460000E+03	2.258129E-16	4.305376E-18
5.470000E+03	2.289453E-16	3.570757E-18
5.480000E+03	2.326681E-16	3.011618E-18
5.490000E+03	2.369797E-16	2.858170E-18
5.500000E+03	2.418293E-16	3.245840E-18
5.510000E+03	2.471238E-16	4.040800E-18
5.520000E+03	2.527089E-16	5.038411E-18
5.530000E+03	2.583962E-16	6.108513E-18
5.540000E+03	2.639628E-16	7.179937E-18
5.550000E+03	2.691673E-16	8.210430E-18
5.560000E+03	2.737708E-16	9.171807E-18
5.570000E+03	2.775330E-16	1.004320E-17
5.580000E+03	2.802525E-16	1.080952E-17
5.590000E+03	2.817586E-16	1.146005E-17
5.600000E+03	2.819390E-16	1.198885E-17
5.610000E+03	2.807382E-16	1.239436E-17
5.620000E+03	2.781702E-16	1.267965E-17
5.630000E+03	2.742984E-16	1.285119E-17
5.640000E+03	2.692520E-16	1.291930E-17
5.650000E+03	2.632065E-16	1.289693E-17
5.660000E+03	2.563720E-16	1.279892E-17
5.670000E+03	2.489712E-16	1.264064E-17
5.680000E+03	2.412471E-16	1.243833E-17
5.690000E+03	2.334336E-16	1.220750E-17
5.700000E+03	2.257521E-16	1.196273E-17
5.710000E+03	2.184040E-16	1.171733E-17
5.720000E+03	2.115685E-16	1.148319E-17
5.730000E+03	2.053956E-16	1.127052E-17
5.740000E+03	2.000056E-16	1.108779E-17
5.750000E+03	1.954999E-16	1.094234E-17
5.760000E+03	1.919489E-16	1.083977E-17
5.770000E+03	1.894039E-16	1.078456E-17
5.780000E+03	1.878994E-16	1.078018E-17
5.790000E+03	1.874482E-16	1.082883E-17
5.800000E+03	1.880519E-16	1.093202E-17
5.810000E+03	1.896944E-16	1.109013E-17
5.820000E+03	1.923418E-16	1.130245E-17
5.830000E+03	1.959472E-16	1.156742E-17
5.840000E+03	2.004432E-16	1.188220E-17
5.850000E+03	2.057418E-16	1.224267E-17
5.860000E+03	2.117309E-16	1.264320E-17
5.870000E+03	2.182804E-16	1.307704E-17
5.880000E+03	2.252363E-16	1.353598E-17
5.890000E+03	2.324219E-16	1.401038E-17
5.900000E+03	2.396505E-16	1.448989E-17
5.910000E+03	2.467201E-16	1.496315E-17
5.920000E+03	2.534325E-16	1.541881E-17
5.930000E+03	2.595903E-16	1.584535E-17
5.940000E+03	2.650119E-16	1.623190E-17
5.950000E+03	2.695495E-16	1.656939E-17
5.960000E+03	2.730788E-16	1.684982E-17
5.970000E+03	2.755133E-16	1.706725E-17
5.980000E+03	2.768142E-16	1.721845E-17
5.990000E+03	2.769785E-16	1.730218E-17
6.000000E+03	2.760459E-16	1.731979E-17
6.010000E+03	2.740920E-16	1.727482E-17
6.020000E+03	2.712214E-16	1.717268E-17
6.030000E+03	2.675579E-16	1.702006E-17
6.040000E+03	2.632453E-16	1.682509E-17
6.050000E+03	2.584285E-16	1.659611E-17
6.060000E+03	2.532578E-16	1.634205E-17
6.070000E+03	2.478690E-16	1.607106E-17
6.080000E+03	2.423963E-16	1.579140E-17
6.090000E+03	2.369548E-16	1.551028E-17
6.100000E+03	2.316496E-16	1.523443E-17
6.110000E+03	2.265641E-16	1.496931E-17
6.120000E+03	2.217687E-16	1.471963E-17
6.130000E+03	2.173205E-16	1.448936E-17
6.140000E+03	2.132549E-16	1.428110E-17
6.150000E+03	2.095997E-16	1.409702E-17
6.160000E+03	2.063762E-16	1.393890E-17
6.170000E+03	2.035839E-16	1.380708E-17
6.180000E+03	2.012282E-16	1.370231E-17
6.190000E+03	1.992933E-16	1.362394E-17
6.200000E+03	1.977695E-16	1.357170E-17
6.210000E+03	1.966350E-16	1.354448E-17
6.220000E+03	1.958666E-16	1.354105E-17
6.230000E+03	1.954402E-16	1.356009E-17
6.240000E+03	1.953248E-16	1.359972E-17
6.250000E+03	1.954896E-16	1.365807E-17
6.260000E+03	1.959027E-16	1.373311E-17
6.270000E+03	1.965312E-16	1.382270E-17
6.280000E+03	1.973421E-16	1.392462E-17
6.290000E+03	1.983047E-16	1.403679E-17
6.300000E+03	1.993839E-16	1.415675E-17
6.310000E+03	2.005483E-16	1.428226E-17
6.320000E+03	2.017696E-16	1.441129E-17
6.330000E+03	2.030168E-16	1.454158E-17
6.340000E+03	2.042629E-16	1.467114E-17
6.350000E+03	2.054857E-16	1.479832E-17
6.360000E+03	2.066629E-16	1.492148E-17
6.370000E+03	2.077723E-16	1.503899E-17
6.380000E+03	2.087998E-16	1.514980E-17
6.390000E+03	2.097312E-16	1.525287E-17
6.400000E+03	2.105530E-16	1.534725E-17
6.410000E+03	2.112624E-16	1.543273E-17
6.420000E+03	2.118512E-16	1.550876E-17
6.430000E+03	2.123171E-16	1.557520E-17
6.440000E+03	2.126598E-16	1.563205E-17
6.450000E+03	2.128815E-16	1.567949E-17
6.460000E+03	2.129890E-16	1.571801E-17
6.470000E+03	2.129880E-16	1.574802E-17
6.480000E+03	2.128829E-16	1.576979E-17
6.490000E+03	2.126843E-16	1.578407E-17
6.500000E+03	2.124006E-16	1.579138E-17
6.510000E+03	2.120432E-16	1.579249E-17
6.520000E+03	2.116149E-16	1.578750E-17
6.530000E+03	2.111287E-16	1.577727E-17
6.540000E+03	2.105909E-16	1.576219E-17
6.550000E+03	2.100067E-16	1.574255E-17
6.560000E+03	2.093790E-16	1.571849E-17
6.570000E+03	2.087091E-16	1.569004E-17
6.580000E+03	2.079958E-16	1.565708E-17
6.590000E+03	2.072384E-16	1.561953E-17
6.600000E+03	2.064311E-16	1.557695E-17
6.610000E+03	2.055663E-16	1.552878E-17
6.620000E+03	2.046341E-16	1.547434E-17
6.630000E+03	2.036265E-16	1.541305E-17
6.640000E+03	2.025317E-16	1.534411E-17
6.650000E+03	2.013351E-16	1.526650E-17
6.660000E+03	2.000306E-16	1.517987E-17
6.670000E+03	1.986058E-16	1.508337E-17
6.680000E+03	1.970553E-16	1.497674E-17
6.690000E+03	1.953714E-16	1.485950E-17
6.700000E+03	1.935576E-16	1.473205E-17
6.710000E+03	1.916110E-16	1.459427E-17
6.720000E+03	1.895432E-16	1.444716E-17
6.730000E+03	1.873624E-16	1.429144E-17
6.740000E+03	1.850864E-16	1.412854E-17
6.750000E+03	1.827347E-16	1.395998E-17
6.760000E+03	1.803307E-16	1.378758E-17
6.770000E+03	1.779012E-16	1.361338E-17
6.780000E+03	1.754783E-16	1.343980E-17
6.790000E+03	1.730917E-16	1.326905E-17
6.800000E+03	1.707752E-16	1.310363E-17
6.810000E+03	1.685657E-16	1.294626E-17
6.820000E+03	1.664984E-16	1.279949E-17
6.830000E+03	1.646059E-16	1.266567E-17
6.840000E+03	1.629271E-16	1.254762E-17
6.850000E+03	1.614904E-16	1.244733E-17
6.860000E+03	1.603321E-16	1.236739E-17
6.870000E+03	1.594797E-16	1.230970E-17
6.880000E+03	1.589609E-16	1.227618E-17
6.890000E+03	1.588033E-16	1.226875E-17
6.900000E+03	1.590277E-16	1.228877E-17
6.910000E+03	1.596543E-16	1.233757E-17
6.920000E+03	1.607029E-16	1.241644E-17
6.930000E+03	1.621855E-16	1.252607E-17
6.940000E+03	1.641130E-16	1.266707E-17
6.950000E+03	1.664949E-16	1.283994E-17
6.960000E+03	1.693342E-16	1.304471E-17
6.970000E+03	1.726249E-16	1.328069E-17
6.980000E+03	1.763679E-16	1.354778E-17
6.990000E+03	1.805441E-16	1.384436E-17
7.000000E+03	1.851413E-16	1.416938E-17
7.010000E+03	1.901369E-16	1.452102E-17
7.020000E+03	1.954965E-16	1.489664E-17
7.030000E+03	2.011915E-16	1.529405E-17
7.040000E+03	2.071797E-16	1.571013E-17
7.050000E+03	2.134176E-16	1.614166E-17
7.060000E+03	2.198579E-16	1.658522E-17
7.070000E+03	2.264516E-16	1.703726E-17
7.080000E+03	2.331483E-16	1.749421E-17
7.090000E+03	2.398983E-16	1.795251E-17
7.100000E+03	2.466500E-16	1.840848E-17
7.110000E+03	2.533579E-16	1.885892E-17
7.120000E+03	2.599843E-16	1.930113E-17
7.130000E+03	2.664884E-16	1.973220E-17
7.140000E+03	2.728382E-16	2.014980E-17
7.150000E+03	2.790062E-16	2.055191E-17
7.160000E+03	2.849698E-16	2.093680E-17
7.170000E+03	2.907058E-16	2.130268E-17
7.180000E+03	2.962021E-16	2.164852E-17
7.190000E+03	3.014401E-16	2.197282E-17
7.200000E+03	3.064058E-16	2.227437E-17
7.210000E+03	3.110797E-16	2.255161E-17
7.220000E+03	3.154493E-16	2.280349E-17
7.230000E+03	3.194945E-16	2.302848E-17
7.240000E+03	3.231868E-16	2.322449E-17
7.250000E+03	3.264929E-16	2.338917E-17
7.260000E+03	3.293891E-16	2.352099E-17
7.270000E+03	3.318241E-16	2.361650E-17
7.280000E+03	3.337668E-16	2.367385E-17
7.290000E+03	3.351694E-16	2.369010E-17
7.300000E+03	3.359884E-16	2.366274E-17
7.310000E+03	3.361764E-16	2.358910E-17
7.320000E+03	3.356989E-16	2.346754E-17
7.330000E+03	3.345118E-16	2.329583E-17
7.340000E+03	3.325978E-16	2.307373E-17
7.350000E+03	3.299290E-16	2.280031E-17
7.360000E+03	3.265027E-16	2.247646E-17
7.370000E+03	3.223184E-16	2.210325E-17
7.380000E+03	3.173929E-16	2.168294E-17
7.390000E+03	3.117559E-16	2.121865E-17
7.400000E+03	3.054499E-16	2.071428E-17
7.410000E+03	2.985291E-16	2.017445E-17
7.420000E+03	2.910549E-16	1.960408E-17
7.430000E+03	2.831066E-16	1.900914E-17
7.440000E+03	2.747669E-16	1.839556E-17
7.450000E+03	2.661204E-16	1.776915E-17
7.460000E+03	2.572631E-16	1.713622E-17
7.470000E+03	2.482850E-16	1.650237E-17
7.480000E+03	2.392827E-16	1.587338E-17
7.490000E+03	2.303465E-16	1.525433E-17
7.500000E+03	2.215624E-16	1.464982E-17
7.510000E+03	2.130078E-16	1.406368E-17
7.520000E+03	2.047594E-16	1.349963E-17
7.530000E+03	1.968832E-16	1.296061E-17
7.540000E+03	1.894373E-16	1.244906E-17
7.550000E+03	1.824740E-16	1.196714E-17
7.560000E+03	1.760317E-16	1.151627E-17
7.570000E+03	1.701441E-16	1.109770E-17
7.580000E+03	1.648394E-16	1.071258E-17
7.590000E+03	1.601365E-16	1.036165E-17
7.600000E+03	1.560476E-16	1.004546E-17
7.610000E+03	1.525794E-16	9.764369E-18
7.620000E+03	1.497311E-16	9.518429E-18
7.630000E+03	1.475037E-16	9.307932E-18
7.640000E+03	1.458895E-16	9.132663E-18
7.650000E+03	1.448743E-16	8.992037E-18
7.660000E+03	1.444422E-16	8.885334E-18
7.670000E+03	1.445751E-16	8.811647E-18
7.680000E+03	1.452463E-16	8.769452E-18
7.690000E+03	1.464307E-16	8.757231E-18
7.700000E+03	1.480893E-16	8.772532E-18
7.710000E+03	1.501841E-16	8.812869E-18
7.720000E+03	1.526665E-16	8.875063E-18
7.730000E+03	1.554881E-16	8.955921E-18
7.740000E+03	1.585855E-16	9.051332E-18
7.750000E+03	1.618955E-16	9.157251E-18
7.760000E+03	1.653480E-16	9.269232E-18
7.770000E+03	1.688685E-16	9.382643E-18
7.780000E+03	1.723786E-16	9.492625E-18
7.790000E+03	1.758053E-16	9.594633E-18
7.800000E+03	1.790773E-16	9.684126E-18
7.810000E+03	1.821277E-16	9.756684E-18
7.820000E+03	1.849057E-16	9.808550E-18
7.830000E+03	1.873656E-16	9.835972E-18
7.840000E+03	1.894889E-16	9.836281E-18
7.850000E+03	1.912688E-16	9.806984E-18
7.860000E+03	1.927092E-16	9.745676E-18
7.870000E+03	1.938353E-16	9.650504E-18
7.880000E+03	1.946909E-16	9.519953E-18
7.890000E+03	1.953160E-16	9.351699E-18
7.900000E+03	1.957597E-16	9.143232E-18
7.910000E+03	1.960715E-16	8.891414E-18
7.920000E+03	1.962858E-16	8.591854E-18
7.930000E+03	1.964250E-16	8.239230E-18
7.940000E+03	1.964905E-16	7.827241E-18
7.950000E+03	1.964545E-16	7.348857E-18
7.960000E+03	1.962652E-16	6.797461E-18
7.970000E+03	1.958350E-16	6.167790E-18
7.980000E+03	1.950386E-16	5.458010E-18
7.990000E+03	1.937380E-16	4.673687E-18
8.000000E+03	1.917595E-16	3.832554E-18
8.010000E+03	1.889444E-16	2.977084E-18
8.020000E+03	1.851507E-16	2.202583E-18
8.030000E+03	1.802979E-16	1.716105E-18
8.040000E+03	1.744163E-16	1.760760E-18
8.050000E+03	1.676367E-16	2.213814E-18
8.060000E+03	1.601932E-16	2.775870E-18
8.070000E+03	1.523557E-16	3.296776E-18
8.080000E+03	1.443881E-16	3.727264E-18
8.090000E+03	1.365129E-16	4.058380E-18
8.100000E+03	1.289095E-16	4.297626E-18
8.110000E+03	1.217030E-16	4.458727E-18
8.120000E+03	1.149762E-16	4.557100E-18
8.130000E+03	1.087765E-16	4.607530E-18
8.140000E+03	1.031205E-16	4.622935E-18
8.150000E+03	9.800392E-17	4.614063E-18
8.160000E+03	9.340826E-17	4.589513E-18
8.170000E+03	8.930488E-17	4.555875E-18
8.180000E+03	8.566634E-17	4.518404E-18
8.190000E+03	8.245487E-17	4.480581E-18
8.200000E+03	7.964035E-17	4.445218E-18
8.210000E+03	7.719035E-17	4.414115E-18
8.220000E+03	7.507658E-17	4.388560E-18
8.230000E+03	7.327632E-17	4.369578E-18
8.240000E+03	7.176528E-17	4.357629E-18
8.250000E+03	7.052514E-17	4.353164E-18
8.260000E+03	6.954322E-17	4.356709E-18
8.270000E+03	6.880542E-17	4.368501E-18
8.280000E+03	6.830426E-17	4.389047E-18
8.290000E+03	6.803407E-17	4.418871E-18
8.300000E+03	6.799089E-17	4.458529E-18
8.310000E+03	6.817688E-17	4.508920E-18
8.320000E+03	6.859220E-17	4.570757E-18
8.330000E+03	6.924408E-17	4.645171E-18
8.340000E+03	7.013738E-17	4.733079E-18
8.350000E+03	7.128140E-17	4.835635E-18
8.360000E+03	7.268990E-17	4.954239E-18
8.370000E+03	7.437346E-17	5.090023E-18
8.380000E+03	7.634795E-17	5.244429E-18
8.390000E+03	7.862787E-17	5.418776E-18
8.400000E+03	8.123133E-17	5.614616E-18
8.410000E+03	8.417431E-17	5.833352E-18
8.420000E+03	8.747430E-17	6.076511E-18
8.430000E+03	9.115018E-17	6.345745E-18
8.440000E+03	9.521539E-17	6.642372E-18
8.450000E+03	9.968868E-17	6.968117E-18
8.460000E+03	1.045822E-16	7.324293E-18
8.470000E+03	1.099056E-16	7.712064E-18
8.480000E+03	1.156714E-16	8.132832E-18
8.490000E+03	1.218812E-16	8.587217E-18
8.500000E+03	1.285361E-16	9.075809E-18
8.510000E+03	1.356351E-16	9.599020E-18
8.520000E+03	1.431672E-16	1.015652E-17
8.530000E+03	1.511176E-16	1.074763E-17
8.540000E+03	1.594677E-16	1.137136E-17
8.550000E+03	1.681827E-16	1.202546E-17
8.560000E+03	1.772283E-16	1.270766E-17
8.570000E+03	1.865584E-16	1.341473E-17
8.580000E+03	1.961181E-16	1.414276E-17
8.590000E+03	2.058392E-16	1.488677E-17
8.600000E+03	2.156514E-16	1.564163E-17
8.610000E+03	2.254682E-16	1.640094E-17
8.620000E+03	2.351983E-16	1.715796E-17
8.630000E+03	2.447484E-16	1.790579E-17
8.640000E+03	2.540058E-16	1.863613E-17
8.650000E+03	2.628732E-16	1.934176E-17
8.660000E+03	2.712375E-16	2.001434E-17
8.670000E+03	2.789913E-16	2.064591E-17
8.680000E+03	2.860255E-16	2.122830E-17
8.690000E+03	2.922540E-16	2.175501E-17
8.700000E+03	2.975773E-16	2.221844E-17
8.710000E+03	3.019250E-16	2.261302E-17
8.720000E+03	3.052351E-16	2.293370E-17
8.730000E+03	3.074618E-16	2.317651E-17
8.740000E+03	3.085711E-16	2.333822E-17
8.750000E+03	3.085603E-16	2.341787E-17
8.760000E+03	3.074463E-16	2.341590E-17
8.770000E+03	3.052462E-16	2.333268E-17
8.780000E+03	3.020081E-16	2.317092E-17
8.790000E+03	2.978093E-16	2.293556E-17
8.800000E+03	2.927229E-16	2.263125E-17
8.810000E+03	2.868401E-16	2.226413E-17
8.820000E+03	2.802617E-16	2.184110E-17
8.830000E+03	2.730942E-16	2.136968E-17
8.840000E+03	2.654533E-16	2.085817E-17
8.850000E+03	2.574427E-16	2.031412E-17
8.860000E+03	2.491755E-16	1.974589E-17
8.870000E+03	2.407538E-16	1.916114E-17
8.880000E+03	2.322676E-16	1.856671E-17
8.890000E+03	2.238146E-16	1.797018E-17
8.900000E+03	2.154673E-16	1.737723E-17
8.910000E+03	2.072935E-16	1.679329E-17
8.920000E+03	1.993513E-16	1.622309E-17
8.930000E+03	1.916976E-16	1.567139E-17
8.940000E+03	1.843614E-16	1.514075E-17
8.950000E+03	1.773767E-16	1.463422E-17
8.960000E+03	1.707646E-16	1.415386E-17
8.970000E+03	1.645435E-16	1.370150E-17
8.980000E+03	1.587168E-16	1.327784E-17
8.990000E+03	1.532910E-16	1.288378E-17
9.000000E+03	1.482639E-16	1.251954E-17
9.040000E+03	1.320026E-16	1.135668E-17
9.080000E+03	1.213227E-16	1.063318E-17
9.120000E+03	1.153231E-16	1.029859E-17
9.160000E+03	1.130582E-16	1.031553E-17
9.200000E+03	1.135887E-16	1.068741E-17
9.240000E+03	1.159592E-16	1.147868E-17
9.280000E+03	1.192027E-16	1.281001E-17
9.320000E+03	1.224659E-16	1.480648E-17
9.360000E+03	1.251392E-16	1.751348E-17
9.400000E+03	1.268944E-16	2.085389E-17
9.440000E+03	1.275976E-16	2.464701E-17
9.480000E+03	1.272494E-16	2.866378E-17
9.520000E+03	1.259270E-16	3.267790E-17
9.560000E+03	1.237473E-16	3.649802E-17
9.600000E+03	1.208483E-16	3.998138E-17
9.640000E+03	1.173736E-16	4.303385E-17
9.680000E+03	1.134571E-16	4.560179E-17
9.720000E+03	1.092228E-16	4.766578E-17
9.760000E+03	1.047814E-16	4.923267E-17
9.800000E+03	1.002289E-16	5.032836E-17
9.840000E+03	9.564630E-17	5.099151E-17
9.880000E+03	9.109414E-17	5.126500E-17
9.920000E+03	8.662543E-17	5.119810E-17
9.960000E+03	8.228103E-17	5.084053E-17
1.000000E+04	7.808551E-17	5.023658E-17
1.004000E+04	7.407127E-17	4.943805E-17
1.008000E+04	7.024589E-17	4.848178E-17
1.012000E+04	6.661100E-17	4.739966E-17
1.016000E+04	6.317917E-17	4.623008E-17
1.020000E+04	5.994269E-17	4.499537E-17
1.024000E+04	5.690614E-17	4.372486E-17
1.028000E+04	5.405619E-17	4.243219E-17
1.032000E+04	5.138781E-17	4.113495E-17
