#wls	flux	fluxerr
1.600000E+03	4.944125E-17	1.965310E-17
1.640000E+03	4.908779E-17	1.924131E-17
1.680000E+03	4.877296E-17	1.885318E-17
1.720000E+03	4.848267E-17	1.848279E-17
1.760000E+03	4.824353E-17	1.813975E-17
1.800000E+03	4.805485E-17	1.782294E-17
1.840000E+03	4.791589E-17	1.753119E-17
1.880000E+03	4.781253E-17	1.725847E-17
1.920000E+03	4.778408E-17	1.701799E-17
1.960000E+03	4.780294E-17	1.679865E-17
2.000000E+03	4.789473E-17	1.660827E-17
2.040000E+03	4.805835E-17	1.644502E-17
2.080000E+03	4.827965E-17	1.630262E-17
2.120000E+03	4.858382E-17	1.618814E-17
2.160000E+03	4.896971E-17	1.609947E-17
2.200000E+03	4.943629E-17	1.603453E-17
2.240000E+03	4.998262E-17	1.599125E-17
2.280000E+03	5.063351E-17	1.597564E-17
2.320000E+03	5.137534E-17	1.598128E-17
2.360000E+03	5.222031E-17	1.600986E-17
2.400000E+03	5.316813E-17	1.605899E-17
2.440000E+03	5.424397E-17	1.613380E-17
2.480000E+03	5.543565E-17	1.622793E-17
2.520000E+03	5.676903E-17	1.634610E-17
2.560000E+03	5.825793E-17	1.648898E-17
2.600000E+03	5.991683E-17	1.665704E-17
2.640000E+03	6.177331E-17	1.685381E-17
2.680000E+03	6.384365E-17	1.707906E-17
2.720000E+03	6.614555E-17	1.733230E-17
2.760000E+03	6.871049E-17	1.761594E-17
2.800000E+03	7.157191E-17	1.793184E-17
2.840000E+03	7.476570E-17	1.828132E-17
2.880000E+03	7.833076E-17	1.866515E-17
2.920000E+03	8.232176E-17	1.908638E-17
2.960000E+03	8.678582E-17	1.954441E-17
3.000000E+03	9.178757E-17	2.004071E-17
3.010000E+03	9.314338E-17	2.017371E-17
3.020000E+03	9.452191E-17	2.030554E-17
3.030000E+03	9.594808E-17	2.044134E-17
3.040000E+03	9.742260E-17	2.058095E-17
3.050000E+03	9.893400E-17	2.072165E-17
3.060000E+03	1.004830E-16	2.086332E-17
3.070000E+03	1.020949E-16	2.101090E-17
3.080000E+03	1.037460E-16	2.115916E-17
3.090000E+03	1.054494E-16	2.131046E-17
3.100000E+03	1.072061E-16	2.146465E-17
3.110000E+03	1.090047E-16	2.161910E-17
3.120000E+03	1.108709E-16	2.177854E-17
3.130000E+03	1.127934E-16	2.194034E-17
3.140000E+03	1.147609E-16	2.210194E-17
3.150000E+03	1.168118E-16	2.227030E-17
3.160000E+03	1.189101E-16	2.243810E-17
3.170000E+03	1.210694E-16	2.260753E-17
3.180000E+03	1.233160E-16	2.278302E-17
3.190000E+03	1.256140E-16	2.295740E-17
3.200000E+03	1.279897E-16	2.313506E-17
3.210000E+03	1.304447E-16	2.331576E-17
3.220000E+03	1.329680E-16	2.349700E-17
3.230000E+03	1.355739E-16	2.368078E-17
3.240000E+03	1.382642E-16	2.386684E-17
3.250000E+03	1.410407E-16	2.405490E-17
3.260000E+03	1.439054E-16	2.424468E-17
3.270000E+03	1.468602E-16	2.443588E-17
3.280000E+03	1.499200E-16	2.463034E-17
3.290000E+03	1.530614E-16	2.482348E-17
3.300000E+03	1.563122E-16	2.501923E-17
3.310000E+03	1.596620E-16	2.521513E-17
3.320000E+03	1.631262E-16	2.541292E-17
3.330000E+03	1.667075E-16	2.561218E-17
3.340000E+03	1.703953E-16	2.581051E-17
3.350000E+03	1.742055E-16	2.600953E-17
3.360000E+03	1.781277E-16	2.620685E-17
3.370000E+03	1.821915E-16	2.640598E-17
3.380000E+03	1.863868E-16	2.660448E-17
3.390000E+03	1.907166E-16	2.680188E-17
3.400000E+03	1.951843E-16	2.699768E-17
3.410000E+03	1.998070E-16	2.719328E-17
3.420000E+03	2.045745E-16	2.738624E-17
3.430000E+03	2.094903E-16	2.757603E-17
3.440000E+03	2.145722E-16	2.776391E-17
3.450000E+03	2.198241E-16	2.794925E-17
3.460000E+03	2.252359E-16	2.812965E-17
3.470000E+03	2.308401E-16	2.830799E-17
3.480000E+03	2.366124E-16	2.848006E-17
3.490000E+03	2.425860E-16	2.864866E-17
3.500000E+03	2.487363E-16	2.880960E-17
3.510000E+03	2.550971E-16	2.896554E-17
3.520000E+03	2.616585E-16	2.911400E-17
3.530000E+03	2.684400E-16	2.925583E-17
3.540000E+03	2.754317E-16	2.938854E-17
3.550000E+03	2.826385E-16	2.951131E-17
3.560000E+03	2.900806E-16	2.962484E-17
3.570000E+03	2.977631E-16	2.972822E-17
3.580000E+03	3.056916E-16	2.982049E-17
3.590000E+03	3.138713E-16	2.990070E-17
3.600000E+03	3.223077E-16	2.996787E-17
3.610000E+03	3.310062E-16	3.002102E-17
3.620000E+03	3.399724E-16	3.005916E-17
3.630000E+03	3.492116E-16	3.008130E-17
3.640000E+03	3.587457E-16	3.008784E-17
3.650000E+03	3.685640E-16	3.007638E-17
3.660000E+03	3.786886E-16	3.004728E-17
3.670000E+03	3.891251E-16	2.999954E-17
3.680000E+03	3.998625E-16	2.993092E-17
3.690000E+03	4.109229E-16	2.984182E-17
3.700000E+03	4.223120E-16	2.973137E-17
3.710000E+03	4.340350E-16	2.959876E-17
3.720000E+03	4.460974E-16	2.944330E-17
3.730000E+03	4.585043E-16	2.926439E-17
3.740000E+03	4.712607E-16	2.906155E-17
3.750000E+03	4.843714E-16	2.883445E-17
3.760000E+03	4.978590E-16	2.858399E-17
3.770000E+03	5.117102E-16	2.830912E-17
3.780000E+03	5.259476E-16	2.801112E-17
3.790000E+03	5.405567E-16	2.768948E-17
3.800000E+03	3.985751E-16	7.591867E-17
3.803041E+03	4.195051E-16	7.623943E-17
3.806083E+03	4.406809E-16	7.657589E-17
3.809124E+03	4.635953E-16	7.695433E-17
3.812166E+03	4.856262E-16	7.732981E-17
3.815207E+03	5.057445E-16	7.768079E-17
3.818249E+03	5.217302E-16	7.796096E-17
3.821290E+03	5.352368E-16	7.819730E-17
3.824331E+03	5.470708E-16	7.840325E-17
3.827373E+03	5.540430E-16	7.900062E-17
3.830414E+03	5.603301E-16	7.667814E-17
3.833456E+03	5.621977E-16	7.503470E-17
3.836497E+03	5.594021E-16	7.243431E-17
3.839538E+03	5.508520E-16	7.142329E-17
3.842580E+03	5.383024E-16	7.492905E-17
3.845621E+03	5.213888E-16	7.650553E-17
3.848663E+03	5.026949E-16	7.874367E-17
3.851704E+03	4.791705E-16	7.964569E-17
3.854745E+03	4.521879E-16	7.178452E-17
3.857787E+03	4.193018E-16	7.071428E-17
3.860828E+03	3.863289E-16	6.844162E-17
3.863870E+03	3.524611E-16	6.792827E-17
3.866911E+03	3.215170E-16	6.183492E-17
3.869952E+03	2.900622E-16	5.959699E-17
3.872994E+03	2.581975E-16	5.288990E-17
3.876035E+03	2.312182E-16	4.781417E-17
3.879077E+03	2.099140E-16	4.442390E-17
3.882118E+03	1.896187E-16	4.779534E-17
3.885160E+03	1.742446E-16	5.102006E-17
3.888201E+03	1.599737E-16	5.280166E-17
3.891242E+03	1.504601E-16	4.937888E-17
3.894284E+03	1.473835E-16	4.301486E-17
3.897325E+03	1.500743E-16	3.553799E-17
3.900367E+03	1.519949E-16	3.452580E-17
3.903408E+03	1.513510E-16	3.218129E-17
3.906449E+03	1.582869E-16	2.758119E-17
3.909491E+03	1.713379E-16	3.923285E-17
3.912532E+03	1.918146E-16	4.665747E-17
3.915574E+03	2.137195E-16	5.544464E-17
3.918615E+03	2.425755E-16	5.713786E-17
3.921656E+03	2.766580E-16	6.009899E-17
3.924698E+03	3.147742E-16	6.820593E-17
3.927739E+03	3.540914E-16	7.024077E-17
3.930781E+03	3.961686E-16	6.907543E-17
3.933822E+03	4.433145E-16	6.761408E-17
3.936863E+03	4.939107E-16	6.976732E-17
3.939905E+03	5.486667E-16	7.125889E-17
3.942946E+03	6.030677E-16	7.917600E-17
3.945988E+03	6.594224E-16	8.938905E-17
3.949029E+03	7.130525E-16	1.030197E-16
3.952070E+03	7.667121E-16	1.077204E-16
3.955112E+03	8.182337E-16	1.087229E-16
3.958153E+03	8.630379E-16	1.066318E-16
3.961195E+03	9.041420E-16	1.048056E-16
3.964236E+03	9.408155E-16	1.006672E-16
3.967278E+03	9.751242E-16	1.039318E-16
3.970319E+03	1.004919E-15	1.087217E-16
3.973360E+03	1.029956E-15	1.041782E-16
3.976402E+03	1.055889E-15	1.022801E-16
3.979443E+03	1.078664E-15	1.044904E-16
3.982485E+03	1.095503E-15	1.078193E-16
3.985526E+03	1.111067E-15	1.074963E-16
3.988567E+03	1.119800E-15	1.073240E-16
3.991609E+03	1.122857E-15	1.041513E-16
3.994650E+03	1.117923E-15	9.688787E-17
3.997692E+03	1.104308E-15	8.303220E-17
4.000733E+03	1.083408E-15	7.790659E-17
4.003774E+03	1.057839E-15	8.437230E-17
4.006816E+03	1.036728E-15	9.054172E-17
4.009857E+03	1.017399E-15	9.123654E-17
4.012899E+03	9.982090E-16	9.081833E-17
4.015940E+03	9.768238E-16	8.647428E-17
4.018981E+03	9.543186E-16	7.763716E-17
4.022023E+03	9.373504E-16	7.980466E-17
4.025064E+03	9.209880E-16	9.120108E-17
4.028106E+03	9.047852E-16	9.909923E-17
4.031147E+03	8.936954E-16	9.908934E-17
4.034189E+03	8.856288E-16	1.018185E-16
4.037230E+03	8.824134E-16	1.023295E-16
4.040271E+03	8.840303E-16	1.019607E-16
4.043313E+03	8.859519E-16	1.045456E-16
4.046354E+03	8.875893E-16	1.031888E-16
4.049396E+03	8.901612E-16	1.018390E-16
4.052437E+03	8.988070E-16	9.676174E-17
4.055479E+03	9.122686E-16	9.215178E-17
4.058520E+03	9.295721E-16	8.983762E-17
4.061561E+03	9.484631E-16	8.989807E-17
4.064603E+03	9.730465E-16	9.118700E-17
4.067644E+03	1.004624E-15	9.517064E-17
4.070686E+03	1.038971E-15	9.376141E-17
4.073727E+03	1.076860E-15	8.575881E-17
4.076768E+03	1.117336E-15	7.633547E-17
4.079810E+03	1.163287E-15	7.506518E-17
4.082851E+03	1.210363E-15	7.077385E-17
4.085893E+03	1.255556E-15	7.120114E-17
4.088934E+03	1.297137E-15	7.155872E-17
4.091975E+03	1.334413E-15	7.324274E-17
4.095017E+03	1.358009E-15	7.762825E-17
4.098058E+03	1.371134E-15	8.557706E-17
4.101100E+03	1.377081E-15	8.467783E-17
4.104141E+03	1.369401E-15	7.924324E-17
4.107182E+03	1.353297E-15	7.621567E-17
4.110224E+03	1.329379E-15	7.548116E-17
4.113265E+03	1.303482E-15	7.884352E-17
4.116307E+03	1.270826E-15	8.663561E-17
4.119348E+03	1.239650E-15	9.736248E-17
4.122390E+03	1.213781E-15	1.096031E-16
4.125431E+03	1.188578E-15	1.165486E-16
4.128472E+03	1.162029E-15	1.256631E-16
4.131514E+03	1.139586E-15	1.300387E-16
4.134555E+03	1.113170E-15	1.303318E-16
4.137596E+03	1.087137E-15	1.298515E-16
4.140638E+03	1.061486E-15	1.297015E-16
4.143679E+03	1.037786E-15	1.395619E-16
4.146721E+03	1.015121E-15	1.407276E-16
4.149762E+03	1.001840E-15	1.434353E-16
4.152804E+03	9.919576E-16	1.570017E-16
4.155845E+03	9.841515E-16	1.618379E-16
4.158886E+03	9.742051E-16	1.628929E-16
4.161928E+03	9.615476E-16	1.621697E-16
4.164969E+03	9.467693E-16	1.592629E-16
4.168011E+03	9.303177E-16	1.538038E-16
4.171052E+03	9.112757E-16	1.457436E-16
4.174093E+03	8.937386E-16	1.376804E-16
4.177135E+03	8.779513E-16	1.253582E-16
4.180176E+03	8.631600E-16	1.201594E-16
4.183218E+03	8.520147E-16	1.204065E-16
4.186259E+03	8.444143E-16	1.251304E-16
4.189301E+03	8.352226E-16	1.316963E-16
4.192342E+03	8.296785E-16	1.249801E-16
4.195383E+03	8.260499E-16	1.200862E-16
4.198425E+03	8.250713E-16	1.178282E-16
4.201466E+03	8.250915E-16	9.157956E-17
4.204508E+03	8.243162E-16	7.414646E-17
4.207549E+03	8.232959E-16	7.411320E-17
4.210590E+03	8.234786E-16	8.963187E-17
4.213632E+03	8.269859E-16	9.904488E-17
4.216673E+03	8.316358E-16	1.164979E-16
4.219715E+03	8.390198E-16	1.258464E-16
4.222756E+03	8.474861E-16	1.310435E-16
4.225797E+03	8.571571E-16	1.326507E-16
4.228839E+03	8.667885E-16	1.294855E-16
4.231880E+03	8.753192E-16	1.259083E-16
4.234922E+03	8.822591E-16	1.206391E-16
4.237963E+03	8.830771E-16	1.145947E-16
4.241005E+03	8.748735E-16	1.168490E-16
4.244046E+03	8.656684E-16	1.185132E-16
4.247087E+03	8.527262E-16	1.138226E-16
4.250129E+03	8.290029E-16	1.184656E-16
4.253170E+03	8.034591E-16	1.199916E-16
4.256212E+03	7.733175E-16	1.200001E-16
4.259253E+03	7.436616E-16	1.147717E-16
4.262294E+03	7.085899E-16	1.088114E-16
4.265336E+03	6.701028E-16	9.507947E-17
4.268377E+03	6.309566E-16	8.234757E-17
4.271419E+03	5.892315E-16	7.345346E-17
4.274460E+03	5.495634E-16	6.939200E-17
4.277501E+03	5.160589E-16	6.705281E-17
4.280543E+03	4.891891E-16	6.694319E-17
4.283584E+03	4.719791E-16	6.662373E-17
4.286626E+03	4.645737E-16	6.639182E-17
4.289667E+03	4.652792E-16	6.118019E-17
4.292708E+03	4.771417E-16	5.820017E-17
4.295750E+03	5.012876E-16	5.640171E-17
4.298791E+03	5.293604E-16	5.342753E-17
4.301833E+03	5.657552E-16	5.319311E-17
4.304874E+03	6.046074E-16	5.570129E-17
4.307916E+03	6.441187E-16	5.767240E-17
4.310957E+03	6.813454E-16	6.940480E-17
4.313998E+03	7.138952E-16	9.089664E-17
4.317040E+03	7.443840E-16	9.766944E-17
4.320081E+03	7.702965E-16	1.012330E-16
4.323123E+03	7.928997E-16	1.013583E-16
4.326164E+03	8.103523E-16	1.015680E-16
4.329205E+03	8.229398E-16	1.024396E-16
4.332247E+03	8.284115E-16	1.037220E-16
4.335288E+03	8.289749E-16	1.028156E-16
4.338330E+03	8.275746E-16	1.036838E-16
4.341371E+03	8.232692E-16	1.041704E-16
4.344412E+03	8.164468E-16	1.083590E-16
4.347454E+03	8.101758E-16	1.108234E-16
4.350495E+03	8.038832E-16	1.141399E-16
4.353537E+03	7.996152E-16	1.149827E-16
4.356578E+03	7.940369E-16	1.148490E-16
4.359619E+03	7.901152E-16	1.082239E-16
4.362661E+03	7.866839E-16	8.611135E-17
4.365702E+03	7.860148E-16	7.168801E-17
4.368744E+03	7.863278E-16	6.049498E-17
4.371785E+03	7.862312E-16	5.601106E-17
4.374827E+03	7.900234E-16	6.792787E-17
4.377868E+03	7.956786E-16	8.036960E-17
4.380909E+03	8.003926E-16	8.873986E-17
4.383951E+03	8.045951E-16	9.453563E-17
4.386992E+03	8.103333E-16	9.356270E-17
4.390034E+03	8.186108E-16	8.775268E-17
4.393075E+03	8.287318E-16	8.127503E-17
4.396116E+03	8.426011E-16	7.691578E-17
4.399158E+03	8.587653E-16	7.428442E-17
4.402199E+03	8.750539E-16	7.607757E-17
4.405241E+03	8.946619E-16	7.708627E-17
4.408282E+03	9.105441E-16	8.226197E-17
4.411323E+03	9.188490E-16	8.842963E-17
4.414365E+03	9.271135E-16	9.368186E-17
4.417406E+03	9.338013E-16	9.558633E-17
4.420448E+03	9.393012E-16	9.587604E-17
4.423489E+03	9.459897E-16	9.015441E-17
4.426530E+03	9.512444E-16	8.355845E-17
4.429572E+03	9.554134E-16	8.437485E-17
4.432613E+03	9.589882E-16	8.527501E-17
4.435655E+03	9.630549E-16	8.648185E-17
4.438696E+03	9.664045E-16	8.914680E-17
4.441738E+03	9.693236E-16	8.956375E-17
4.444779E+03	9.726321E-16	8.943607E-17
4.447820E+03	9.778058E-16	8.746134E-17
4.450862E+03	9.805200E-16	8.515804E-17
4.453903E+03	9.807128E-16	8.421140E-17
4.456945E+03	9.776665E-16	8.065499E-17
4.459986E+03	9.747630E-16	7.391811E-17
4.463027E+03	9.714898E-16	6.739617E-17
4.466069E+03	9.644230E-16	6.405799E-17
4.469110E+03	9.549564E-16	6.211182E-17
4.472152E+03	9.408135E-16	6.229155E-17
4.475193E+03	9.248235E-16	6.152618E-17
4.478234E+03	9.052430E-16	5.312434E-17
4.481276E+03	8.808412E-16	4.280463E-17
4.484317E+03	8.531349E-16	3.538511E-17
4.487359E+03	8.230673E-16	2.735805E-17
4.490400E+03	7.928324E-16	2.610024E-17
4.493441E+03	7.629842E-16	2.456347E-17
4.496483E+03	7.347124E-16	2.561429E-17
4.499524E+03	7.079146E-16	3.329458E-17
4.502566E+03	6.804987E-16	3.803686E-17
4.505607E+03	6.536954E-16	3.984620E-17
4.508649E+03	6.265818E-16	4.119364E-17
4.511690E+03	6.015785E-16	3.999904E-17
4.514731E+03	5.805531E-16	3.796020E-17
4.517773E+03	5.642858E-16	3.692202E-17
4.520814E+03	5.565320E-16	4.447962E-17
4.523856E+03	5.557333E-16	5.814288E-17
4.526897E+03	5.604131E-16	6.499562E-17
4.529938E+03	5.757023E-16	7.024220E-17
4.532980E+03	6.014788E-16	7.558063E-17
4.536021E+03	6.381543E-16	8.018875E-17
4.539063E+03	6.848678E-16	8.360386E-17
4.542104E+03	7.416202E-16	8.522094E-17
4.545145E+03	8.037121E-16	8.377569E-17
4.548187E+03	8.709592E-16	8.075842E-17
4.551228E+03	9.391744E-16	8.996401E-17
4.554270E+03	1.005114E-15	1.141055E-16
4.557311E+03	1.068737E-15	1.395059E-16
4.560352E+03	1.135421E-15	1.538965E-16
4.563394E+03	1.201389E-15	1.609638E-16
4.566435E+03	1.264218E-15	1.638320E-16
4.569477E+03	1.325796E-15	1.611529E-16
4.572518E+03	1.384275E-15	1.567646E-16
4.575560E+03	1.441994E-15	1.564083E-16
4.578601E+03	1.495834E-15	1.617141E-16
4.581642E+03	1.543967E-15	1.662911E-16
4.584684E+03	1.585179E-15	1.720292E-16
4.587725E+03	1.618671E-15	1.734388E-16
4.590767E+03	1.649306E-15	1.748153E-16
4.593808E+03	1.674068E-15	1.742381E-16
4.596850E+03	1.686796E-15	1.744107E-16
4.599891E+03	1.692663E-15	1.728374E-16
4.602932E+03	1.692860E-15	1.640668E-16
4.605974E+03	1.687592E-15	1.471932E-16
4.609015E+03	1.679077E-15	1.314856E-16
4.612056E+03	1.669347E-15	1.209243E-16
4.615098E+03	1.659204E-15	1.138433E-16
4.618139E+03	1.652712E-15	1.130895E-16
4.621181E+03	1.650406E-15	1.136334E-16
4.624222E+03	1.646023E-15	1.130791E-16
4.627264E+03	1.642930E-15	1.062717E-16
4.630305E+03	1.644249E-15	9.844578E-17
4.633346E+03	1.653428E-15	8.520807E-17
4.636388E+03	1.669070E-15	7.706887E-17
4.639429E+03	1.689637E-15	6.949930E-17
4.642471E+03	1.714736E-15	7.065153E-17
4.645512E+03	1.740425E-15	7.619849E-17
4.648553E+03	1.764344E-15	7.344308E-17
4.651595E+03	1.783249E-15	6.933133E-17
4.654636E+03	1.793834E-15	6.619507E-17
4.657678E+03	1.801355E-15	6.642843E-17
4.660719E+03	1.804417E-15	6.704038E-17
4.663761E+03	1.803738E-15	6.709407E-17
4.666802E+03	1.803670E-15	6.712636E-17
4.669843E+03	1.802305E-15	6.399191E-17
4.672885E+03	1.801448E-15	6.006789E-17
4.675926E+03	1.804056E-15	5.930796E-17
4.678967E+03	1.806966E-15	6.112923E-17
4.682009E+03	1.809542E-15	6.455483E-17
4.685050E+03	1.814453E-15	6.473916E-17
4.688092E+03	1.818127E-15	6.444259E-17
4.691133E+03	1.813526E-15	6.281529E-17
4.694175E+03	1.805310E-15	5.567497E-17
4.697216E+03	1.789314E-15	5.519101E-17
4.700257E+03	1.767550E-15	5.754961E-17
4.703299E+03	1.742892E-15	6.316041E-17
4.706340E+03	1.718027E-15	6.315155E-17
4.709382E+03	1.690268E-15	6.081243E-17
4.712423E+03	1.663247E-15	6.028509E-17
4.715465E+03	1.638009E-15	6.159546E-17
4.718506E+03	1.615949E-15	6.519983E-17
4.721547E+03	1.594481E-15	7.099371E-17
4.724589E+03	1.572029E-15	7.603231E-17
4.727630E+03	1.552219E-15	7.607393E-17
4.730672E+03	1.533495E-15	7.420902E-17
4.733713E+03	1.513704E-15	7.629953E-17
4.736754E+03	1.497006E-15	7.706646E-17
4.739796E+03	1.477376E-15	7.883491E-17
4.742837E+03	1.454713E-15	7.649648E-17
4.745879E+03	1.433403E-15	7.689433E-17
4.748920E+03	1.411211E-15	7.419929E-17
4.751961E+03	1.389450E-15	6.862022E-17
4.755003E+03	1.371867E-15	6.818262E-17
4.758044E+03	1.358378E-15	6.774770E-17
4.761086E+03	1.344294E-15	6.780088E-17
4.764127E+03	1.328510E-15	6.713798E-17
4.767168E+03	1.307486E-15	6.468123E-17
4.770210E+03	1.277990E-15	5.910275E-17
4.773251E+03	1.243424E-15	4.929497E-17
4.776293E+03	1.207247E-15	4.241726E-17
4.779334E+03	1.168233E-15	3.889390E-17
4.782376E+03	1.127039E-15	2.585578E-17
4.785417E+03	1.085383E-15	2.573069E-17
4.788458E+03	1.041815E-15	2.493271E-17
4.791500E+03	9.962959E-16	2.802473E-17
4.794541E+03	9.501545E-16	3.498932E-17
4.797583E+03	9.032084E-16	4.892090E-17
4.800624E+03	8.595854E-16	7.084878E-17
4.803665E+03	8.265762E-16	9.780770E-17
4.806707E+03	7.997436E-16	1.152777E-16
4.809748E+03	7.795538E-16	1.223004E-16
4.812790E+03	7.729438E-16	1.221790E-16
4.815831E+03	7.851505E-16	1.205135E-16
4.818872E+03	8.149988E-16	1.166262E-16
4.821914E+03	8.608858E-16	1.153668E-16
4.824955E+03	9.231062E-16	1.147141E-16
4.827997E+03	9.985691E-16	1.151073E-16
4.831038E+03	1.084145E-15	1.143554E-16
4.834079E+03	1.172305E-15	1.214803E-16
4.837121E+03	1.259826E-15	1.416640E-16
4.840162E+03	1.347299E-15	1.620195E-16
4.843204E+03	1.429650E-15	1.809098E-16
4.846245E+03	1.503441E-15	1.908062E-16
4.849287E+03	1.568107E-15	1.870598E-16
4.852328E+03	1.624102E-15	1.698995E-16
4.855369E+03	1.668462E-15	1.477684E-16
4.858411E+03	1.703677E-15	1.264622E-16
4.861452E+03	1.727720E-15	1.286455E-16
4.864494E+03	1.743914E-15	1.569082E-16
4.867535E+03	1.748384E-15	1.812086E-16
4.870576E+03	1.745244E-15	2.063889E-16
4.873618E+03	1.734703E-15	2.303706E-16
4.876659E+03	1.719083E-15	2.424894E-16
4.879701E+03	1.699322E-15	2.460805E-16
4.882742E+03	1.677658E-15	2.456007E-16
4.885783E+03	1.652610E-15	2.353284E-16
4.888825E+03	1.628502E-15	2.210419E-16
4.891866E+03	1.611395E-15	2.024291E-16
4.894908E+03	1.601687E-15	1.900798E-16
4.897949E+03	1.602085E-15	1.852263E-16
4.900990E+03	1.616041E-15	1.823322E-16
4.904032E+03	1.643015E-15	1.786926E-16
4.907073E+03	1.680767E-15	1.772719E-16
4.910115E+03	1.729244E-15	1.794743E-16
4.913156E+03	1.787826E-15	1.722804E-16
4.916198E+03	1.852338E-15	1.640796E-16
4.919239E+03	1.920591E-15	1.471534E-16
4.922280E+03	1.992032E-15	1.176174E-16
4.925322E+03	2.058906E-15	9.072934E-17
4.928363E+03	2.120247E-15	7.427230E-17
4.931405E+03	2.169223E-15	5.856578E-17
4.934446E+03	2.198790E-15	5.932506E-17
4.937487E+03	2.210181E-15	5.734093E-17
4.940529E+03	2.203217E-15	5.621244E-17
4.943570E+03	2.175101E-15	5.493562E-17
4.946612E+03	2.129081E-15	5.362135E-17
4.949653E+03	2.062968E-15	5.695620E-17
4.952694E+03	1.979122E-15	6.835885E-17
4.955736E+03	1.882674E-15	8.888899E-17
4.958777E+03	1.781699E-15	1.163765E-16
4.961819E+03	1.681711E-15	1.410043E-16
4.964860E+03	1.580881E-15	1.564870E-16
4.967901E+03	1.489066E-15	1.674125E-16
4.970943E+03	1.407880E-15	1.716481E-16
4.973984E+03	1.338372E-15	1.711458E-16
4.977026E+03	1.282049E-15	1.680294E-16
4.980067E+03	1.243702E-15	1.620407E-16
4.983109E+03	1.220142E-15	1.524801E-16
4.986150E+03	1.212409E-15	1.463649E-16
4.989191E+03	1.222460E-15	1.471876E-16
4.992233E+03	1.244452E-15	1.546637E-16
4.995274E+03	1.278066E-15	1.632924E-16
4.998316E+03	1.327341E-15	1.741622E-16
5.001357E+03	1.385283E-15	1.783934E-16
5.004398E+03	1.453617E-15	1.797866E-16
5.007440E+03	1.528337E-15	1.731261E-16
5.010481E+03	1.607259E-15	1.559392E-16
5.013523E+03	1.685236E-15	1.351951E-16
5.016564E+03	1.762150E-15	1.112325E-16
5.019605E+03	1.835036E-15	8.826093E-17
5.022647E+03	1.903164E-15	8.375176E-17
5.025688E+03	1.962524E-15	8.874221E-17
5.028730E+03	2.012535E-15	9.740184E-17
5.031771E+03	2.051165E-15	1.023441E-16
5.034812E+03	2.077638E-15	1.061618E-16
5.037854E+03	2.092966E-15	1.106703E-16
5.040895E+03	2.093201E-15	1.042993E-16
5.043937E+03	2.079955E-15	9.595350E-17
5.046978E+03	2.056022E-15	8.710341E-17
5.050020E+03	2.026368E-15	8.121766E-17
5.053061E+03	1.992982E-15	7.147597E-17
5.056102E+03	1.958321E-15	5.727634E-17
5.059144E+03	1.923713E-15	5.083881E-17
5.062185E+03	1.890204E-15	4.967704E-17
5.065227E+03	1.861405E-15	5.337963E-17
5.068268E+03	1.835394E-15	5.651043E-17
5.071310E+03	1.809210E-15	5.860223E-17
5.074351E+03	1.782676E-15	5.664032E-17
5.077392E+03	1.753135E-15	5.320203E-17
5.080434E+03	1.721281E-15	5.191743E-17
5.083475E+03	1.687001E-15	5.513601E-17
5.086516E+03	1.651342E-15	5.525699E-17
5.089558E+03	1.611536E-15	5.796374E-17
5.092599E+03	1.568141E-15	5.926434E-17
5.095641E+03	1.521282E-15	4.892267E-17
5.098682E+03	1.475710E-15	4.648725E-17
5.101724E+03	1.426133E-15	4.531799E-17
5.104765E+03	1.371129E-15	4.810726E-17
5.107806E+03	1.312822E-15	5.535346E-17
5.110848E+03	1.252178E-15	6.788370E-17
5.113889E+03	1.193912E-15	8.043088E-17
5.116931E+03	1.135304E-15	8.507035E-17
5.119972E+03	1.080496E-15	8.613334E-17
5.123013E+03	1.031919E-15	8.602703E-17
5.126055E+03	9.894050E-16	8.585341E-17
5.129096E+03	9.544057E-16	8.542165E-17
5.132138E+03	9.319698E-16	8.138125E-17
5.135179E+03	9.196798E-16	7.467382E-17
5.138221E+03	9.179444E-16	6.626224E-17
5.141262E+03	9.271127E-16	5.696076E-17
5.144303E+03	9.465810E-16	5.201297E-17
5.147345E+03	9.714570E-16	5.300401E-17
5.150386E+03	1.005435E-15	6.232454E-17
5.153427E+03	1.045183E-15	7.419395E-17
5.156469E+03	1.088364E-15	8.257123E-17
5.159510E+03	1.134177E-15	8.123087E-17
5.162552E+03	1.182772E-15	7.193092E-17
5.165593E+03	1.233118E-15	6.483504E-17
5.168635E+03	1.284826E-15	5.910742E-17
5.171676E+03	1.338181E-15	5.746798E-17
5.174717E+03	1.394781E-15	5.955501E-17
5.177759E+03	1.450976E-15	6.799052E-17
5.180800E+03	1.501332E-15	7.943251E-17
5.183842E+03	1.546494E-15	8.120086E-17
5.186883E+03	1.583568E-15	8.469952E-17
5.189925E+03	1.612684E-15	8.526616E-17
5.192966E+03	1.633687E-15	8.592677E-17
5.196007E+03	1.646360E-15	8.624522E-17
5.199049E+03	1.651701E-15	8.408378E-17
5.202090E+03	1.647824E-15	8.036817E-17
5.205132E+03	1.639120E-15	7.695717E-17
5.208173E+03	1.629773E-15	7.462991E-17
5.211214E+03	1.621164E-15	7.274001E-17
5.214256E+03	1.611741E-15	7.063325E-17
5.217297E+03	1.604030E-15	7.070795E-17
5.220339E+03	1.596423E-15	7.387810E-17
5.223380E+03	1.588290E-15	7.978707E-17
5.226421E+03	1.580833E-15	8.133202E-17
5.229463E+03	1.572087E-15	7.676600E-17
5.232504E+03	1.565828E-15	7.609274E-17
5.235546E+03	1.560852E-15	7.434511E-17
5.238587E+03	1.556736E-15	7.605617E-17
5.241628E+03	1.552054E-15	8.137208E-17
5.244670E+03	1.548327E-15	9.023050E-17
5.247711E+03	1.543369E-15	9.654620E-17
5.250753E+03	1.535456E-15	1.023285E-16
5.253794E+03	1.523079E-15	1.014844E-16
5.256836E+03	1.509750E-15	1.008620E-16
5.259877E+03	1.496079E-15	1.018708E-16
5.262918E+03	1.482521E-15	1.049467E-16
5.265960E+03	1.468809E-15	1.098869E-16
5.269001E+03	1.457855E-15	1.106847E-16
5.272042E+03	1.450031E-15	1.075421E-16
5.275084E+03	1.446933E-15	1.049834E-16
5.278125E+03	1.446648E-15	1.041892E-16
5.281167E+03	1.448134E-15	1.045126E-16
5.284208E+03	1.458335E-15	1.043564E-16
5.287250E+03	1.469104E-15	1.032385E-16
5.290291E+03	1.477940E-15	9.965182E-17
5.293332E+03	1.490483E-15	9.091696E-17
5.296374E+03	1.505112E-15	8.373111E-17
5.299415E+03	1.520376E-15	7.767811E-17
5.302457E+03	1.534681E-15	8.165939E-17
5.305498E+03	1.549098E-15	8.321444E-17
5.308539E+03	1.564898E-15	8.295295E-17
5.311581E+03	1.579891E-15	8.013502E-17
5.314622E+03	1.598734E-15	7.255323E-17
5.317664E+03	1.621717E-15	6.835715E-17
5.320705E+03	1.647844E-15	6.532296E-17
5.323747E+03	1.677069E-15	6.147738E-17
5.326788E+03	1.705397E-15	5.936331E-17
5.329829E+03	1.733481E-15	5.932110E-17
5.332871E+03	1.760856E-15	6.140154E-17
5.335912E+03	1.784845E-15	6.194842E-17
5.338954E+03	1.804320E-15	6.090199E-17
5.341995E+03	1.816967E-15	6.032662E-17
5.345036E+03	1.823450E-15	5.910932E-17
5.348078E+03	1.821240E-15	5.302236E-17
5.351119E+03	1.816123E-15	4.706564E-17
5.354161E+03	1.809493E-15	4.735695E-17
5.357202E+03	1.800541E-15	4.793273E-17
5.360243E+03	1.790898E-15	4.803828E-17
5.363285E+03	1.779864E-15	4.949527E-17
5.366326E+03	1.771268E-15	4.894321E-17
5.369368E+03	1.763035E-15	4.799411E-17
5.372409E+03	1.752711E-15	5.083164E-17
5.375450E+03	1.743971E-15	5.184638E-17
5.378492E+03	1.736516E-15	5.258886E-17
5.381533E+03	1.732406E-15	5.410226E-17
5.384575E+03	1.731342E-15	5.266495E-17
5.387616E+03	1.729821E-15	5.111063E-17
5.390658E+03	1.731356E-15	5.204193E-17
5.393699E+03	1.734600E-15	5.258114E-17
5.396740E+03	1.735730E-15	5.390863E-17
5.399782E+03	1.735815E-15	5.186114E-17
5.402823E+03	1.739386E-15	5.014245E-17
5.405865E+03	1.744257E-15	5.098527E-17
5.408906E+03	1.749471E-15	5.107140E-17
5.411947E+03	1.755669E-15	5.120494E-17
5.414989E+03	1.761570E-15	5.047558E-17
5.418030E+03	1.765712E-15	5.028808E-17
5.421072E+03	1.769541E-15	4.839044E-17
5.424113E+03	1.771944E-15	4.780947E-17
5.427154E+03	1.775807E-15	4.512572E-17
5.430196E+03	1.782111E-15	4.489275E-17
5.433237E+03	1.783965E-15	4.627426E-17
5.436279E+03	1.783763E-15	4.597909E-17
5.439320E+03	1.783475E-15	4.591210E-17
5.442361E+03	1.778953E-15	4.471653E-17
5.445403E+03	1.772043E-15	4.389927E-17
5.448444E+03	1.759660E-15	4.373862E-17
5.451486E+03	1.741308E-15	4.327396E-17
5.454527E+03	1.719662E-15	4.336610E-17
5.457569E+03	1.693769E-15	4.500297E-17
5.460610E+03	1.666099E-15	4.500283E-17
5.463651E+03	1.638521E-15	4.627875E-17
5.466693E+03	1.610618E-15	4.617139E-17
5.469734E+03	1.583367E-15	4.630765E-17
5.472776E+03	1.555610E-15	4.700289E-17
5.475817E+03	1.532008E-15	5.025818E-17
5.478858E+03	1.512949E-15	5.489351E-17
5.481900E+03	1.496586E-15	5.740275E-17
5.484941E+03	1.484157E-15	6.032026E-17
5.487983E+03	1.475025E-15	6.225934E-17
5.491024E+03	1.469310E-15	6.241574E-17
5.494065E+03	1.466663E-15	6.100320E-17
5.497107E+03	1.469437E-15	6.167751E-17
5.500148E+03	1.476470E-15	6.437480E-17
5.503190E+03	1.484844E-15	6.409195E-17
5.506231E+03	1.497611E-15	6.447489E-17
5.509273E+03	1.511532E-15	6.716418E-17
5.512314E+03	1.531520E-15	6.444789E-17
5.515355E+03	1.549605E-15	6.508428E-17
5.518397E+03	1.566688E-15	6.740863E-17
5.521438E+03	1.587263E-15	6.768288E-17
5.524480E+03	1.606100E-15	6.508971E-17
5.527521E+03	1.625938E-15	5.772184E-17
5.530562E+03	1.643683E-15	5.334132E-17
5.533604E+03	1.660036E-15	4.802717E-17
5.536645E+03	1.673768E-15	4.436647E-17
5.539687E+03	1.685399E-15	4.325277E-17
5.542728E+03	1.691939E-15	4.352156E-17
5.545769E+03	1.697173E-15	4.593173E-17
5.548811E+03	1.701283E-15	4.611532E-17
5.551852E+03	1.700993E-15	4.602653E-17
5.554894E+03	1.696704E-15	4.594802E-17
5.557935E+03	1.691622E-15	4.121529E-17
5.560976E+03	1.682621E-15	4.118423E-17
5.564018E+03	1.671216E-15	3.896822E-17
5.567059E+03	1.659081E-15	3.368592E-17
5.570101E+03	1.646022E-15	3.058582E-17
5.573142E+03	1.630869E-15	3.475063E-17
5.576184E+03	1.615841E-15	3.783039E-17
5.579225E+03	1.599273E-15	4.053312E-17
5.582266E+03	1.582973E-15	4.219742E-17
5.585308E+03	1.567243E-15	4.556872E-17
5.588349E+03	1.550080E-15	4.624762E-17
5.591391E+03	1.533399E-15	4.686430E-17
5.594432E+03	1.514935E-15	4.519205E-17
5.597473E+03	1.495574E-15	4.401780E-17
5.600515E+03	1.476960E-15	4.384164E-17
5.603556E+03	1.455985E-15	4.318887E-17
5.606598E+03	1.435193E-15	4.955435E-17
5.609639E+03	1.419325E-15	5.182112E-17
5.612681E+03	1.402948E-15	5.358991E-17
5.615722E+03	1.385656E-15	5.444990E-17
5.618763E+03	1.369933E-15	5.515498E-17
5.621805E+03	1.359488E-15	5.353234E-17
5.624846E+03	1.350374E-15	5.185005E-17
5.627887E+03	1.344401E-15	4.983071E-17
5.630929E+03	1.342142E-15	4.808399E-17
5.633970E+03	1.343504E-15	4.309279E-17
5.637012E+03	1.347658E-15	4.154865E-17
5.640053E+03	1.355441E-15	3.849134E-17
5.643095E+03	1.366514E-15	4.046676E-17
5.646136E+03	1.380261E-15	4.214016E-17
5.649177E+03	1.395959E-15	4.441264E-17
5.652219E+03	1.414200E-15	4.574291E-17
5.655260E+03	1.433686E-15	4.053893E-17
5.658302E+03	1.456759E-15	3.725851E-17
5.661343E+03	1.479499E-15	3.656349E-17
5.664384E+03	1.500612E-15	3.538184E-17
5.667426E+03	1.521481E-15	3.350641E-17
5.670467E+03	1.539157E-15	3.520680E-17
5.673509E+03	1.555214E-15	3.520662E-17
5.676550E+03	1.568782E-15	3.595786E-17
5.679592E+03	1.581016E-15	3.768746E-17
5.682633E+03	1.587282E-15	3.836185E-17
5.685674E+03	1.589888E-15	3.925501E-17
5.688716E+03	1.590492E-15	4.030722E-17
5.691757E+03	1.589985E-15	3.996724E-17
5.694798E+03	1.585133E-15	3.961498E-17
5.697840E+03	1.577281E-15	3.839922E-17
5.700881E+03	1.570394E-15	3.639902E-17
5.703923E+03	1.563308E-15	3.670014E-17
5.706964E+03	1.553870E-15	3.679480E-17
5.710006E+03	1.544582E-15	3.502139E-17
5.713047E+03	1.534038E-15	3.597167E-17
5.716088E+03	1.524859E-15	3.586327E-17
5.719130E+03	1.515707E-15	3.560135E-17
5.722171E+03	1.506428E-15	3.524037E-17
5.725213E+03	1.499584E-15	3.511933E-17
5.728254E+03	1.493632E-15	3.453693E-17
5.731296E+03	1.489937E-15	3.488826E-17
5.734337E+03	1.488046E-15	3.470362E-17
5.737378E+03	1.487594E-15	3.622673E-17
5.740420E+03	1.485228E-15	3.628703E-17
5.743461E+03	1.483160E-15	3.740777E-17
5.746502E+03	1.483910E-15	3.750810E-17
5.749544E+03	1.482678E-15	3.761408E-17
5.752585E+03	1.482761E-15	3.861528E-17
5.755627E+03	1.482088E-15	3.914740E-17
5.758668E+03	1.480177E-15	3.889546E-17
5.761710E+03	1.478942E-15	3.777216E-17
5.764751E+03	1.476143E-15	3.805786E-17
5.767792E+03	1.473229E-15	3.829330E-17
5.770834E+03	1.469992E-15	3.820698E-17
5.773875E+03	1.467518E-15	3.984980E-17
5.776917E+03	1.465582E-15	4.061572E-17
5.779958E+03	1.461518E-15	4.318087E-17
5.782999E+03	1.458182E-15	4.414442E-17
5.786041E+03	1.457256E-15	4.287081E-17
5.789082E+03	1.456248E-15	4.344506E-17
5.792124E+03	1.456290E-15	4.243686E-17
5.795165E+03	1.454910E-15	4.273003E-17
5.798207E+03	1.452865E-15	4.619528E-17
5.801248E+03	1.450670E-15	4.726661E-17
5.804289E+03	1.444332E-15	4.877541E-17
5.807331E+03	1.432109E-15	4.944256E-17
5.810372E+03	1.415940E-15	5.135279E-17
5.813413E+03	1.397835E-15	5.701413E-17
5.816455E+03	1.375930E-15	5.785272E-17
5.819496E+03	1.352247E-15	5.752866E-17
5.822538E+03	1.326173E-15	5.511659E-17
5.825579E+03	1.299932E-15	5.311146E-17
5.828621E+03	1.271849E-15	4.908317E-17
5.831662E+03	1.244695E-15	5.525161E-17
5.834703E+03	1.219304E-15	6.898597E-17
5.837745E+03	1.193455E-15	7.752732E-17
5.840786E+03	1.173633E-15	8.437027E-17
5.843828E+03	1.158450E-15	8.703356E-17
5.846869E+03	1.151328E-15	8.672151E-17
5.849910E+03	1.146599E-15	8.459806E-17
5.852952E+03	1.145352E-15	8.389430E-17
5.855993E+03	1.147889E-15	8.433623E-17
5.859035E+03	1.153611E-15	8.257222E-17
5.862076E+03	1.162838E-15	7.884579E-17
5.865118E+03	1.178527E-15	8.035654E-17
5.868159E+03	1.197304E-15	8.345919E-17
5.871200E+03	1.221460E-15	8.623817E-17
5.874242E+03	1.249105E-15	8.825336E-17
5.877283E+03	1.282292E-15	9.078522E-17
5.880325E+03	1.317769E-15	8.951294E-17
5.883366E+03	1.352733E-15	8.139650E-17
5.886407E+03	1.387710E-15	7.397090E-17
5.889449E+03	1.425790E-15	7.443801E-17
5.892490E+03	1.464290E-15	7.238268E-17
5.895532E+03	1.497306E-15	7.322573E-17
5.898573E+03	1.527439E-15	7.319288E-17
5.901614E+03	1.552995E-15	7.311789E-17
5.904656E+03	1.575641E-15	7.356935E-17
5.907697E+03	1.593719E-15	7.387365E-17
5.910739E+03	1.603423E-15	7.329034E-17
5.913780E+03	1.607418E-15	7.199745E-17
5.916822E+03	1.608079E-15	7.010509E-17
5.919863E+03	1.604294E-15	6.755644E-17
5.922904E+03	1.594610E-15	6.593742E-17
5.925946E+03	1.581384E-15	6.334536E-17
5.928987E+03	1.569319E-15	6.062281E-17
5.932029E+03	1.557787E-15	5.942159E-17
5.935070E+03	1.545437E-15	5.921790E-17
5.938111E+03	1.534448E-15	5.102370E-17
5.941153E+03	1.522675E-15	4.857681E-17
5.944194E+03	1.513342E-15	4.335429E-17
5.947236E+03	1.504489E-15	4.313944E-17
5.950277E+03	1.495155E-15	4.253860E-17
5.953318E+03	1.487516E-15	4.026902E-17
5.956360E+03	1.482227E-15	3.876288E-17
5.959401E+03	1.476893E-15	3.832178E-17
5.962443E+03	1.472880E-15	3.867413E-17
5.965484E+03	1.469343E-15	3.843988E-17
5.968525E+03	1.465305E-15	3.832007E-17
5.971567E+03	1.462905E-15	3.873349E-17
5.974608E+03	1.461014E-15	3.853739E-17
5.977650E+03	1.458656E-15	3.890409E-17
5.980691E+03	1.453021E-15	3.898830E-17
5.983733E+03	1.451226E-15	3.827740E-17
5.986774E+03	1.453470E-15	3.665342E-17
5.989815E+03	1.455515E-15	3.698251E-17
5.992857E+03	1.459308E-15	3.715795E-17
5.995898E+03	1.459725E-15	3.718442E-17
5.998940E+03	1.459658E-15	3.716090E-17
6.001981E+03	1.458367E-15	3.699671E-17
6.005022E+03	1.456089E-15	3.686989E-17
6.008064E+03	1.452640E-15	3.585667E-17
6.011105E+03	1.450889E-15	3.549419E-17
6.014147E+03	1.446693E-15	3.513982E-17
6.017188E+03	1.442133E-15	3.496238E-17
6.020229E+03	1.437343E-15	3.578993E-17
6.023271E+03	1.432205E-15	3.617068E-17
6.026312E+03	1.427357E-15	3.548816E-17
6.029354E+03	1.423436E-15	3.598407E-17
6.032395E+03	1.421580E-15	3.773973E-17
6.035436E+03	1.419560E-15	3.731364E-17
6.038478E+03	1.416907E-15	3.648102E-17
6.041519E+03	1.416317E-15	3.657177E-17
6.044561E+03	1.417839E-15	3.672627E-17
6.047602E+03	1.419062E-15	3.682052E-17
6.050644E+03	1.421340E-15	3.680554E-17
6.053685E+03	1.422701E-15	3.742700E-17
6.056726E+03	1.420668E-15	3.805553E-17
6.059768E+03	1.418004E-15	3.975737E-17
6.062809E+03	1.415928E-15	4.208650E-17
6.065851E+03	1.411650E-15	4.352288E-17
6.068892E+03	1.402129E-15	4.324319E-17
6.071933E+03	1.392899E-15	4.204297E-17
6.074975E+03	1.384894E-15	4.205533E-17
6.078016E+03	1.373039E-15	4.196461E-17
6.081058E+03	1.360889E-15	3.862317E-17
6.084099E+03	1.348748E-15	3.828424E-17
6.087141E+03	1.334877E-15	4.256602E-17
6.090182E+03	1.323868E-15	5.169382E-17
6.093223E+03	1.314451E-15	5.641666E-17
6.096265E+03	1.305874E-15	5.742256E-17
6.099306E+03	1.297435E-15	5.826474E-17
6.102347E+03	1.290253E-15	5.764071E-17
6.105389E+03	1.285292E-15	5.694633E-17
6.108430E+03	1.283419E-15	5.514825E-17
6.111472E+03	1.282383E-15	5.314524E-17
6.114513E+03	1.284981E-15	5.466543E-17
6.117555E+03	1.291494E-15	5.652300E-17
6.120596E+03	1.300606E-15	5.571951E-17
6.123637E+03	1.311731E-15	5.604965E-17
6.126679E+03	1.323055E-15	5.794892E-17
6.129720E+03	1.338122E-15	5.803711E-17
6.132762E+03	1.352821E-15	5.815492E-17
6.135803E+03	1.368399E-15	5.622270E-17
6.138844E+03	1.385537E-15	5.047662E-17
6.141886E+03	1.402989E-15	4.529842E-17
6.144927E+03	1.420937E-15	4.326551E-17
6.147969E+03	1.438731E-15	4.125337E-17
6.151010E+03	1.453197E-15	4.085993E-17
6.154051E+03	1.463456E-15	4.088247E-17
6.157093E+03	1.470274E-15	4.048452E-17
6.160134E+03	1.472954E-15	4.047515E-17
6.163176E+03	1.470086E-15	3.814347E-17
6.166217E+03	1.462454E-15	3.451851E-17
6.169258E+03	1.451339E-15	3.418959E-17
6.172300E+03	1.436643E-15	3.395320E-17
6.175341E+03	1.419463E-15	3.218756E-17
6.178383E+03	1.400430E-15	3.166903E-17
6.181424E+03	1.378335E-15	3.155981E-17
6.184466E+03	1.356746E-15	3.334450E-17
6.187507E+03	1.338286E-15	3.896038E-17
6.190548E+03	1.320862E-15	4.137627E-17
6.193590E+03	1.305105E-15	4.185522E-17
6.196631E+03	1.292240E-15	4.145682E-17
6.199673E+03	1.280675E-15	4.115602E-17
6.202714E+03	1.272135E-15	4.149144E-17
6.205756E+03	1.266732E-15	4.083760E-17
6.208797E+03	1.264915E-15	4.021160E-17
6.211838E+03	1.264908E-15	4.257465E-17
6.214880E+03	1.265103E-15	4.291193E-17
6.217921E+03	1.269277E-15	4.322602E-17
6.220962E+03	1.278110E-15	4.452282E-17
6.224004E+03	1.288500E-15	4.415774E-17
6.227045E+03	1.301526E-15	4.407294E-17
6.230087E+03	1.314285E-15	4.548359E-17
6.233128E+03	1.325669E-15	4.489193E-17
6.236170E+03	1.340681E-15	3.867005E-17
6.239211E+03	1.356603E-15	3.494589E-17
6.242252E+03	1.371265E-15	3.284913E-17
6.245294E+03	1.385215E-15	2.959825E-17
6.248335E+03	1.396697E-15	2.975699E-17
6.251377E+03	1.406525E-15	3.033071E-17
6.254418E+03	1.415128E-15	3.020802E-17
6.257459E+03	1.420405E-15	3.147809E-17
6.260501E+03	1.424244E-15	2.994415E-17
6.263542E+03	1.424941E-15	3.000530E-17
6.266584E+03	1.423257E-15	3.026645E-17
6.269625E+03	1.420535E-15	3.136504E-17
6.272667E+03	1.413282E-15	3.119920E-17
6.275708E+03	1.403072E-15	3.267330E-17
6.278749E+03	1.391147E-15	3.324532E-17
6.281791E+03	1.380020E-15	3.307065E-17
6.284832E+03	1.370965E-15	3.458663E-17
6.287873E+03	1.360608E-15	3.508186E-17
6.290915E+03	1.350487E-15	3.483466E-17
6.293956E+03	1.341660E-15	3.467649E-17
6.296998E+03	1.331448E-15	3.561618E-17
6.300039E+03	1.322001E-15	3.540746E-17
6.303081E+03	1.313699E-15	3.569127E-17
6.306122E+03	1.303682E-15	3.501847E-17
6.309163E+03	1.294032E-15	3.491064E-17
6.312205E+03	1.286485E-15	3.415004E-17
6.315246E+03	1.281488E-15	3.407437E-17
6.318288E+03	1.277750E-15	3.248955E-17
6.321329E+03	1.277288E-15	3.260009E-17
6.324370E+03	1.277705E-15	3.069064E-17
6.327412E+03	1.276802E-15	2.779958E-17
6.330453E+03	1.278117E-15	2.745531E-17
6.333495E+03	1.280096E-15	2.618867E-17
6.336536E+03	1.281102E-15	2.614365E-17
6.339578E+03	1.283120E-15	2.640345E-17
6.342619E+03	1.283984E-15	2.734736E-17
6.345660E+03	1.283100E-15	2.763111E-17
6.348702E+03	1.279972E-15	2.974927E-17
6.351743E+03	1.275146E-15	3.450601E-17
6.354785E+03	1.269150E-15	3.859789E-17
6.357826E+03	1.258946E-15	3.824739E-17
6.360867E+03	1.244037E-15	3.775634E-17
6.363909E+03	1.227645E-15	3.768148E-17
6.366950E+03	1.210663E-15	3.748139E-17
6.369992E+03	1.189471E-15	3.830209E-17
6.373033E+03	1.163708E-15	3.817553E-17
6.376074E+03	1.134231E-15	3.812345E-17
6.379116E+03	1.103321E-15	4.022307E-17
6.382157E+03	1.073636E-15	4.081110E-17
6.385199E+03	1.043508E-15	4.230385E-17
6.388240E+03	1.012376E-15	4.473140E-17
6.391282E+03	9.824015E-16	4.488377E-17
6.394323E+03	9.508770E-16	4.356746E-17
6.397364E+03	9.212539E-16	4.144054E-17
6.400406E+03	8.935489E-16	3.444126E-17
6.403447E+03	8.651516E-16	2.617507E-17
6.406489E+03	8.392832E-16	2.869894E-17
6.409530E+03	8.143907E-16	3.155350E-17
6.412571E+03	7.908209E-16	3.358109E-17
6.415613E+03	7.684746E-16	3.523492E-17
6.418654E+03	7.457822E-16	3.788914E-17
6.421696E+03	7.237348E-16	3.912723E-17
6.424737E+03	7.031585E-16	3.930181E-17
6.427778E+03	6.853419E-16	3.562135E-17
6.430820E+03	6.682529E-16	3.443727E-17
6.433861E+03	6.502721E-16	3.250974E-17
6.436903E+03	6.334317E-16	2.878296E-17
6.439944E+03	6.159305E-16	2.910944E-17
6.442985E+03	5.976360E-16	2.852532E-17
6.446027E+03	5.814899E-16	2.912411E-17
6.449068E+03	5.643849E-16	2.876942E-17
6.452110E+03	5.457918E-16	2.862259E-17
6.455151E+03	5.283716E-16	2.734829E-17
6.458193E+03	5.088015E-16	2.713887E-17
6.461234E+03	4.873288E-16	2.836856E-17
6.464275E+03	4.666150E-16	2.949496E-17
6.467317E+03	4.479334E-16	2.923557E-17
6.470358E+03	4.297959E-16	2.985191E-17
6.473400E+03	4.155102E-16	2.946818E-17
6.476441E+03	4.069299E-16	2.991367E-17
6.479482E+03	4.030639E-16	3.068761E-17
6.482524E+03	4.078341E-16	3.157836E-17
6.485565E+03	4.240064E-16	3.661486E-17
6.488607E+03	4.499626E-16	4.256230E-17
6.491648E+03	4.863679E-16	5.418707E-17
6.494689E+03	5.348479E-16	6.822573E-17
6.497731E+03	5.958706E-16	7.240336E-17
6.500772E+03	6.692088E-16	7.231392E-17
6.503814E+03	7.520034E-16	7.229451E-17
6.506855E+03	8.480007E-16	7.447143E-17
6.509896E+03	9.547222E-16	7.728158E-17
6.512938E+03	1.068827E-15	7.758037E-17
6.515979E+03	1.187073E-15	7.955152E-17
6.519021E+03	1.311666E-15	8.460149E-17
6.522062E+03	1.443520E-15	8.913157E-17
6.525104E+03	1.577586E-15	9.404737E-17
6.528145E+03	1.712739E-15	9.656385E-17
6.531186E+03	1.849577E-15	9.724897E-17
6.534228E+03	1.985300E-15	9.607657E-17
6.537269E+03	2.119079E-15	9.342945E-17
6.540311E+03	2.248759E-15	8.619247E-17
6.543352E+03	2.368701E-15	7.233865E-17
6.546393E+03	2.481221E-15	6.504846E-17
6.549435E+03	2.585655E-15	6.539254E-17
6.552476E+03	2.681004E-15	6.742536E-17
6.555518E+03	2.762781E-15	7.176915E-17
6.558559E+03	2.831314E-15	7.117685E-17
6.561600E+03	2.887758E-15	7.205859E-17
6.564642E+03	2.929948E-15	7.191966E-17
6.567683E+03	2.959870E-15	6.902684E-17
6.570725E+03	2.977851E-15	6.699524E-17
6.573766E+03	2.984381E-15	6.323602E-17
6.576807E+03	2.979122E-15	6.073409E-17
6.579849E+03	2.963564E-15	6.062141E-17
6.582890E+03	2.939695E-15	6.043318E-17
6.585932E+03	2.907344E-15	5.986945E-17
6.588973E+03	2.870331E-15	5.970723E-17
6.592015E+03	2.832313E-15	6.146218E-17
6.595056E+03	2.790459E-15	6.097762E-17
6.598097E+03	2.745100E-15	5.994646E-17
6.601139E+03	2.695236E-15	5.912125E-17
6.604180E+03	2.641527E-15	5.646787E-17
6.607222E+03	2.585971E-15	5.590980E-17
6.610263E+03	2.531730E-15	5.419315E-17
6.613304E+03	2.477304E-15	5.188562E-17
6.616346E+03	2.420694E-15	5.191868E-17
6.619387E+03	2.366565E-15	5.098232E-17
6.622429E+03	2.311417E-15	4.924789E-17
6.625470E+03	2.257749E-15	4.865839E-17
6.628511E+03	2.206731E-15	4.755143E-17
6.631553E+03	2.158697E-15	4.725787E-17
6.634594E+03	2.110311E-15	4.710959E-17
6.637636E+03	2.063743E-15	4.652553E-17
6.640677E+03	2.020830E-15	4.283509E-17
6.643718E+03	1.980906E-15	4.239182E-17
6.646760E+03	1.943138E-15	4.169223E-17
6.649801E+03	1.908196E-15	4.267623E-17
6.652843E+03	1.877417E-15	4.197031E-17
6.655884E+03	1.846293E-15	4.158101E-17
6.658926E+03	1.815157E-15	4.069359E-17
6.661967E+03	1.785013E-15	4.028064E-17
6.665008E+03	1.758871E-15	3.842229E-17
6.668050E+03	1.735563E-15	3.928100E-17
6.671091E+03	1.710405E-15	3.870626E-17
6.674133E+03	1.686075E-15	3.879987E-17
6.677174E+03	1.665100E-15	3.863108E-17
6.680215E+03	1.645307E-15	3.831333E-17
6.683257E+03	1.626461E-15	3.864695E-17
6.686298E+03	1.607658E-15	3.846240E-17
6.689340E+03	1.587222E-15	3.844946E-17
6.692381E+03	1.571740E-15	3.818665E-17
6.695422E+03	1.556957E-15	3.761575E-17
6.698464E+03	1.540542E-15	3.586889E-17
6.701505E+03	1.524724E-15	3.562742E-17
6.704547E+03	1.511266E-15	3.550669E-17
6.707588E+03	1.498744E-15	3.537892E-17
6.710630E+03	1.486653E-15	3.528483E-17
6.713671E+03	1.476372E-15	3.523001E-17
6.716712E+03	1.466223E-15	3.435105E-17
6.719754E+03	1.457750E-15	3.508830E-17
6.722795E+03	1.449712E-15	3.528090E-17
6.725837E+03	1.441991E-15	3.537079E-17
6.728878E+03	1.434284E-15	3.531655E-17
6.731919E+03	1.425969E-15	3.442233E-17
6.734961E+03	1.418207E-15	3.440355E-17
6.738002E+03	1.410476E-15	3.426566E-17
6.741044E+03	1.401278E-15	3.423785E-17
6.744085E+03	1.391738E-15	3.460323E-17
6.747127E+03	1.381504E-15	3.409869E-17
6.750168E+03	1.372733E-15	3.532552E-17
6.753209E+03	1.363030E-15	3.565754E-17
6.756251E+03	1.354572E-15	3.549255E-17
6.759292E+03	1.346262E-15	3.540839E-17
6.762333E+03	1.337493E-15	3.525636E-17
6.765375E+03	1.330341E-15	3.534435E-17
6.768416E+03	1.322578E-15	3.484372E-17
6.771458E+03	1.317413E-15	3.399768E-17
6.774499E+03	1.311875E-15	3.403355E-17
6.777541E+03	1.306927E-15	3.399718E-17
6.780582E+03	1.299593E-15	3.413446E-17
6.783623E+03	1.294150E-15	3.446646E-17
6.786665E+03	1.291074E-15	3.491592E-17
6.789706E+03	1.286779E-15	3.494851E-17
6.792748E+03	1.283346E-15	3.439502E-17
6.795789E+03	1.281267E-15	3.439693E-17
6.798830E+03	1.280797E-15	3.354003E-17
6.801872E+03	1.281972E-15	3.348508E-17
6.804913E+03	1.282895E-15	3.368192E-17
6.807955E+03	1.284125E-15	3.377637E-17
6.810996E+03	1.284424E-15	3.397861E-17
6.814038E+03	1.282705E-15	3.372478E-17
6.817079E+03	1.282192E-15	3.350540E-17
6.820120E+03	1.282137E-15	3.373106E-17
6.823162E+03	1.280470E-15	3.433946E-17
6.826203E+03	1.277682E-15	3.447476E-17
6.829244E+03	1.275267E-15	3.463428E-17
6.832286E+03	1.273973E-15	3.475048E-17
6.835327E+03	1.273530E-15	3.462231E-17
6.838369E+03	1.273105E-15	3.479932E-17
6.841410E+03	1.270434E-15	3.613095E-17
6.844452E+03	1.267711E-15	3.667846E-17
6.847493E+03	1.267711E-15	3.932428E-17
6.850534E+03	1.268327E-15	3.927313E-17
6.853576E+03	1.267290E-15	4.017285E-17
6.856617E+03	1.266765E-15	4.066269E-17
6.859659E+03	1.266394E-15	4.171328E-17
6.862700E+03	1.267592E-15	4.198438E-17
6.865742E+03	1.269885E-15	4.245516E-17
6.868783E+03	1.271139E-15	4.288937E-17
6.871824E+03	1.271489E-15	4.570676E-17
6.874866E+03	1.271806E-15	4.562719E-17
6.877907E+03	1.271252E-15	4.585613E-17
6.880949E+03	1.272476E-15	4.618835E-17
6.883990E+03	1.271890E-15	4.615645E-17
6.887031E+03	1.271748E-15	4.603030E-17
6.890073E+03	1.273164E-15	4.499101E-17
6.893114E+03	1.274239E-15	4.452413E-17
6.896156E+03	1.274254E-15	4.257001E-17
6.899197E+03	1.272402E-15	4.233767E-17
6.902238E+03	1.273171E-15	4.199472E-17
6.905280E+03	1.272638E-15	4.183230E-17
6.908321E+03	1.270528E-15	4.091471E-17
6.911363E+03	1.267868E-15	4.070686E-17
6.914404E+03	1.265790E-15	4.051330E-17
6.917445E+03	1.264706E-15	4.142171E-17
6.920487E+03	1.262592E-15	3.834638E-17
6.923528E+03	1.259497E-15	3.846428E-17
6.926570E+03	1.255318E-15	3.791445E-17
6.929611E+03	1.250724E-15	3.837686E-17
6.932653E+03	1.246006E-15	3.843324E-17
6.935694E+03	1.239995E-15	3.864990E-17
6.938735E+03	1.237147E-15	3.866619E-17
6.941777E+03	1.233918E-15	3.862156E-17
6.944818E+03	1.232805E-15	3.788843E-17
6.947859E+03	1.233052E-15	3.777189E-17
6.950901E+03	1.231766E-15	3.876377E-17
6.953942E+03	1.232100E-15	3.894432E-17
6.956984E+03	1.231226E-15	3.893601E-17
6.960025E+03	1.231077E-15	3.892528E-17
6.963067E+03	1.233724E-15	3.926068E-17
6.966108E+03	1.234111E-15	3.830069E-17
6.969149E+03	1.233064E-15	3.713099E-17
6.972191E+03	1.233952E-15	3.771954E-17
6.975232E+03	1.236223E-15	3.838555E-17
6.978274E+03	1.238738E-15	3.879409E-17
6.981315E+03	1.242621E-15	3.881798E-17
6.984356E+03	1.245779E-15	3.851368E-17
6.987398E+03	1.247192E-15	3.845772E-17
6.990439E+03	1.248641E-15	3.854891E-17
6.993481E+03	1.252463E-15	3.870717E-17
6.996522E+03	1.256495E-15	3.946773E-17
6.999564E+03	1.258347E-15	3.847015E-17
7.002605E+03	1.260685E-15	3.851764E-17
7.005646E+03	1.263701E-15	3.861571E-17
7.008688E+03	1.266181E-15	3.864666E-17
7.011729E+03	1.267742E-15	3.813131E-17
7.014771E+03	1.268940E-15	3.723191E-17
7.017812E+03	1.268905E-15	3.754901E-17
7.020853E+03	1.268522E-15	3.707820E-17
7.023895E+03	1.267565E-15	3.666325E-17
7.026936E+03	1.267946E-15	3.543075E-17
7.029978E+03	1.265474E-15	3.546204E-17
7.033019E+03	1.264010E-15	3.657911E-17
7.036060E+03	1.262387E-15	3.785365E-17
7.039102E+03	1.257976E-15	3.762497E-17
7.042143E+03	1.252483E-15	3.810803E-17
7.045185E+03	1.248430E-15	3.729080E-17
7.048226E+03	1.246850E-15	3.744124E-17
7.051267E+03	1.242635E-15	3.727878E-17
7.054309E+03	1.238870E-15	3.729628E-17
7.057350E+03	1.236638E-15	3.727135E-17
7.060392E+03	1.234822E-15	3.780266E-17
7.063433E+03	1.234890E-15	3.829185E-17
7.066475E+03	1.236250E-15	3.825120E-17
7.069516E+03	1.235688E-15	3.824557E-17
7.072557E+03	1.234129E-15	3.838693E-17
7.075599E+03	1.229981E-15	3.825574E-17
7.078640E+03	1.227997E-15	3.834283E-17
7.081682E+03	1.226572E-15	3.749083E-17
7.084723E+03	1.225547E-15	3.656609E-17
7.087764E+03	1.223050E-15	3.798286E-17
7.090806E+03	1.221146E-15	3.709252E-17
7.093847E+03	1.221693E-15	3.787962E-17
7.096889E+03	1.221153E-15	3.782125E-17
7.099930E+03	1.220209E-15	3.764869E-17
7.102971E+03	1.218368E-15	3.799978E-17
7.106013E+03	1.217175E-15	3.841903E-17
7.109054E+03	1.217226E-15	3.780732E-17
7.112096E+03	1.215239E-15	3.766901E-17
7.115137E+03	1.214041E-15	3.768703E-17
7.118178E+03	1.213016E-15	3.887393E-17
7.121220E+03	1.211235E-15	3.968718E-17
7.124261E+03	1.209908E-15	4.004698E-17
7.127303E+03	1.209247E-15	4.025304E-17
7.130344E+03	1.207354E-15	4.003137E-17
7.133386E+03	1.203293E-15	3.959171E-17
7.136427E+03	1.199827E-15	3.818625E-17
7.139468E+03	1.196199E-15	3.804124E-17
7.142510E+03	1.192004E-15	3.750280E-17
7.145551E+03	1.188158E-15	3.743146E-17
7.148593E+03	1.185119E-15	3.746067E-17
7.151634E+03	1.181742E-15	3.704802E-17
7.154675E+03	1.178096E-15	3.687766E-17
7.157717E+03	1.177236E-15	3.715754E-17
7.160758E+03	1.177751E-15	3.637667E-17
7.163800E+03	1.177028E-15	3.627175E-17
7.166841E+03	1.176322E-15	3.534863E-17
7.169882E+03	1.176657E-15	3.394055E-17
7.172924E+03	1.180208E-15	3.313682E-17
7.175965E+03	1.181709E-15	3.271920E-17
7.179007E+03	1.183103E-15	3.263986E-17
7.182048E+03	1.185046E-15	3.352791E-17
7.185090E+03	1.185697E-15	3.360442E-17
7.188131E+03	1.187409E-15	3.414042E-17
7.191172E+03	1.191139E-15	3.419436E-17
7.194214E+03	1.194659E-15	3.427022E-17
7.197255E+03	1.198374E-15	3.432449E-17
7.200297E+03	1.202640E-15	3.449212E-17
7.203338E+03	1.206978E-15	3.394164E-17
7.206379E+03	1.210359E-15	3.396039E-17
7.209421E+03	1.215125E-15	3.391350E-17
7.212462E+03	1.221633E-15	3.426222E-17
7.215504E+03	1.224290E-15	3.375743E-17
7.218545E+03	1.223874E-15	3.455063E-17
7.221587E+03	1.223669E-15	3.462461E-17
7.224628E+03	1.225223E-15	3.614021E-17
7.227669E+03	1.223539E-15	3.602915E-17
7.230711E+03	1.219417E-15	3.540613E-17
7.233752E+03	1.215131E-15	3.502638E-17
7.236793E+03	1.213937E-15	3.456720E-17
7.239835E+03	1.212206E-15	3.428246E-17
7.242876E+03	1.206858E-15	3.366400E-17
7.245918E+03	1.201274E-15	3.375160E-17
7.248959E+03	1.196878E-15	3.314774E-17
7.252001E+03	1.193512E-15	3.311097E-17
7.255042E+03	1.190801E-15	3.289790E-17
7.258083E+03	1.187178E-15	3.345058E-17
7.261125E+03	1.185210E-15	3.306354E-17
7.264166E+03	1.186237E-15	3.487552E-17
7.267208E+03	1.187155E-15	3.530373E-17
7.270249E+03	1.187590E-15	3.518679E-17
7.273290E+03	1.188345E-15	3.328441E-17
7.276332E+03	1.191135E-15	3.556966E-17
7.279373E+03	1.192764E-15	3.562918E-17
7.282415E+03	1.194498E-15	3.662679E-17
7.285456E+03	1.198038E-15	3.771940E-17
7.288498E+03	1.202526E-15	3.945218E-17
7.291539E+03	1.205780E-15	4.099161E-17
7.294580E+03	1.208676E-15	4.056512E-17
7.297622E+03	1.211715E-15	4.064601E-17
7.300663E+03	1.215791E-15	4.076568E-17
7.303704E+03	1.221266E-15	4.059178E-17
7.306746E+03	1.224985E-15	3.982007E-17
7.309787E+03	1.226859E-15	3.943633E-17
7.312829E+03	1.227979E-15	3.900129E-17
7.315870E+03	1.231823E-15	3.871238E-17
7.318912E+03	1.235164E-15	3.961020E-17
7.321953E+03	1.234935E-15	3.934238E-17
7.324994E+03	1.234686E-15	3.735706E-17
7.328036E+03	1.234292E-15	3.718360E-17
7.331077E+03	1.233374E-15	3.606762E-17
7.334119E+03	1.231017E-15	3.488542E-17
7.337160E+03	1.228890E-15	3.404923E-17
7.340202E+03	1.226562E-15	3.276342E-17
7.343243E+03	1.223943E-15	3.319497E-17
7.346284E+03	1.220314E-15	3.335308E-17
7.349326E+03	1.217257E-15	3.312684E-17
7.352367E+03	1.214950E-15	3.289975E-17
7.355408E+03	1.214296E-15	3.302432E-17
7.358450E+03	1.213242E-15	3.247768E-17
7.361491E+03	1.209847E-15	3.141825E-17
7.364533E+03	1.205601E-15	3.235605E-17
7.367574E+03	1.201621E-15	3.080753E-17
7.370616E+03	1.196484E-15	3.082067E-17
7.373657E+03	1.190477E-15	3.034065E-17
7.376698E+03	1.184736E-15	3.014252E-17
7.379740E+03	1.182162E-15	3.002447E-17
7.382781E+03	1.181332E-15	2.983335E-17
7.385823E+03	1.175812E-15	2.866482E-17
7.388864E+03	1.170071E-15	2.745203E-17
7.391905E+03	1.166849E-15	2.661506E-17
7.394947E+03	1.163498E-15	2.632332E-17
7.397988E+03	1.160378E-15	2.648356E-17
7.401030E+03	1.156874E-15	2.674931E-17
7.404071E+03	1.155082E-15	2.595415E-17
7.407113E+03	1.153973E-15	2.622237E-17
7.410154E+03	1.154414E-15	2.622115E-17
7.413195E+03	1.154691E-15	2.547603E-17
7.416237E+03	1.153754E-15	2.606728E-17
7.419278E+03	1.154531E-15	2.603672E-17
7.422319E+03	1.156698E-15	2.659435E-17
7.425361E+03	1.159098E-15	2.652757E-17
7.428402E+03	1.162166E-15	2.728604E-17
7.431444E+03	1.166788E-15	2.651851E-17
7.434485E+03	1.169238E-15	2.741178E-17
7.437527E+03	1.172012E-15	2.761897E-17
7.440568E+03	1.177499E-15	2.770084E-17
7.443609E+03	1.181918E-15	2.798600E-17
7.446651E+03	1.187168E-15	2.801393E-17
7.449692E+03	1.192761E-15	2.760086E-17
7.452734E+03	1.196850E-15	2.764281E-17
7.455775E+03	1.199344E-15	2.722952E-17
7.458816E+03	1.202416E-15	2.722265E-17
7.461858E+03	1.206246E-15	2.647249E-17
7.464899E+03	1.208988E-15	2.603704E-17
7.467941E+03	1.211075E-15	2.590582E-17
7.470982E+03	1.214193E-15	2.524857E-17
7.474024E+03	1.213556E-15	2.530960E-17
7.477065E+03	1.214004E-15	2.417282E-17
7.480106E+03	1.213015E-15	2.426978E-17
7.483148E+03	1.212931E-15	2.361865E-17
7.486189E+03	1.213188E-15	2.389298E-17
7.489231E+03	1.214023E-15	2.381310E-17
7.492272E+03	1.214256E-15	2.349486E-17
7.495313E+03	1.213487E-15	2.312326E-17
7.498355E+03	1.214495E-15	2.270021E-17
7.501396E+03	1.215645E-15	2.361947E-17
7.504438E+03	1.214067E-15	2.453145E-17
7.507479E+03	1.212378E-15	2.451479E-17
7.510520E+03	1.211592E-15	2.457793E-17
7.513562E+03	1.208733E-15	2.405577E-17
7.516603E+03	1.206305E-15	2.400384E-17
7.519645E+03	1.204946E-15	2.395688E-17
7.522686E+03	1.203092E-15	2.581817E-17
7.525727E+03	1.200271E-15	2.798787E-17
7.528769E+03	1.198573E-15	2.849472E-17
7.531810E+03	1.196890E-15	2.919638E-17
7.534852E+03	1.197494E-15	2.959577E-17
7.537893E+03	1.199731E-15	2.983739E-17
7.540935E+03	1.202293E-15	3.015845E-17
7.543976E+03	1.205343E-15	2.998355E-17
7.547017E+03	1.204843E-15	3.047722E-17
7.550059E+03	1.201374E-15	3.015089E-17
7.553100E+03	1.194263E-15	3.129109E-17
7.556142E+03	1.191604E-15	3.155419E-17
7.559183E+03	1.188087E-15	3.140077E-17
7.562224E+03	1.182745E-15	3.513541E-17
7.565266E+03	1.174506E-15	3.607336E-17
7.568307E+03	1.166389E-15	3.617587E-17
7.571349E+03	1.158378E-15	3.534438E-17
7.574390E+03	1.149269E-15	3.300422E-17
7.577431E+03	1.140047E-15	3.751416E-17
7.580473E+03	1.132077E-15	4.111605E-17
7.583514E+03	1.123082E-15	4.444421E-17
7.586556E+03	1.115832E-15	4.874021E-17
7.589597E+03	1.109561E-15	4.983480E-17
7.592639E+03	1.102503E-15	4.973242E-17
7.595680E+03	1.098574E-15	5.481324E-17
7.598721E+03	1.092438E-15	5.728882E-17
7.601763E+03	1.087336E-15	5.626135E-17
7.604804E+03	1.084562E-15	5.943217E-17
7.607846E+03	1.081640E-15	6.005428E-17
7.610887E+03	1.080463E-15	5.854336E-17
7.613928E+03	1.078208E-15	5.999752E-17
7.616970E+03	1.076060E-15	5.968271E-17
7.620011E+03	1.071996E-15	5.940929E-17
7.623053E+03	1.073084E-15	5.954620E-17
7.626094E+03	1.075409E-15	5.718724E-17
7.629135E+03	1.078842E-15	5.444909E-17
7.632177E+03	1.081781E-15	5.091968E-17
7.635218E+03	1.086776E-15	4.778406E-17
7.638260E+03	1.089437E-15	4.582593E-17
7.641301E+03	1.092404E-15	4.585348E-17
7.644342E+03	1.098922E-15	4.516887E-17
7.647384E+03	1.103324E-15	4.179665E-17
7.650425E+03	1.106101E-15	4.305684E-17
7.653467E+03	1.111518E-15	3.881840E-17
7.656508E+03	1.119738E-15	3.815510E-17
7.659550E+03	1.126916E-15	3.669894E-17
7.662591E+03	1.135076E-15	3.349775E-17
7.665632E+03	1.142705E-15	3.354683E-17
7.668674E+03	1.148054E-15	3.316416E-17
7.671715E+03	1.151122E-15	3.280400E-17
7.674757E+03	1.157467E-15	3.344563E-17
7.677798E+03	1.161513E-15	3.741176E-17
7.680839E+03	1.164883E-15	4.184010E-17
7.683881E+03	1.169597E-15	4.137005E-17
7.686922E+03	1.172615E-15	4.531466E-17
7.689964E+03	1.170237E-15	4.673937E-17
7.693005E+03	1.163029E-15	4.239289E-17
7.696046E+03	1.152741E-15	4.319721E-17
7.699088E+03	1.141521E-15	4.053072E-17
7.702129E+03	1.134653E-15	4.503196E-17
7.705171E+03	1.123484E-15	5.194469E-17
7.708212E+03	1.109927E-15	5.643673E-17
7.711253E+03	1.092799E-15	5.838426E-17
7.714295E+03	1.077473E-15	5.887983E-17
7.717336E+03	1.063293E-15	5.884037E-17
7.720378E+03	1.048966E-15	5.855370E-17
7.723419E+03	1.036551E-15	5.904278E-17
7.726461E+03	1.025501E-15	5.737403E-17
7.729502E+03	1.012992E-15	5.387089E-17
7.732543E+03	1.004343E-15	5.253173E-17
7.735585E+03	9.989157E-16	4.847044E-17
7.738626E+03	9.953072E-16	4.882355E-17
7.741668E+03	9.982508E-16	4.813779E-17
7.744709E+03	1.000063E-15	4.672197E-17
7.747750E+03	1.006642E-15	4.747178E-17
7.750792E+03	1.016204E-15	4.538526E-17
7.753833E+03	1.027800E-15	4.134697E-17
7.756875E+03	1.042068E-15	3.763767E-17
7.759916E+03	1.057314E-15	3.468669E-17
7.762958E+03	1.075394E-15	3.494454E-17
7.765999E+03	1.095617E-15	3.633788E-17
7.769040E+03	1.117872E-15	3.602047E-17
7.772082E+03	1.139466E-15	3.491019E-17
7.775123E+03	1.158690E-15	3.601141E-17
7.778164E+03	1.174689E-15	3.731533E-17
7.781206E+03	1.191374E-15	3.725811E-17
7.784247E+03	1.200525E-15	3.831106E-17
7.787289E+03	1.208381E-15	3.660420E-17
7.790330E+03	1.215269E-15	3.677786E-17
7.793372E+03	1.215319E-15	3.714109E-17
7.796413E+03	1.212366E-15	3.702564E-17
7.799454E+03	1.212084E-15	3.661036E-17
7.802496E+03	1.213054E-15	3.709603E-17
7.805537E+03	1.212167E-15	3.706898E-17
7.808579E+03	1.208081E-15	3.752270E-17
7.811620E+03	1.203284E-15	3.739661E-17
7.814661E+03	1.195889E-15	3.642420E-17
7.817703E+03	1.187275E-15	3.639556E-17
7.820744E+03	1.180987E-15	3.635516E-17
7.823786E+03	1.174007E-15	3.517734E-17
7.826827E+03	1.166010E-15	3.283295E-17
7.829868E+03	1.160138E-15	3.276941E-17
7.832910E+03	1.151813E-15	3.508249E-17
7.835951E+03	1.144088E-15	3.518829E-17
7.838993E+03	1.138159E-15	3.505201E-17
7.842034E+03	1.132212E-15	3.520385E-17
7.845075E+03	1.124178E-15	3.520423E-17
7.848117E+03	1.119555E-15	3.945930E-17
7.851158E+03	1.114568E-15	3.979079E-17
7.854200E+03	1.109798E-15	4.064724E-17
7.857241E+03	1.104738E-15	4.126881E-17
7.860283E+03	1.102632E-15	4.069252E-17
7.863324E+03	1.101505E-15	4.094833E-17
7.866365E+03	1.099778E-15	4.094955E-17
7.869407E+03	1.098938E-15	4.258369E-17
7.872448E+03	1.097444E-15	4.256235E-17
7.875490E+03	1.095405E-15	4.306421E-17
7.878531E+03	1.093872E-15	4.365535E-17
7.881573E+03	1.095128E-15	4.134110E-17
7.884614E+03	1.096925E-15	4.175735E-17
7.887655E+03	1.096764E-15	4.189206E-17
7.890697E+03	1.094898E-15	4.060652E-17
7.893738E+03	1.095060E-15	4.256368E-17
7.896779E+03	1.094840E-15	3.872758E-17
7.899821E+03	1.095867E-15	3.791878E-17
7.902862E+03	1.096530E-15	3.729877E-17
7.905904E+03	1.095961E-15	3.649481E-17
7.908945E+03	1.094848E-15	3.654673E-17
7.911987E+03	1.093823E-15	3.612851E-17
7.915028E+03	1.095294E-15	3.621060E-17
7.918069E+03	1.095424E-15	3.466938E-17
7.921111E+03	1.094558E-15	3.465837E-17
7.924152E+03	1.093799E-15	3.397412E-17
7.927194E+03	1.094377E-15	3.334418E-17
7.930235E+03	1.091555E-15	3.431150E-17
7.933276E+03	1.090395E-15	3.362403E-17
7.936318E+03	1.089866E-15	3.380741E-17
7.939359E+03	1.087801E-15	3.373495E-17
7.942401E+03	1.086258E-15	3.168739E-17
7.945442E+03	1.086033E-15	3.146329E-17
7.948484E+03	1.086095E-15	3.153500E-17
7.951525E+03	1.083123E-15	3.301766E-17
7.954566E+03	1.080620E-15	3.470583E-17
7.957608E+03	1.079036E-15	3.481911E-17
7.960649E+03	1.075684E-15	3.510068E-17
7.963690E+03	1.073306E-15	3.656941E-17
7.966732E+03	1.074443E-15	3.707209E-17
7.969773E+03	1.074822E-15	3.711316E-17
7.972815E+03	1.071846E-15	3.741783E-17
7.975856E+03	1.070474E-15	3.764533E-17
7.978898E+03	1.069767E-15	3.696897E-17
7.981939E+03	1.070754E-15	3.700722E-17
7.984980E+03	1.070999E-15	3.747224E-17
7.988022E+03	1.070542E-15	3.743773E-17
7.991063E+03	1.068192E-15	3.830825E-17
7.994105E+03	1.068380E-15	3.933168E-17
7.997146E+03	1.067919E-15	3.937594E-17
8.000188E+03	1.067511E-15	3.852064E-17
8.003229E+03	1.064241E-15	3.701412E-17
8.006270E+03	1.062680E-15	3.685643E-17
8.009312E+03	1.060237E-15	3.647807E-17
8.012353E+03	1.056895E-15	3.503930E-17
8.015395E+03	1.052960E-15	3.497135E-17
8.018436E+03	1.051110E-15	3.533417E-17
8.021477E+03	1.049619E-15	3.556902E-17
8.024519E+03	1.047283E-15	3.543256E-17
8.027560E+03	1.045180E-15	3.701635E-17
8.030602E+03	1.043113E-15	3.705976E-17
8.033643E+03	1.039627E-15	3.636784E-17
8.036684E+03	1.037506E-15	3.635740E-17
8.039726E+03	1.038956E-15	3.509800E-17
8.042767E+03	1.038897E-15	3.361191E-17
8.045809E+03	1.038263E-15	3.381554E-17
8.048850E+03	1.036642E-15	3.389485E-17
8.051891E+03	1.032994E-15	3.475124E-17
8.054933E+03	1.029974E-15	3.483989E-17
8.057974E+03	1.027546E-15	3.492045E-17
8.061016E+03	1.026659E-15	3.509080E-17
8.064057E+03	1.023925E-15	3.455918E-17
8.067099E+03	1.020978E-15	3.606404E-17
8.070140E+03	1.021415E-15	3.531773E-17
8.073181E+03	1.021296E-15	3.560824E-17
8.076223E+03	1.019905E-15	3.411257E-17
8.079264E+03	1.018334E-15	3.429720E-17
8.082306E+03	1.019108E-15	3.445086E-17
8.085347E+03	1.018699E-15	3.577134E-17
8.088388E+03	1.017020E-15	3.785299E-17
8.091430E+03	1.016056E-15	3.817732E-17
8.094471E+03	1.017451E-15	3.846947E-17
8.097513E+03	1.016021E-15	3.820534E-17
8.100554E+03	1.017021E-15	3.781577E-17
8.103595E+03	1.015625E-15	3.780144E-17
8.106637E+03	1.013122E-15	3.793333E-17
8.109678E+03	1.013547E-15	3.755933E-17
8.112720E+03	1.014293E-15	3.759934E-17
8.115761E+03	1.011629E-15	3.592178E-17
8.118802E+03	1.008287E-15	3.670704E-17
8.121844E+03	1.005427E-15	3.729878E-17
8.124885E+03	1.003032E-15	3.742403E-17
8.127927E+03	1.000067E-15	3.716954E-17
8.130968E+03	9.955686E-16	3.725487E-17
8.134010E+03	9.918382E-16	3.577732E-17
8.137051E+03	9.897838E-16	3.388947E-17
8.140092E+03	9.856632E-16	3.552336E-17
8.143134E+03	9.823097E-16	3.548079E-17
8.146175E+03	9.781024E-16	3.584589E-17
8.149217E+03	9.729529E-16	3.548563E-17
8.152258E+03	9.689976E-16	3.578800E-17
8.155299E+03	9.647410E-16	3.537015E-17
8.158341E+03	9.606104E-16	3.674147E-17
8.161382E+03	9.580105E-16	3.715275E-17
8.164424E+03	9.551979E-16	3.799791E-17
8.167465E+03	9.517994E-16	3.721354E-17
8.170506E+03	9.481887E-16	3.645253E-17
8.173548E+03	9.446502E-16	3.625087E-17
8.176589E+03	9.403846E-16	3.601054E-17
8.179631E+03	9.364402E-16	3.587527E-17
8.182672E+03	9.359057E-16	3.662285E-17
8.185713E+03	9.372522E-16	3.617778E-17
8.188755E+03	9.372845E-16	3.542412E-17
8.191796E+03	9.382209E-16	3.545942E-17
8.194838E+03	9.383936E-16	3.506077E-17
8.197879E+03	9.382998E-16	3.470913E-17
8.200921E+03	9.387195E-16	3.438078E-17
8.203962E+03	9.390853E-16	3.490064E-17
8.207003E+03	9.393618E-16	3.336125E-17
8.210045E+03	9.395314E-16	3.299197E-17
8.213086E+03	9.387973E-16	3.342121E-17
8.216128E+03	9.406124E-16	3.364099E-17
8.219169E+03	9.431341E-16	3.328137E-17
8.222210E+03	9.448755E-16	3.311854E-17
8.225252E+03	9.453064E-16	3.391170E-17
8.228293E+03	9.471338E-16	3.407761E-17
8.231335E+03	9.483587E-16	3.449469E-17
8.234376E+03	9.531355E-16	3.447489E-17
8.237417E+03	9.573263E-16	3.335673E-17
8.240459E+03	9.592000E-16	3.330382E-17
8.243500E+03	9.615316E-16	3.522641E-17
8.246542E+03	9.637556E-16	3.520002E-17
8.249583E+03	9.617587E-16	3.542816E-17
8.252624E+03	9.618099E-16	3.509322E-17
8.255666E+03	9.632369E-16	3.523567E-17
8.258707E+03	9.634456E-16	3.523571E-17
8.261749E+03	9.618021E-16	3.433460E-17
8.264790E+03	9.599122E-16	3.585960E-17
8.267832E+03	9.590806E-16	3.866690E-17
8.270873E+03	9.563107E-16	3.859563E-17
8.273914E+03	9.545284E-16	3.788376E-17
8.276956E+03	9.518662E-16	3.820950E-17
8.279997E+03	9.496981E-16	3.786670E-17
8.283039E+03	9.482877E-16	3.909019E-17
8.286080E+03	9.448188E-16	4.007606E-17
8.289121E+03	9.435682E-16	4.041351E-17
8.292163E+03	9.416497E-16	3.902454E-17
8.295204E+03	9.411035E-16	4.131121E-17
8.298246E+03	9.382192E-16	4.203347E-17
8.301287E+03	9.396247E-16	4.199463E-17
8.304328E+03	9.406427E-16	4.098200E-17
8.307370E+03	9.406059E-16	4.079841E-17
8.310411E+03	9.396733E-16	4.078681E-17
8.313453E+03	9.410761E-16	3.984618E-17
8.316494E+03	9.444088E-16	3.990896E-17
8.319535E+03	9.477921E-16	3.964467E-17
8.322577E+03	9.502964E-16	4.026710E-17
8.325618E+03	9.560790E-16	3.984264E-17
8.328660E+03	9.628402E-16	3.929093E-17
8.331701E+03	9.694225E-16	3.855446E-17
8.334743E+03	9.743012E-16	3.734954E-17
8.337784E+03	9.763215E-16	3.684102E-17
8.340825E+03	9.757132E-16	3.759677E-17
8.343867E+03	9.728111E-16	3.632144E-17
8.346908E+03	9.658140E-16	3.982577E-17
8.349950E+03	9.545326E-16	3.926758E-17
8.352991E+03	9.396701E-16	4.429884E-17
8.356032E+03	9.185006E-16	4.559556E-17
8.359074E+03	8.929527E-16	4.522809E-17
8.362115E+03	8.669813E-16	4.424208E-17
8.365157E+03	8.375977E-16	4.157552E-17
8.368198E+03	8.005760E-16	4.188995E-17
8.371239E+03	7.590841E-16	4.120485E-17
8.374281E+03	7.167584E-16	4.428358E-17
8.377322E+03	6.735122E-16	4.552257E-17
8.380364E+03	6.299048E-16	4.635179E-17
8.383405E+03	5.829175E-16	4.617273E-17
8.386447E+03	5.361818E-16	4.630777E-17
8.389488E+03	4.910405E-16	4.690469E-17
8.392529E+03	4.438480E-16	4.542374E-17
8.395571E+03	3.985980E-16	4.012689E-17
8.398612E+03	3.575720E-16	3.952295E-17
8.401654E+03	3.181880E-16	2.999178E-17
8.404695E+03	2.818904E-16	2.656023E-17
8.407736E+03	2.493735E-16	2.473887E-17
8.410778E+03	2.207908E-16	2.415834E-17
8.413819E+03	1.989764E-16	3.078440E-17
8.416861E+03	1.792094E-16	3.634437E-17
8.419902E+03	1.645811E-16	3.720866E-17
8.422943E+03	1.549762E-16	3.426572E-17
8.425985E+03	1.491076E-16	3.265136E-17
8.429026E+03	1.469880E-16	3.016905E-17
8.432068E+03	1.464075E-16	2.979880E-17
8.435109E+03	1.513520E-16	2.879783E-17
8.438150E+03	1.603011E-16	2.525700E-17
8.441192E+03	1.717859E-16	2.489004E-17
8.444233E+03	1.808900E-16	2.510221E-17
8.447275E+03	1.939291E-16	2.471298E-17
8.450316E+03	2.079331E-16	2.453711E-17
8.453358E+03	2.257115E-16	2.410920E-17
8.456399E+03	2.466370E-16	2.846757E-17
8.459440E+03	2.680372E-16	2.974829E-17
8.462482E+03	2.940025E-16	2.882839E-17
8.465523E+03	3.232642E-16	2.357777E-17
8.468565E+03	3.538103E-16	2.186889E-17
8.471606E+03	3.906972E-16	2.371379E-17
8.474647E+03	4.317210E-16	2.386308E-17
8.477689E+03	4.789213E-16	2.487666E-17
8.480730E+03	5.257516E-16	2.503315E-17
8.483772E+03	5.770568E-16	2.588213E-17
8.486813E+03	6.310000E-16	2.554352E-17
8.489854E+03	6.843800E-16	3.248689E-17
8.492896E+03	7.368688E-16	4.385949E-17
8.495937E+03	7.899883E-16	4.562263E-17
8.498979E+03	8.411287E-16	4.599543E-17
8.502020E+03	8.878557E-16	4.698595E-17
8.505062E+03	9.319171E-16	4.912193E-17
8.508103E+03	9.710186E-16	5.286741E-17
8.511144E+03	1.002436E-15	5.074541E-17
8.514186E+03	1.027729E-15	4.947620E-17
8.517227E+03	1.046954E-15	4.722310E-17
8.520269E+03	1.058890E-15	4.844224E-17
8.523310E+03	1.063112E-15	5.253069E-17
8.526351E+03	1.061436E-15	5.615553E-17
8.529393E+03	1.051677E-15	5.603438E-17
8.532434E+03	1.034738E-15	5.661252E-17
8.535476E+03	1.011725E-15	5.655760E-17
8.538517E+03	9.845393E-16	5.511160E-17
8.541558E+03	9.511160E-16	4.939842E-17
8.544600E+03	9.128718E-16	4.885147E-17
8.547641E+03	8.703782E-16	4.853499E-17
8.550683E+03	8.259267E-16	4.768592E-17
8.553724E+03	7.816005E-16	4.355098E-17
8.556765E+03	7.382764E-16	3.599608E-17
8.559807E+03	6.977937E-16	3.433571E-17
8.562848E+03	6.582935E-16	3.246651E-17
8.565890E+03	6.219406E-16	3.051361E-17
8.568931E+03	5.932348E-16	2.916561E-17
8.571973E+03	5.683911E-16	2.564659E-17
8.575014E+03	5.470290E-16	2.286073E-17
8.578055E+03	5.327346E-16	2.271646E-17
8.581097E+03	5.244902E-16	1.976139E-17
8.584138E+03	5.244540E-16	2.179567E-17
8.587180E+03	5.309731E-16	2.208317E-17
8.590221E+03	5.430478E-16	2.375444E-17
8.593263E+03	5.628355E-16	2.339586E-17
8.596304E+03	5.891649E-16	2.370778E-17
8.599345E+03	6.222372E-16	2.398576E-17
8.602387E+03	6.601283E-16	2.339426E-17
8.605428E+03	6.985169E-16	2.310531E-17
8.608469E+03	7.434332E-16	2.358757E-17
8.611511E+03	7.915841E-16	2.545971E-17
8.614552E+03	8.393547E-16	2.615724E-17
8.617594E+03	8.935248E-16	2.556038E-17
8.620635E+03	9.486816E-16	2.927362E-17
8.623677E+03	1.001453E-15	3.321071E-17
8.626718E+03	1.054733E-15	3.538448E-17
8.629759E+03	1.109325E-15	3.666123E-17
8.632801E+03	1.160097E-15	3.677147E-17
8.635842E+03	1.208541E-15	3.725713E-17
8.638884E+03	1.251700E-15	3.759413E-17
8.641925E+03	1.295286E-15	3.789392E-17
8.644966E+03	1.333745E-15	3.816094E-17
8.648008E+03	1.369337E-15	4.110143E-17
8.651049E+03	1.401824E-15	4.247057E-17
8.654091E+03	1.428629E-15	4.170110E-17
8.657132E+03	1.451891E-15	4.378704E-17
8.660174E+03	1.474120E-15	4.370562E-17
8.663215E+03	1.489158E-15	4.376390E-17
8.666256E+03	1.498629E-15	4.395108E-17
8.669298E+03	1.507142E-15	4.320771E-17
8.672339E+03	1.513351E-15	4.109319E-17
8.675380E+03	1.513558E-15	4.038978E-17
8.678422E+03	1.511140E-15	3.713886E-17
8.681463E+03	1.510055E-15	3.717695E-17
8.684505E+03	1.507371E-15	3.694848E-17
8.687546E+03	1.501128E-15	3.741865E-17
8.690588E+03	1.496729E-15	3.915066E-17
8.693629E+03	1.487855E-15	3.908516E-17
8.696670E+03	1.480467E-15	3.809853E-17
8.699712E+03	1.473017E-15	3.790798E-17
8.702753E+03	1.466098E-15	3.803706E-17
8.705795E+03	1.455814E-15	3.646998E-17
8.708836E+03	1.446575E-15	3.646866E-17
8.711877E+03	1.438446E-15	3.933783E-17
8.714919E+03	1.430815E-15	3.916702E-17
8.717960E+03	1.416013E-15	3.813812E-17
8.721002E+03	1.401422E-15	3.836901E-17
8.724043E+03	1.385292E-15	3.810238E-17
8.727085E+03	1.367146E-15	3.791530E-17
8.730126E+03	1.353615E-15	3.960213E-17
8.733167E+03	1.338476E-15	3.955430E-17
8.736209E+03	1.321050E-15	3.916862E-17
8.739250E+03	1.300270E-15	3.783548E-17
8.742292E+03	1.281282E-15	3.825084E-17
8.745333E+03	1.266054E-15	3.900885E-17
8.748374E+03	1.250053E-15	3.815900E-17
8.751416E+03	1.231207E-15	3.787497E-17
8.754457E+03	1.215898E-15	3.781066E-17
8.757499E+03	1.202090E-15	4.066081E-17
8.760540E+03	1.186049E-15	3.718337E-17
8.763581E+03	1.174441E-15	3.966992E-17
8.766623E+03	1.162262E-15	4.518985E-17
8.769664E+03	1.145426E-15	4.382369E-17
8.772706E+03	1.130427E-15	4.176534E-17
8.775747E+03	1.115757E-15	4.166583E-17
8.778789E+03	1.099737E-15	4.015973E-17
8.781830E+03	1.084961E-15	4.232483E-17
8.784871E+03	1.063667E-15	4.297877E-17
8.787913E+03	1.047412E-15	4.159884E-17
8.790954E+03	1.032841E-15	4.411696E-17
8.793996E+03	1.021121E-15	4.296925E-17
8.797037E+03	1.009320E-15	4.257911E-17
8.800078E+03	9.968816E-16	4.281485E-17
8.803120E+03	9.865636E-16	4.618415E-17
8.806161E+03	9.774009E-16	4.633965E-17
8.809203E+03	9.658727E-16	4.670637E-17
8.812244E+03	9.574795E-16	4.678407E-17
8.815285E+03	9.473979E-16	4.063184E-17
8.818327E+03	9.373034E-16	4.856989E-17
8.821368E+03	9.267393E-16	4.948875E-17
8.824410E+03	9.173800E-16	4.946518E-17
8.827451E+03	9.061643E-16	5.221724E-17
8.830492E+03	8.928563E-16	5.340468E-17
8.833534E+03	8.800938E-16	6.026455E-17
8.836575E+03	8.674541E-16	6.119990E-17
8.839617E+03	8.527738E-16	5.997736E-17
8.842658E+03	8.397036E-16	5.915919E-17
8.845700E+03	8.247623E-16	5.914899E-17
8.848741E+03	8.102313E-16	5.956636E-17
8.851782E+03	7.959244E-16	5.795810E-17
8.854824E+03	7.878207E-16	5.616295E-17
8.857865E+03	7.792640E-16	5.834847E-17
8.860906E+03	7.678734E-16	5.835070E-17
8.863948E+03	7.576684E-16	5.850191E-17
8.866989E+03	7.544559E-16	5.717205E-17
8.870031E+03	7.501140E-16	5.602046E-17
8.873072E+03	7.480019E-16	5.656641E-17
8.876114E+03	7.472751E-16	5.861043E-17
8.879155E+03	7.443387E-16	5.573622E-17
8.882196E+03	7.434961E-16	4.460048E-17
8.885238E+03	7.449152E-16	4.610172E-17
8.888279E+03	7.486964E-16	4.665524E-17
8.891321E+03	7.520223E-16	4.972451E-17
8.894362E+03	7.576082E-16	5.127352E-17
8.897404E+03	7.641719E-16	5.091122E-17
8.900445E+03	7.733149E-16	4.996418E-17
8.903486E+03	7.837887E-16	4.997514E-17
8.906528E+03	7.936544E-16	4.734570E-17
8.909569E+03	8.066880E-16	4.385666E-17
8.912611E+03	8.154724E-16	4.691526E-17
8.915652E+03	8.174644E-16	4.141815E-17
8.918693E+03	8.249335E-16	4.021297E-17
8.921735E+03	8.322672E-16	4.038846E-17
8.924776E+03	8.369048E-16	3.581362E-17
8.927818E+03	8.379205E-16	3.568147E-17
8.930859E+03	8.305314E-16	3.683919E-17
8.933900E+03	8.303366E-16	3.608064E-17
8.936942E+03	8.262186E-16	3.612529E-17
8.939983E+03	8.204183E-16	3.287323E-17
8.943025E+03	8.160343E-16	3.302882E-17
8.946066E+03	8.113827E-16	3.304446E-17
8.949107E+03	8.047292E-16	3.317015E-17
8.952149E+03	7.979768E-16	3.250850E-17
8.955190E+03	7.945929E-16	3.258835E-17
8.958232E+03	7.892580E-16	3.262635E-17
8.961273E+03	7.827299E-16	3.128715E-17
8.964315E+03	7.818244E-16	3.061717E-17
8.967356E+03	7.820978E-16	3.974516E-17
8.970397E+03	7.826580E-16	4.002736E-17
8.973439E+03	7.815534E-16	3.991322E-17
8.976480E+03	7.820983E-16	4.212973E-17
8.979522E+03	7.837038E-16	4.280447E-17
8.982563E+03	7.827363E-16	4.455796E-17
8.985604E+03	7.840908E-16	4.594274E-17
8.988646E+03	7.825027E-16	4.684194E-17
8.991687E+03	7.802766E-16	4.607460E-17
8.994729E+03	7.775639E-16	4.756085E-17
8.997770E+03	7.719939E-16	4.908364E-17
9.000811E+03	7.669803E-16	4.910976E-17
9.003853E+03	7.591101E-16	4.908700E-17
9.006894E+03	7.499472E-16	5.182367E-17
9.009936E+03	7.429548E-16	5.123661E-17
9.012977E+03	7.348210E-16	5.246909E-17
9.016019E+03	7.271428E-16	4.577335E-17
9.019060E+03	7.167772E-16	4.674774E-17
9.022101E+03	7.053549E-16	4.716192E-17
9.025143E+03	6.952118E-16	4.564480E-17
9.028184E+03	6.859276E-16	4.458780E-17
9.031226E+03	6.760907E-16	4.304903E-17
9.034267E+03	6.636681E-16	4.305247E-17
9.037308E+03	6.541374E-16	4.250251E-17
9.040350E+03	6.494131E-16	4.119837E-17
9.043391E+03	6.442699E-16	4.067797E-17
9.046433E+03	6.421348E-16	4.054075E-17
9.049474E+03	6.412770E-16	4.050932E-17
9.052515E+03	6.388915E-16	4.055080E-17
9.055557E+03	6.376154E-16	3.545716E-17
9.058598E+03	6.348452E-16	3.549281E-17
9.061640E+03	6.380041E-16	3.456994E-17
9.064681E+03	6.441019E-16	3.430361E-17
9.067722E+03	6.475466E-16	3.625038E-17
9.070764E+03	6.535774E-16	3.598986E-17
9.073805E+03	6.582817E-16	3.643133E-17
9.076847E+03	6.657397E-16	3.658421E-17
9.079888E+03	6.747590E-16	3.675862E-17
9.082930E+03	6.807226E-16	3.297075E-17
9.085971E+03	6.891877E-16	3.643707E-17
9.089012E+03	7.004896E-16	3.900467E-17
9.092054E+03	7.119757E-16	3.878727E-17
9.095095E+03	7.212291E-16	3.738483E-17
9.098137E+03	7.292068E-16	3.842810E-17
9.101178E+03	7.354222E-16	4.118017E-17
9.104219E+03	7.393384E-16	4.143350E-17
9.107261E+03	7.441444E-16	4.182258E-17
9.110302E+03	7.466683E-16	4.244181E-17
9.113344E+03	7.505352E-16	4.648484E-17
9.116385E+03	7.529761E-16	4.508647E-17
9.119426E+03	7.545114E-16	4.525881E-17
9.122468E+03	7.545034E-16	4.519294E-17
9.125509E+03	7.498817E-16	4.494101E-17
9.128551E+03	7.437676E-16	4.794081E-17
9.131592E+03	7.413122E-16	4.797541E-17
9.134633E+03	7.335390E-16	4.582715E-17
9.137675E+03	7.226799E-16	4.748073E-17
9.140716E+03	7.109327E-16	5.047379E-17
9.143758E+03	6.979118E-16	4.944409E-17
9.146799E+03	6.853619E-16	4.910677E-17
9.149841E+03	6.757992E-16	4.801827E-17
9.152882E+03	6.657510E-16	5.000686E-17
9.155923E+03	6.586730E-16	4.979113E-17
9.158965E+03	6.529210E-16	4.943162E-17
9.162006E+03	6.446704E-16	4.659583E-17
9.165048E+03	6.335189E-16	4.602334E-17
9.168089E+03	6.243979E-16	4.601265E-17
9.171130E+03	6.167035E-16	4.702771E-17
9.174172E+03	6.084564E-16	5.207553E-17
9.177213E+03	6.014511E-16	4.856464E-17
9.180255E+03	5.953187E-16	4.849254E-17
9.183296E+03	5.931954E-16	5.334827E-17
9.186337E+03	5.934374E-16	5.098817E-17
9.189379E+03	5.953234E-16	4.840711E-17
9.192420E+03	5.997254E-16	4.960472E-17
9.195462E+03	6.037588E-16	5.158436E-17
9.198503E+03	6.073061E-16	5.722797E-17
9.201544E+03	6.133190E-16	5.618930E-17
9.204586E+03	6.199863E-16	5.753757E-17
9.207627E+03	6.290687E-16	5.836478E-17
9.210669E+03	6.342944E-16	6.133797E-17
9.213710E+03	6.412141E-16	6.166338E-17
9.216752E+03	6.490062E-16	6.191635E-17
9.219793E+03	6.560608E-16	6.215690E-17
9.222834E+03	6.633840E-16	6.240834E-17
9.225876E+03	6.668675E-16	6.257081E-17
9.228917E+03	6.710558E-16	6.275261E-17
9.231959E+03	6.748420E-16	6.292679E-17
9.235000E+03	6.803390E-16	6.314642E-17
9.240000E+03	6.180789E-16	1.772717E-17
9.280000E+03	6.097709E-16	2.132394E-17
9.320000E+03	6.038184E-16	2.510816E-17
9.360000E+03	6.001725E-16	2.895397E-17
9.400000E+03	5.988428E-16	3.281203E-17
9.440000E+03	5.997602E-16	3.667292E-17
9.480000E+03	6.028026E-16	4.054820E-17
9.520000E+03	6.078401E-16	4.446183E-17
9.560000E+03	6.146758E-16	4.843929E-17
9.600000E+03	6.230566E-16	5.250334E-17
9.640000E+03	6.326704E-16	5.667043E-17
9.680000E+03	6.431026E-16	6.094415E-17
9.720000E+03	6.539493E-16	6.532347E-17
9.760000E+03	6.646981E-16	6.979019E-17
9.800000E+03	6.748578E-16	7.431994E-17
9.840000E+03	6.839125E-16	7.887677E-17
9.880000E+03	6.913708E-16	8.341712E-17
9.920000E+03	6.967936E-16	8.789234E-17
9.960000E+03	6.997897E-16	9.224751E-17
1.000000E+04	7.000637E-16	9.642702E-17
1.004000E+04	6.974930E-16	1.003862E-16
1.008000E+04	6.920125E-16	1.040775E-16
1.012000E+04	6.836690E-16	1.074593E-16
1.016000E+04	6.725766E-16	1.104918E-16
1.020000E+04	6.590332E-16	1.131598E-16
1.024000E+04	6.433341E-16	1.154469E-16
1.028000E+04	6.257804E-16	1.173388E-16
1.032000E+04	6.067266E-16	1.188351E-16
