#wls	flux	fluxerr
1.597604E+03	5.828971E-16	2.650383E-17
1.637544E+03	5.995734E-16	2.702698E-17
1.677484E+03	6.160151E-16	2.752162E-17
1.717424E+03	6.321806E-16	2.798575E-17
1.757364E+03	6.478976E-16	2.841170E-17
1.797304E+03	6.628116E-16	2.878419E-17
1.837244E+03	6.763563E-16	2.907948E-17
1.877184E+03	6.879527E-16	2.927432E-17
1.917124E+03	6.968890E-16	2.934099E-17
1.957064E+03	7.025228E-16	2.925606E-17
1.997004E+03	7.048962E-16	2.902561E-17
2.036945E+03	7.051949E-16	2.870240E-17
2.076885E+03	7.065013E-16	2.841330E-17
2.116825E+03	7.136818E-16	2.835012E-17
2.156765E+03	7.313654E-16	2.868550E-17
2.196705E+03	7.618846E-16	2.949348E-17
2.236645E+03	8.040679E-16	3.070884E-17
2.276585E+03	8.540244E-16	3.216577E-17
2.316525E+03	9.084564E-16	3.372823E-17
2.356465E+03	9.649680E-16	3.529999E-17
2.396405E+03	1.022158E-15	3.682576E-17
2.436345E+03	1.079453E-15	3.828264E-17
2.476286E+03	1.136867E-15	3.966965E-17
2.516226E+03	1.194689E-15	4.099510E-17
2.556166E+03	1.253256E-15	4.226843E-17
2.596106E+03	1.313033E-15	4.350247E-17
2.636046E+03	1.374478E-15	4.470875E-17
2.675986E+03	1.438045E-15	4.589757E-17
2.715926E+03	1.504209E-15	4.707883E-17
2.755866E+03	1.573613E-15	4.826640E-17
2.795806E+03	1.646816E-15	4.946998E-17
2.835746E+03	1.724628E-15	5.070528E-17
2.875686E+03	1.808356E-15	5.200022E-17
2.915627E+03	1.899925E-15	5.339672E-17
2.955567E+03	2.002301E-15	5.496033E-17
2.995507E+03	2.119600E-15	5.677959E-17
3.005492E+03	2.151843E-15	5.728648E-17
3.015477E+03	2.185445E-15	5.781805E-17
3.025462E+03	2.220541E-15	5.837727E-17
3.035447E+03	2.257256E-15	5.896657E-17
3.045432E+03	2.295716E-15	5.958846E-17
3.055417E+03	2.336196E-15	6.024917E-17
3.065402E+03	2.378705E-15	6.094789E-17
3.075387E+03	2.423366E-15	6.168674E-17
3.085372E+03	2.470043E-15	6.246122E-17
3.095357E+03	2.518477E-15	6.326383E-17
3.105342E+03	2.568037E-15	6.407791E-17
3.115327E+03	2.617881E-15	6.488209E-17
3.125312E+03	2.666986E-15	6.565103E-17
3.135297E+03	2.714292E-15	6.635921E-17
3.145282E+03	2.758842E-15	6.698434E-17
3.155267E+03	2.799765E-15	6.750683E-17
3.165252E+03	2.836671E-15	6.791919E-17
3.175237E+03	2.869393E-15	6.821955E-17
3.185222E+03	2.898308E-15	6.841892E-17
3.195207E+03	2.924183E-15	6.853727E-17
3.205192E+03	2.948085E-15	6.860103E-17
3.215177E+03	2.971484E-15	6.864516E-17
3.225162E+03	2.996236E-15	6.871257E-17
3.235147E+03	3.024024E-15	6.884092E-17
3.245132E+03	3.056229E-15	6.905994E-17
3.255117E+03	3.093489E-15	6.938182E-17
3.265102E+03	3.136189E-15	6.981260E-17
3.275087E+03	3.184200E-15	7.034676E-17
3.285072E+03	3.237800E-15	7.098785E-17
3.295057E+03	3.297424E-15	7.174255E-17
3.295686E+03	4.246636E-15	9.234990E-17
3.298683E+03	4.246043E-15	9.212366E-17
3.301680E+03	4.245923E-15	9.190773E-17
3.304677E+03	4.245167E-15	9.167821E-17
3.307674E+03	4.240080E-15	9.135547E-17
3.310671E+03	4.235343E-15	9.104092E-17
3.313668E+03	4.240806E-15	9.094561E-17
3.316665E+03	4.248341E-15	9.089423E-17
3.319663E+03	4.248099E-15	9.067613E-17
3.322659E+03	4.253499E-15	9.057834E-17
3.325656E+03	4.252355E-15	9.034108E-17
3.328653E+03	4.259190E-15	9.027310E-17
3.331650E+03	4.272773E-15	9.034727E-17
3.334647E+03	4.275627E-15	9.019380E-17
3.337644E+03	4.281783E-15	9.010971E-17
3.340641E+03	4.299482E-15	9.026738E-17
3.343638E+03	4.322075E-15	9.052599E-17
3.346635E+03	4.347473E-15	9.084097E-17
3.349632E+03	4.367555E-15	9.104282E-17
3.352628E+03	4.388718E-15	9.126527E-17
3.355626E+03	4.417355E-15	9.164070E-17
3.358622E+03	4.451864E-15	9.213501E-17
3.361620E+03	4.483393E-15	9.256442E-17
3.364616E+03	4.515629E-15	9.300547E-17
3.367614E+03	4.563069E-15	9.375577E-17
3.370610E+03	4.623126E-15	9.476020E-17
3.373608E+03	4.689160E-15	9.588096E-17
3.376604E+03	4.738574E-15	9.665636E-17
3.379602E+03	4.713178E-15	9.590471E-17
3.382598E+03	4.695503E-15	9.531256E-17
3.385595E+03	4.679042E-15	9.474688E-17
3.388592E+03	4.648454E-15	9.389759E-17
3.391589E+03	4.611970E-15	9.293274E-17
3.394586E+03	4.597681E-15	9.241774E-17
3.397583E+03	4.599567E-15	9.222873E-17
3.400580E+03	4.604374E-15	9.209808E-17
3.403577E+03	4.586237E-15	9.150939E-17
3.406574E+03	4.561346E-15	9.078818E-17
3.409571E+03	4.564140E-15	9.061935E-17
3.412567E+03	4.549395E-15	9.010307E-17
3.415565E+03	4.546395E-15	8.982040E-17
3.418561E+03	4.591132E-15	9.047905E-17
3.421559E+03	4.593105E-15	9.029278E-17
3.424555E+03	4.589060E-15	8.998860E-17
3.427553E+03	4.590628E-15	8.979472E-17
3.430549E+03	4.582390E-15	8.940964E-17
3.433547E+03	4.583676E-15	8.921089E-17
3.436543E+03	4.592523E-15	8.915909E-17
3.439541E+03	4.611249E-15	8.929787E-17
3.442537E+03	4.627379E-15	8.938499E-17
3.445534E+03	4.620393E-15	8.902538E-17
3.448531E+03	4.627193E-15	8.893156E-17
3.451528E+03	4.634337E-15	8.884399E-17
3.454525E+03	4.643535E-15	8.879516E-17
3.457522E+03	4.650023E-15	8.869409E-17
3.460519E+03	4.660394E-15	8.866644E-17
3.463516E+03	4.668424E-15	8.859367E-17
3.466513E+03	4.663506E-15	8.827524E-17
3.469510E+03	4.662352E-15	8.802868E-17
3.472507E+03	4.667639E-15	8.790372E-17
3.475504E+03	4.659262E-15	8.752192E-17
3.478500E+03	4.662562E-15	8.736000E-17
3.481498E+03	4.659391E-15	8.707702E-17
3.484494E+03	4.649997E-15	8.667871E-17
3.487492E+03	4.658598E-15	8.661607E-17
3.490488E+03	4.666446E-15	8.653901E-17
3.493486E+03	4.667097E-15	8.632832E-17
3.496482E+03	4.658008E-15	8.593822E-17
3.499480E+03	4.645871E-15	8.549312E-17
3.502476E+03	4.639190E-15	8.514971E-17
3.505473E+03	4.631283E-15	8.478478E-17
3.508470E+03	4.614139E-15	8.425218E-17
3.511467E+03	4.592259E-15	8.363534E-17
3.514464E+03	4.574015E-15	8.308687E-17
3.517461E+03	4.558800E-15	8.259538E-17
3.520458E+03	4.536913E-15	8.198502E-17
3.523455E+03	4.511270E-15	8.130941E-17
3.526452E+03	4.477272E-15	8.048629E-17
3.529449E+03	4.439047E-15	7.959094E-17
3.532446E+03	4.399866E-15	7.868236E-17
3.535443E+03	4.372433E-15	7.798739E-17
3.538439E+03	4.351174E-15	7.740514E-17
3.541437E+03	4.339343E-15	7.699243E-17
3.544433E+03	4.327266E-15	7.657685E-17
3.547431E+03	4.297547E-15	7.585132E-17
3.550427E+03	4.268562E-15	7.514185E-17
3.553425E+03	4.234877E-15	7.435285E-17
3.556421E+03	4.206030E-15	7.365207E-17
3.559419E+03	4.184790E-15	7.308711E-17
3.562415E+03	4.166686E-15	7.257914E-17
3.565413E+03	4.148945E-15	7.207943E-17
3.568409E+03	4.132770E-15	7.160890E-17
3.571407E+03	4.111417E-15	7.105067E-17
3.574403E+03	4.102584E-15	7.071060E-17
3.577400E+03	4.093383E-15	7.036538E-17
3.580397E+03	4.088144E-15	7.008923E-17
3.583394E+03	4.096478E-15	7.004606E-17
3.586391E+03	4.114521E-15	7.016804E-17
3.589388E+03	4.133736E-15	7.030874E-17
3.592385E+03	4.150999E-15	7.041494E-17
3.595382E+03	4.163434E-15	7.043833E-17
3.598379E+03	4.187356E-15	7.065478E-17
3.601376E+03	4.223590E-15	7.107673E-17
3.604373E+03	4.271160E-15	7.168603E-17
3.607370E+03	4.324900E-15	7.239485E-17
3.610366E+03	4.378336E-15	7.309424E-17
3.613364E+03	4.434341E-15	7.383201E-17
3.616360E+03	4.507501E-15	7.485019E-17
3.619358E+03	4.600780E-15	7.619548E-17
3.622354E+03	4.684397E-15	7.737348E-17
3.625352E+03	4.761828E-15	7.844262E-17
3.628348E+03	4.849316E-15	7.967075E-17
3.631346E+03	4.938374E-15	8.091737E-17
3.634342E+03	5.023991E-15	8.210056E-17
3.637339E+03	5.106527E-15	8.322660E-17
3.640336E+03	5.187893E-15	8.432693E-17
3.643333E+03	5.271544E-15	8.545785E-17
3.646331E+03	5.349856E-15	8.649572E-17
3.649327E+03	5.440088E-15	8.771968E-17
3.652325E+03	5.527834E-15	8.889637E-17
3.655321E+03	5.606441E-15	8.991962E-17
3.658319E+03	5.679366E-15	9.084576E-17
3.661315E+03	5.753386E-15	9.178381E-17
3.664313E+03	5.814733E-15	9.251443E-17
3.667309E+03	5.867577E-15	9.310561E-17
3.670306E+03	5.920703E-15	9.369738E-17
3.673303E+03	5.969252E-15	9.421294E-17
3.676300E+03	6.002811E-15	9.448915E-17
3.679297E+03	6.024363E-15	9.457456E-17
3.682294E+03	6.044688E-15	9.463969E-17
3.685291E+03	6.062846E-15	9.466978E-17
3.688288E+03	6.069858E-15	9.452550E-17
3.691285E+03	6.060428E-15	9.412582E-17
3.694282E+03	6.041313E-15	9.357759E-17
3.697279E+03	6.008044E-15	9.281283E-17
3.700276E+03	5.964419E-15	9.189197E-17
3.703272E+03	5.916582E-15	9.091060E-17
3.706270E+03	5.866073E-15	8.989275E-17
3.709266E+03	5.812778E-15	8.883713E-17
3.712264E+03	5.746938E-15	8.759520E-17
3.715260E+03	5.665991E-15	8.612965E-17
3.718258E+03	5.583003E-15	8.464026E-17
3.721254E+03	5.498686E-15	8.313816E-17
3.724252E+03	5.410107E-15	8.157912E-17
3.727248E+03	5.314810E-15	7.992685E-17
3.730245E+03	5.219727E-15	7.828600E-17
3.733242E+03	5.128372E-15	7.670904E-17
3.736239E+03	5.038983E-15	7.516931E-17
3.739236E+03	4.945940E-15	7.358284E-17
3.742233E+03	4.851706E-15	7.198669E-17
3.745230E+03	4.756636E-15	7.038610E-17
3.748227E+03	4.667857E-15	6.888646E-17
3.751224E+03	4.591548E-15	6.757781E-17
3.754221E+03	4.525704E-15	6.642931E-17
3.757218E+03	4.461677E-15	6.531299E-17
3.760215E+03	4.404592E-15	6.430356E-17
3.763211E+03	4.365271E-15	6.355768E-17
3.766209E+03	4.345311E-15	6.309639E-17
3.769205E+03	4.331649E-15	6.272832E-17
3.772203E+03	4.322644E-15	6.242894E-17
3.775199E+03	4.329446E-15	6.235838E-17
3.778197E+03	4.348539E-15	6.246420E-17
3.781193E+03	4.370618E-15	6.261177E-17
3.784191E+03	4.391850E-15	6.274587E-17
3.787187E+03	4.429392E-15	6.311118E-17
3.790184E+03	4.489586E-15	6.379589E-17
3.793181E+03	4.553864E-15	6.453420E-17
3.796178E+03	4.625114E-15	6.536658E-17
3.799175E+03	4.715000E-15	6.645654E-17
3.802172E+03	4.808696E-15	6.759369E-17
3.805169E+03	4.911506E-15	6.885182E-17
3.808166E+03	5.022838E-15	7.022179E-17
3.811163E+03	5.143249E-15	7.171032E-17
3.814160E+03	5.267768E-15	7.324736E-17
3.817157E+03	5.409748E-15	7.501757E-17
3.820154E+03	5.562019E-15	7.691996E-17
3.823150E+03	5.720188E-15	7.889277E-17
3.826148E+03	5.882176E-15	8.090669E-17
3.829144E+03	6.044294E-15	8.291091E-17
3.832142E+03	6.208610E-15	8.493358E-17
3.835138E+03	6.382122E-15	8.707012E-17
3.838136E+03	6.565383E-15	8.932693E-17
3.841132E+03	6.745653E-15	9.153027E-17
3.844130E+03	6.925225E-15	9.371140E-17
3.847126E+03	7.107080E-15	9.591081E-17
3.850123E+03	7.286976E-15	9.807116E-17
3.853120E+03	7.468350E-15	1.002387E-16
3.856117E+03	7.649830E-15	1.023952E-16
3.859114E+03	7.826267E-15	1.044718E-16
3.862111E+03	8.000758E-15	1.065105E-16
3.865108E+03	8.160874E-15	1.083462E-16
3.868105E+03	8.307330E-15	1.099904E-16
3.871102E+03	8.452905E-15	1.116131E-16
3.874099E+03	8.583366E-15	1.130271E-16
3.877096E+03	8.689887E-15	1.141181E-16
3.880093E+03	8.776367E-15	1.149399E-16
3.883089E+03	8.855451E-15	1.156598E-16
3.886087E+03	8.925119E-15	1.162521E-16
3.889083E+03	8.978234E-15	1.166254E-16
3.892081E+03	9.025156E-15	1.169154E-16
3.895077E+03	9.062826E-15	1.170836E-16
3.898075E+03	9.086516E-15	1.170698E-16
3.901071E+03	9.104956E-15	1.169878E-16
3.904069E+03	9.110815E-15	1.167441E-16
3.907065E+03	9.108528E-15	1.163969E-16
3.910063E+03	9.108598E-15	1.160806E-16
3.913059E+03	9.101900E-15	1.156794E-16
3.916056E+03	9.086847E-15	1.151736E-16
3.919053E+03	9.070351E-15	1.146514E-16
3.922050E+03	9.054878E-15	1.141442E-16
3.925047E+03	9.037512E-15	1.136151E-16
3.928044E+03	9.019149E-15	1.130758E-16
3.931041E+03	9.004399E-15	1.125836E-16
3.934038E+03	9.001019E-15	1.122353E-16
3.937035E+03	9.004704E-15	1.119759E-16
3.940032E+03	9.011974E-15	1.117617E-16
3.943029E+03	9.019459E-15	1.115506E-16
3.946026E+03	9.027596E-15	1.113480E-16
3.949023E+03	9.045917E-15	1.112710E-16
3.952020E+03	9.065323E-15	1.112071E-16
3.955016E+03	9.088954E-15	1.111946E-16
3.958014E+03	9.109985E-15	1.111498E-16
3.961010E+03	9.134332E-15	1.111449E-16
3.964008E+03	9.161549E-15	1.111742E-16
3.967004E+03	9.190515E-15	1.112240E-16
3.970002E+03	9.218326E-15	1.112588E-16
3.972999E+03	9.243539E-15	1.112618E-16
3.975995E+03	9.260918E-15	1.111701E-16
3.978993E+03	9.271937E-15	1.110020E-16
3.981989E+03	9.276826E-15	1.107613E-16
3.984987E+03	9.274923E-15	1.104403E-16
3.987983E+03	9.266146E-15	1.100391E-16
3.990981E+03	9.245059E-15	1.094936E-16
3.993977E+03	9.211795E-15	1.088068E-16
3.996975E+03	9.169158E-15	1.080128E-16
3.999971E+03	9.123034E-15	1.071816E-16
4.002969E+03	9.077635E-15	1.063630E-16
4.005965E+03	9.029634E-15	1.055180E-16
4.008963E+03	8.983802E-15	1.047023E-16
4.011959E+03	8.938473E-15	1.038966E-16
4.014956E+03	8.878411E-15	1.029240E-16
4.017953E+03	8.816556E-15	1.019355E-16
4.020950E+03	8.756100E-15	1.009681E-16
4.023947E+03	8.678647E-15	9.981005E-17
4.026944E+03	8.591821E-15	9.855046E-17
4.029941E+03	8.503464E-15	9.727971E-17
4.032938E+03	8.416430E-15	9.603064E-17
4.035935E+03	8.327973E-15	9.477167E-17
4.038932E+03	8.232714E-15	9.344206E-17
4.041929E+03	8.142080E-15	9.217156E-17
4.044926E+03	8.049587E-15	9.088670E-17
4.047922E+03	7.954694E-15	8.958142E-17
4.050920E+03	7.861571E-15	8.830269E-17
4.053916E+03	7.766276E-15	8.700630E-17
4.056914E+03	7.675261E-15	8.576436E-17
4.059910E+03	7.582614E-15	8.451074E-17
4.062908E+03	7.482327E-15	8.317860E-17
4.065904E+03	7.379989E-15	8.183069E-17
4.068902E+03	7.279649E-15	8.051178E-17
4.071898E+03	7.176594E-15	7.916982E-17
4.074895E+03	7.074874E-15	7.784951E-17
4.077892E+03	6.984837E-15	7.666419E-17
4.080889E+03	6.899381E-15	7.553525E-17
4.083886E+03	6.813385E-15	7.440621E-17
4.086883E+03	6.726523E-15	7.327369E-17
4.089880E+03	6.643904E-15	7.219309E-17
4.092877E+03	6.562589E-15	7.113231E-17
4.095874E+03	6.474108E-15	6.999953E-17
4.098871E+03	6.390949E-15	6.893009E-17
4.101867E+03	6.309416E-15	6.788371E-17
4.104865E+03	6.226581E-15	6.682875E-17
4.107861E+03	6.141689E-15	6.575731E-17
4.110859E+03	6.062967E-15	6.475728E-17
4.113855E+03	5.988025E-15	6.380279E-17
4.116853E+03	5.915126E-15	6.287494E-17
4.119849E+03	5.850965E-15	6.204466E-17
4.122847E+03	5.794336E-15	6.129840E-17
4.125843E+03	5.744256E-15	6.062529E-17
4.128841E+03	5.694783E-15	5.996217E-17
4.131837E+03	5.642358E-15	5.927169E-17
4.134835E+03	5.593021E-15	5.861724E-17
4.137831E+03	5.554620E-15	5.808074E-17
4.140828E+03	5.524232E-15	5.763085E-17
4.143825E+03	5.490664E-15	5.715045E-17
4.146822E+03	5.460689E-15	5.671016E-17
4.149819E+03	5.442569E-15	5.639527E-17
4.152816E+03	5.430703E-15	5.614713E-17
4.155813E+03	5.429478E-15	5.601047E-17
4.158810E+03	5.435874E-15	5.595358E-17
4.161807E+03	5.440879E-15	5.588332E-17
4.164804E+03	5.448884E-15	5.584489E-17
4.167800E+03	5.466094E-15	5.590151E-17
4.170798E+03	5.488425E-15	5.601092E-17
4.173794E+03	5.517369E-15	5.618805E-17
4.176792E+03	5.558361E-15	5.648769E-17
4.179788E+03	5.602092E-15	5.681479E-17
4.182786E+03	5.647492E-15	5.715831E-17
4.185782E+03	5.700317E-15	5.757642E-17
4.188780E+03	5.756398E-15	5.802661E-17
4.191776E+03	5.814346E-15	5.849485E-17
4.194773E+03	5.875009E-15	5.898957E-17
4.197770E+03	5.942108E-15	5.954792E-17
4.200767E+03	6.010742E-15	6.012064E-17
4.203764E+03	6.079100E-15	6.068959E-17
4.206761E+03	6.149414E-15	6.127715E-17
4.209758E+03	6.219029E-15	6.185682E-17
4.212755E+03	6.291979E-15	6.246882E-17
4.215752E+03	6.364970E-15	6.308034E-17
4.218749E+03	6.432279E-15	6.363492E-17
4.221746E+03	6.501015E-15	6.420307E-17
4.224743E+03	6.570540E-15	6.477857E-17
4.227740E+03	6.636303E-15	6.531660E-17
4.230737E+03	6.693551E-15	6.577078E-17
4.233733E+03	6.751072E-15	6.622780E-17
4.236731E+03	6.814257E-15	6.674045E-17
4.239727E+03	6.876654E-15	6.724556E-17
4.242725E+03	6.937210E-15	6.773286E-17
4.245721E+03	6.994768E-15	6.819131E-17
4.248719E+03	7.054816E-15	6.867447E-17
4.251715E+03	7.116720E-15	6.917623E-17
4.254713E+03	7.172361E-15	6.961771E-17
4.257709E+03	7.223021E-15	7.001172E-17
4.260706E+03	7.270073E-15	7.037181E-17
4.263703E+03	7.310050E-15	7.066464E-17
4.266700E+03	7.344118E-15	7.090187E-17
4.269697E+03	7.374920E-15	7.110919E-17
4.272694E+03	7.403921E-15	7.130094E-17
4.275691E+03	7.425889E-15	7.142686E-17
4.278688E+03	7.436835E-15	7.144897E-17
4.281685E+03	7.442861E-15	7.142617E-17
4.284682E+03	7.444607E-15	7.136484E-17
4.287679E+03	7.440192E-15	7.124708E-17
4.290676E+03	7.428683E-15	7.106420E-17
4.293673E+03	7.406838E-15	7.078541E-17
4.296670E+03	7.380126E-15	7.046324E-17
4.299667E+03	7.346971E-15	7.008278E-17
4.302664E+03	7.305813E-15	6.962927E-17
4.305661E+03	7.262006E-15	6.915393E-17
4.308658E+03	7.209696E-15	6.860103E-17
4.311655E+03	7.148580E-15	6.796790E-17
4.314652E+03	7.085242E-15	6.731721E-17
4.317649E+03	7.023028E-15	6.668073E-17
4.320646E+03	6.956825E-15	6.600985E-17
4.323643E+03	6.888305E-15	6.532047E-17
4.326639E+03	6.820596E-15	6.464219E-17
4.329637E+03	6.746407E-15	6.390587E-17
4.332633E+03	6.669598E-15	6.314809E-17
4.335631E+03	6.595580E-15	6.242003E-17
4.338627E+03	6.520503E-15	6.168514E-17
4.341625E+03	6.441560E-15	6.091681E-17
4.344621E+03	6.371226E-15	6.023297E-17
4.347619E+03	6.309076E-15	5.962942E-17
4.350615E+03	6.245545E-15	5.901567E-17
4.353612E+03	6.188730E-15	5.846816E-17
4.356609E+03	6.140286E-15	5.800243E-17
4.359606E+03	6.102276E-15	5.763788E-17
4.362603E+03	6.072095E-15	5.734985E-17
4.365600E+03	6.048285E-15	5.712453E-17
4.368597E+03	6.028972E-15	5.694420E-17
4.371594E+03	6.019745E-15	5.686163E-17
4.374591E+03	6.016347E-15	5.683665E-17
4.377588E+03	6.015772E-15	5.684082E-17
4.380585E+03	6.025155E-15	5.694159E-17
4.383582E+03	6.048830E-15	5.717998E-17
4.386578E+03	6.083889E-15	5.752858E-17
4.389576E+03	6.128150E-15	5.796689E-17
4.392572E+03	6.180982E-15	5.848906E-17
4.395570E+03	6.241244E-15	5.908441E-17
4.398566E+03	6.307997E-15	5.974420E-17
4.401564E+03	6.381548E-15	6.047147E-17
4.404560E+03	6.456626E-15	6.121640E-17
4.407558E+03	6.540865E-15	6.205153E-17
4.410554E+03	6.633227E-15	6.296718E-17
4.413552E+03	6.725352E-15	6.388421E-17
4.416548E+03	6.815593E-15	6.478701E-17
4.419545E+03	6.913433E-15	6.576582E-17
4.422542E+03	7.020101E-15	6.683261E-17
4.425539E+03	7.128176E-15	6.791692E-17
4.428536E+03	7.233235E-15	6.897673E-17
4.431533E+03	7.338356E-15	7.004140E-17
4.434530E+03	7.441909E-15	7.109546E-17
4.437527E+03	7.546459E-15	7.216344E-17
4.440524E+03	7.650056E-15	7.322683E-17
4.443521E+03	7.752490E-15	7.428361E-17
4.446518E+03	7.853571E-15	7.533204E-17
4.449515E+03	7.952873E-15	7.636801E-17
4.452511E+03	8.054414E-15	7.743017E-17
4.455509E+03	8.158910E-15	7.852560E-17
4.458505E+03	8.259890E-15	7.959202E-17
4.461503E+03	8.358377E-15	8.063932E-17
4.464499E+03	8.451826E-15	8.164282E-17
4.467497E+03	8.545352E-15	8.265191E-17
4.470493E+03	8.637435E-15	8.365187E-17
4.473491E+03	8.728778E-15	8.464957E-17
4.476487E+03	8.817544E-15	8.562712E-17
4.479484E+03	8.897992E-15	8.652866E-17
4.482481E+03	8.969308E-15	8.734600E-17
4.485478E+03	9.035094E-15	8.811382E-17
4.488475E+03	9.099436E-15	8.887190E-17
4.491472E+03	9.159069E-15	8.958817E-17
4.494469E+03	9.214917E-15	9.027158E-17
4.497466E+03	9.262773E-15	9.088059E-17
4.500463E+03	9.300000E-15	9.138902E-17
4.503460E+03	9.329965E-15	9.182940E-17
4.506457E+03	9.348889E-15	9.216424E-17
4.509454E+03	9.362109E-15	9.244557E-17
4.512451E+03	9.365218E-15	9.262961E-17
4.515448E+03	9.356998E-15	9.270364E-17
4.518444E+03	9.337767E-15	9.267027E-17
4.521442E+03	9.310284E-15	9.255638E-17
4.524438E+03	9.274243E-15	9.235833E-17
4.527436E+03	9.230783E-15	9.208709E-17
4.530432E+03	9.181127E-15	9.175431E-17
4.533430E+03	9.124762E-15	9.135458E-17
4.536426E+03	9.064259E-15	9.091313E-17
4.539424E+03	8.995825E-15	9.039167E-17
4.542420E+03	8.916720E-15	8.976199E-17
4.545417E+03	8.831530E-15	8.906972E-17
4.548414E+03	8.741489E-15	8.832696E-17
4.551411E+03	8.648637E-15	8.755390E-17
4.554408E+03	8.553074E-15	8.675141E-17
4.557405E+03	8.462769E-15	8.600011E-17
4.560402E+03	8.374649E-15	8.526907E-17
4.563399E+03	8.280041E-15	8.446975E-17
4.566396E+03	8.184865E-15	8.366230E-17
4.569393E+03	8.098099E-15	8.293843E-17
4.572389E+03	8.013612E-15	8.223576E-17
4.575387E+03	7.927940E-15	8.151875E-17
4.578383E+03	7.838232E-15	8.075780E-17
4.581381E+03	7.747847E-15	7.998738E-17
4.584377E+03	7.660454E-15	7.924523E-17
4.587375E+03	7.574326E-15	7.851365E-17
4.590371E+03	7.485882E-15	7.775537E-17
4.593369E+03	7.397481E-15	7.699486E-17
4.596365E+03	7.311151E-15	7.625308E-17
4.599363E+03	7.226374E-15	7.552480E-17
4.602359E+03	7.142144E-15	7.479945E-17
4.605357E+03	7.059065E-15	7.408342E-17
4.608353E+03	6.972454E-15	7.332739E-17
4.611350E+03	6.881497E-15	7.252256E-17
4.614347E+03	6.787316E-15	7.168048E-17
4.617344E+03	6.697542E-15	7.088152E-17
4.620341E+03	6.608814E-15	7.009043E-17
4.623338E+03	6.520421E-15	6.929953E-17
4.626335E+03	6.431345E-15	6.849806E-17
4.629332E+03	6.341788E-15	6.768800E-17
4.632330E+03	6.255410E-15	6.690851E-17
4.635326E+03	6.180139E-15	6.624465E-17
4.638323E+03	6.118919E-15	6.572882E-17
4.641320E+03	6.063614E-15	6.527441E-17
4.644317E+03	6.015440E-15	6.489482E-17
4.647314E+03	5.980897E-15	6.466089E-17
4.650311E+03	5.953173E-15	6.449963E-17
4.653308E+03	5.932368E-15	6.441269E-17
4.656305E+03	5.923861E-15	6.445896E-17
4.659302E+03	5.932322E-15	6.469031E-17
4.662299E+03	5.948500E-15	6.500673E-17
4.665295E+03	5.969857E-15	6.538099E-17
4.668293E+03	6.003597E-15	6.589257E-17
4.671289E+03	6.048296E-15	6.652659E-17
4.674287E+03	6.100804E-15	6.724917E-17
4.677283E+03	6.156041E-15	6.800467E-17
4.680281E+03	6.211470E-15	6.876527E-17
4.683277E+03	6.269627E-15	6.955904E-17
4.686275E+03	6.331628E-15	7.039865E-17
4.689271E+03	6.395035E-15	7.125712E-17
4.692269E+03	6.456604E-15	7.209840E-17
4.695265E+03	6.519882E-15	7.296196E-17
4.698263E+03	6.584870E-15	7.384802E-17
4.701259E+03	6.646496E-15	7.469960E-17
4.704256E+03	6.705066E-15	7.551992E-17
4.707253E+03	6.768387E-15	7.639695E-17
4.710250E+03	6.834125E-15	7.730449E-17
4.713247E+03	6.894676E-15	7.815665E-17
4.716244E+03	6.955111E-15	7.901051E-17
4.719241E+03	7.016544E-15	7.987885E-17
4.722238E+03	7.078060E-15	8.075119E-17
4.725235E+03	7.139357E-15	8.162419E-17
4.728232E+03	7.199927E-15	8.249187E-17
4.731228E+03	7.263417E-15	8.339609E-17
4.734226E+03	7.328812E-15	8.432546E-17
4.737222E+03	7.393883E-15	8.525426E-17
4.740220E+03	7.463899E-15	8.624348E-17
4.743216E+03	7.535005E-15	8.724868E-17
4.746214E+03	7.605683E-15	8.825246E-17
4.749210E+03	7.677247E-15	8.926991E-17
4.752208E+03	7.749193E-15	9.029536E-17
4.755204E+03	7.820105E-15	9.131214E-17
4.758201E+03	7.884622E-15	9.225750E-17
4.761198E+03	7.942434E-15	9.312739E-17
4.764195E+03	7.995463E-15	9.394376E-17
4.767192E+03	8.039784E-15	9.466015E-17
4.770189E+03	8.073459E-15	9.525293E-17
4.773186E+03	8.098522E-15	9.574549E-17
4.776183E+03	8.115377E-15	9.614181E-17
4.779180E+03	8.126358E-15	9.646916E-17
4.782177E+03	8.131367E-15	9.672576E-17
4.785174E+03	8.131504E-15	9.692444E-17
4.788171E+03	8.122741E-15	9.701657E-17
4.791168E+03	8.105987E-15	9.701250E-17
4.794165E+03	8.089737E-15	9.701339E-17
4.797161E+03	8.073977E-15	9.701916E-17
4.800159E+03	8.053266E-15	9.696438E-17
4.803155E+03	8.032955E-15	9.691312E-17
4.806153E+03	8.020001E-15	9.694962E-17
4.809149E+03	8.012699E-15	9.705361E-17
4.812147E+03	8.004183E-15	9.714232E-17
4.815143E+03	7.997974E-15	9.725830E-17
4.818141E+03	7.997402E-15	9.744243E-17
4.821137E+03	8.001869E-15	9.768767E-17
4.824134E+03	8.008342E-15	9.795731E-17
4.827131E+03	8.012688E-15	9.820094E-17
4.830128E+03	8.021962E-15	9.850486E-17
4.833125E+03	8.039083E-15	9.890547E-17
4.836122E+03	8.062240E-15	9.938086E-17
4.839119E+03	8.091535E-15	9.993282E-17
4.842116E+03	8.121408E-15	1.004928E-16
4.845113E+03	8.157115E-15	1.011263E-16
4.848110E+03	8.198439E-15	1.018306E-16
4.851107E+03	8.239531E-15	1.025337E-16
4.854104E+03	8.280405E-15	1.032354E-16
4.857100E+03	8.323172E-15	1.039623E-16
4.860098E+03	8.364906E-15	1.046778E-16
4.863094E+03	8.407017E-15	1.053994E-16
4.866092E+03	8.444886E-15	1.060693E-16
4.869088E+03	8.477085E-15	1.066690E-16
4.872086E+03	8.504740E-15	1.072124E-16
4.875082E+03	8.528657E-15	1.077093E-16
4.878080E+03	8.549939E-15	1.081735E-16
4.881076E+03	8.566181E-15	1.085742E-16
4.884074E+03	8.575258E-15	1.088842E-16
4.887070E+03	8.579207E-15	1.091287E-16
4.890067E+03	8.579218E-15	1.093226E-16
4.893064E+03	8.571079E-15	1.094120E-16
4.896061E+03	8.556007E-15	1.094117E-16
4.899058E+03	8.537011E-15	1.093600E-16
4.902055E+03	8.514697E-15	1.092641E-16
4.905052E+03	8.488469E-15	1.091164E-16
4.908049E+03	8.453905E-15	1.088595E-16
4.911046E+03	8.412620E-15	1.085139E-16
4.914043E+03	8.363810E-15	1.080685E-16
4.917040E+03	8.307892E-15	1.075284E-16
4.920037E+03	8.248570E-15	1.069410E-16
4.923033E+03	8.183543E-15	1.062763E-16
4.926031E+03	8.115427E-15	1.055681E-16
4.929027E+03	8.044625E-15	1.048212E-16
4.932025E+03	7.967621E-15	1.039897E-16
4.935021E+03	7.889332E-15	1.031374E-16
4.938019E+03	7.808870E-15	1.022527E-16
4.941015E+03	7.731532E-15	1.014049E-16
4.944013E+03	7.660230E-15	1.006325E-16
4.947009E+03	7.587748E-15	9.984091E-17
4.950006E+03	7.516588E-15	9.906303E-17
4.953003E+03	7.453770E-15	9.839169E-17
4.956000E+03	7.397067E-15	9.779790E-17
4.958998E+03	7.342786E-15	9.723324E-17
4.961994E+03	7.292023E-15	9.671230E-17
4.964992E+03	7.246879E-15	9.626333E-17
4.967988E+03	7.205348E-15	9.585988E-17
4.970986E+03	7.168630E-15	9.551829E-17
4.973982E+03	7.139820E-15	9.528007E-17
4.976980E+03	7.115617E-15	9.510165E-17
4.979976E+03	7.097115E-15	9.499790E-17
4.982974E+03	7.085014E-15	9.497862E-17
4.985970E+03	7.076510E-15	9.500647E-17
4.988967E+03	7.068303E-15	9.503735E-17
4.991964E+03	7.064492E-15	9.512649E-17
4.994961E+03	7.070764E-15	9.535077E-17
4.997958E+03	7.082420E-15	9.564742E-17
5.000955E+03	7.095664E-15	9.596530E-17
5.003952E+03	7.111196E-15	9.631408E-17
5.006949E+03	7.127316E-15	9.667075E-17
5.009946E+03	7.145422E-15	9.705439E-17
5.012943E+03	7.167604E-15	9.749348E-17
5.015939E+03	7.184690E-15	9.786333E-17
5.018937E+03	7.201966E-15	9.823579E-17
5.021933E+03	7.223117E-15	9.866112E-17
5.024931E+03	7.244657E-15	9.909193E-17
5.027927E+03	7.266383E-15	9.952538E-17
5.030925E+03	7.287501E-15	9.995064E-17
5.033921E+03	7.308109E-15	1.003689E-16
5.036919E+03	7.328806E-15	1.007886E-16
5.039915E+03	7.347799E-15	1.011848E-16
5.042912E+03	7.365786E-15	1.015671E-16
5.045909E+03	7.381574E-15	1.019191E-16
5.048906E+03	7.400339E-15	1.023120E-16
5.051903E+03	7.419492E-15	1.027103E-16
5.054900E+03	7.436645E-15	1.030808E-16
5.057897E+03	7.447328E-15	1.033614E-16
5.060894E+03	7.456811E-15	1.036249E-16
5.063891E+03	7.465791E-15	1.038812E-16
5.066888E+03	7.472081E-15	1.040994E-16
5.069885E+03	7.475588E-15	1.042784E-16
5.072882E+03	7.475815E-15	1.044110E-16
5.075879E+03	7.478427E-15	1.045762E-16
5.078876E+03	7.482519E-15	1.047614E-16
5.081872E+03	7.485520E-15	1.049307E-16
5.084870E+03	7.490505E-15	1.051273E-16
5.087866E+03	7.494788E-15	1.053134E-16
5.090864E+03	7.500862E-15	1.055242E-16
5.093860E+03	7.509011E-15	1.057636E-16
5.096858E+03	7.513090E-15	1.059451E-16
5.099854E+03	7.522621E-15	1.062031E-16
5.102852E+03	7.536607E-15	1.065235E-16
5.105848E+03	7.548207E-15	1.068099E-16
5.108845E+03	7.559010E-15	1.070846E-16
5.111842E+03	7.571100E-15	1.073772E-16
5.114839E+03	7.585660E-15	1.077045E-16
5.117836E+03	7.600017E-15	1.080286E-16
5.120833E+03	7.616742E-15	1.083861E-16
5.123830E+03	7.640789E-15	1.088476E-16
5.126827E+03	7.664627E-15	1.093062E-16
5.129824E+03	7.687170E-15	1.097463E-16
5.132821E+03	7.711682E-15	1.102144E-16
5.135817E+03	7.731931E-15	1.106215E-16
5.138815E+03	7.752174E-15	1.110285E-16
5.141811E+03	7.778239E-15	1.115187E-16
5.144809E+03	7.808749E-15	1.120727E-16
5.147805E+03	7.840233E-15	1.126408E-16
5.150803E+03	7.872302E-15	1.132176E-16
5.153799E+03	7.903068E-15	1.137757E-16
5.156797E+03	7.930772E-15	1.142898E-16
5.159793E+03	7.962015E-15	1.148550E-16
5.162791E+03	7.995319E-15	1.154500E-16
5.165787E+03	8.025558E-15	1.160009E-16
5.168785E+03	8.057263E-15	1.165731E-16
5.171781E+03	8.092022E-15	1.171897E-16
5.174778E+03	8.124695E-15	1.177761E-16
5.177775E+03	8.154393E-15	1.183196E-16
5.180772E+03	8.184095E-15	1.188630E-16
5.183769E+03	8.212206E-15	1.193834E-16
5.186766E+03	8.238331E-15	1.198749E-16
5.189763E+03	8.265153E-15	1.203764E-16
5.192760E+03	8.293433E-15	1.208990E-16
5.195757E+03	8.318167E-15	1.213699E-16
5.198754E+03	8.341809E-15	1.218247E-16
5.201750E+03	8.361711E-15	1.222246E-16
5.204748E+03	8.377767E-15	1.225680E-16
5.207744E+03	8.389487E-15	1.228475E-16
5.210742E+03	8.400036E-15	1.231094E-16
5.213738E+03	8.408814E-15	1.233447E-16
5.216736E+03	8.411394E-15	1.234884E-16
5.219732E+03	8.411520E-15	1.235954E-16
5.222730E+03	8.413618E-15	1.237305E-16
5.225726E+03	8.416706E-15	1.238795E-16
5.228723E+03	8.417732E-15	1.239974E-16
5.231720E+03	8.415718E-15	1.240697E-16
5.234717E+03	8.410860E-15	1.240992E-16
5.237714E+03	8.401498E-15	1.240613E-16
5.240711E+03	8.392835E-15	1.240327E-16
5.243708E+03	8.384767E-15	1.240120E-16
5.246705E+03	8.374643E-15	1.239598E-16
5.249702E+03	8.366892E-15	1.239418E-16
5.252699E+03	8.355123E-15	1.238632E-16
5.255696E+03	8.336798E-15	1.236864E-16
5.258693E+03	8.316713E-15	1.234823E-16
5.261690E+03	8.296067E-15	1.232686E-16
5.264687E+03	8.275229E-15	1.230508E-16
5.267683E+03	8.253526E-15	1.228189E-16
5.270681E+03	8.233512E-15	1.226111E-16
5.273677E+03	8.214679E-15	1.224196E-16
5.276675E+03	8.193615E-15	1.221937E-16
5.279671E+03	8.170804E-15	1.219405E-16
5.282669E+03	8.148204E-15	1.216893E-16
5.285666E+03	8.123953E-15	1.214123E-16
5.288663E+03	8.100892E-15	1.211518E-16
5.291660E+03	8.075116E-15	1.208495E-16
5.294657E+03	8.047096E-15	1.205123E-16
5.297654E+03	8.018418E-15	1.201640E-16
5.300650E+03	7.990730E-15	1.198293E-16
5.303648E+03	7.964634E-15	1.195173E-16
5.306644E+03	7.937766E-15	1.191924E-16
5.309642E+03	7.910826E-15	1.188653E-16
5.312638E+03	7.884193E-15	1.185416E-16
5.315636E+03	7.861102E-15	1.182700E-16
5.318632E+03	7.839780E-15	1.180239E-16
5.321630E+03	7.817118E-15	1.177566E-16
5.324626E+03	7.795443E-15	1.175031E-16
5.327623E+03	7.775936E-15	1.172812E-16
5.330620E+03	7.756931E-15	1.170660E-16
5.333617E+03	7.738436E-15	1.168574E-16
5.336614E+03	7.723179E-15	1.166968E-16
5.339611E+03	7.710575E-15	1.165754E-16
5.342608E+03	7.694269E-15	1.163972E-16
5.345605E+03	7.675156E-15	1.161756E-16
5.348602E+03	7.658103E-15	1.159842E-16
5.351599E+03	7.642827E-15	1.158189E-16
5.354595E+03	7.627472E-15	1.156515E-16
5.357593E+03	7.612520E-15	1.154894E-16
5.360589E+03	7.597390E-15	1.153237E-16
5.363587E+03	7.580812E-15	1.151352E-16
5.366583E+03	7.560448E-15	1.148883E-16
5.369581E+03	7.540589E-15	1.146482E-16
5.372577E+03	7.524160E-15	1.144594E-16
5.375575E+03	7.509990E-15	1.143041E-16
5.378571E+03	7.496323E-15	1.141557E-16
5.381569E+03	7.477410E-15	1.139266E-16
5.384565E+03	7.451792E-15	1.135944E-16
5.387563E+03	7.424733E-15	1.132394E-16
5.390559E+03	7.401979E-15	1.129490E-16
5.393556E+03	7.378658E-15	1.126492E-16
5.396553E+03	7.351950E-15	1.122967E-16
5.399550E+03	7.325455E-15	1.119465E-16
5.402547E+03	7.296838E-15	1.115630E-16
5.405544E+03	7.264737E-15	1.111253E-16
5.408541E+03	7.231586E-15	1.106706E-16
5.411538E+03	7.196607E-15	1.101869E-16
5.414535E+03	7.159898E-15	1.096757E-16
5.417532E+03	7.122432E-15	1.091519E-16
5.420528E+03	7.085474E-15	1.086349E-16
5.423526E+03	7.046010E-15	1.080784E-16
5.426522E+03	7.004913E-15	1.074959E-16
5.429520E+03	6.963548E-15	1.069083E-16
5.432516E+03	6.922691E-15	1.063275E-16
5.435514E+03	6.883024E-15	1.057640E-16
5.438510E+03	6.841725E-15	1.051744E-16
5.441508E+03	6.797921E-15	1.045453E-16
5.444504E+03	6.757638E-15	1.039694E-16
5.447501E+03	6.722432E-15	1.034706E-16
5.450498E+03	6.691330E-15	1.030342E-16
5.453495E+03	6.659565E-15	1.025868E-16
5.456492E+03	6.625488E-15	1.021029E-16
5.459489E+03	6.590458E-15	1.016034E-16
5.462486E+03	6.557974E-15	1.011423E-16
5.465483E+03	6.528520E-15	1.007272E-16
5.468480E+03	6.496267E-15	1.002681E-16
5.471477E+03	6.462185E-15	9.977992E-17
5.474474E+03	6.428996E-15	9.930471E-17
5.477471E+03	6.396990E-15	9.884695E-17
5.480468E+03	6.367332E-15	9.842471E-17
5.483465E+03	6.340021E-15	9.803798E-17
5.486461E+03	6.312241E-15	9.764325E-17
5.489459E+03	6.283409E-15	9.723152E-17
5.492455E+03	6.257020E-15	9.685685E-17
5.495453E+03	6.237831E-15	9.659298E-17
5.498449E+03	6.222444E-15	9.638735E-17
5.501447E+03	6.207264E-15	9.618435E-17
5.504443E+03	6.193942E-15	9.600955E-17
5.507441E+03	6.183061E-15	9.587203E-17
5.510437E+03	6.172580E-15	9.574017E-17
5.513434E+03	6.161918E-15	9.560495E-17
5.516431E+03	6.151754E-15	9.547694E-17
5.519428E+03	6.145097E-15	9.540283E-17
5.522425E+03	6.141460E-15	9.537514E-17
5.525422E+03	6.140067E-15	9.538180E-17
5.528419E+03	6.136744E-15	9.535806E-17
5.531416E+03	6.128872E-15	9.526310E-17
5.534413E+03	6.120915E-15	9.516633E-17
5.537410E+03	6.116074E-15	9.511750E-17
5.540407E+03	6.112118E-15	9.508196E-17
5.543404E+03	6.105746E-15	9.500834E-17
5.546401E+03	6.098416E-15	9.491932E-17
5.549398E+03	6.092164E-15	9.484657E-17
5.552394E+03	6.083788E-15	9.474023E-17
5.555392E+03	6.072416E-15	9.458673E-17
5.558388E+03	6.060084E-15	9.441773E-17
5.561386E+03	6.046598E-15	9.423022E-17
5.564382E+03	6.030116E-15	9.399544E-17
5.567380E+03	6.009084E-15	9.368918E-17
5.570376E+03	5.985540E-15	9.334313E-17
5.573374E+03	5.960745E-15	9.297696E-17
5.576370E+03	5.935185E-15	9.259823E-17
5.579367E+03	5.909246E-15	9.221298E-17
5.582364E+03	5.885356E-15	9.185910E-17
5.585361E+03	5.862736E-15	9.152445E-17
5.588358E+03	5.840029E-15	9.118786E-17
5.591355E+03	5.819757E-15	9.088871E-17
5.594352E+03	5.802889E-15	9.064219E-17
5.597349E+03	5.789135E-15	9.044378E-17
5.600346E+03	5.777332E-15	9.027533E-17
5.603343E+03	5.765537E-15	9.010651E-17
5.606339E+03	5.756273E-15	8.997675E-17
5.609337E+03	5.749638E-15	8.988760E-17
5.612333E+03	5.747863E-15	8.987396E-17
5.615331E+03	5.747358E-15	8.987976E-17
5.618328E+03	5.744436E-15	8.984729E-17
5.621325E+03	5.741523E-15	8.981452E-17
5.624322E+03	5.741141E-15	8.982089E-17
5.627319E+03	5.743096E-15	8.986340E-17
5.630316E+03	5.746224E-15	8.992382E-17
5.633313E+03	5.748003E-15	8.996270E-17
5.636310E+03	5.747558E-15	8.996633E-17
5.639307E+03	5.747606E-15	8.997724E-17
5.642304E+03	5.751448E-15	9.004710E-17
5.645300E+03	5.759471E-15	9.018199E-17
5.648298E+03	5.767989E-15	9.032422E-17
5.651294E+03	5.775640E-15	9.045246E-17
5.654292E+03	5.784661E-15	9.060172E-17
5.657288E+03	5.793980E-15	9.075524E-17
5.660286E+03	5.804861E-15	9.093281E-17
5.663282E+03	5.814974E-15	9.109791E-17
5.666280E+03	5.823640E-15	9.123991E-17
5.669276E+03	5.833188E-15	9.139531E-17
5.672274E+03	5.842842E-15	9.155194E-17
5.675270E+03	5.853475E-15	9.172346E-17
5.678267E+03	5.863243E-15	9.188100E-17
5.681264E+03	5.870495E-15	9.199869E-17
5.684261E+03	5.878920E-15	9.213431E-17
5.687258E+03	5.888909E-15	9.229398E-17
5.690255E+03	5.898224E-15	9.244266E-17
5.693252E+03	5.906967E-15	9.258192E-17
5.696249E+03	5.916591E-15	9.273454E-17
5.699245E+03	5.925253E-15	9.287163E-17
5.702243E+03	5.933534E-15	9.300231E-17
5.705239E+03	5.942309E-15	9.314027E-17
5.708237E+03	5.950316E-15	9.326573E-17
5.711233E+03	5.958038E-15	9.338629E-17
5.714231E+03	5.965673E-15	9.350500E-17
5.717227E+03	5.972342E-15	9.360814E-17
5.720225E+03	5.980187E-15	9.372922E-17
5.723221E+03	5.990370E-15	9.388651E-17
5.726219E+03	5.999882E-15	9.403280E-17
5.729215E+03	6.007847E-15	9.415439E-17
5.732212E+03	6.018347E-15	9.431524E-17
5.735209E+03	6.029730E-15	9.448945E-17
5.738206E+03	6.041023E-15	9.466180E-17
5.741203E+03	6.052811E-15	9.484141E-17
5.744200E+03	6.063927E-15	9.501001E-17
5.747197E+03	6.075829E-15	9.519046E-17
5.750194E+03	6.088419E-15	9.538120E-17
5.753191E+03	6.100726E-15	9.556704E-17
5.756188E+03	6.114694E-15	9.577840E-17
5.759185E+03	6.129741E-15	9.600616E-17
5.762182E+03	6.145573E-15	9.624575E-17
5.765179E+03	6.161999E-15	9.649412E-17
5.768176E+03	6.178628E-15	9.674516E-17
5.771172E+03	6.195654E-15	9.700191E-17
5.774170E+03	6.212203E-15	9.725070E-17
5.777166E+03	6.224966E-15	9.743970E-17
5.780164E+03	6.234917E-15	9.758418E-17
5.783160E+03	6.244096E-15	9.771610E-17
5.786158E+03	6.251434E-15	9.781873E-17
5.789154E+03	6.258681E-15	9.791945E-17
5.792152E+03	6.267493E-15	9.804416E-17
5.795148E+03	6.276215E-15	9.816699E-17
5.798145E+03	6.283580E-15	9.826811E-17
5.801142E+03	6.288715E-15	9.833387E-17
5.804139E+03	6.294537E-15	9.840991E-17
5.807136E+03	6.301145E-15	9.849775E-17
5.810133E+03	6.309511E-15	9.861261E-17
5.813130E+03	6.317594E-15	9.872254E-17
5.816127E+03	6.326267E-15	9.884121E-17
5.819124E+03	6.336214E-15	9.897930E-17
5.822121E+03	6.343829E-15	9.908048E-17
5.825117E+03	6.349308E-15	9.914782E-17
5.828115E+03	6.351578E-15	9.916458E-17
5.831111E+03	6.349468E-15	9.911254E-17
5.834109E+03	6.345803E-15	9.903580E-17
5.837105E+03	6.339803E-15	9.892224E-17
5.840103E+03	6.328543E-15	9.872622E-17
5.843099E+03	6.316019E-15	9.851013E-17
5.846097E+03	6.302619E-15	9.828005E-17
5.849093E+03	6.285516E-15	9.799192E-17
5.852091E+03	6.266756E-15	9.767767E-17
5.855087E+03	6.247412E-15	9.735403E-17
5.858085E+03	6.228360E-15	9.703468E-17
5.861081E+03	6.211065E-15	9.674243E-17
5.864078E+03	6.194258E-15	9.645752E-17
5.867075E+03	6.176282E-15	9.615413E-17
5.870072E+03	6.158305E-15	9.585049E-17
5.873069E+03	6.141793E-15	9.556938E-17
5.876066E+03	6.126062E-15	9.530018E-17
5.879063E+03	6.110429E-15	9.503224E-17
5.882060E+03	6.097139E-15	9.480049E-17
5.885057E+03	6.085608E-15	9.459582E-17
5.888054E+03	6.074760E-15	9.440150E-17
5.891050E+03	6.064891E-15	9.422212E-17
5.894048E+03	6.056098E-15	9.405917E-17
5.897044E+03	6.048088E-15	9.390809E-17
5.900042E+03	6.040372E-15	9.376129E-17
5.903038E+03	6.034124E-15	9.363700E-17
5.906036E+03	6.030613E-15	9.355488E-17
5.909032E+03	6.027202E-15	9.347400E-17
5.912030E+03	6.025945E-15	9.342619E-17
5.915026E+03	6.026742E-15	9.340991E-17
5.918023E+03	6.025001E-15	9.335396E-17
5.921020E+03	6.021601E-15	9.327199E-17
5.924017E+03	6.017714E-15	9.318220E-17
5.927014E+03	6.013536E-15	9.308761E-17
5.930011E+03	6.007697E-15	9.296704E-17
5.933008E+03	5.999903E-15	9.281599E-17
5.936005E+03	5.991718E-15	9.265865E-17
5.939002E+03	5.983242E-15	9.249657E-17
5.941999E+03	5.973102E-15	9.230858E-17
5.944997E+03	5.960516E-15	9.208260E-17
5.947993E+03	5.945971E-15	9.182622E-17
5.950991E+03	5.930447E-15	9.155457E-17
5.953987E+03	5.914627E-15	9.127826E-17
5.956984E+03	5.899393E-15	9.101087E-17
5.959981E+03	5.886117E-15	9.077355E-17
5.962978E+03	5.874602E-15	9.056327E-17
5.965975E+03	5.865633E-15	9.039208E-17
5.968972E+03	5.857055E-15	9.022676E-17
5.971969E+03	5.847890E-15	9.005222E-17
5.974966E+03	5.839116E-15	8.988357E-17
5.977963E+03	5.829950E-15	8.970872E-17
5.980960E+03	5.818920E-15	8.950509E-17
5.983956E+03	5.810047E-15	8.933450E-17
5.986954E+03	5.802545E-15	8.918484E-17
5.989950E+03	5.793377E-15	8.900944E-17
5.992948E+03	5.784698E-15	8.884144E-17
5.995944E+03	5.775920E-15	8.867180E-17
5.998942E+03	5.766847E-15	8.849751E-17
6.001938E+03	5.757577E-15	8.832012E-17
6.004936E+03	5.748404E-15	8.814410E-17
6.007932E+03	5.740211E-15	8.798302E-17
6.010929E+03	5.731231E-15	8.780980E-17
6.013926E+03	5.719799E-15	8.759891E-17
6.016924E+03	5.708069E-15	8.738343E-17
6.019920E+03	5.698497E-15	8.720095E-17
6.022917E+03	5.690690E-15	8.704539E-17
6.025914E+03	5.684945E-15	8.692129E-17
6.028911E+03	5.678413E-15	8.678507E-17
6.031908E+03	5.673846E-15	8.667877E-17
6.034905E+03	5.671143E-15	8.660086E-17
6.037902E+03	5.667557E-15	8.650933E-17
6.040899E+03	5.662005E-15	8.638771E-17
6.043896E+03	5.657239E-15	8.627800E-17
6.046893E+03	5.651390E-15	8.615171E-17
6.049889E+03	5.643870E-15	8.599990E-17
6.052887E+03	5.635857E-15	8.584054E-17
6.055883E+03	5.625187E-15	8.564072E-17
6.058881E+03	5.610877E-15	8.538552E-17
6.061877E+03	5.595678E-15	8.511687E-17
6.064875E+03	5.577722E-15	8.480640E-17
6.067871E+03	5.555727E-15	8.443470E-17
6.070869E+03	5.530283E-15	8.401080E-17
6.073865E+03	5.502373E-15	8.354970E-17
6.076862E+03	5.471601E-15	8.304546E-17
6.079859E+03	5.436393E-15	8.247425E-17
6.082856E+03	5.399108E-15	8.187194E-17
6.085853E+03	5.361321E-15	8.126247E-17
6.088850E+03	5.321850E-15	8.062794E-17
6.091847E+03	5.278922E-15	7.994153E-17
6.094844E+03	5.233323E-15	7.921523E-17
6.097841E+03	5.184658E-15	7.844312E-17
6.100838E+03	5.132926E-15	7.762526E-17
6.103835E+03	5.080787E-15	7.680190E-17
6.106832E+03	5.028632E-15	7.597901E-17
6.109828E+03	4.974297E-15	7.512387E-17
6.112826E+03	4.918763E-15	7.425138E-17
6.115822E+03	4.864397E-15	7.339725E-17
6.118820E+03	4.810116E-15	7.254513E-17
6.121816E+03	4.755818E-15	7.169352E-17
6.124814E+03	4.701409E-15	7.084096E-17
6.127810E+03	4.648068E-15	7.000526E-17
6.130808E+03	4.596982E-15	6.920425E-17
6.133804E+03	4.549927E-15	6.846460E-17
6.136802E+03	4.504043E-15	6.774324E-17
6.139798E+03	4.457652E-15	6.701492E-17
6.142795E+03	4.413223E-15	6.631674E-17
6.145792E+03	4.372038E-15	6.566794E-17
6.148789E+03	4.331434E-15	6.502845E-17
6.151786E+03	4.289831E-15	6.437458E-17
6.154783E+03	4.249994E-15	6.374781E-17
6.157780E+03	4.212121E-15	6.315108E-17
6.160777E+03	4.174830E-15	6.256365E-17
6.163774E+03	4.138516E-15	6.199141E-17
6.166771E+03	4.104168E-15	6.144916E-17
6.169768E+03	4.072773E-15	6.095165E-17
6.172765E+03	4.043939E-15	6.049294E-17
6.175761E+03	4.016974E-15	6.006265E-17
6.178759E+03	3.990692E-15	5.964299E-17
6.181755E+03	3.968159E-15	5.927980E-17
6.184753E+03	3.948685E-15	5.896265E-17
6.187749E+03	3.931972E-15	5.868709E-17
6.190747E+03	3.920200E-15	5.848553E-17
6.193743E+03	3.914158E-15	5.836970E-17
6.196741E+03	3.910785E-15	5.829383E-17
6.199737E+03	3.910673E-15	5.826671E-17
6.202734E+03	3.913430E-15	5.828244E-17
6.205731E+03	3.917274E-15	5.831443E-17
6.208728E+03	3.924384E-15	5.839510E-17
6.211725E+03	3.934462E-15	5.851995E-17
6.214722E+03	3.946126E-15	5.866839E-17
6.217719E+03	3.957790E-15	5.881682E-17
6.220716E+03	3.969059E-15	5.895940E-17
6.223713E+03	3.981023E-15	5.911229E-17
6.226710E+03	3.992690E-15	5.926080E-17
6.229707E+03	4.003170E-15	5.939169E-17
6.232704E+03	4.015531E-15	5.955055E-17
6.235701E+03	4.027598E-15	5.970505E-17
6.238698E+03	4.038078E-15	5.983609E-17
6.241694E+03	4.050047E-15	5.998923E-17
6.244692E+03	4.065187E-15	6.018936E-17
6.247688E+03	4.081022E-15	6.039982E-17
6.250686E+03	4.098545E-15	6.063524E-17
6.253682E+03	4.119638E-15	6.092348E-17
6.256680E+03	4.143311E-15	6.124982E-17
6.259676E+03	4.170557E-15	6.162892E-17
6.262674E+03	4.202766E-15	6.208126E-17
6.265670E+03	4.239146E-15	6.259504E-17
6.268667E+03	4.280292E-15	6.317903E-17
6.271665E+03	4.325711E-15	6.382586E-17
6.274661E+03	4.375404E-15	6.453549E-17
6.277659E+03	4.432051E-15	6.534740E-17
6.280655E+03	4.496648E-15	6.627615E-17
6.283653E+03	4.567112E-15	6.729095E-17
6.286649E+03	4.642451E-15	6.837714E-17
6.289647E+03	4.722569E-15	6.953322E-17
6.292643E+03	4.808956E-15	7.078107E-17
6.295640E+03	4.902606E-15	7.213529E-17
6.298637E+03	5.000345E-15	7.354905E-17
6.301634E+03	5.103662E-15	7.504426E-17
6.304631E+03	5.212858E-15	7.662527E-17
6.307628E+03	5.324655E-15	7.824386E-17
6.310625E+03	5.438856E-15	7.989715E-17
6.313622E+03	5.553771E-15	8.156030E-17
6.316619E+03	5.668209E-15	8.321584E-17
6.319616E+03	5.783162E-15	8.487842E-17
6.322613E+03	5.899128E-15	8.655531E-17
6.325610E+03	6.016405E-15	8.825095E-17
6.328607E+03	6.133998E-15	8.995075E-17
6.331604E+03	6.249124E-15	9.161395E-17
6.334600E+03	6.364067E-15	9.327410E-17
6.337598E+03	6.480619E-15	9.495747E-17
6.340594E+03	6.596691E-15	9.663351E-17
6.343592E+03	6.711387E-15	9.828913E-17
6.346588E+03	6.825203E-15	9.993163E-17
6.349586E+03	6.937046E-15	1.015451E-16
6.352582E+03	7.047410E-15	1.031368E-16
6.355580E+03	7.156097E-15	1.047039E-16
6.358576E+03	7.263006E-15	1.062449E-16
6.361573E+03	7.367241E-15	1.077469E-16
6.364570E+03	7.470492E-15	1.092346E-16
6.367567E+03	7.573456E-15	1.107183E-16
6.370564E+03	7.673844E-15	1.121644E-16
6.373561E+03	7.772449E-15	1.135847E-16
6.376558E+03	7.869870E-15	1.149881E-16
6.379555E+03	7.965805E-15	1.163700E-16
6.382552E+03	8.059857E-15	1.177248E-16
6.385549E+03	8.150830E-15	1.190351E-16
6.388545E+03	8.240219E-15	1.203227E-16
6.391543E+03	8.328510E-15	1.215948E-16
6.394539E+03	8.413929E-15	1.228256E-16
6.397537E+03	8.494861E-15	1.239915E-16
6.400533E+03	8.572214E-15	1.251058E-16
6.403531E+03	8.646584E-15	1.261773E-16
6.406527E+03	8.718764E-15	1.272177E-16
6.409525E+03	8.788853E-15	1.282283E-16
6.412521E+03	8.854053E-15	1.291685E-16
6.415519E+03	8.911687E-15	1.299992E-16
6.418515E+03	8.961245E-15	1.307130E-16
6.421513E+03	9.005814E-15	1.313551E-16
6.424509E+03	9.046600E-15	1.319430E-16
6.427506E+03	9.082286E-15	1.324576E-16
6.430503E+03	9.115187E-15	1.329327E-16
6.433500E+03	9.145882E-15	1.333767E-16
6.436497E+03	9.174077E-15	1.337853E-16
6.439494E+03	9.200072E-15	1.341630E-16
6.442491E+03	9.224073E-15	1.345127E-16
6.445488E+03	9.245767E-15	1.348298E-16
6.448485E+03	9.264956E-15	1.351114E-16
6.451482E+03	9.282747E-15	1.353738E-16
6.454478E+03	9.296939E-15	1.355847E-16
6.457476E+03	9.306231E-15	1.357253E-16
6.460472E+03	9.312725E-15	1.358261E-16
6.463470E+03	9.315015E-15	1.358665E-16
6.466466E+03	9.317399E-15	1.359094E-16
6.469464E+03	9.321175E-15	1.359736E-16
6.472460E+03	9.324830E-15	1.360370E-16
6.475458E+03	9.327881E-15	1.360925E-16
6.478454E+03	9.328928E-15	1.361198E-16
6.481451E+03	9.327971E-15	1.361187E-16
6.484448E+03	9.327403E-15	1.361243E-16
6.487445E+03	9.325331E-15	1.361088E-16
6.490442E+03	9.319246E-15	1.360356E-16
6.493439E+03	9.311664E-15	1.359414E-16
6.496436E+03	9.303169E-15	1.358348E-16
6.499433E+03	9.291274E-15	1.356793E-16
6.502430E+03	9.277667E-15	1.354996E-16
6.505427E+03	9.261358E-15	1.352812E-16
6.508424E+03	9.242042E-15	1.350196E-16
6.511421E+03	9.219223E-15	1.347075E-16
6.514418E+03	9.193791E-15	1.343579E-16
6.517415E+03	9.165760E-15	1.339709E-16
6.520411E+03	9.135319E-15	1.335493E-16
6.523409E+03	9.103572E-15	1.331092E-16
6.526405E+03	9.072306E-15	1.326766E-16
6.529403E+03	9.041432E-15	1.322503E-16
6.532399E+03	9.009548E-15	1.318098E-16
6.535397E+03	8.977659E-15	1.313696E-16
6.538393E+03	8.945955E-15	1.309326E-16
6.541391E+03	8.912541E-15	1.304710E-16
6.544387E+03	8.879220E-15	1.300111E-16
6.547385E+03	8.848279E-15	1.295865E-16
6.550381E+03	8.818431E-15	1.291783E-16
6.553378E+03	8.789973E-15	1.287908E-16
6.556375E+03	8.764500E-15	1.284474E-16
6.559372E+03	8.737918E-15	1.280881E-16
6.562369E+03	8.708132E-15	1.276822E-16
6.565366E+03	8.678334E-15	1.272763E-16
6.568363E+03	8.649523E-15	1.268853E-16
6.571360E+03	8.623112E-15	1.265297E-16
6.574357E+03	8.595783E-15	1.261609E-16
6.577354E+03	8.566246E-15	1.257599E-16
6.580350E+03	8.539109E-15	1.253944E-16
6.583348E+03	8.513250E-15	1.250478E-16
6.586344E+03	8.485490E-15	1.246735E-16
6.589342E+03	8.455323E-15	1.242640E-16
6.592338E+03	8.421857E-15	1.238062E-16
6.595336E+03	8.385480E-15	1.233056E-16
6.598333E+03	8.347693E-15	1.227843E-16
6.601330E+03	8.307811E-15	1.222322E-16
6.604327E+03	8.265016E-15	1.216372E-16
6.607323E+03	8.219719E-15	1.210053E-16
6.610321E+03	8.174114E-15	1.203688E-16
6.613317E+03	8.128602E-15	1.197336E-16
6.616315E+03	8.084880E-15	1.191246E-16
6.619311E+03	8.040752E-15	1.185094E-16
6.622309E+03	7.996916E-15	1.178984E-16
6.625305E+03	7.953472E-15	1.172931E-16
6.628303E+03	7.909823E-15	1.166845E-16
6.631299E+03	7.867665E-15	1.160977E-16
6.634297E+03	7.826499E-15	1.155254E-16
6.637293E+03	7.784428E-15	1.149395E-16
6.640291E+03	7.741751E-15	1.143445E-16
6.643287E+03	7.699567E-15	1.137565E-16
6.646284E+03	7.659276E-15	1.131962E-16
6.649281E+03	7.620477E-15	1.126577E-16
6.652278E+03	7.583669E-15	1.121484E-16
6.655275E+03	7.547656E-15	1.116506E-16
6.658272E+03	7.512136E-15	1.111599E-16
6.661269E+03	7.476611E-15	1.106688E-16
6.664266E+03	7.441780E-15	1.101878E-16
6.667263E+03	7.406744E-15	1.097034E-16
6.670260E+03	7.370603E-15	1.092024E-16
6.673256E+03	7.335657E-15	1.087188E-16
6.676254E+03	7.302304E-15	1.082585E-16
6.679250E+03	7.269246E-15	1.078023E-16
6.682248E+03	7.235584E-15	1.073369E-16
6.685244E+03	7.200918E-15	1.068561E-16
6.688242E+03	7.164350E-15	1.063469E-16
6.691238E+03	7.125482E-15	1.058031E-16
6.694236E+03	7.084711E-15	1.052306E-16
6.697232E+03	7.042539E-15	1.046369E-16
6.700229E+03	6.998366E-15	1.040130E-16
6.703226E+03	6.952890E-15	1.033693E-16
6.706224E+03	6.906214E-15	1.027072E-16
6.709220E+03	6.857737E-15	1.020178E-16
6.712217E+03	6.812052E-15	1.013694E-16
6.715214E+03	6.772856E-15	1.008171E-16
6.718211E+03	6.735254E-15	1.002881E-16
6.721208E+03	6.696750E-15	9.974517E-17
6.724205E+03	6.658343E-15	9.920322E-17
6.727202E+03	6.620234E-15	9.866522E-17
6.730199E+03	6.584218E-15	9.815794E-17
6.733196E+03	6.550595E-15	9.768589E-17
6.736193E+03	6.518068E-15	9.722973E-17
6.739189E+03	6.486537E-15	9.678796E-17
6.742187E+03	6.455502E-15	9.635318E-17
6.745183E+03	6.425263E-15	9.592982E-17
6.748181E+03	6.396719E-15	9.553132E-17
6.751177E+03	6.369470E-15	9.515174E-17
6.754175E+03	6.340322E-15	9.474334E-17
6.757171E+03	6.309474E-15	9.430908E-17
6.760169E+03	6.278924E-15	9.387882E-17
6.763165E+03	6.248671E-15	9.345251E-17
6.766162E+03	6.219913E-15	9.304809E-17
6.769159E+03	6.192950E-15	9.267007E-17
6.772156E+03	6.168280E-15	9.232591E-17
6.775153E+03	6.142011E-15	9.195737E-17
6.778150E+03	6.114243E-15	9.156593E-17
6.781147E+03	6.086873E-15	9.117996E-17
6.784144E+03	6.060398E-15	9.080694E-17
6.787141E+03	6.029831E-15	9.037212E-17
6.790138E+03	5.995671E-15	8.988292E-17
6.793135E+03	5.963804E-15	8.942758E-17
6.796132E+03	5.938023E-15	8.906298E-17
6.799129E+03	5.915931E-15	8.875328E-17
6.802126E+03	5.893239E-15	8.843410E-17
6.805122E+03	5.869448E-15	8.809796E-17
6.808120E+03	5.846055E-15	8.776733E-17
6.811116E+03	5.823158E-15	8.744368E-17
6.814114E+03	5.799063E-15	8.710157E-17
6.817110E+03	5.773372E-15	8.673499E-17
6.820108E+03	5.748976E-15	8.638739E-17
6.823104E+03	5.728568E-15	8.609923E-17
6.826102E+03	5.709555E-15	8.583159E-17
6.829098E+03	5.692036E-15	8.558595E-17
6.832095E+03	5.674716E-15	8.534284E-17
6.835092E+03	5.654102E-15	8.504976E-17
6.838089E+03	5.630497E-15	8.471119E-17
6.841086E+03	5.605297E-15	8.434812E-17
6.844083E+03	5.579496E-15	8.397552E-17
6.847080E+03	5.553597E-15	8.360092E-17
6.850077E+03	5.528693E-15	8.324081E-17
6.853074E+03	5.503191E-15	8.287120E-17
6.856071E+03	5.476293E-15	8.248004E-17
6.859067E+03	5.448299E-15	8.207187E-17
6.862065E+03	5.420505E-15	8.166620E-17
6.865061E+03	5.393707E-15	8.127502E-17
6.868059E+03	5.365115E-15	8.085630E-17
6.871055E+03	5.334133E-15	8.040103E-17
6.874053E+03	5.303350E-15	7.994825E-17
6.877049E+03	5.274262E-15	7.952049E-17
6.880047E+03	5.247565E-15	7.912829E-17
6.883043E+03	5.224058E-15	7.878367E-17
6.886041E+03	5.201945E-15	7.845961E-17
6.889037E+03	5.179134E-15	7.812455E-17
6.892035E+03	5.156524E-15	7.779201E-17
6.895031E+03	5.134809E-15	7.747251E-17
6.898028E+03	5.115087E-15	7.718259E-17
6.901025E+03	5.096161E-15	7.690424E-17
6.904022E+03	5.076340E-15	7.661188E-17
6.907019E+03	5.058111E-15	7.634311E-17
6.910016E+03	5.043866E-15	7.613398E-17
6.913013E+03	5.032607E-15	7.596949E-17
6.916010E+03	5.022940E-15	7.582858E-17
6.919007E+03	5.013272E-15	7.568721E-17
6.922004E+03	5.003006E-15	7.553635E-17
6.925001E+03	4.990947E-15	7.535799E-17
6.927998E+03	4.977893E-15	7.516412E-17
6.930995E+03	4.965435E-15	7.497880E-17
6.933992E+03	4.952877E-15	7.479153E-17
6.936989E+03	4.937929E-15	7.456771E-17
6.939986E+03	4.924873E-15	7.437200E-17
6.942983E+03	4.916693E-15	7.424947E-17
6.945980E+03	4.910799E-15	7.416101E-17
6.948977E+03	4.901920E-15	7.402701E-17
6.951973E+03	4.888862E-15	7.382944E-17
6.954971E+03	4.872223E-15	7.357734E-17
6.957967E+03	4.854091E-15	7.330224E-17
6.960965E+03	4.835363E-15	7.301770E-17
6.963961E+03	4.817332E-15	7.274322E-17
6.966959E+03	4.801690E-15	7.250437E-17
6.969955E+03	4.788632E-15	7.230410E-17
6.972953E+03	4.777167E-15	7.212741E-17
6.975949E+03	4.765402E-15	7.194576E-17
6.978947E+03	4.752345E-15	7.174415E-17
6.981943E+03	4.737002E-15	7.150758E-17
6.984940E+03	4.721360E-15	7.126606E-17
6.987937E+03	4.707907E-15	7.105714E-17
6.990934E+03	4.696640E-15	7.088078E-17
6.993931E+03	4.687559E-15	7.073695E-17
6.996928E+03	4.680368E-15	7.062118E-17
6.999925E+03	4.675660E-15	7.054242E-17
7.002922E+03	4.669858E-15	7.044670E-17
7.005919E+03	4.661074E-15	7.030554E-17
7.008916E+03	4.649807E-15	7.012646E-17
7.011913E+03	4.637149E-15	6.992597E-17
7.014910E+03	4.624293E-15	6.972206E-17
7.017907E+03	4.611736E-15	6.952223E-17
7.020904E+03	4.598980E-15	6.931897E-17
7.023900E+03	4.588408E-15	6.914821E-17
7.026898E+03	4.581215E-15	6.902791E-17
7.029894E+03	4.574518E-15	6.891462E-17
7.032892E+03	4.567722E-15	6.879939E-17
7.035888E+03	4.560726E-15	6.868070E-17
7.038886E+03	4.551546E-15	6.852867E-17
7.041882E+03	4.539686E-15	6.833585E-17
7.044880E+03	4.527331E-15	6.813516E-17
7.047876E+03	4.517754E-15	6.797587E-17
7.050873E+03	4.509470E-15	6.783558E-17
7.053870E+03	4.501184E-15	6.769483E-17
7.056867E+03	4.494388E-15	6.757605E-17
7.059864E+03	4.490271E-15	6.749708E-17
7.062861E+03	4.483971E-15	6.738483E-17
7.065858E+03	4.475091E-15	6.723337E-17
7.068855E+03	4.465914E-15	6.707702E-17
7.071852E+03	4.457332E-15	6.692919E-17
7.074849E+03	4.448750E-15	6.678093E-17
7.077845E+03	4.440864E-15	6.664268E-17
7.080843E+03	4.435260E-15	6.653822E-17
7.083839E+03	4.430943E-15	6.645263E-17
7.086837E+03	4.429305E-15	6.640673E-17
7.089833E+03	4.431631E-15	6.641976E-17
7.092831E+03	4.434254E-15	6.643670E-17
7.095827E+03	4.433802E-15	6.640706E-17
7.098825E+03	4.430376E-15	6.633239E-17
7.101821E+03	4.424868E-15	6.622608E-17
7.104819E+03	4.416388E-15	6.607484E-17
7.107815E+03	4.407213E-15	6.591282E-17
7.110813E+03	4.400021E-15	6.578003E-17
7.113809E+03	4.394317E-15	6.566904E-17
7.116806E+03	4.388216E-15	6.555168E-17
7.119803E+03	4.382016E-15	6.543242E-17
7.122800E+03	4.377997E-15	6.534527E-17
7.125797E+03	4.374176E-15	6.526061E-17
7.128794E+03	4.367482E-15	6.513265E-17
7.131791E+03	4.359599E-15	6.498655E-17
7.134788E+03	4.352907E-15	6.485779E-17
7.137785E+03	4.344927E-15	6.470942E-17
7.140782E+03	4.334870E-15	6.452973E-17
7.143778E+03	4.324515E-15	6.434526E-17
7.146776E+03	4.314955E-15	6.417224E-17
7.149772E+03	4.307870E-15	6.403565E-17
7.152770E+03	4.300291E-15	6.389131E-17
7.155766E+03	4.290536E-15	6.371427E-17
7.158764E+03	4.280188E-15	6.352807E-17
7.161760E+03	4.268258E-15	6.331806E-17
7.164758E+03	4.256231E-15	6.310629E-17
7.167754E+03	4.247074E-15	6.293676E-17
7.170751E+03	4.238315E-15	6.277277E-17
7.173748E+03	4.229656E-15	6.260989E-17
7.176745E+03	4.220700E-15	6.244229E-17
7.179742E+03	4.211351E-15	6.226852E-17
7.182739E+03	4.202992E-15	6.210904E-17
7.185736E+03	4.194338E-15	6.194486E-17
7.188733E+03	4.183213E-15	6.174388E-17
7.191730E+03	4.171594E-15	6.153531E-17
7.194727E+03	4.163043E-15	6.137170E-17
7.197724E+03	4.156471E-15	6.123690E-17
7.200721E+03	4.149108E-15	6.109011E-17
7.203718E+03	4.139473E-15	6.090953E-17
7.206715E+03	4.128950E-15	6.071560E-17
7.209711E+03	4.117836E-15	6.051272E-17
7.212709E+03	4.104945E-15	6.028345E-17
7.215705E+03	4.092549E-15	6.006127E-17
7.218703E+03	4.079959E-15	5.983597E-17
7.221699E+03	4.066778E-15	5.960183E-17
7.224697E+03	4.056069E-15	5.940366E-17
7.227693E+03	4.048226E-15	5.924721E-17
7.230691E+03	4.042855E-15	5.912659E-17
7.233687E+03	4.038866E-15	5.902584E-17
7.236684E+03	4.035372E-15	5.893194E-17
7.239681E+03	4.031583E-15	5.883335E-17
7.242678E+03	4.025720E-15	5.870414E-17
7.245675E+03	4.017983E-15	5.854730E-17
7.248672E+03	4.007582E-15	5.835139E-17
7.251669E+03	3.997184E-15	5.815529E-17
7.254666E+03	3.988662E-15	5.798627E-17
7.257664E+03	3.982413E-15	5.785000E-17
7.260660E+03	3.977743E-15	5.773636E-17
7.263658E+03	3.973371E-15	5.762670E-17
7.266654E+03	3.969591E-15	5.752530E-17
7.269652E+03	3.968378E-15	5.746070E-17
7.272648E+03	3.969731E-15	5.743283E-17
7.275645E+03	3.969801E-15	5.738595E-17
7.278642E+03	3.967801E-15	5.730872E-17
7.281639E+03	3.966984E-15	5.724821E-17
7.284636E+03	3.968338E-15	5.721858E-17
7.287633E+03	3.968804E-15	5.717571E-17
7.290630E+03	3.967792E-15	5.711111E-17
7.293627E+03	3.967963E-15	5.706314E-17
7.296624E+03	3.970107E-15	5.704309E-17
7.299621E+03	3.972843E-15	5.703107E-17
7.302617E+03	3.974100E-15	5.699735E-17
7.305615E+03	3.973879E-15	5.694200E-17
7.308611E+03	3.973363E-15	5.688203E-17
7.311609E+03	3.972355E-15	5.681461E-17
7.314605E+03	3.972038E-15	5.675670E-17
7.317603E+03	3.971819E-15	5.669979E-17
7.320599E+03	3.970320E-15	5.662423E-17
7.323597E+03	3.969217E-15	5.655394E-17
7.326593E+03	3.967523E-15	5.647489E-17
7.329590E+03	3.965436E-15	5.638992E-17
7.332587E+03	3.963055E-15	5.630041E-17
7.335584E+03	3.959592E-15	5.619525E-17
7.338581E+03	3.956228E-15	5.609118E-17
7.341578E+03	3.953358E-15	5.599385E-17
7.344575E+03	3.950391E-15	5.589483E-17
7.347572E+03	3.947721E-15	5.579974E-17
7.350569E+03	3.944165E-15	5.569183E-17
7.353566E+03	3.938643E-15	5.555593E-17
7.356563E+03	3.932531E-15	5.541152E-17
7.359560E+03	3.926422E-15	5.526698E-17
7.362556E+03	3.920412E-15	5.512366E-17
7.365554E+03	3.914306E-15	5.497882E-17
7.368550E+03	3.906332E-15	5.480760E-17
7.371548E+03	3.898164E-15	5.463355E-17
7.374544E+03	3.892458E-15	5.449390E-17
7.377542E+03	3.887147E-15	5.435960E-17
7.380538E+03	3.880165E-15	5.420182E-17
7.383536E+03	3.872399E-15	5.403295E-17
7.386532E+03	3.864733E-15	5.386543E-17
7.389530E+03	3.856972E-15	5.369648E-17
7.392526E+03	3.850294E-15	5.354256E-17
7.395524E+03	3.843815E-15	5.339127E-17
7.398520E+03	3.836355E-15	5.322631E-17
7.401517E+03	3.829683E-15	5.307220E-17
7.404514E+03	3.823211E-15	5.292076E-17
7.407511E+03	3.815659E-15	5.275433E-17
7.410508E+03	3.806341E-15	5.256345E-17
7.413505E+03	3.797417E-15	5.237806E-17
7.416502E+03	3.788595E-15	5.219407E-17
7.419499E+03	3.779087E-15	5.200068E-17
7.422496E+03	3.770270E-15	5.181682E-17
7.425493E+03	3.760571E-15	5.162091E-17
7.428489E+03	3.750678E-15	5.142241E-17
7.431487E+03	3.742065E-15	5.124150E-17
7.434483E+03	3.733749E-15	5.106473E-17
7.437481E+03	3.724454E-15	5.087459E-17
7.440477E+03	3.714572E-15	5.067657E-17
7.443475E+03	3.706264E-15	5.050008E-17
7.446471E+03	3.698449E-15	5.033039E-17
7.449469E+03	3.690442E-15	5.015810E-17
7.452465E+03	3.683909E-15	5.000593E-17
7.455462E+03	3.679146E-15	4.987778E-17
7.458459E+03	3.674682E-15	4.975360E-17
7.461456E+03	3.670708E-15	4.963606E-17
7.464453E+03	3.666541E-15	4.951583E-17
7.467450E+03	3.661493E-15	4.938370E-17
7.470447E+03	3.657625E-15	4.926745E-17
7.473444E+03	3.653955E-15	4.915386E-17
7.476441E+03	3.648717E-15	4.901915E-17
7.479438E+03	3.643186E-15	4.888056E-17
7.482435E+03	3.638541E-15	4.875387E-17
7.485432E+03	3.635272E-15	4.864563E-17
7.488429E+03	3.633478E-15	4.855707E-17
7.491426E+03	3.632078E-15	4.847371E-17
7.494422E+03	3.631170E-15	4.839684E-17
7.497420E+03	3.630853E-15	4.832773E-17
7.500416E+03	3.629459E-15	4.824421E-17
7.503414E+03	3.627674E-15	4.815544E-17
7.506410E+03	3.627657E-15	4.809010E-17
7.509408E+03	3.629113E-15	4.804414E-17
7.512404E+03	3.631649E-15	4.801236E-17
7.515402E+03	3.632422E-15	4.795709E-17
7.518398E+03	3.628685E-15	4.784229E-17
7.521395E+03	3.625343E-15	4.773277E-17
7.524392E+03	3.625827E-15	4.767360E-17
7.527389E+03	3.627098E-15	4.762471E-17
7.530386E+03	3.626997E-15	4.755774E-17
7.533383E+03	3.627683E-15	4.750105E-17
7.536380E+03	3.629941E-15	4.746484E-17
7.539377E+03	3.631219E-15	4.741576E-17
7.542374E+03	3.631420E-15	4.735257E-17
7.545371E+03	3.630938E-15	4.728049E-17
7.548367E+03	3.630065E-15	4.720335E-17
7.551365E+03	3.628999E-15	4.712373E-17
7.554361E+03	3.630680E-15	4.707980E-17
7.557359E+03	3.635988E-15	4.708281E-17
7.560355E+03	3.644337E-15	4.712498E-17
7.563353E+03	3.655528E-15	4.720360E-17
7.566349E+03	3.666525E-15	4.727938E-17
7.569347E+03	3.676152E-15	4.733716E-17
7.572343E+03	3.684799E-15	4.738210E-17
7.575341E+03	3.689333E-15	4.737397E-17
7.578337E+03	3.690440E-15	4.732184E-17
7.581335E+03	3.689002E-15	4.723718E-17
7.584332E+03	3.683844E-15	4.710512E-17
7.587328E+03	3.675553E-15	4.693338E-17
7.590326E+03	3.665111E-15	4.673460E-17
7.593322E+03	3.653693E-15	4.652392E-17
7.596320E+03	3.643257E-15	4.632628E-17
7.599316E+03	3.635567E-15	4.616405E-17
7.602314E+03	3.630525E-15	4.603581E-17
7.605310E+03	3.626758E-15	4.592410E-17
7.608308E+03	3.622603E-15	4.580778E-17
7.611304E+03	3.618941E-15	4.569805E-17
7.614301E+03	3.615379E-15	4.558991E-17
7.617298E+03	3.610351E-15	4.546363E-17
7.620295E+03	3.603563E-15	4.531566E-17
7.623292E+03	3.594722E-15	4.514235E-17
7.626289E+03	3.585199E-15	4.496105E-17
7.629286E+03	3.576170E-15	4.478650E-17
7.632283E+03	3.567925E-15	4.462237E-17
7.635280E+03	3.560762E-15	4.447228E-17
7.638277E+03	3.553504E-15	4.432156E-17
7.641273E+03	3.543899E-15	4.414215E-17
7.644271E+03	3.532536E-15	4.394148E-17
7.647267E+03	3.520980E-15	4.373913E-17
7.650265E+03	3.510700E-15	4.355331E-17
7.653261E+03	3.503458E-15	4.340582E-17
7.656259E+03	3.501015E-15	4.331829E-17
7.659255E+03	3.502002E-15	4.327359E-17
7.662253E+03	3.503773E-15	4.323891E-17
7.665249E+03	3.505254E-15	4.320099E-17
7.668247E+03	3.507325E-15	4.317065E-17
7.671243E+03	3.512922E-15	4.318403E-17
7.674241E+03	3.519696E-15	4.321209E-17
7.677237E+03	3.523342E-15	4.320203E-17
7.680234E+03	3.523075E-15	4.314439E-17
7.683231E+03	3.520365E-15	4.305731E-17
7.686228E+03	3.515505E-15	4.294455E-17
7.689225E+03	3.508299E-15	4.280378E-17
7.692222E+03	3.499922E-15	4.264947E-17
7.695219E+03	3.493017E-15	4.251381E-17
7.698216E+03	3.488561E-15	4.240866E-17
7.701213E+03	3.487239E-15	4.234221E-17
7.704210E+03	3.490031E-15	4.232624E-17
7.707206E+03	3.497033E-15	4.236177E-17
7.710204E+03	3.507072E-15	4.243438E-17
7.713200E+03	3.517701E-15	4.251446E-17
7.716198E+03	3.528039E-15	4.259131E-17
7.719194E+03	3.538283E-15	4.266738E-17
7.722192E+03	3.547355E-15	4.272968E-17
7.725188E+03	3.552419E-15	4.274418E-17
7.728186E+03	3.553572E-15	4.271218E-17
7.731182E+03	3.551108E-15	4.263742E-17
7.734179E+03	3.545713E-15	4.252824E-17
7.737176E+03	3.538168E-15	4.239413E-17
7.740173E+03	3.529061E-15	4.224224E-17
7.743170E+03	3.520154E-15	4.209367E-17
7.746167E+03	3.512913E-15	4.196597E-17
7.749164E+03	3.507143E-15	4.185673E-17
7.752161E+03	3.501572E-15	4.175077E-17
7.755158E+03	3.495418E-15	4.163876E-17
7.758155E+03	3.488779E-15	4.152190E-17
7.761152E+03	3.483022E-15	4.141648E-17
7.764149E+03	3.478151E-15	4.132252E-17
7.767146E+03	3.472108E-15	4.121558E-17
7.770143E+03	3.463134E-15	4.107484E-17
7.773139E+03	3.452304E-15	4.091313E-17
7.776137E+03	3.442750E-15	4.076759E-17
7.779133E+03	3.436134E-15	4.065789E-17
7.782131E+03	3.432359E-15	4.058278E-17
7.785127E+03	3.429959E-15	4.052488E-17
7.788125E+03	3.426583E-15	4.045642E-17
7.791121E+03	3.421546E-15	4.036936E-17
7.794119E+03	3.415928E-15	4.027645E-17
7.797115E+03	3.410703E-15	4.018924E-17
7.800112E+03	3.405775E-15	4.010656E-17
7.803109E+03	3.402711E-15	4.004686E-17
7.806106E+03	3.402292E-15	4.001933E-17
7.809103E+03	3.403836E-15	4.001587E-17
7.812100E+03	3.404991E-15	4.000886E-17
7.815097E+03	3.406639E-15	4.000866E-17
7.818094E+03	3.409760E-15	4.002679E-17
7.821091E+03	3.412199E-15	4.003795E-17
7.824088E+03	3.413175E-15	4.003301E-17
7.827085E+03	3.411512E-15	3.999821E-17
7.830082E+03	3.406426E-15	3.992444E-17
7.833078E+03	3.398603E-15	3.981976E-17
7.836076E+03	3.389120E-15	3.969681E-17
7.839072E+03	3.378955E-15	3.956711E-17
7.842070E+03	3.368402E-15	3.943406E-17
7.845066E+03	3.356872E-15	3.929082E-17
7.848064E+03	3.343388E-15	3.912593E-17
7.851060E+03	3.327949E-15	3.893940E-17
7.854058E+03	3.314275E-15	3.877477E-17
7.857054E+03	3.304129E-15	3.865266E-17
7.860052E+03	3.296238E-15	3.855814E-17
7.863048E+03	3.288058E-15	3.846147E-17
7.866045E+03	3.280370E-15	3.837179E-17
7.869042E+03	3.271902E-15	3.827422E-17
7.872039E+03	3.261283E-15	3.815274E-17
7.875036E+03	3.249099E-15	3.801418E-17
7.878033E+03	3.234961E-15	3.785398E-17
7.881030E+03	3.220825E-15	3.769503E-17
7.884027E+03	3.207572E-15	3.754765E-17
7.887024E+03	3.195008E-15	3.740955E-17
7.890021E+03	3.182938E-15	3.727844E-17
7.893018E+03	3.173320E-15	3.717728E-17
7.896015E+03	3.166349E-15	3.710839E-17
7.899011E+03	3.159872E-15	3.704654E-17
7.902009E+03	3.154085E-15	3.699405E-17
7.905005E+03	3.148792E-15	3.694863E-17
7.908003E+03	3.142129E-15	3.688842E-17
7.911000E+03	3.135176E-15	3.682606E-17
7.913997E+03	3.128422E-15	3.676733E-17
7.916994E+03	3.119516E-15	3.668455E-17
7.919991E+03	3.107574E-15	3.656729E-17
7.922988E+03	3.095339E-15	3.644779E-17
7.925984E+03	3.084873E-15	3.635029E-17
7.928982E+03	3.076664E-15	3.628063E-17
7.931978E+03	3.070028E-15	3.623077E-17
7.934976E+03	3.063297E-15	3.618107E-17
7.937972E+03	3.055784E-15	3.612339E-17
7.940970E+03	3.049550E-15	3.608210E-17
7.943966E+03	3.044791E-15	3.605955E-17
7.946964E+03	3.040624E-15	3.604534E-17
7.949960E+03	3.036754E-15	3.603598E-17
7.952958E+03	3.034655E-15	3.604901E-17
7.955954E+03	3.033149E-15	3.607045E-17
7.958952E+03	3.031156E-15	3.608750E-17
7.961948E+03	3.028676E-15	3.610012E-17
7.964945E+03	3.027378E-15	3.612819E-17
7.967942E+03	3.026575E-15	3.616357E-17
7.970939E+03	3.024206E-15	3.618156E-17
7.973936E+03	3.020957E-15	3.619036E-17
7.976933E+03	3.016042E-15	3.618045E-17
7.979930E+03	3.010541E-15	3.616474E-17
7.982927E+03	3.004946E-15	3.614907E-17
7.985924E+03	2.997291E-15	3.610976E-17
7.988921E+03	2.989147E-15	3.606563E-17
7.991917E+03	2.980515E-15	3.601664E-17
7.994915E+03	2.969822E-15	3.594372E-17
7.997911E+03	2.958246E-15	3.586100E-17
8.000909E+03	2.948245E-15	3.579827E-17
8.003905E+03	2.941979E-15	3.578184E-17
8.006903E+03	2.938371E-15	3.579884E-17
8.009899E+03	2.934667E-15	3.581577E-17
8.012897E+03	2.929589E-15	3.581704E-17
8.015893E+03	2.923728E-15	3.580973E-17
8.018890E+03	2.915805E-15	3.577809E-17
8.021887E+03	2.905818E-15	3.572199E-17
8.024884E+03	2.892292E-15	3.562303E-17
8.027881E+03	2.874930E-15	3.547733E-17
8.030878E+03	2.855601E-15	3.530765E-17
8.033875E+03	2.832433E-15	3.509066E-17
8.036872E+03	2.805327E-15	3.482478E-17
8.039869E+03	2.777431E-15	3.454887E-17
8.042866E+03	2.750220E-15	3.428116E-17
8.045863E+03	2.724089E-15	3.402666E-17
8.048860E+03	2.698053E-15	3.377302E-17
8.051857E+03	2.672506E-15	3.352521E-17
8.054854E+03	2.647743E-15	3.328690E-17
8.057850E+03	2.622387E-15	3.304077E-17
8.060848E+03	2.597519E-15	3.280043E-17
8.063844E+03	2.573535E-15	3.257083E-17
8.066842E+03	2.547971E-15	3.232081E-17
8.069838E+03	2.520333E-15	3.204387E-17
8.072836E+03	2.491508E-15	3.175114E-17
8.075832E+03	2.460904E-15	3.143486E-17
8.078830E+03	2.428619E-15	3.109613E-17
8.081826E+03	2.395341E-15	3.074354E-17
8.084823E+03	2.361564E-15	3.038333E-17
8.087820E+03	2.327385E-15	3.001671E-17
8.090817E+03	2.293494E-15	2.965244E-17
8.093814E+03	2.259696E-15	2.928803E-17
8.096811E+03	2.226087E-15	2.892465E-17
8.099808E+03	2.193360E-15	2.857135E-17
8.102805E+03	2.161020E-15	2.822167E-17
8.105802E+03	2.128080E-15	2.786274E-17
8.108799E+03	2.095133E-15	2.750218E-17
8.111795E+03	2.062671E-15	2.714646E-17
8.114793E+03	2.030992E-15	2.679953E-17
8.117789E+03	2.001281E-15	2.647709E-17
8.120787E+03	1.973439E-15	2.617803E-17
8.123783E+03	1.946086E-15	2.588410E-17
8.126781E+03	1.917441E-15	2.557164E-17
8.129777E+03	1.888690E-15	2.525626E-17
8.132775E+03	1.860525E-15	2.494728E-17
8.135771E+03	1.833045E-15	2.464598E-17
8.138769E+03	1.808920E-15	2.438848E-17
8.141765E+03	1.787856E-15	2.417107E-17
8.144763E+03	1.769555E-15	2.399011E-17
8.147759E+03	1.754813E-15	2.385664E-17
8.150756E+03	1.743431E-15	2.376836E-17
8.153753E+03	1.733829E-15	2.370406E-17
8.156750E+03	1.725215E-15	2.365304E-17
8.159747E+03	1.717888E-15	2.361955E-17
8.162744E+03	1.711253E-15	2.359546E-17
8.165741E+03	1.704617E-15	2.357134E-17
8.168738E+03	1.698178E-15	2.354987E-17
8.171735E+03	1.692730E-15	2.354213E-17
8.174732E+03	1.687976E-15	2.354405E-17
8.177728E+03	1.684905E-15	2.356959E-17
8.180726E+03	1.682630E-15	2.360648E-17
8.183722E+03	1.678966E-15	2.362405E-17
8.186720E+03	1.675204E-15	2.364038E-17
8.189716E+03	1.674318E-15	2.369750E-17
8.192714E+03	1.675517E-15	2.378457E-17
8.195710E+03	1.677213E-15	2.387921E-17
8.198708E+03	1.678714E-15	2.397163E-17
8.201704E+03	1.681010E-15	2.407595E-17
8.204701E+03	1.683905E-15	2.418944E-17
8.207698E+03	1.685909E-15	2.429075E-17
8.210695E+03	1.688213E-15	2.439694E-17
8.213692E+03	1.691313E-15	2.451529E-17
8.216689E+03	1.694318E-15	2.463286E-17
8.219686E+03	1.698517E-15	2.476850E-17
8.222683E+03	1.704808E-15	2.493545E-17
8.225680E+03	1.711598E-15	2.511068E-17
8.228677E+03	1.718393E-15	2.528691E-17
8.231674E+03	1.725888E-15	2.547447E-17
8.234671E+03	1.733090E-15	2.565869E-17
8.237667E+03	1.739400E-15	2.583067E-17
8.240665E+03	1.747306E-15	2.602737E-17
8.243662E+03	1.757208E-15	2.625492E-17
8.246659E+03	1.766518E-15	2.647488E-17
8.249656E+03	1.773941E-15	2.666764E-17
8.252653E+03	1.778083E-15	2.681197E-17
8.255650E+03	1.780236E-15	2.692691E-17
8.258647E+03	1.780798E-15	2.701826E-17
8.261644E+03	1.781162E-15	2.710695E-17
8.264641E+03	1.782424E-15	2.720974E-17
8.267638E+03	1.785084E-15	2.733433E-17
8.270634E+03	1.787647E-15	2.745800E-17
8.273632E+03	1.788716E-15	2.755924E-17
8.276628E+03	1.790287E-15	2.766860E-17
8.279626E+03	1.794752E-15	2.782331E-17
8.282622E+03	1.802714E-15	2.803309E-17
8.285620E+03	1.814372E-15	2.830162E-17
8.288616E+03	1.830131E-15	2.863569E-17
8.291614E+03	1.850591E-15	2.904539E-17
8.294610E+03	1.875654E-15	2.952981E-17
8.297608E+03	1.903527E-15	3.006135E-17
8.300604E+03	1.933510E-15	3.062931E-17
8.303602E+03	1.965208E-15	3.122777E-17
8.306598E+03	1.996421E-15	3.182186E-17
8.309595E+03	2.024451E-15	3.236841E-17
8.312592E+03	2.050793E-15	3.289100E-17
8.315589E+03	2.076649E-15	3.340862E-17
8.318586E+03	2.102918E-15	3.393580E-17
8.321583E+03	2.130200E-15	3.448225E-17
8.324580E+03	2.154794E-15	3.498810E-17
8.327577E+03	2.176298E-15	3.544632E-17
8.330573E+03	2.196310E-15	3.588262E-17
8.333571E+03	2.216232E-15	3.631977E-17
8.336567E+03	2.236766E-15	3.676924E-17
8.339565E+03	2.260518E-15	3.727416E-17
8.342561E+03	2.286787E-15	3.782336E-17
8.345559E+03	2.313973E-15	3.839075E-17
8.348555E+03	2.342074E-15	3.897639E-17
8.351553E+03	2.371594E-15	3.958889E-17
8.354549E+03	2.400628E-15	4.019650E-17
8.357547E+03	2.428172E-15	4.078237E-17
8.360543E+03	2.455128E-15	4.136141E-17
8.363540E+03	2.480994E-15	4.192506E-17
8.366537E+03	2.506371E-15	4.248340E-17
8.369534E+03	2.532364E-15	4.305508E-17
8.372531E+03	2.556765E-15	4.360259E-17
8.375528E+03	2.579469E-15	4.412384E-17
8.378525E+03	2.602890E-15	4.466005E-17
8.381522E+03	2.628133E-15	4.523026E-17
8.384519E+03	2.654798E-15	4.582796E-17
8.387516E+03	2.683287E-15	4.646024E-17
8.390513E+03	2.713300E-15	4.712228E-17
8.393510E+03	2.743430E-15	4.778970E-17
8.396507E+03	2.773374E-15	4.845735E-17
8.399504E+03	2.803033E-15	4.912336E-17
8.402500E+03	2.830593E-15	4.975584E-17
8.405498E+03	2.857463E-15	5.037935E-17
8.408494E+03	2.884953E-15	5.101686E-17
8.411492E+03	2.910946E-15	5.163104E-17
8.414488E+03	2.932216E-15	5.216414E-17
8.417486E+03	2.951179E-15	5.265861E-17
8.420482E+03	2.968642E-15	5.312843E-17
8.423479E+03	2.983087E-15	5.354619E-17
8.426476E+03	2.996635E-15	5.394959E-17
8.429474E+03	3.009181E-15	5.433659E-17
8.432470E+03	3.020221E-15	5.469782E-17
8.435467E+03	3.030460E-15	5.504589E-17
8.438464E+03	3.041212E-15	5.540467E-17
8.441461E+03	3.053384E-15	5.579071E-17
8.444458E+03	3.067181E-15	5.620809E-17
8.447455E+03	3.081997E-15	5.664585E-17
8.450452E+03	3.098642E-15	5.711916E-17
8.453449E+03	3.116814E-15	5.762263E-17
8.456445E+03	3.135198E-15	5.813220E-17
8.459443E+03	3.152177E-15	5.861789E-17
8.462439E+03	3.169370E-15	5.910950E-17
8.465437E+03	3.188495E-15	5.963939E-17
8.468433E+03	3.206923E-15	6.015839E-17
8.471431E+03	3.220603E-15	6.059030E-17
8.474427E+03	3.228517E-15	6.091502E-17
8.477425E+03	3.233397E-15	6.118342E-17
8.480421E+03	3.237065E-15	6.142946E-17
8.483419E+03	3.238811E-15	6.163955E-17
8.486415E+03	3.238328E-15	6.180737E-17
8.489413E+03	3.237746E-15	6.197346E-17
8.492409E+03	3.237671E-15	6.214930E-17
8.495406E+03	3.237090E-15	6.231557E-17
8.498403E+03	3.236613E-15	6.248396E-17
8.501400E+03	3.236645E-15	6.266222E-17
8.504397E+03	3.235662E-15	6.282098E-17
8.507394E+03	3.234376E-15	6.297381E-17
8.510391E+03	3.235224E-15	6.316835E-17
8.513388E+03	3.237497E-15	6.339096E-17
8.516385E+03	3.240789E-15	6.363400E-17
8.519382E+03	3.244288E-15	6.388154E-17
8.522379E+03	3.246468E-15	6.410359E-17
8.525376E+03	3.249261E-15	6.433807E-17
8.528372E+03	3.253584E-15	6.460334E-17
8.531370E+03	3.258928E-15	6.488959E-17
8.534366E+03	3.262035E-15	6.513182E-17
8.537364E+03	3.262295E-15	6.531753E-17
8.540360E+03	3.261231E-15	6.547673E-17
8.543358E+03	3.260474E-15	6.564214E-17
8.546354E+03	3.259921E-15	6.581161E-17
8.549351E+03	3.257534E-15	6.594398E-17
8.552348E+03	3.252700E-15	6.602656E-17
8.555345E+03	3.247660E-15	6.610442E-17
8.558342E+03	3.241700E-15	6.616310E-17
8.561339E+03	3.232983E-15	6.616467E-17
8.564336E+03	3.223445E-15	6.614858E-17
8.567333E+03	3.215639E-15	6.616708E-17
8.570331E+03	3.208137E-15	6.619111E-17
8.573327E+03	3.201142E-15	6.622479E-17
8.576325E+03	3.196292E-15	6.630230E-17
8.579321E+03	3.192463E-15	6.640049E-17
8.582319E+03	3.189042E-15	6.650689E-17
8.585315E+03	3.185415E-15	6.660859E-17
8.588312E+03	3.181071E-15	6.669491E-17
8.591309E+03	3.175805E-15	6.676145E-17
8.594306E+03	3.171048E-15	6.683813E-17
8.597303E+03	3.167417E-15	6.693816E-17
8.600300E+03	3.164912E-15	6.706162E-17
8.603297E+03	3.162509E-15	6.718708E-17
8.606294E+03	3.159797E-15	6.730565E-17
8.609291E+03	3.155652E-15	6.739339E-17
8.612288E+03	3.151196E-15	6.747399E-17
8.615285E+03	3.148688E-15	6.759599E-17
8.618282E+03	3.143921E-15	6.766907E-17
8.621278E+03	3.136075E-15	6.767518E-17
8.624276E+03	3.129251E-15	6.770260E-17
8.627272E+03	3.124171E-15	6.776703E-17
8.630270E+03	3.120218E-15	6.785550E-17
8.633266E+03	3.115443E-15	6.792553E-17
8.636264E+03	3.109123E-15	6.796136E-17
8.639260E+03	3.102185E-15	6.798285E-17
8.642258E+03	3.095861E-15	6.801713E-17
8.645254E+03	3.088504E-15	6.802791E-17
8.648252E+03	3.082585E-15	6.806968E-17
8.651248E+03	3.077591E-15	6.813118E-17
8.654245E+03	3.073005E-15	6.820120E-17
8.657242E+03	3.069654E-15	6.829822E-17
8.660239E+03	3.067332E-15	6.841776E-17
8.663236E+03	3.065525E-15	6.854860E-17
8.666233E+03	3.064233E-15	6.869071E-17
8.669230E+03	3.061807E-15	6.880725E-17
8.672227E+03	3.059276E-15	6.892108E-17
8.675224E+03	3.058913E-15	6.908361E-17
8.678221E+03	3.061335E-15	6.930909E-17
8.681217E+03	3.064998E-15	6.956299E-17
8.684215E+03	3.067838E-15	6.979860E-17
8.687211E+03	3.070990E-15	7.004156E-17
8.690209E+03	3.075798E-15	7.032276E-17
8.693205E+03	3.080816E-15	7.060923E-17
8.696203E+03	3.083976E-15	7.085360E-17
8.699199E+03	3.085278E-15	7.105544E-17
8.702197E+03	3.083480E-15	7.118587E-17
8.705193E+03	3.078576E-15	7.124414E-17
8.708191E+03	3.072015E-15	7.126344E-17
8.711187E+03	3.065036E-15	7.127221E-17
8.714184E+03	3.056916E-15	7.125354E-17
8.717181E+03	3.045373E-15	7.115402E-17
8.720178E+03	3.031958E-15	7.100928E-17
8.723175E+03	3.019159E-15	7.087750E-17
8.726172E+03	3.006352E-15	7.074403E-17
8.729169E+03	2.992296E-15	7.057966E-17
8.732166E+03	2.978542E-15	7.042077E-17
8.735163E+03	2.967063E-15	7.031428E-17
8.738160E+03	2.957445E-15	7.025062E-17
8.741157E+03	2.948447E-15	7.020064E-17
8.744154E+03	2.941728E-15	7.020394E-17
8.747150E+03	2.938434E-15	7.028837E-17
8.750148E+03	2.936280E-15	7.039979E-17
8.753144E+03	2.935270E-15	7.053832E-17
8.756142E+03	2.936444E-15	7.072934E-17
8.759138E+03	2.938242E-15	7.093545E-17
8.762136E+03	2.938897E-15	7.111410E-17
8.765132E+03	2.938824E-15	7.127506E-17
8.768129E+03	2.938025E-15	7.141826E-17
8.771126E+03	2.936183E-15	7.153598E-17
8.774123E+03	2.934236E-15	7.165081E-17
8.777120E+03	2.929892E-15	7.170675E-17
8.780117E+03	2.922003E-15	7.167512E-17
8.783114E+03	2.911192E-15	7.157075E-17
8.786111E+03	2.899226E-15	7.143664E-17
8.789108E+03	2.887567E-15	7.130874E-17
8.792105E+03	2.877675E-15	7.122317E-17
8.795102E+03	2.868926E-15	7.116485E-17
8.798099E+03	2.863095E-15	7.117799E-17
8.801096E+03	2.857574E-15	7.119817E-17
8.804093E+03	2.849231E-15	7.114714E-17
8.807089E+03	2.838373E-15	7.103220E-17
8.810087E+03	2.828765E-15	7.094738E-17
8.813083E+03	2.821451E-15	7.091902E-17
8.816081E+03	2.812565E-15	7.085025E-17
8.819077E+03	2.801372E-15	7.072210E-17
8.822075E+03	2.791638E-15	7.062963E-17
8.825071E+03	2.782211E-15	7.054374E-17
8.828069E+03	2.771104E-15	7.041410E-17
8.831065E+03	2.760411E-15	7.029363E-17
8.834063E+03	2.751387E-15	7.021456E-17
8.837059E+03	2.744559E-15	7.019053E-17
8.840056E+03	2.741396E-15	7.025961E-17
8.843053E+03	2.739490E-15	7.036058E-17
8.846050E+03	2.736744E-15	7.043959E-17
8.849047E+03	2.733787E-15	7.051281E-17
8.852044E+03	2.730303E-15	7.057195E-17
8.855041E+03	2.726082E-15	7.061159E-17
8.858038E+03	2.721649E-15	7.064512E-17
8.861035E+03	2.716058E-15	7.064801E-17
8.864032E+03	2.709308E-15	7.061993E-17
8.867028E+03	2.701082E-15	7.055248E-17
8.870026E+03	2.692115E-15	7.046469E-17
8.873022E+03	2.683564E-15	7.038670E-17
8.876020E+03	2.674797E-15	7.030206E-17
8.879016E+03	2.664341E-15	7.017184E-17
8.882014E+03	2.654827E-15	7.006528E-17
8.885010E+03	2.647308E-15	7.001033E-17
8.888008E+03	2.638415E-15	6.991809E-17
8.891004E+03	2.627514E-15	6.977145E-17
8.894002E+03	2.616607E-15	6.962340E-17
8.896999E+03	2.606115E-15	6.948509E-17
8.899995E+03	2.597621E-15	6.939894E-17
8.902993E+03	2.591549E-15	6.937665E-17
8.905989E+03	2.586528E-15	6.938176E-17
8.908987E+03	2.582770E-15	6.942023E-17
8.911983E+03	2.580279E-15	6.949225E-17
8.914981E+03	2.577997E-15	6.956960E-17
8.917977E+03	2.574656E-15	6.961793E-17
8.920975E+03	2.568671E-15	6.959423E-17
8.923971E+03	2.560146E-15	6.950075E-17
8.926969E+03	2.548971E-15	6.933423E-17
8.929965E+03	2.537472E-15	6.915754E-17
8.932962E+03	2.529459E-15	6.907470E-17
8.935959E+03	2.525886E-15	6.911244E-17
8.938956E+03	2.520934E-15	6.911184E-17
8.941953E+03	2.517251E-15	6.914551E-17
8.944950E+03	2.513989E-15	6.919024E-17
8.947947E+03	2.510089E-15	6.921697E-17
8.950944E+03	2.503748E-15	6.917567E-17
8.953941E+03	2.495495E-15	6.908073E-17
8.956938E+03	2.488828E-15	6.902872E-17
8.959934E+03	2.485234E-15	6.906131E-17
8.962932E+03	2.480682E-15	6.906679E-17
8.965928E+03	2.475172E-15	6.904492E-17
8.968926E+03	2.470190E-15	6.903713E-17
8.971922E+03	2.464886E-15	6.901967E-17
8.974920E+03	2.458835E-15	6.898059E-17
8.977916E+03	2.455650E-15	6.902132E-17
8.980914E+03	2.457780E-15	6.921130E-17
8.983910E+03	2.465229E-15	6.955144E-17
8.986908E+03	2.478429E-15	7.005483E-17
8.989904E+03	2.496746E-15	7.070437E-17
8.992901E+03	2.517203E-15	7.141645E-17
8.995898E+03	2.538311E-15	7.214914E-17
8.998895E+03	2.560923E-15	7.292673E-17
9.001892E+03	2.585148E-15	7.375262E-17
9.004889E+03	2.606936E-15	7.451126E-17
9.007886E+03	2.626497E-15	7.520834E-17
9.010883E+03	2.646177E-15	7.591074E-17
9.013880E+03	2.664162E-15	7.656639E-17
9.016877E+03	2.679276E-15	7.714111E-17
9.019874E+03	2.693117E-15	7.768063E-17
9.022871E+03	2.705473E-15	7.817849E-17
9.025867E+03	2.714844E-15	7.859112E-17
9.028865E+03	2.721762E-15	7.893353E-17
9.031861E+03	2.726869E-15	7.922384E-17
9.034859E+03	2.727166E-15	7.937462E-17
9.037855E+03	2.720190E-15	7.931320E-17
9.040853E+03	2.710321E-15	7.916647E-17
9.043849E+03	2.699483E-15	7.899017E-17
9.046847E+03	2.687889E-15	7.879051E-17
9.049843E+03	2.678428E-15	7.865213E-17
9.052840E+03	2.670033E-15	7.854398E-17
9.055837E+03	2.660883E-15	7.841262E-17
9.058834E+03	2.649583E-15	7.821668E-17
9.061831E+03	2.635917E-15	7.794953E-17
9.064828E+03	2.619026E-15	7.758523E-17
9.067825E+03	2.600621E-15	7.717421E-17
9.070822E+03	2.583601E-15	7.680226E-17
9.073819E+03	2.570434E-15	7.654322E-17
9.076816E+03	2.561875E-15	7.642014E-17
9.079813E+03	2.557510E-15	7.642138E-17
9.082810E+03	2.557650E-15	7.655688E-17
9.085806E+03	2.560156E-15	7.676319E-17
9.088804E+03	2.561695E-15	7.694064E-17
9.091800E+03	2.568048E-15	7.726291E-17
9.094798E+03	2.578201E-15	7.770027E-17
9.097794E+03	2.589006E-15	7.815817E-17
9.100792E+03	2.598742E-15	7.858475E-17
9.103788E+03	2.610530E-15	7.907432E-17
9.106786E+03	2.622431E-15	7.956846E-17
9.109782E+03	2.630139E-15	7.993617E-17
9.112780E+03	2.633432E-15	8.017015E-17
9.115776E+03	2.633924E-15	8.031890E-17
9.118773E+03	2.630317E-15	8.034237E-17
9.121770E+03	2.621961E-15	8.022008E-17
9.124767E+03	2.611550E-15	8.003379E-17
9.127764E+03	2.599513E-15	7.979642E-17
9.130761E+03	2.585416E-15	7.949434E-17
9.133758E+03	2.570988E-15	7.918053E-17
9.136755E+03	2.557522E-15	7.889479E-17
9.139752E+03	2.544588E-15	7.862404E-17
9.142749E+03	2.531754E-15	7.835489E-17
9.145746E+03	2.519886E-15	7.811433E-17
9.148743E+03	2.510283E-15	7.794270E-17
9.151739E+03	2.502729E-15	7.783372E-17
9.154737E+03	2.495820E-15	7.774398E-17
9.157733E+03	2.491290E-15	7.772758E-17
9.160731E+03	2.489897E-15	7.780871E-17
9.163727E+03	2.489913E-15	7.793359E-17
9.166725E+03	2.492530E-15	7.813994E-17
9.169721E+03	2.499051E-15	7.846898E-17
9.172719E+03	2.507638E-15	7.886352E-17
9.175715E+03	2.518616E-15	7.933407E-17
9.178712E+03	2.531880E-15	7.987771E-17
9.181709E+03	2.544610E-15	8.040568E-17
9.184706E+03	2.554741E-15	8.085249E-17
9.186221E+03	2.700763E-15	8.554146E-17
9.226161E+03	2.772866E-15	8.964285E-17
9.266101E+03	2.830536E-15	9.333541E-17
9.306041E+03	2.871256E-15	9.650444E-17
9.345981E+03	2.878030E-15	9.853422E-17
9.385921E+03	2.854551E-15	9.948911E-17
9.425861E+03	2.821856E-15	1.000597E-16
9.465801E+03	2.778367E-15	1.001732E-16
9.505741E+03	2.716731E-15	9.954200E-17
9.545681E+03	2.634907E-15	9.806025E-17
9.585622E+03	2.539334E-15	9.593882E-17
9.625562E+03	2.442205E-15	9.362477E-17
9.665502E+03	2.353278E-15	9.149798E-17
9.705442E+03	2.284173E-15	9.003268E-17
9.745382E+03	2.241708E-15	8.953516E-17
9.785322E+03	2.220298E-15	8.982285E-17
9.825262E+03	2.206130E-15	9.036328E-17
9.865202E+03	2.189719E-15	9.077482E-17
9.905142E+03	2.172820E-15	9.112838E-17
9.945082E+03	2.154865E-15	9.139982E-17
9.985022E+03	2.132395E-15	9.144013E-17
1.002496E+04	2.107507E-15	9.133470E-17
1.006490E+04	2.089931E-15	9.150712E-17
1.010484E+04	2.088699E-15	9.236738E-17
1.014478E+04	2.096362E-15	9.360460E-17
1.018472E+04	2.103213E-15	9.479279E-17
1.022466E+04	2.104475E-15	9.571364E-17
1.026460E+04	2.098430E-15	9.628175E-17
1.030454E+04	2.084634E-15	9.646816E-17
