#wls	flux	fluxerr
1.592167E+03	6.702099E-05	1.592213E-06
1.631971E+03	6.733535E-05	1.593853E-06
1.671775E+03	6.765734E-05	1.595482E-06
1.711579E+03	6.800079E-05	1.597417E-06
1.751383E+03	6.836774E-05	1.599697E-06
1.791187E+03	6.877260E-05	1.602646E-06
1.830992E+03	6.919300E-05	1.605728E-06
1.870796E+03	6.964376E-05	1.609279E-06
1.910600E+03	7.014015E-05	1.613633E-06
1.950404E+03	7.065990E-05	1.618263E-06
1.990208E+03	7.123146E-05	1.623804E-06
2.030012E+03	7.183277E-05	1.629732E-06
2.069817E+03	7.249307E-05	1.636693E-06
2.109621E+03	7.319046E-05	1.644167E-06
2.149425E+03	7.395527E-05	1.652814E-06
2.189229E+03	7.477904E-05	1.662416E-06
2.229033E+03	7.565320E-05	1.672752E-06
2.268837E+03	7.660999E-05	1.684508E-06
2.308641E+03	7.764189E-05	1.697479E-06
2.348446E+03	7.875501E-05	1.711761E-06
2.388250E+03	7.994188E-05	1.727152E-06
2.428054E+03	8.123825E-05	1.744381E-06
2.467858E+03	8.263793E-05	1.763262E-06
2.507662E+03	8.414957E-05	1.783925E-06
2.547466E+03	8.578264E-05	1.806512E-06
2.587271E+03	8.754733E-05	1.831172E-06
2.627075E+03	8.945478E-05	1.858067E-06
2.666879E+03	9.151729E-05	1.887375E-06
2.706683E+03	9.374812E-05	1.919285E-06
2.746487E+03	9.616190E-05	1.954002E-06
2.786291E+03	9.879223E-05	1.992105E-06
2.826096E+03	1.016219E-04	2.033130E-06
2.865900E+03	1.046872E-04	2.077690E-06
2.905704E+03	1.080095E-04	2.126072E-06
2.945508E+03	1.116319E-04	2.178975E-06
2.985312E+03	1.155412E-04	2.235975E-06
2.995263E+03	1.165592E-04	2.250766E-06
3.005214E+03	1.176194E-04	2.266269E-06
3.015165E+03	1.187016E-04	2.282088E-06
3.025116E+03	1.197850E-04	2.297824E-06
3.035067E+03	1.209126E-04	2.314297E-06
3.045019E+03	1.220420E-04	2.330693E-06
3.054970E+03	1.232171E-04	2.347847E-06
3.064921E+03	1.244169E-04	2.365353E-06
3.074872E+03	1.256195E-04	2.382793E-06
3.084823E+03	1.268702E-04	2.401024E-06
3.094774E+03	1.281245E-04	2.419198E-06
3.104725E+03	1.294284E-04	2.438182E-06
3.114676E+03	1.307600E-04	2.457557E-06
3.124627E+03	1.320964E-04	2.476892E-06
3.134578E+03	1.334851E-04	2.497071E-06
3.144529E+03	1.348795E-04	2.517219E-06
3.154480E+03	1.363281E-04	2.538237E-06
3.164431E+03	1.378078E-04	2.559689E-06
3.174382E+03	1.392945E-04	2.581127E-06
3.184333E+03	1.408385E-04	2.603474E-06
3.194284E+03	1.423905E-04	2.625817E-06
3.204235E+03	1.440017E-04	2.649098E-06
3.214186E+03	1.456480E-04	2.672862E-06
3.224137E+03	1.473041E-04	2.696643E-06
3.234088E+03	1.490228E-04	2.721404E-06
3.244039E+03	1.507524E-04	2.746194E-06
3.253990E+03	1.525470E-04	2.771997E-06
3.263941E+03	1.543813E-04	2.798341E-06
3.273892E+03	1.562283E-04	2.824735E-06
3.283843E+03	1.581442E-04	2.852191E-06
3.293795E+03	1.600743E-04	2.879714E-06
3.303746E+03	1.620760E-04	2.908335E-06
3.313697E+03	1.641225E-04	2.937560E-06
3.323648E+03	1.661853E-04	2.966877E-06
3.333599E+03	1.683242E-04	2.997348E-06
3.343550E+03	1.705113E-04	3.028465E-06
3.353501E+03	1.727170E-04	3.059701E-06
3.363452E+03	1.750036E-04	3.092153E-06
3.373403E+03	1.773106E-04	3.124741E-06
3.383354E+03	1.797019E-04	3.158588E-06
3.393305E+03	1.821477E-04	3.193159E-06
3.403256E+03	1.846166E-04	3.227899E-06
3.413207E+03	1.871752E-04	3.263965E-06
3.423158E+03	1.897926E-04	3.300807E-06
3.433109E+03	1.924362E-04	3.337852E-06
3.443060E+03	1.951751E-04	3.376295E-06
3.453011E+03	1.979424E-04	3.414964E-06
3.462962E+03	2.008092E-04	3.455083E-06
3.472913E+03	2.037427E-04	3.496073E-06
3.482864E+03	2.067078E-04	3.537325E-06
3.492815E+03	2.097790E-04	3.580109E-06
3.502766E+03	2.129220E-04	3.623825E-06
3.512717E+03	2.161004E-04	3.667844E-06
3.522668E+03	2.193918E-04	3.713480E-06
3.532620E+03	2.227212E-04	3.759448E-06
3.542571E+03	2.261686E-04	3.807092E-06
3.552522E+03	2.296972E-04	3.855779E-06
3.562473E+03	2.332676E-04	3.904839E-06
3.572424E+03	2.369639E-04	3.955671E-06
3.582375E+03	2.407475E-04	4.007616E-06
3.592326E+03	2.445772E-04	4.059979E-06
3.602277E+03	2.485411E-04	4.114213E-06
3.612228E+03	2.525986E-04	4.169633E-06
3.622179E+03	2.567066E-04	4.225517E-06
3.632130E+03	2.609574E-04	4.283374E-06
3.642081E+03	2.652617E-04	4.341725E-06
3.652032E+03	2.697148E-04	4.402120E-06
3.661983E+03	2.742729E-04	4.463827E-06
3.671934E+03	2.788890E-04	4.526072E-06
3.681885E+03	2.836632E-04	4.590470E-06
3.691836E+03	2.885495E-04	4.656257E-06
3.701787E+03	2.934981E-04	4.722623E-06
3.711738E+03	2.986145E-04	4.791251E-06
3.721689E+03	3.037962E-04	4.860485E-06
3.731640E+03	3.091522E-04	4.932054E-06
3.741591E+03	3.146318E-04	5.005136E-06
3.751542E+03	3.201809E-04	5.078857E-06
3.761493E+03	3.259138E-04	5.155021E-06
3.771444E+03	3.317774E-04	5.232767E-06
3.781396E+03	3.377141E-04	5.311179E-06
3.791347E+03	3.438442E-04	5.392137E-06
3.801298E+03	3.500495E-04	5.473772E-06
3.811249E+03	3.564545E-04	5.558020E-06
3.821200E+03	3.630003E-04	5.643945E-06
3.831151E+03	3.696236E-04	5.730552E-06
3.841102E+03	3.764553E-04	5.819861E-06
3.851053E+03	3.834330E-04	5.910889E-06
3.861004E+03	3.904892E-04	6.002585E-06
3.870955E+03	3.977616E-04	6.097060E-06
3.880906E+03	4.051124E-04	6.192183E-06
3.890857E+03	4.126839E-04	6.290123E-06
3.900808E+03	4.204067E-04	6.389806E-06
3.910759E+03	4.282058E-04	6.490081E-06
3.920710E+03	4.362310E-04	6.593215E-06
3.930661E+03	4.444080E-04	6.698069E-06
3.940612E+03	4.526568E-04	6.803428E-06
3.950563E+03	4.611347E-04	6.911655E-06
3.960514E+03	4.696795E-04	7.020306E-06
3.970465E+03	4.784539E-04	7.131810E-06
3.980416E+03	4.873747E-04	7.244915E-06
3.990367E+03	4.963522E-04	7.358283E-06
4.000318E+03	5.055572E-04	7.474448E-06
4.010269E+03	5.148091E-04	7.590733E-06
4.020221E+03	5.242846E-04	7.709744E-06
4.030172E+03	5.338903E-04	7.830101E-06
4.040123E+03	5.435255E-04	7.950329E-06
4.050074E+03	5.533743E-04	8.073127E-06
4.060025E+03	5.632368E-04	8.195580E-06
4.069976E+03	5.733033E-04	8.320462E-06
4.079927E+03	5.834689E-04	8.446251E-06
4.089878E+03	5.936200E-04	8.571315E-06
4.099829E+03	6.039557E-04	8.698539E-06
4.109780E+03	6.142539E-04	8.824732E-06
4.119731E+03	6.247193E-04	8.952855E-06
4.129682E+03	6.352331E-04	9.081208E-06
4.139633E+03	6.456703E-04	9.208027E-06
4.149584E+03	6.562416E-04	9.336339E-06
4.159535E+03	6.667040E-04	9.462702E-06
4.169486E+03	6.772754E-04	9.590237E-06
4.179437E+03	6.878241E-04	9.717095E-06
4.189388E+03	6.982100E-04	9.841328E-06
4.199339E+03	7.086601E-04	9.966167E-06
4.209290E+03	7.189076E-04	1.008789E-05
4.219241E+03	7.291849E-04	1.020979E-05
4.229192E+03	7.393476E-04	1.032987E-05
4.239143E+03	7.492448E-04	1.044608E-05
4.249094E+03	7.591176E-04	1.056180E-05
4.259045E+03	7.686820E-04	1.067313E-05
4.268997E+03	7.781864E-04	1.078355E-05
4.278948E+03	7.873419E-04	1.088912E-05
4.288899E+03	7.964078E-04	1.099345E-05
4.298850E+03	8.052340E-04	1.109452E-05
4.308801E+03	8.136676E-04	1.119027E-05
4.318752E+03	8.219896E-04	1.128460E-05
4.328703E+03	8.299143E-04	1.137365E-05
4.338654E+03	8.377429E-04	1.146158E-05
4.348605E+03	8.452004E-04	1.154468E-05
4.358556E+03	8.526048E-04	1.162732E-05
4.368507E+03	8.596745E-04	1.170570E-05
4.378458E+03	8.667042E-04	1.178388E-05
4.388409E+03	8.735169E-04	1.185948E-05
4.398360E+03	8.799222E-04	1.192996E-05
4.408311E+03	8.861967E-04	1.199911E-05
4.418262E+03	8.920046E-04	1.206242E-05
4.428213E+03	8.976406E-04	1.212391E-05
4.438164E+03	9.027793E-04	1.217923E-05
4.448115E+03	9.077312E-04	1.223262E-05
4.458066E+03	9.121780E-04	1.227980E-05
4.468017E+03	9.164416E-04	1.232513E-05
4.477968E+03	9.202077E-04	1.236440E-05
4.487919E+03	9.238064E-04	1.240206E-05
4.497870E+03	9.269237E-04	1.243390E-05
4.507822E+03	9.298964E-04	1.246445E-05
4.517773E+03	9.324107E-04	1.248951E-05
4.527724E+03	9.348060E-04	1.251362E-05
4.537675E+03	9.369339E-04	1.253481E-05
4.547626E+03	9.386440E-04	1.255105E-05
4.557577E+03	9.402786E-04	1.256694E-05
4.567528E+03	9.415241E-04	1.257826E-05
4.577479E+03	9.427245E-04	1.258963E-05
4.587430E+03	9.435645E-04	1.259681E-05
4.597381E+03	9.443888E-04	1.260442E-05
4.607332E+03	9.448808E-04	1.260820E-05
4.617283E+03	9.453865E-04	1.261278E-05
4.627234E+03	9.455878E-04	1.261389E-05
4.637185E+03	9.458302E-04	1.261615E-05
4.647136E+03	9.457952E-04	1.261529E-05
4.657087E+03	9.456615E-04	1.261368E-05
4.667038E+03	9.456074E-04	1.261369E-05
4.676989E+03	9.453134E-04	1.261105E-05
4.686940E+03	9.451223E-04	1.261032E-05
4.696891E+03	9.447151E-04	1.260723E-05
4.706842E+03	9.444335E-04	1.260634E-05
4.716793E+03	9.439562E-04	1.260334E-05
4.726744E+03	9.436252E-04	1.260278E-05
4.736695E+03	9.431184E-04	1.260036E-05
4.746646E+03	9.427765E-04	1.260061E-05
4.756598E+03	9.422771E-04	1.259922E-05
4.766549E+03	9.419593E-04	1.260070E-05
4.776500E+03	9.415009E-04	1.260074E-05
4.786451E+03	9.412387E-04	1.260384E-05
4.796402E+03	9.408507E-04	1.260567E-05
4.806353E+03	9.405088E-04	1.260853E-05
4.816304E+03	9.403831E-04	1.261468E-05
4.826255E+03	9.401508E-04	1.261980E-05
4.836206E+03	9.401464E-04	1.262836E-05
4.846157E+03	9.400459E-04	1.263600E-05
4.856108E+03	9.401834E-04	1.264720E-05
4.866059E+03	9.402341E-04	1.265760E-05
4.876010E+03	9.403666E-04	1.266945E-05
4.885961E+03	9.407491E-04	1.268501E-05
4.895912E+03	9.410562E-04	1.269989E-05
4.905863E+03	9.416196E-04	1.271855E-05
4.915814E+03	9.421131E-04	1.273660E-05
4.925765E+03	9.427034E-04	1.275628E-05
4.935716E+03	9.435570E-04	1.277983E-05
4.945667E+03	9.443467E-04	1.280282E-05
4.955618E+03	9.454031E-04	1.282974E-05
4.965569E+03	9.463971E-04	1.285610E-05
4.975520E+03	9.474942E-04	1.288416E-05
4.985471E+03	9.488607E-04	1.291618E-05
4.995423E+03	9.501654E-04	1.294764E-05
5.005374E+03	9.517390E-04	1.298305E-05
5.015325E+03	9.532496E-04	1.301788E-05
5.025276E+03	9.548613E-04	1.305436E-05
5.035227E+03	9.567398E-04	1.309477E-05
5.045178E+03	9.585496E-04	1.313450E-05
5.055129E+03	9.606232E-04	1.317812E-05
5.065080E+03	9.626230E-04	1.322100E-05
5.075031E+03	9.647134E-04	1.326538E-05
5.084982E+03	9.670599E-04	1.331354E-05
5.094933E+03	9.693216E-04	1.336079E-05
5.104884E+03	9.716635E-04	1.340941E-05
5.114835E+03	9.742503E-04	1.346165E-05
5.124786E+03	9.767377E-04	1.351278E-05
5.134737E+03	9.792904E-04	1.356506E-05
5.144688E+03	9.820742E-04	1.362078E-05
5.154639E+03	9.847405E-04	1.367512E-05
5.164590E+03	9.874537E-04	1.373035E-05
5.174541E+03	9.903796E-04	1.378878E-05
5.184492E+03	9.931654E-04	1.384549E-05
5.194443E+03	9.959757E-04	1.390278E-05
5.204394E+03	9.989768E-04	1.396296E-05
5.214345E+03	1.001812E-03	1.402105E-05
5.224296E+03	1.004644E-03	1.407933E-05
5.234248E+03	1.007641E-03	1.414012E-05
5.244199E+03	1.010441E-03	1.419837E-05
5.254150E+03	1.013210E-03	1.425639E-05
5.264101E+03	1.015934E-03	1.431398E-05
5.274052E+03	1.018782E-03	1.437352E-05
5.284003E+03	1.021386E-03	1.442982E-05
5.293954E+03	1.023912E-03	1.448520E-05
5.303905E+03	1.026526E-03	1.454201E-05
5.313856E+03	1.028859E-03	1.459502E-05
5.323807E+03	1.031077E-03	1.464655E-05
5.333758E+03	1.033166E-03	1.469642E-05
5.343709E+03	1.035296E-03	1.474702E-05
5.353660E+03	1.037093E-03	1.479304E-05
5.363611E+03	1.038728E-03	1.483686E-05
5.373562E+03	1.040371E-03	1.488094E-05
5.383513E+03	1.041652E-03	1.491995E-05
5.393464E+03	1.042744E-03	1.495637E-05
5.403415E+03	1.043645E-03	1.499013E-05
5.413366E+03	1.044535E-03	1.502382E-05
5.423317E+03	1.045054E-03	1.505227E-05
5.433268E+03	1.045392E-03	1.507817E-05
5.443219E+03	1.045562E-03	1.510172E-05
5.453170E+03	1.045763E-03	1.512576E-05
5.463121E+03	1.045645E-03	1.514522E-05
5.473072E+03	1.045396E-03	1.516283E-05
5.483024E+03	1.045007E-03	1.517843E-05
5.492975E+03	1.044463E-03	1.519180E-05
5.502926E+03	1.043931E-03	1.520534E-05
5.512877E+03	1.043034E-03	1.521356E-05
5.522828E+03	1.041948E-03	1.521901E-05
5.532779E+03	1.040670E-03	1.522164E-05
5.542730E+03	1.039384E-03	1.522409E-05
5.552681E+03	1.037731E-03	1.522113E-05
5.562632E+03	1.035899E-03	1.521548E-05
5.572583E+03	1.033900E-03	1.520730E-05
5.582534E+03	1.031741E-03	1.519669E-05
5.592485E+03	1.029615E-03	1.518647E-05
5.602436E+03	1.027174E-03	1.517152E-05
5.612387E+03	1.024611E-03	1.515464E-05
5.622338E+03	1.021937E-03	1.513602E-05
5.632289E+03	1.019166E-03	1.511584E-05
5.642240E+03	1.016310E-03	1.509427E-05
5.652191E+03	1.013558E-03	1.507411E-05
5.662142E+03	1.010568E-03	1.505028E-05
5.672093E+03	1.007529E-03	1.502558E-05
5.682044E+03	1.004452E-03	1.500017E-05
5.691995E+03	1.001348E-03	1.497422E-05
5.701946E+03	9.982284E-04	1.494786E-05
5.711897E+03	9.952757E-04	1.492387E-05
5.721849E+03	9.921521E-04	1.489716E-05
5.731800E+03	9.890416E-04	1.487050E-05
5.741751E+03	9.859515E-04	1.484400E-05
5.751702E+03	9.828914E-04	1.481778E-05
5.761653E+03	9.798683E-04	1.479198E-05
5.771604E+03	9.768895E-04	1.476669E-05
5.781555E+03	9.741317E-04	1.474460E-05
5.791506E+03	9.712615E-04	1.472066E-05
5.801457E+03	9.684552E-04	1.469754E-05
5.811408E+03	9.657186E-04	1.467534E-05
5.821359E+03	9.630558E-04	1.465412E-05
5.831310E+03	9.604723E-04	1.463397E-05
5.841261E+03	9.579724E-04	1.461495E-05
5.851212E+03	9.555594E-04	1.459713E-05
5.861163E+03	9.532376E-04	1.458058E-05
5.871114E+03	9.511756E-04	1.456788E-05
5.881065E+03	9.490446E-04	1.455401E-05
5.891016E+03	9.470128E-04	1.454155E-05
5.900967E+03	9.450824E-04	1.453053E-05
5.910918E+03	9.432550E-04	1.452099E-05
5.920869E+03	9.415320E-04	1.451296E-05
5.930820E+03	9.399146E-04	1.450646E-05
5.940771E+03	9.384032E-04	1.450151E-05
5.950722E+03	9.369989E-04	1.449812E-05
5.960673E+03	9.357012E-04	1.449630E-05
5.970625E+03	9.345098E-04	1.449606E-05
5.980576E+03	9.335864E-04	1.449990E-05
5.990527E+03	9.326054E-04	1.450278E-05
6.000478E+03	9.317285E-04	1.450723E-05
6.010429E+03	9.309533E-04	1.451320E-05
6.020380E+03	9.302786E-04	1.452069E-05
6.030331E+03	9.297020E-04	1.452967E-05
6.040282E+03	9.292208E-04	1.454010E-05
6.050233E+03	9.288325E-04	1.455195E-05
6.060184E+03	9.285340E-04	1.456517E-05
6.070135E+03	9.283219E-04	1.457973E-05
6.080086E+03	9.281919E-04	1.459555E-05
6.090037E+03	9.281400E-04	1.461259E-05
6.099988E+03	9.281622E-04	1.463079E-05
6.109939E+03	9.282534E-04	1.465006E-05
6.119890E+03	9.284083E-04	1.467035E-05
6.129841E+03	9.286217E-04	1.469156E-05
6.139792E+03	9.288874E-04	1.471360E-05
6.149743E+03	9.291991E-04	1.473638E-05
6.159694E+03	9.295507E-04	1.475981E-05
6.169645E+03	9.299354E-04	1.478379E-05
6.179596E+03	9.303450E-04	1.480818E-05
6.189547E+03	9.307728E-04	1.483289E-05
6.199498E+03	9.312096E-04	1.485776E-05
6.209450E+03	9.316482E-04	1.488270E-05
6.219401E+03	9.320792E-04	1.490755E-05
6.229352E+03	9.324936E-04	1.493216E-05
6.239303E+03	9.328820E-04	1.495640E-05
6.249254E+03	9.332342E-04	1.498009E-05
6.259205E+03	9.335403E-04	1.500308E-05
6.269156E+03	9.337897E-04	1.502520E-05
6.279107E+03	9.339715E-04	1.504627E-05
6.289058E+03	9.340749E-04	1.506612E-05
6.299009E+03	9.340880E-04	1.508455E-05
6.308960E+03	9.339999E-04	1.510138E-05
6.318911E+03	9.337988E-04	1.511642E-05
6.328862E+03	9.334727E-04	1.512948E-05
6.338813E+03	9.330101E-04	1.514035E-05
6.348764E+03	9.323985E-04	1.514883E-05
6.358715E+03	9.316273E-04	1.515475E-05
6.368666E+03	9.306856E-04	1.515792E-05
6.378617E+03	9.295616E-04	1.515813E-05
6.388568E+03	9.282461E-04	1.515524E-05
6.398519E+03	9.267310E-04	1.514910E-05
6.408470E+03	9.250077E-04	1.513955E-05
6.418421E+03	9.230714E-04	1.512652E-05
6.428372E+03	9.209195E-04	1.510994E-05
6.438323E+03	9.185517E-04	1.508980E-05
6.448274E+03	9.158126E-04	1.506351E-05
6.458226E+03	9.130310E-04	1.503648E-05
6.468177E+03	9.100603E-04	1.500627E-05
6.478128E+03	9.069203E-04	1.497320E-05
6.488079E+03	9.036330E-04	1.493763E-05
6.498030E+03	9.002164E-04	1.489983E-05
6.507981E+03	8.966743E-04	1.485985E-05
6.517932E+03	8.929959E-04	1.481751E-05
6.527883E+03	8.891632E-04	1.477251E-05
6.537834E+03	8.851608E-04	1.472455E-05
6.547785E+03	8.809785E-04	1.467348E-05
6.557736E+03	8.766114E-04	1.461919E-05
6.567687E+03	8.720588E-04	1.456164E-05
6.577638E+03	8.671743E-04	1.449839E-05
6.587589E+03	8.622674E-04	1.443459E-05
6.597540E+03	8.571960E-04	1.436786E-05
6.607491E+03	8.519709E-04	1.429835E-05
6.617442E+03	8.466045E-04	1.422628E-05
6.627393E+03	8.411099E-04	1.415184E-05
6.637344E+03	8.355009E-04	1.407526E-05
6.647295E+03	8.297907E-04	1.399675E-05
6.657246E+03	8.239934E-04	1.391654E-05
6.667197E+03	8.179798E-04	1.383245E-05
6.677148E+03	8.120495E-04	1.374952E-05
6.687099E+03	8.060720E-04	1.366555E-05
6.697051E+03	8.000596E-04	1.358074E-05
6.707002E+03	7.940252E-04	1.349531E-05
6.716953E+03	7.879802E-04	1.340945E-05
6.726904E+03	7.819353E-04	1.332333E-05
6.736855E+03	7.759016E-04	1.323716E-05
6.746806E+03	7.697555E-04	1.314880E-05
6.756757E+03	7.637753E-04	1.306303E-05
6.766708E+03	7.578359E-04	1.297769E-05
6.776659E+03	7.519451E-04	1.289294E-05
6.786610E+03	7.461112E-04	1.280890E-05
6.796561E+03	7.403426E-04	1.272574E-05
6.806512E+03	7.345175E-04	1.264135E-05
6.816463E+03	7.289001E-04	1.256029E-05
6.826414E+03	7.233677E-04	1.248045E-05
6.836365E+03	7.179263E-04	1.240193E-05
6.846316E+03	7.125813E-04	1.232485E-05
6.856267E+03	7.073374E-04	1.224928E-05
6.866218E+03	7.020776E-04	1.217320E-05
6.876169E+03	6.970515E-04	1.210094E-05
6.886120E+03	6.921398E-04	1.203045E-05
6.896071E+03	6.873462E-04	1.196179E-05
6.906022E+03	6.826741E-04	1.189504E-05
6.915973E+03	6.781268E-04	1.183025E-05
6.925924E+03	6.735899E-04	1.176544E-05
6.935875E+03	6.693010E-04	1.170476E-05
6.945827E+03	6.651448E-04	1.164621E-05
6.955778E+03	6.611233E-04	1.158983E-05
6.965729E+03	6.572382E-04	1.153566E-05
6.975680E+03	6.533777E-04	1.148175E-05
6.985631E+03	6.497714E-04	1.143213E-05
6.995582E+03	6.463061E-04	1.138483E-05
7.005533E+03	6.429836E-04	1.133988E-05
7.015484E+03	6.398048E-04	1.129732E-05
7.025435E+03	6.366595E-04	1.125520E-05
7.035386E+03	6.337706E-04	1.121748E-05
7.045337E+03	6.310279E-04	1.118221E-05
7.055288E+03	6.284319E-04	1.114941E-05
7.065239E+03	6.259833E-04	1.111911E-05
7.075190E+03	6.235730E-04	1.108937E-05
7.085141E+03	6.214199E-04	1.106410E-05
7.095092E+03	6.194153E-04	1.104136E-05
7.105043E+03	6.175587E-04	1.102117E-05
7.114994E+03	6.157429E-04	1.100162E-05
7.124945E+03	6.141835E-04	1.098657E-05
7.134896E+03	6.127725E-04	1.097410E-05
7.144847E+03	6.115104E-04	1.096422E-05
7.154798E+03	6.103964E-04	1.095694E-05
7.164749E+03	6.093240E-04	1.095034E-05
7.174700E+03	6.085062E-04	1.094827E-05
7.184652E+03	6.078366E-04	1.094882E-05
7.194603E+03	6.073139E-04	1.095199E-05
7.204554E+03	6.068335E-04	1.095588E-05
7.214505E+03	6.066052E-04	1.096429E-05
7.224456E+03	6.065233E-04	1.097534E-05
7.234407E+03	6.065877E-04	1.098903E-05
7.244358E+03	6.066922E-04	1.100343E-05
7.254309E+03	6.070469E-04	1.102237E-05
7.264260E+03	6.075464E-04	1.104395E-05
7.274211E+03	6.081903E-04	1.106817E-05
7.284162E+03	6.088704E-04	1.109307E-05
7.294113E+03	6.097994E-04	1.112253E-05
7.304064E+03	6.108707E-04	1.115462E-05
7.314015E+03	6.119758E-04	1.118737E-05
7.323966E+03	6.133272E-04	1.122466E-05
7.333917E+03	6.148177E-04	1.126455E-05
7.343868E+03	6.164463E-04	1.130704E-05
7.353819E+03	6.181042E-04	1.135013E-05
7.363770E+03	6.200048E-04	1.139774E-05
7.373721E+03	6.220397E-04	1.144790E-05
7.383672E+03	6.240986E-04	1.149859E-05
7.393623E+03	6.263969E-04	1.155377E-05
7.403574E+03	6.288250E-04	1.161145E-05
7.413525E+03	6.313810E-04	1.167160E-05
7.423476E+03	6.339513E-04	1.173212E-05
7.433428E+03	6.367556E-04	1.179708E-05
7.443379E+03	6.396814E-04	1.186442E-05
7.453330E+03	6.426134E-04	1.193199E-05
7.463281E+03	6.457726E-04	1.200393E-05
7.473232E+03	6.490449E-04	1.207810E-05
7.483183E+03	6.524272E-04	1.215446E-05
7.493134E+03	6.558012E-04	1.223082E-05
7.503085E+03	6.593924E-04	1.231139E-05
7.513036E+03	6.630820E-04	1.239396E-05
7.522987E+03	6.667500E-04	1.247629E-05
7.532938E+03	6.706238E-04	1.256264E-05
7.542889E+03	6.745828E-04	1.265077E-05
7.552840E+03	6.785032E-04	1.273836E-05
7.562791E+03	6.826170E-04	1.282977E-05
7.572742E+03	6.867986E-04	1.292264E-05
7.582693E+03	6.909225E-04	1.301463E-05
7.592644E+03	6.952219E-04	1.311012E-05
7.602595E+03	6.995707E-04	1.320675E-05
7.612546E+03	7.038373E-04	1.330203E-05
7.622497E+03	7.082593E-04	1.340047E-05
7.632448E+03	7.127064E-04	1.349960E-05
7.642399E+03	7.170444E-04	1.359688E-05
7.652350E+03	7.215131E-04	1.369686E-05
7.662301E+03	7.259784E-04	1.379700E-05
7.672253E+03	7.303024E-04	1.389468E-05
7.682204E+03	7.347289E-04	1.399454E-05
7.692155E+03	7.391188E-04	1.409393E-05
7.702106E+03	7.433307E-04	1.419016E-05
7.712057E+03	7.476113E-04	1.428793E-05
7.722008E+03	7.518181E-04	1.438451E-05
7.731959E+03	7.558051E-04	1.447713E-05
7.741910E+03	7.598221E-04	1.457054E-05
7.751861E+03	7.635889E-04	1.465938E-05
7.761812E+03	7.673579E-04	1.474848E-05
7.771763E+03	7.709796E-04	1.483497E-05
7.781714E+03	7.743028E-04	1.491594E-05
7.791665E+03	7.775820E-04	1.499626E-05
7.801616E+03	7.806645E-04	1.507300E-05
7.811567E+03	7.833967E-04	1.514317E-05
7.821518E+03	7.860350E-04	1.521172E-05
7.831469E+03	7.882876E-04	1.527299E-05
7.841420E+03	7.904122E-04	1.533195E-05
7.851371E+03	7.922541E-04	1.538560E-05
7.861322E+03	7.936577E-04	1.543088E-05
7.871273E+03	7.948836E-04	1.547286E-05
7.881224E+03	7.957776E-04	1.550850E-05
7.891175E+03	7.961851E-04	1.553479E-05
7.901126E+03	7.963711E-04	1.555685E-05
7.911077E+03	7.960454E-04	1.556900E-05
7.921029E+03	7.954775E-04	1.557649E-05
7.930980E+03	7.945207E-04	1.557641E-05
7.940931E+03	7.930334E-04	1.556596E-05
7.950882E+03	7.912946E-04	1.555058E-05
7.960833E+03	7.890327E-04	1.552490E-05
7.970784E+03	7.865362E-04	1.549458E-05
7.980735E+03	7.836825E-04	1.545716E-05
7.990686E+03	7.803530E-04	1.541029E-05
8.000637E+03	7.768346E-04	1.535959E-05
8.010588E+03	7.728570E-04	1.529971E-05
8.020539E+03	7.686822E-04	1.523578E-05
8.030490E+03	7.641652E-04	1.516493E-05
8.040441E+03	7.591657E-04	1.508434E-05
8.050392E+03	7.539503E-04	1.499926E-05
8.060343E+03	7.482580E-04	1.490448E-05
8.070294E+03	7.423605E-04	1.480539E-05
8.080245E+03	7.360086E-04	1.469699E-05
8.090196E+03	7.294766E-04	1.458472E-05
8.100147E+03	7.226515E-04	1.446631E-05
8.110098E+03	7.154254E-04	1.433957E-05
8.120049E+03	7.080710E-04	1.420994E-05
8.130000E+03	7.003585E-04	1.407278E-05
8.139951E+03	6.925545E-04	1.393344E-05
8.149902E+03	6.844351E-04	1.378739E-05
8.159854E+03	6.762623E-04	1.363988E-05
8.169805E+03	6.679340E-04	1.348886E-05
8.179756E+03	6.593534E-04	1.333235E-05
8.189707E+03	6.507724E-04	1.317543E-05
8.199658E+03	6.419789E-04	1.301379E-05
8.209609E+03	6.332171E-04	1.285237E-05
8.219560E+03	6.242794E-04	1.268695E-05
8.229511E+03	6.154021E-04	1.252233E-05
8.239462E+03	6.063839E-04	1.235441E-05
8.249413E+03	5.974517E-04	1.218780E-05
8.259364E+03	5.885124E-04	1.202060E-05
8.269315E+03	5.794754E-04	1.185096E-05
8.279266E+03	5.705586E-04	1.168334E-05
8.289217E+03	5.615712E-04	1.151382E-05
8.299168E+03	5.527217E-04	1.134668E-05
8.309119E+03	5.438242E-04	1.117812E-05
8.319070E+03	5.350803E-04	1.101226E-05
8.329021E+03	5.263086E-04	1.084539E-05
8.338972E+03	5.177029E-04	1.068149E-05
8.348923E+03	5.090869E-04	1.051695E-05
8.358874E+03	5.006471E-04	1.035561E-05
8.368825E+03	4.922119E-04	1.019393E-05
8.378776E+03	4.839608E-04	1.003563E-05
8.388727E+03	4.758105E-04	9.879005E-06
8.398679E+03	4.676830E-04	9.722430E-06
8.408630E+03	4.597477E-04	9.569436E-06
8.418581E+03	4.518447E-04	9.416703E-06
8.428532E+03	4.441370E-04	9.267635E-06
8.438483E+03	4.364696E-04	9.119006E-06
8.448434E+03	4.289991E-04	8.974098E-06
8.458385E+03	4.215751E-04	8.829772E-06
8.468336E+03	4.143484E-04	8.689195E-06
8.478287E+03	4.071730E-04	8.549317E-06
8.488238E+03	4.001941E-04	8.413192E-06
8.498189E+03	3.932701E-04	8.277858E-06
8.508140E+03	3.865409E-04	8.146263E-06
8.518091E+03	3.798691E-04	8.015525E-06
8.528042E+03	3.733895E-04	7.888495E-06
8.537993E+03	3.669690E-04	7.762373E-06
8.547944E+03	3.607373E-04	7.639912E-06
8.557895E+03	3.545656E-04	7.518392E-06
8.567846E+03	3.485789E-04	7.400472E-06
8.577797E+03	3.426524E-04	7.283514E-06
8.587748E+03	3.369065E-04	7.170088E-06
8.597699E+03	3.312205E-04	7.057631E-06
8.607650E+03	3.257104E-04	6.948625E-06
8.617601E+03	3.202594E-04	6.840587E-06
8.627552E+03	3.149794E-04	6.735919E-06
8.637503E+03	3.097572E-04	6.632205E-06
8.647455E+03	3.047010E-04	6.531772E-06
8.657406E+03	2.997009E-04	6.432275E-06
8.667357E+03	2.948617E-04	6.335967E-06
8.677308E+03	2.900767E-04	6.240569E-06
8.687259E+03	2.854473E-04	6.148267E-06
8.697210E+03	2.808702E-04	6.056847E-06
8.707161E+03	2.764434E-04	5.968426E-06
8.717112E+03	2.720667E-04	5.880853E-06
8.727063E+03	2.678349E-04	5.796183E-06
8.737014E+03	2.636511E-04	5.712326E-06
8.746965E+03	2.596070E-04	5.631275E-06
8.756916E+03	2.556084E-04	5.550999E-06
8.766867E+03	2.517444E-04	5.473435E-06
8.776818E+03	2.479236E-04	5.396606E-06
8.786769E+03	2.442324E-04	5.322396E-06
8.796720E+03	2.405819E-04	5.248879E-06
8.806671E+03	2.370560E-04	5.177888E-06
8.816622E+03	2.335687E-04	5.107551E-06
8.826573E+03	2.302011E-04	5.039650E-06
8.836524E+03	2.268696E-04	4.972361E-06
8.846475E+03	2.236532E-04	4.907421E-06
8.856426E+03	2.204706E-04	4.843052E-06
8.866377E+03	2.173987E-04	4.780947E-06
8.876328E+03	2.143583E-04	4.719372E-06
8.886280E+03	2.114242E-04	4.659979E-06
8.896231E+03	2.085195E-04	4.601077E-06
8.906182E+03	2.057167E-04	4.544274E-06
8.916133E+03	2.029414E-04	4.487928E-06
8.926084E+03	2.002286E-04	4.432819E-06
8.936035E+03	1.976118E-04	4.379693E-06
8.945986E+03	1.950193E-04	4.326968E-06
8.955937E+03	1.925191E-04	4.276154E-06
8.995741E+03	1.829991E-04	4.082305E-06
9.035545E+03	1.742969E-04	3.904767E-06
9.075349E+03	1.663351E-04	3.742053E-06
9.115153E+03	1.590155E-04	3.592172E-06
9.154958E+03	1.523318E-04	3.455181E-06
9.194762E+03	1.461972E-04	3.329299E-06
9.234566E+03	1.405601E-04	3.213508E-06
9.274370E+03	1.353737E-04	3.106891E-06
9.314174E+03	1.305963E-04	3.008619E-06
9.353978E+03	1.261904E-04	2.917947E-06
9.393783E+03	1.221004E-04	2.833697E-06
9.433587E+03	1.183401E-04	2.756283E-06
9.473391E+03	1.148601E-04	2.684645E-06
9.513195E+03	1.116356E-04	2.618287E-06
9.552999E+03	1.086449E-04	2.556768E-06
9.592803E+03	1.058682E-04	2.499686E-06
9.632608E+03	1.032877E-04	2.446686E-06
9.672412E+03	1.008873E-04	2.397436E-06
9.712216E+03	9.865250E-05	2.351643E-06
9.752020E+03	9.655304E-05	2.308627E-06
9.791824E+03	9.461182E-05	2.268976E-06
9.831628E+03	9.280041E-05	2.232050E-06
9.871433E+03	9.110908E-05	2.197647E-06
9.911237E+03	8.952891E-05	2.165584E-06
9.951041E+03	8.805165E-05	2.135690E-06
9.990845E+03	8.666995E-05	2.107814E-06
1.003065E+04	8.537686E-05	2.081811E-06
1.007045E+04	8.416623E-05	2.057552E-06
1.011026E+04	8.304705E-05	2.035280E-06
1.015006E+04	8.198418E-05	2.014154E-06
1.018987E+04	8.098764E-05	1.994433E-06
1.022967E+04	8.005300E-05	1.976028E-06
1.026947E+04	7.917592E-05	1.958843E-06
