#wls	flux	fluxerr
1.577598E+03	5.334384E-05	2.689691E-06
1.617038E+03	5.431547E-05	2.736607E-06
1.656478E+03	5.501044E-05	2.769465E-06
1.695918E+03	5.542015E-05	2.787861E-06
1.735358E+03	5.550752E-05	2.789963E-06
1.774798E+03	5.519149E-05	2.771737E-06
1.814238E+03	5.440658E-05	2.729951E-06
1.853678E+03	5.306442E-05	2.660236E-06
1.893118E+03	5.107775E-05	2.558300E-06
1.932558E+03	4.846107E-05	2.424963E-06
1.971998E+03	4.532587E-05	2.265895E-06
2.011438E+03	4.201953E-05	2.098531E-06
2.050878E+03	3.907074E-05	1.949284E-06
2.090317E+03	3.710330E-05	1.849199E-06
2.129757E+03	3.657638E-05	1.820991E-06
2.169197E+03	3.765601E-05	1.872687E-06
2.208637E+03	4.015504E-05	1.994724E-06
2.248077E+03	4.368097E-05	2.167376E-06
2.287517E+03	4.779182E-05	2.368548E-06
2.326957E+03	5.211702E-05	2.579774E-06
2.366397E+03	5.641558E-05	2.789083E-06
2.405837E+03	6.054091E-05	2.989223E-06
2.445277E+03	6.443720E-05	3.177453E-06
2.484717E+03	6.809997E-05	3.353580E-06
2.524157E+03	7.156523E-05	3.519401E-06
2.563597E+03	7.485863E-05	3.676201E-06
2.603037E+03	7.800865E-05	3.825393E-06
2.642477E+03	8.109859E-05	3.971071E-06
2.681917E+03	8.412973E-05	4.113293E-06
2.721357E+03	8.715582E-05	4.254681E-06
2.760797E+03	9.023113E-05	4.397864E-06
2.800237E+03	9.337887E-05	4.543944E-06
2.839677E+03	9.663631E-05	4.694697E-06
2.879117E+03	1.000408E-04	4.851891E-06
2.918556E+03	1.036481E-04	5.018169E-06
2.957996E+03	1.074628E-04	5.193682E-06
2.967856E+03	1.084655E-04	5.239801E-06
2.977716E+03	1.094857E-04	5.286706E-06
2.987576E+03	1.105052E-04	5.333522E-06
2.997436E+03	1.115649E-04	5.382218E-06
3.007296E+03	1.126567E-04	5.432404E-06
3.017156E+03	1.137722E-04	5.483674E-06
3.027016E+03	1.149478E-04	5.537777E-06
3.036876E+03	1.161624E-04	5.593694E-06
3.046736E+03	1.174144E-04	5.651340E-06
3.056596E+03	1.186820E-04	5.709672E-06
3.066456E+03	1.200042E-04	5.770555E-06
3.076316E+03	1.213598E-04	5.832974E-06
3.086176E+03	1.227481E-04	5.896885E-06
3.096036E+03	1.241682E-04	5.962248E-06
3.105896E+03	1.255984E-04	6.028014E-06
3.115756E+03	1.270804E-04	6.096189E-06
3.125616E+03	1.285931E-04	6.165749E-06
3.135476E+03	1.301362E-04	6.236683E-06
3.145336E+03	1.317098E-04	6.308987E-06
3.155196E+03	1.333139E-04	6.382664E-06
3.165056E+03	1.349259E-04	6.456634E-06
3.174916E+03	1.365916E-04	6.533074E-06
3.184776E+03	1.382889E-04	6.610930E-06
3.194636E+03	1.400181E-04	6.690217E-06
3.204496E+03	1.417801E-04	6.770967E-06
3.214356E+03	1.435757E-04	6.853221E-06
3.224216E+03	1.454055E-04	6.937003E-06
3.234076E+03	1.472704E-04	7.022352E-06
3.243936E+03	1.491716E-04	7.109326E-06
3.253796E+03	1.511101E-04	7.197963E-06
3.263656E+03	1.530871E-04	7.288323E-06
3.273516E+03	1.551037E-04	7.380449E-06
3.283376E+03	1.571615E-04	7.474413E-06
3.293236E+03	1.592350E-04	7.569007E-06
3.303096E+03	1.613787E-04	7.666812E-06
3.312956E+03	1.635680E-04	7.766654E-06
3.322816E+03	1.658044E-04	7.868604E-06
3.332676E+03	1.680894E-04	7.972727E-06
3.342536E+03	1.704252E-04	8.079119E-06
3.352396E+03	1.728132E-04	8.187846E-06
3.362256E+03	1.752557E-04	8.299008E-06
3.372116E+03	1.777841E-04	8.414091E-06
3.381976E+03	1.803417E-04	8.530401E-06
3.391836E+03	1.829595E-04	8.649406E-06
3.401696E+03	1.856401E-04	8.771220E-06
3.411556E+03	1.883858E-04	8.895945E-06
3.421416E+03	1.911986E-04	9.023668E-06
3.431276E+03	1.940813E-04	9.154514E-06
3.441136E+03	1.970361E-04	9.288586E-06
3.450996E+03	2.000656E-04	9.426001E-06
3.460856E+03	2.031727E-04	9.566877E-06
3.470716E+03	2.063597E-04	9.711328E-06
3.480576E+03	2.096298E-04	9.859487E-06
3.490436E+03	2.129856E-04	1.001147E-05
3.500296E+03	2.164301E-04	1.016742E-05
3.510156E+03	2.199665E-04	1.032747E-05
3.520016E+03	2.236348E-04	1.049348E-05
3.529876E+03	2.273647E-04	1.066216E-05
3.539736E+03	2.311960E-04	1.083536E-05
3.549596E+03	2.351321E-04	1.101322E-05
3.559456E+03	2.391762E-04	1.119590E-05
3.569316E+03	2.433319E-04	1.138354E-05
3.579176E+03	2.476030E-04	1.157632E-05
3.589036E+03	2.519929E-04	1.177438E-05
3.598896E+03	2.565056E-04	1.197789E-05
3.608756E+03	2.611879E-04	1.218903E-05
3.618616E+03	2.659583E-04	1.240399E-05
3.628476E+03	2.708631E-04	1.262491E-05
3.638336E+03	2.759063E-04	1.285196E-05
3.648196E+03	2.810923E-04	1.308534E-05
3.658056E+03	2.864249E-04	1.332520E-05
3.667916E+03	2.919088E-04	1.357176E-05
3.677776E+03	2.975478E-04	1.382517E-05
3.687636E+03	3.033965E-04	1.408796E-05
3.697496E+03	3.093604E-04	1.435572E-05
3.707356E+03	3.154930E-04	1.463091E-05
3.717216E+03	3.217988E-04	1.491374E-05
3.727076E+03	3.282821E-04	1.520437E-05
3.736936E+03	3.349475E-04	1.550302E-05
3.746796E+03	3.417997E-04	1.580987E-05
3.756655E+03	3.488431E-04	1.612511E-05
3.766515E+03	3.561406E-04	1.645163E-05
3.776375E+03	3.635813E-04	1.678428E-05
3.786235E+03	3.712267E-04	1.712589E-05
3.796095E+03	3.790815E-04	1.747665E-05
3.805955E+03	3.871497E-04	1.783672E-05
3.815815E+03	3.954358E-04	1.820629E-05
3.825675E+03	4.039440E-04	1.858554E-05
3.835535E+03	4.126781E-04	1.897460E-05
3.845395E+03	4.217109E-04	1.937681E-05
3.855255E+03	4.309103E-04	1.978607E-05
3.865115E+03	4.403469E-04	2.020560E-05
3.874975E+03	4.500241E-04	2.063553E-05
3.884835E+03	4.599452E-04	2.107600E-05
3.894695E+03	4.701129E-04	2.152709E-05
3.904555E+03	4.805299E-04	2.198890E-05
3.914415E+03	4.911985E-04	2.246152E-05
3.924275E+03	5.021208E-04	2.294501E-05
3.934135E+03	5.133812E-04	2.344321E-05
3.943995E+03	5.248165E-04	2.394862E-05
3.953855E+03	5.365090E-04	2.446499E-05
3.963715E+03	5.484588E-04	2.499229E-05
3.973575E+03	5.606659E-04	2.553049E-05
3.983435E+03	5.731294E-04	2.607953E-05
3.993295E+03	5.858482E-04	2.663933E-05
4.003155E+03	5.988207E-04	2.720979E-05
4.013015E+03	6.120440E-04	2.779075E-05
4.022875E+03	6.255153E-04	2.838205E-05
4.032735E+03	6.392309E-04	2.898350E-05
4.042595E+03	6.531865E-04	2.959489E-05
4.052455E+03	6.673769E-04	3.021595E-05
4.062315E+03	6.817961E-04	3.084638E-05
4.072175E+03	6.964379E-04	3.148587E-05
4.082035E+03	7.112947E-04	3.213407E-05
4.091895E+03	7.263586E-04	3.279059E-05
4.101755E+03	7.416208E-04	3.345501E-05
4.111615E+03	7.570716E-04	3.412687E-05
4.121475E+03	7.727008E-04	3.480569E-05
4.131335E+03	7.884972E-04	3.549095E-05
4.141195E+03	8.044493E-04	3.618211E-05
4.151055E+03	8.205441E-04	3.687857E-05
4.160915E+03	8.367690E-04	3.757975E-05
4.170775E+03	8.531100E-04	3.828501E-05
4.180635E+03	8.695527E-04	3.899368E-05
4.190495E+03	8.860824E-04	3.970510E-05
4.200355E+03	9.026839E-04	4.041857E-05
4.210215E+03	9.193413E-04	4.113339E-05
4.220075E+03	9.360387E-04	4.184881E-05
4.229935E+03	9.526075E-04	4.255733E-05
4.239795E+03	9.693336E-04	4.327169E-05
4.249655E+03	9.860507E-04	4.398448E-05
4.259515E+03	1.002743E-03	4.469497E-05
4.269375E+03	1.019393E-03	4.540244E-05
4.279235E+03	1.035986E-03	4.610618E-05
4.289095E+03	1.052506E-03	4.680551E-05
4.298955E+03	1.068768E-03	4.749220E-05
4.308815E+03	1.085095E-03	4.818064E-05
4.318675E+03	1.101306E-03	4.886275E-05
4.328535E+03	1.117387E-03	4.953797E-05
4.338395E+03	1.133144E-03	5.019776E-05
4.348255E+03	1.148925E-03	5.085744E-05
4.358115E+03	1.164540E-03	5.150867E-05
4.367975E+03	1.179977E-03	5.215098E-05
4.377835E+03	1.195039E-03	5.277561E-05
4.387695E+03	1.210094E-03	5.339887E-05
4.397555E+03	1.224947E-03	5.401218E-05
4.407415E+03	1.239592E-03	5.461530E-05
4.417275E+03	1.253826E-03	5.519928E-05
4.427135E+03	1.268040E-03	5.578140E-05
4.436995E+03	1.281832E-03	5.634398E-05
4.446855E+03	1.295605E-03	5.690476E-05
4.456715E+03	1.309157E-03	5.745491E-05
4.466575E+03	1.322280E-03	5.798533E-05
4.476435E+03	1.335393E-03	5.851437E-05
4.486295E+03	1.348292E-03	5.903312E-05
4.496155E+03	1.360765E-03	5.953236E-05
4.506015E+03	1.373245E-03	6.003107E-05
4.515875E+03	1.385306E-03	6.051063E-05
4.525735E+03	1.397392E-03	6.099041E-05
4.535595E+03	1.409069E-03	6.145158E-05
4.545455E+03	1.420790E-03	6.191382E-05
4.555315E+03	1.432116E-03	6.235810E-05
4.565175E+03	1.443507E-03	6.280443E-05
4.575035E+03	1.454520E-03	6.323355E-05
4.584894E+03	1.465622E-03	6.366578E-05
4.594754E+03	1.476363E-03	6.408164E-05
4.604614E+03	1.486985E-03	6.449158E-05
4.614474E+03	1.497735E-03	6.490636E-05
4.624334E+03	1.508155E-03	6.530613E-05
4.634194E+03	1.518729E-03	6.571190E-05
4.644054E+03	1.528995E-03	6.610362E-05
4.653914E+03	1.539202E-03	6.649211E-05
4.663774E+03	1.549605E-03	6.688841E-05
4.673634E+03	1.559731E-03	6.727212E-05
4.683494E+03	1.569836E-03	6.765422E-05
4.693354E+03	1.579931E-03	6.803525E-05
4.703214E+03	1.590278E-03	6.842647E-05
4.713074E+03	1.600391E-03	6.880700E-05
4.722934E+03	1.610531E-03	6.918801E-05
4.732794E+03	1.620709E-03	6.957002E-05
4.742654E+03	1.631192E-03	6.996446E-05
4.752514E+03	1.641481E-03	7.034994E-05
4.762374E+03	1.651841E-03	7.073784E-05
4.772234E+03	1.662283E-03	7.112858E-05
4.782094E+03	1.672816E-03	7.152258E-05
4.791954E+03	1.683451E-03	7.192026E-05
4.801814E+03	1.694195E-03	7.232201E-05
4.811674E+03	1.705058E-03	7.272817E-05
4.821534E+03	1.716049E-03	7.313909E-05
4.831394E+03	1.727173E-03	7.355509E-05
4.841254E+03	1.738711E-03	7.398801E-05
4.851114E+03	1.750128E-03	7.441509E-05
4.860974E+03	1.761424E-03	7.483640E-05
4.870834E+03	1.773153E-03	7.527541E-05
4.880694E+03	1.785047E-03	7.572072E-05
4.890554E+03	1.797108E-03	7.617249E-05
4.900414E+03	1.809342E-03	7.663085E-05
4.910274E+03	1.821750E-03	7.709591E-05
4.920134E+03	1.834334E-03	7.756774E-05
4.929994E+03	1.847096E-03	7.804638E-05
4.939854E+03	1.860037E-03	7.853184E-05
4.949714E+03	1.873155E-03	7.902411E-05
4.959574E+03	1.886157E-03	7.951076E-05
4.969434E+03	1.899626E-03	8.001636E-05
4.979294E+03	1.913266E-03	8.052850E-05
4.989154E+03	1.927076E-03	8.104701E-05
4.999014E+03	1.941050E-03	8.157171E-05
5.008874E+03	1.954879E-03	8.208963E-05
5.018734E+03	1.969163E-03	8.262593E-05
5.028594E+03	1.983594E-03	8.316763E-05
5.038454E+03	1.997852E-03	8.370142E-05
5.048314E+03	2.012549E-03	8.425286E-05
5.058174E+03	2.027365E-03	8.480855E-05
5.068034E+03	2.041974E-03	8.535490E-05
5.077894E+03	2.056997E-03	8.591784E-05
5.087754E+03	2.071783E-03	8.647017E-05
5.097614E+03	2.086963E-03	8.703831E-05
5.107474E+03	2.102202E-03	8.760818E-05
5.117334E+03	2.117160E-03	8.816566E-05
5.127194E+03	2.132471E-03	8.873722E-05
5.137054E+03	2.147466E-03	8.929494E-05
5.146914E+03	2.162788E-03	8.986569E-05
5.156774E+03	2.177753E-03	9.042095E-05
5.166634E+03	2.192678E-03	9.097396E-05
5.176494E+03	2.207884E-03	9.153801E-05
5.186354E+03	2.222670E-03	9.208414E-05
5.196214E+03	2.237706E-03	9.264005E-05
5.206074E+03	2.252282E-03	9.317640E-05
5.215934E+03	2.266720E-03	9.370655E-05
5.225794E+03	2.281357E-03	9.424446E-05
5.235654E+03	2.295465E-03	9.476007E-05
5.245514E+03	2.309379E-03	9.526725E-05
5.255374E+03	2.323436E-03	9.577996E-05
5.265234E+03	2.336904E-03	9.626798E-05
5.275094E+03	2.350117E-03	9.674520E-05
5.284954E+03	2.363057E-03	9.721090E-05
5.294814E+03	2.376073E-03	9.767947E-05
5.304674E+03	2.388416E-03	9.812013E-05
5.314534E+03	2.400432E-03	9.854716E-05
5.324394E+03	2.412106E-03	9.896000E-05
5.334254E+03	2.423420E-03	9.935795E-05
5.344114E+03	2.434359E-03	9.974047E-05
5.353974E+03	2.444909E-03	1.001070E-04
5.363834E+03	2.455435E-03	1.004726E-04
5.373694E+03	2.465168E-03	1.008057E-04
5.383554E+03	2.474470E-03	1.011213E-04
5.393414E+03	2.483333E-03	1.014190E-04
5.403274E+03	2.491746E-03	1.016986E-04
5.413134E+03	2.499697E-03	1.019595E-04
5.422993E+03	2.507181E-03	1.022016E-04
5.432853E+03	2.514189E-03	1.024246E-04
5.442713E+03	2.520719E-03	1.026284E-04
5.452573E+03	2.526766E-03	1.028129E-04
5.462433E+03	2.531940E-03	1.029622E-04
5.472293E+03	2.537016E-03	1.031080E-04
5.482153E+03	2.541605E-03	1.032343E-04
5.492013E+03	2.545709E-03	1.033415E-04
5.501873E+03	2.549329E-03	1.034294E-04
5.511733E+03	2.552466E-03	1.034983E-04
5.521593E+03	2.555126E-03	1.035484E-04
5.531453E+03	2.556919E-03	1.035638E-04
5.541313E+03	2.558636E-03	1.035768E-04
5.551173E+03	2.559891E-03	1.035717E-04
5.561033E+03	2.560690E-03	1.035488E-04
5.570893E+03	2.560647E-03	1.034924E-04
5.580753E+03	2.560561E-03	1.034350E-04
5.590613E+03	2.560041E-03	1.033608E-04
5.600473E+03	2.559105E-03	1.032705E-04
5.610333E+03	2.557363E-03	1.031484E-04
5.620193E+03	2.555618E-03	1.030269E-04
5.630053E+03	2.553090E-03	1.028747E-04
5.639913E+03	2.550576E-03	1.027237E-04
5.649773E+03	2.547698E-03	1.025589E-04
5.659633E+03	2.544074E-03	1.023650E-04
5.669493E+03	2.540497E-03	1.021737E-04
5.679353E+03	2.536201E-03	1.019543E-04
5.689213E+03	2.531972E-03	1.017385E-04
5.699073E+03	2.527045E-03	1.014956E-04
5.708933E+03	2.522207E-03	1.012570E-04
5.718793E+03	2.516695E-03	1.009923E-04
5.728653E+03	2.511289E-03	1.007328E-04
5.738513E+03	2.505231E-03	1.004480E-04
5.748373E+03	2.499299E-03	1.001691E-04
5.758233E+03	2.492730E-03	9.986568E-05
5.768093E+03	2.486303E-03	9.956883E-05
5.777953E+03	2.479259E-03	9.924820E-05
5.787813E+03	2.472368E-03	9.893463E-05
5.797673E+03	2.464875E-03	9.859794E-05
5.807533E+03	2.457170E-03	9.825369E-05
5.817393E+03	2.449630E-03	9.791703E-05
5.827253E+03	2.441509E-03	9.755808E-05
5.837113E+03	2.433187E-03	9.719205E-05
5.846973E+03	2.425043E-03	9.683409E-05
5.856833E+03	2.416332E-03	9.645446E-05
5.866693E+03	2.407433E-03	9.606827E-05
5.876553E+03	2.398344E-03	9.567549E-05
5.886413E+03	2.389438E-03	9.529097E-05
5.896273E+03	2.379981E-03	9.488547E-05
5.906133E+03	2.370341E-03	9.447363E-05
5.915993E+03	2.360521E-03	9.405559E-05
5.925853E+03	2.350521E-03	9.363136E-05
5.935713E+03	2.340701E-03	9.321529E-05
5.945573E+03	2.330343E-03	9.277872E-05
5.955433E+03	2.319806E-03	9.233604E-05
5.965293E+03	2.309093E-03	9.188730E-05
5.975153E+03	2.298204E-03	9.143251E-05
5.985013E+03	2.287139E-03	9.097172E-05
5.994873E+03	2.275899E-03	9.050493E-05
6.004733E+03	2.264486E-03	9.003222E-05
6.014593E+03	2.252901E-03	8.955362E-05
6.024453E+03	2.241145E-03	8.906919E-05
6.034313E+03	2.229219E-03	8.857899E-05
6.044173E+03	2.217467E-03	8.809659E-05
6.054033E+03	2.205208E-03	8.759503E-05
6.063893E+03	2.192787E-03	8.708795E-05
6.073753E+03	2.179872E-03	8.656219E-05
6.083613E+03	2.167136E-03	8.604447E-05
6.093473E+03	2.154247E-03	8.552153E-05
6.103333E+03	2.141209E-03	8.499353E-05
6.113193E+03	2.128025E-03	8.446060E-05
6.123053E+03	2.114700E-03	8.392288E-05
6.132913E+03	2.101239E-03	8.338055E-05
6.142773E+03	2.087647E-03	8.283382E-05
6.152633E+03	2.073930E-03	8.228289E-05
6.162493E+03	2.060096E-03	8.172803E-05
6.172353E+03	2.046153E-03	8.116959E-05
6.182213E+03	2.031800E-03	8.059561E-05
6.192073E+03	2.017673E-03	8.003126E-05
6.201933E+03	2.003469E-03	7.946451E-05
6.211793E+03	1.989199E-03	7.889578E-05
6.221653E+03	1.974874E-03	7.832549E-05
6.231513E+03	1.960505E-03	7.775407E-05
6.241373E+03	1.945806E-03	7.717013E-05
6.251232E+03	1.931387E-03	7.659786E-05
6.261092E+03	1.916959E-03	7.602579E-05
6.270952E+03	1.902535E-03	7.545439E-05
6.280812E+03	1.887837E-03	7.487263E-05
6.290672E+03	1.873458E-03	7.430403E-05
6.300532E+03	1.859119E-03	7.373748E-05
6.310392E+03	1.844550E-03	7.316226E-05
6.320252E+03	1.830330E-03	7.260133E-05
6.330112E+03	1.816188E-03	7.204388E-05
6.339972E+03	1.801858E-03	7.147944E-05
6.349832E+03	1.787909E-03	7.093047E-05
6.359692E+03	1.774074E-03	7.038637E-05
6.369552E+03	1.760095E-03	6.983695E-05
6.379412E+03	1.746525E-03	6.930413E-05
6.389272E+03	1.733106E-03	6.877760E-05
6.399132E+03	1.719584E-03	6.824731E-05
6.408992E+03	1.706501E-03	6.773473E-05
6.418852E+03	1.693342E-03	6.721945E-05
6.428712E+03	1.680639E-03	6.672255E-05
6.438572E+03	1.667886E-03	6.622391E-05
6.448432E+03	1.655606E-03	6.574433E-05
6.458292E+03	1.643299E-03	6.526392E-05
6.468152E+03	1.631480E-03	6.480318E-05
6.478012E+03	1.619658E-03	6.434249E-05
6.487872E+03	1.608339E-03	6.390201E-05
6.497732E+03	1.597036E-03	6.346241E-05
6.507592E+03	1.586249E-03	6.304353E-05
6.517452E+03	1.575498E-03	6.262626E-05
6.527312E+03	1.565275E-03	6.223019E-05
6.537172E+03	1.555106E-03	6.183642E-05
6.547032E+03	1.545475E-03	6.146424E-05
6.556892E+03	1.535912E-03	6.109499E-05
6.566752E+03	1.526898E-03	6.074771E-05
6.576612E+03	1.517967E-03	6.040390E-05
6.586472E+03	1.509359E-03	6.007317E-05
6.596332E+03	1.501312E-03	5.976486E-05
6.606192E+03	1.493365E-03	5.946077E-05
6.616052E+03	1.485984E-03	5.917935E-05
6.625912E+03	1.478716E-03	5.890256E-05
6.635772E+03	1.471791E-03	5.863965E-05
6.645632E+03	1.465440E-03	5.839976E-05
6.655492E+03	1.459214E-03	5.816499E-05
6.665352E+03	1.453340E-03	5.794447E-05
6.675212E+03	1.448046E-03	5.774718E-05
6.685072E+03	1.442885E-03	5.755543E-05
6.694932E+03	1.438085E-03	5.737819E-05
6.704792E+03	1.433645E-03	5.721554E-05
6.714652E+03	1.429788E-03	5.707632E-05
6.724512E+03	1.426073E-03	5.694299E-05
6.734372E+03	1.422723E-03	5.682439E-05
6.744232E+03	1.419738E-03	5.672058E-05
6.754092E+03	1.417336E-03	5.664026E-05
6.763952E+03	1.415081E-03	5.656601E-05
6.773812E+03	1.413191E-03	5.650658E-05
6.783672E+03	1.411666E-03	5.646196E-05
6.793532E+03	1.410505E-03	5.643211E-05
6.803392E+03	1.409924E-03	5.642573E-05
6.813252E+03	1.409487E-03	5.642537E-05
6.823112E+03	1.409412E-03	5.643971E-05
6.832972E+03	1.409695E-03	5.646869E-05
6.842832E+03	1.410335E-03	5.651222E-05
6.852692E+03	1.411329E-03	5.657024E-05
6.862552E+03	1.412894E-03	5.665140E-05
6.872412E+03	1.414590E-03	5.673815E-05
6.882272E+03	1.416632E-03	5.683907E-05
6.892132E+03	1.419016E-03	5.695406E-05
6.901992E+03	1.421739E-03	5.708297E-05
6.911852E+03	1.424796E-03	5.722563E-05
6.921712E+03	1.428182E-03	5.738189E-05
6.931572E+03	1.431892E-03	5.755154E-05
6.941432E+03	1.435922E-03	5.773439E-05
6.951292E+03	1.440263E-03	5.793019E-05
6.961152E+03	1.444911E-03	5.813872E-05
6.971012E+03	1.449858E-03	5.835971E-05
6.980872E+03	1.455096E-03	5.859286E-05
6.990732E+03	1.460618E-03	5.883787E-05
7.000592E+03	1.466414E-03	5.909439E-05
7.010452E+03	1.472476E-03	5.936209E-05
7.020312E+03	1.478792E-03	5.964056E-05
7.030172E+03	1.485354E-03	5.992940E-05
7.040032E+03	1.492148E-03	6.022817E-05
7.049892E+03	1.499164E-03	6.053639E-05
7.059752E+03	1.506388E-03	6.085358E-05
7.069612E+03	1.513807E-03	6.117918E-05
7.079472E+03	1.521406E-03	6.151266E-05
7.089331E+03	1.529171E-03	6.185339E-05
7.099191E+03	1.537085E-03	6.220078E-05
7.109051E+03	1.545131E-03	6.255412E-05
7.118911E+03	1.553293E-03	6.291276E-05
7.128771E+03	1.561309E-03	6.326613E-05
7.138631E+03	1.569643E-03	6.363301E-05
7.148491E+03	1.578034E-03	6.400285E-05
7.158351E+03	1.586460E-03	6.437481E-05
7.168211E+03	1.594901E-03	6.474800E-05
7.178071E+03	1.603332E-03	6.512153E-05
7.187931E+03	1.611731E-03	6.549441E-05
7.197791E+03	1.619823E-03	6.585550E-05
7.207651E+03	1.628082E-03	6.622411E-05
7.217511E+03	1.636233E-03	6.658904E-05
7.227371E+03	1.644250E-03	6.694923E-05
7.237231E+03	1.652106E-03	6.730358E-05
7.247091E+03	1.659516E-03	6.764045E-05
7.256951E+03	1.666964E-03	6.797962E-05
7.266811E+03	1.674167E-03	6.830949E-05
7.276671E+03	1.681095E-03	6.862886E-05
7.286531E+03	1.687457E-03	6.892584E-05
7.296391E+03	1.693746E-03	6.922058E-05
7.306251E+03	1.699673E-03	6.950118E-05
7.316111E+03	1.704943E-03	6.975562E-05
7.325971E+03	1.710055E-03	7.000430E-05
7.335831E+03	1.714717E-03	7.023522E-05
7.345691E+03	1.718634E-03	7.043625E-05
7.355551E+03	1.722310E-03	7.062808E-05
7.365411E+03	1.725453E-03	7.079863E-05
7.375271E+03	1.727767E-03	7.093580E-05
7.385131E+03	1.729763E-03	7.106050E-05
7.394991E+03	1.731149E-03	7.116069E-05
7.404851E+03	1.731633E-03	7.122432E-05
7.414711E+03	1.731731E-03	7.127259E-05
7.424571E+03	1.731154E-03	7.129355E-05
7.434431E+03	1.729615E-03	7.127528E-05
7.444291E+03	1.727636E-03	7.123924E-05
7.454151E+03	1.724664E-03	7.116259E-05
7.464011E+03	1.721224E-03	7.106691E-05
7.473871E+03	1.716771E-03	7.092959E-05
7.483731E+03	1.711831E-03	7.077235E-05
7.493591E+03	1.705867E-03	7.057288E-05
7.503451E+03	1.699409E-03	7.035302E-05
7.513311E+03	1.691929E-03	7.009085E-05
7.523171E+03	1.683965E-03	6.980856E-05
7.533031E+03	1.675002E-03	6.948479E-05
7.542891E+03	1.665582E-03	6.914188E-05
7.552751E+03	1.655200E-03	6.875884E-05
7.562611E+03	1.644397E-03	6.835800E-05
7.572471E+03	1.632678E-03	6.791881E-05
7.582331E+03	1.620580E-03	6.746346E-05
7.592191E+03	1.607621E-03	6.697181E-05
7.602051E+03	1.594330E-03	6.646591E-05
7.611911E+03	1.580237E-03	6.592601E-05
7.621771E+03	1.565865E-03	6.537392E-05
7.631631E+03	1.550754E-03	6.479033E-05
7.641491E+03	1.535179E-03	6.418672E-05
7.651351E+03	1.519411E-03	6.357430E-05
7.661211E+03	1.503001E-03	6.293430E-05
7.671071E+03	1.486222E-03	6.227804E-05
7.680931E+03	1.469334E-03	6.161643E-05
7.690791E+03	1.451907E-03	6.093134E-05
7.700651E+03	1.434428E-03	6.024322E-05
7.710511E+03	1.416477E-03	5.953432E-05
7.720371E+03	1.398311E-03	5.881545E-05
7.730231E+03	1.379960E-03	5.808781E-05
7.740091E+03	1.361667E-03	5.736162E-05
7.749951E+03	1.343030E-03	5.661992E-05
7.759811E+03	1.324292E-03	5.587296E-05
7.769671E+03	1.305688E-03	5.513053E-05
7.779531E+03	1.286827E-03	5.437626E-05
7.789391E+03	1.267945E-03	5.361996E-05
7.799251E+03	1.249065E-03	5.286265E-05
7.809111E+03	1.230402E-03	5.211346E-05
7.818971E+03	1.211590E-03	5.135682E-05
7.828831E+03	1.192846E-03	5.060191E-05
7.838691E+03	1.174189E-03	4.984958E-05
7.848551E+03	1.155637E-03	4.910060E-05
7.858411E+03	1.137387E-03	4.836332E-05
7.868271E+03	1.119096E-03	4.762313E-05
7.878131E+03	1.100959E-03	4.688838E-05
7.887991E+03	1.082991E-03	4.615972E-05
7.897851E+03	1.065206E-03	4.543769E-05
7.907711E+03	1.047615E-03	4.472284E-05
7.917570E+03	1.030391E-03	4.402259E-05
7.927430E+03	1.013219E-03	4.332341E-05
7.937290E+03	9.962716E-04	4.263274E-05
7.947150E+03	9.795573E-04	4.195096E-05
7.957010E+03	9.630836E-04	4.127841E-05
7.966870E+03	9.468572E-04	4.061539E-05
7.976730E+03	9.308837E-04	3.996216E-05
7.986590E+03	9.151680E-04	3.931895E-05
7.996450E+03	8.997143E-04	3.868597E-05
8.006310E+03	8.845261E-04	3.806339E-05
8.016170E+03	8.696063E-04	3.745135E-05
8.026030E+03	8.550925E-04	3.685581E-05
8.035890E+03	8.407135E-04	3.626512E-05
8.045750E+03	8.266079E-04	3.568526E-05
8.055610E+03	8.127762E-04	3.511627E-05
8.065470E+03	7.992184E-04	3.455820E-05
8.075330E+03	7.859341E-04	3.401104E-05
8.085190E+03	7.729225E-04	3.347478E-05
8.095050E+03	7.601827E-04	3.294941E-05
8.104910E+03	7.477125E-04	3.243487E-05
8.114770E+03	7.353937E-04	3.192604E-05
8.124630E+03	7.234595E-04	3.143307E-05
8.134490E+03	7.117886E-04	3.095073E-05
8.144350E+03	7.003780E-04	3.047891E-05
8.154210E+03	6.892250E-04	3.001751E-05
8.164070E+03	6.783267E-04	2.956644E-05
8.173930E+03	6.676792E-04	2.912556E-05
8.183790E+03	6.572793E-04	2.869474E-05
8.193650E+03	6.471235E-04	2.827385E-05
8.203510E+03	6.372075E-04	2.786274E-05
8.213370E+03	6.275277E-04	2.746127E-05
8.223230E+03	6.179817E-04	2.706498E-05
8.233090E+03	6.087640E-04	2.668240E-05
8.242950E+03	5.997698E-04	2.630899E-05
8.252810E+03	5.909956E-04	2.594459E-05
8.262670E+03	5.824369E-04	2.558904E-05
8.272530E+03	5.740894E-04	2.524217E-05
8.282390E+03	5.659490E-04	2.490382E-05
8.292250E+03	5.579223E-04	2.456989E-05
8.302110E+03	5.501845E-04	2.424814E-05
8.311970E+03	5.426409E-04	2.393439E-05
8.321830E+03	5.352870E-04	2.362848E-05
8.331690E+03	5.281192E-04	2.333026E-05
8.341550E+03	5.210494E-04	2.303587E-05
8.351410E+03	5.142414E-04	2.275255E-05
8.361270E+03	5.076069E-04	2.247642E-05
8.371130E+03	5.011414E-04	2.220731E-05
8.380990E+03	4.947618E-04	2.194154E-05
8.390850E+03	4.886238E-04	2.168604E-05
8.400710E+03	4.826431E-04	2.143707E-05
8.410570E+03	4.768156E-04	2.119449E-05
8.420430E+03	4.710625E-04	2.095480E-05
8.430290E+03	4.655315E-04	2.072458E-05
8.440150E+03	4.601431E-04	2.050031E-05
8.450010E+03	4.548199E-04	2.027856E-05
8.459870E+03	4.497057E-04	2.006574E-05
8.469730E+03	4.447234E-04	1.985845E-05
8.479590E+03	4.398695E-04	1.965653E-05
8.489450E+03	4.350701E-04	1.945669E-05
8.499310E+03	4.304632E-04	1.926512E-05
8.509170E+03	4.259751E-04	1.907854E-05
8.519030E+03	4.215340E-04	1.889373E-05
8.528890E+03	4.172743E-04	1.871673E-05
8.538750E+03	4.131235E-04	1.854431E-05
8.548610E+03	4.090134E-04	1.837341E-05
8.558470E+03	4.050736E-04	1.820987E-05
8.568330E+03	4.011698E-04	1.804766E-05
8.578190E+03	3.974295E-04	1.789252E-05
8.588050E+03	3.937845E-04	1.774140E-05
8.597910E+03	3.901697E-04	1.759137E-05
8.607770E+03	3.867085E-04	1.744800E-05
8.617630E+03	3.833355E-04	1.730837E-05
8.627490E+03	3.799864E-04	1.716956E-05
8.637350E+03	3.767826E-04	1.703707E-05
8.647210E+03	3.735993E-04	1.690527E-05
8.657070E+03	3.705559E-04	1.677957E-05
8.666930E+03	3.675295E-04	1.665441E-05
8.676790E+03	3.646375E-04	1.653512E-05
8.686650E+03	3.618182E-04	1.641892E-05
8.696510E+03	3.590112E-04	1.630305E-05
8.706370E+03	3.563313E-04	1.619276E-05
8.716230E+03	3.536610E-04	1.608270E-05
8.726090E+03	3.511133E-04	1.597802E-05
8.735950E+03	3.485721E-04	1.587344E-05
8.745810E+03	3.461490E-04	1.577405E-05
8.755669E+03	3.437300E-04	1.567466E-05
8.765529E+03	3.414256E-04	1.558032E-05
8.775389E+03	3.391774E-04	1.548837E-05
8.785249E+03	3.369295E-04	1.539626E-05
8.795109E+03	3.347899E-04	1.530893E-05
8.804969E+03	3.326486E-04	1.522137E-05
8.814829E+03	3.306121E-04	1.513843E-05
8.824689E+03	3.285713E-04	1.505514E-05
8.834549E+03	3.266322E-04	1.497636E-05
8.844409E+03	3.246868E-04	1.489713E-05
8.854269E+03	3.228398E-04	1.482228E-05
8.864129E+03	3.209846E-04	1.474690E-05
8.873989E+03	3.192249E-04	1.467576E-05
8.913429E+03	3.124896E-04	1.440385E-05
8.952869E+03	3.063564E-04	1.415764E-05
8.992309E+03	3.008514E-04	1.393858E-05
9.031749E+03	2.957477E-04	1.373638E-05
9.071189E+03	2.911432E-04	1.355575E-05
9.110629E+03	2.869436E-04	1.339247E-05
9.150069E+03	2.831086E-04	1.324483E-05
9.189509E+03	2.796020E-04	1.311125E-05
9.228949E+03	2.763914E-04	1.299034E-05
9.268389E+03	2.734478E-04	1.288084E-05
9.307829E+03	2.707449E-04	1.278160E-05
9.347269E+03	2.682590E-04	1.269160E-05
9.386709E+03	2.659690E-04	1.260991E-05
9.426149E+03	2.638555E-04	1.253568E-05
9.465589E+03	2.619013E-04	1.246816E-05
9.505029E+03	2.600906E-04	1.240666E-05
9.544469E+03	2.584094E-04	1.235055E-05
9.583908E+03	2.568448E-04	1.229926E-05
9.623348E+03	2.553852E-04	1.225228E-05
9.662788E+03	2.540630E-04	1.221122E-05
9.702228E+03	2.527830E-04	1.217151E-05
9.741668E+03	2.516221E-04	1.213691E-05
9.781108E+03	2.505299E-04	1.210501E-05
9.820548E+03	2.494570E-04	1.207345E-05
9.859988E+03	2.484822E-04	1.204606E-05
9.899428E+03	2.475572E-04	1.202053E-05
9.938868E+03	2.466773E-04	1.199665E-05
9.978308E+03	2.458377E-04	1.197421E-05
1.001775E+04	2.450766E-04	1.195509E-05
1.005719E+04	2.443064E-04	1.193503E-05
1.009663E+04	2.436077E-04	1.191799E-05
1.013607E+04	2.428940E-04	1.189974E-05
1.017551E+04	2.422465E-04	1.188429E-05
