#wls	flux	fluxerr
1.577598E+03	3.039952E-05	1.780057E-06
1.617038E+03	3.094768E-05	1.811390E-06
1.656478E+03	3.134148E-05	1.833643E-06
1.695918E+03	3.157087E-05	1.846239E-06
1.735358E+03	3.162065E-05	1.848300E-06
1.774798E+03	3.145056E-05	1.837490E-06
1.814238E+03	3.101212E-05	1.810994E-06
1.853678E+03	3.025505E-05	1.765901E-06
1.893118E+03	2.913996E-05	1.699943E-06
1.932558E+03	2.766372E-05	1.612972E-06
1.971998E+03	2.589873E-05	1.509243E-06
2.011438E+03	2.403266E-05	1.399717E-06
2.050878E+03	2.237190E-05	1.302244E-06
2.090317E+03	2.127020E-05	1.237387E-06
2.129757E+03	2.100046E-05	1.220956E-06
2.169197E+03	2.165407E-05	1.258175E-06
2.208637E+03	2.313164E-05	1.343170E-06
2.248077E+03	2.521166E-05	1.462991E-06
2.287517E+03	2.764794E-05	1.603285E-06
2.326957E+03	3.021938E-05	1.751193E-06
2.366397E+03	3.278654E-05	1.898612E-06
2.405837E+03	3.526951E-05	2.040912E-06
2.445277E+03	3.764217E-05	2.176584E-06
2.484717E+03	3.988782E-05	2.304670E-06
2.524157E+03	4.202535E-05	2.426268E-06
2.563597E+03	4.408279E-05	2.543002E-06
2.603037E+03	4.606766E-05	2.655310E-06
2.642477E+03	4.801089E-05	2.764974E-06
2.681917E+03	4.994410E-05	2.873814E-06
2.721357E+03	5.187137E-05	2.982057E-06
2.760797E+03	5.383165E-05	3.091932E-06
2.800237E+03	5.582593E-05	3.203484E-06
2.839677E+03	5.789339E-05	3.318945E-06
2.879117E+03	6.003314E-05	3.438243E-06
2.918556E+03	6.228598E-05	3.563690E-06
2.957996E+03	6.465033E-05	3.695168E-06
2.967856E+03	6.527175E-05	3.729714E-06
2.977716E+03	6.589083E-05	3.764102E-06
2.987576E+03	6.653142E-05	3.799695E-06
2.997436E+03	6.717181E-05	3.835251E-06
3.007296E+03	6.783008E-05	3.871803E-06
3.017156E+03	6.852508E-05	3.910425E-06
3.027016E+03	6.923102E-05	3.949643E-06
3.036876E+03	6.995879E-05	3.990080E-06
3.046736E+03	7.071998E-05	4.032394E-06
3.056596E+03	7.148843E-05	4.075091E-06
3.066456E+03	7.228877E-05	4.119576E-06
3.076316E+03	7.309453E-05	4.164338E-06
3.086176E+03	7.391789E-05	4.210070E-06
3.096036E+03	7.477169E-05	4.257503E-06
3.105896E+03	7.562889E-05	4.305096E-06
3.115756E+03	7.651606E-05	4.354360E-06
3.125616E+03	7.740572E-05	4.403731E-06
3.135476E+03	7.831122E-05	4.453967E-06
3.145336E+03	7.924663E-05	4.505867E-06
3.155196E+03	8.018374E-05	4.557825E-06
3.165056E+03	8.115106E-05	4.611463E-06
3.174916E+03	8.211989E-05	4.665147E-06
3.184776E+03	8.311955E-05	4.720542E-06
3.194636E+03	8.412073E-05	4.775983E-06
3.204496E+03	8.513839E-05	4.832317E-06
3.214356E+03	8.618826E-05	4.890438E-06
3.224216E+03	8.724007E-05	4.948625E-06
3.234076E+03	8.832528E-05	5.008662E-06
3.243936E+03	8.941299E-05	5.068794E-06
3.253796E+03	9.051929E-05	5.129936E-06
3.263656E+03	9.166115E-05	5.193044E-06
3.273516E+03	9.280660E-05	5.256309E-06
3.283376E+03	9.398926E-05	5.321631E-06
3.293236E+03	9.517647E-05	5.387161E-06
3.303096E+03	9.638552E-05	5.453875E-06
3.312956E+03	9.763462E-05	5.522803E-06
3.322816E+03	9.888991E-05	5.592027E-06
3.332676E+03	1.001873E-04	5.663578E-06
3.342536E+03	1.014922E-04	5.735496E-06
3.352396E+03	1.028415E-04	5.809863E-06
3.362256E+03	1.041996E-04	5.884672E-06
3.372116E+03	1.055856E-04	5.960997E-06
3.381976E+03	1.070197E-04	6.039974E-06
3.391836E+03	1.084649E-04	6.119516E-06
3.401696E+03	1.099608E-04	6.201850E-06
3.411556E+03	1.114695E-04	6.284841E-06
3.421416E+03	1.130115E-04	6.369640E-06
3.431276E+03	1.146083E-04	6.457463E-06
3.441136E+03	1.162207E-04	6.546087E-06
3.450996E+03	1.178909E-04	6.637899E-06
3.460856E+03	1.195785E-04	6.730613E-06
3.470716E+03	1.213272E-04	6.826688E-06
3.480576E+03	1.230953E-04	6.923774E-06
3.490436E+03	1.249055E-04	7.023147E-06
3.500296E+03	1.267818E-04	7.126152E-06
3.510156E+03	1.286807E-04	7.230342E-06
3.520016E+03	1.306492E-04	7.338355E-06
3.529876E+03	1.326425E-04	7.447674E-06
3.539736E+03	1.346852E-04	7.559670E-06
3.549596E+03	1.368032E-04	7.675794E-06
3.559456E+03	1.389495E-04	7.793413E-06
3.569316E+03	1.411751E-04	7.915373E-06
3.579176E+03	1.434316E-04	8.038963E-06
3.589036E+03	1.457714E-04	8.167116E-06
3.598896E+03	1.481447E-04	8.297035E-06
3.608756E+03	1.505788E-04	8.430246E-06
3.618616E+03	1.531027E-04	8.568368E-06
3.628476E+03	1.556642E-04	8.708471E-06
3.638336E+03	1.583199E-04	8.853728E-06
3.648196E+03	1.610160E-04	9.001111E-06
3.658056E+03	1.637820E-04	9.152272E-06
3.667916E+03	1.666494E-04	9.308969E-06
3.677776E+03	1.695614E-04	9.468017E-06
3.687636E+03	1.725798E-04	9.632864E-06
3.697496E+03	1.756457E-04	9.800216E-06
3.707356E+03	1.788233E-04	9.973647E-06
3.717216E+03	1.820511E-04	1.014973E-05
3.727076E+03	1.853626E-04	1.033031E-05
3.736936E+03	1.887936E-04	1.051740E-05
3.746796E+03	1.922796E-04	1.070737E-05
3.756655E+03	1.958902E-04	1.090411E-05
3.766515E+03	1.995587E-04	1.110390E-05
3.776375E+03	2.033212E-04	1.130873E-05
3.786235E+03	2.072167E-04	1.152078E-05
3.796095E+03	2.111744E-04	1.173608E-05
3.805955E+03	2.152707E-04	1.195889E-05
3.815815E+03	2.194317E-04	1.218509E-05
3.825675E+03	2.237369E-04	1.241908E-05
3.835535E+03	2.281094E-04	1.265659E-05
3.845395E+03	2.325902E-04	1.289990E-05
3.855255E+03	2.372233E-04	1.315141E-05
3.865115E+03	2.419271E-04	1.340662E-05
3.874975E+03	2.467885E-04	1.367031E-05
3.884835E+03	2.517225E-04	1.393777E-05
3.894695E+03	2.567736E-04	1.421147E-05
3.904555E+03	2.619898E-04	1.449404E-05
3.914415E+03	2.672805E-04	1.478046E-05
3.924275E+03	2.727411E-04	1.507600E-05
3.934135E+03	2.782766E-04	1.537540E-05
3.943995E+03	2.839355E-04	1.568133E-05
3.953855E+03	2.897703E-04	1.599667E-05
3.963715E+03	2.956797E-04	1.631583E-05
3.973575E+03	3.017681E-04	1.664456E-05
3.983435E+03	3.079295E-04	1.697699E-05
3.993295E+03	3.142166E-04	1.731602E-05
4.003155E+03	3.206859E-04	1.766476E-05
4.013015E+03	3.272243E-04	1.801697E-05
4.022875E+03	3.339460E-04	1.837891E-05
4.032735E+03	3.407321E-04	1.874404E-05
4.042595E+03	3.476393E-04	1.911548E-05
4.052455E+03	3.547288E-04	1.949656E-05
4.062315E+03	3.618733E-04	1.988028E-05
4.072175E+03	3.691972E-04	2.027348E-05
4.082035E+03	3.765676E-04	2.066883E-05
4.091895E+03	3.840450E-04	2.106965E-05
4.101755E+03	3.916944E-04	2.147951E-05
4.111615E+03	3.993736E-04	2.189058E-05
4.121475E+03	4.072172E-04	2.231024E-05
4.131335E+03	4.150759E-04	2.273030E-05
4.141195E+03	4.230143E-04	2.315429E-05
4.151055E+03	4.311009E-04	2.358596E-05
4.160915E+03	4.391766E-04	2.401659E-05
4.170775E+03	4.473866E-04	2.445411E-05
4.180635E+03	4.555640E-04	2.488940E-05
4.190495E+03	4.637766E-04	2.532615E-05
4.200355E+03	4.720968E-04	2.576833E-05
4.210215E+03	4.803468E-04	2.620620E-05
4.220075E+03	4.885959E-04	2.664357E-05
4.229935E+03	4.969189E-04	2.708451E-05
4.239795E+03	5.051269E-04	2.751871E-05
4.249655E+03	5.133825E-04	2.795504E-05
4.259515E+03	5.214898E-04	2.838283E-05
4.269375E+03	5.295224E-04	2.880609E-05
4.279235E+03	5.375592E-04	2.922913E-05
4.289095E+03	5.453944E-04	2.964075E-05
4.298955E+03	5.531060E-04	3.004521E-05
4.308815E+03	5.607781E-04	3.044708E-05
4.318675E+03	5.681996E-04	3.083490E-05
4.328535E+03	5.755588E-04	3.121892E-05
4.338395E+03	5.826447E-04	3.158769E-05
4.348255E+03	5.895521E-04	3.194638E-05
4.358115E+03	5.963847E-04	3.230061E-05
4.367975E+03	6.029315E-04	3.263897E-05
4.377835E+03	6.092989E-04	3.296723E-05
4.387695E+03	6.155984E-04	3.329144E-05
4.397555E+03	6.216172E-04	3.360011E-05
4.407415E+03	6.274679E-04	3.389934E-05
4.417275E+03	6.332680E-04	3.419548E-05
4.427135E+03	6.388003E-04	3.447682E-05
4.436995E+03	6.441824E-04	3.474973E-05
4.446855E+03	6.495360E-04	3.502078E-05
4.456715E+03	6.546391E-04	3.527800E-05
4.466575E+03	6.597300E-04	3.553425E-05
4.476435E+03	6.645830E-04	3.577739E-05
4.486295E+03	6.693223E-04	3.601412E-05
4.496155E+03	6.740745E-04	3.625125E-05
4.506015E+03	6.786097E-04	3.647642E-05
4.515875E+03	6.830543E-04	3.669645E-05
4.525735E+03	6.875377E-04	3.691829E-05
4.535595E+03	6.918251E-04	3.712934E-05
4.545455E+03	6.960454E-04	3.733653E-05
4.555315E+03	7.003301E-04	3.754692E-05
4.565175E+03	7.044397E-04	3.774765E-05
4.575035E+03	7.085051E-04	3.794577E-05
4.584894E+03	7.126600E-04	3.814844E-05
4.594754E+03	7.166599E-04	3.834256E-05
4.604614E+03	7.206380E-04	3.853527E-05
4.614474E+03	7.247295E-04	3.873380E-05
4.624334E+03	7.286856E-04	3.892485E-05
4.634194E+03	7.326407E-04	3.911561E-05
4.644054E+03	7.366020E-04	3.930647E-05
4.653914E+03	7.407067E-04	3.950474E-05
4.663774E+03	7.447003E-04	3.969685E-05
4.673634E+03	7.487195E-04	3.989008E-05
4.683494E+03	7.529036E-04	4.009186E-05
4.693354E+03	7.569931E-04	4.028836E-05
4.703214E+03	7.611264E-04	4.048695E-05
4.713074E+03	7.654446E-04	4.069513E-05
4.722934E+03	7.696834E-04	4.089885E-05
4.732794E+03	7.739833E-04	4.110557E-05
4.742654E+03	7.784868E-04	4.132285E-05
4.752514E+03	7.829248E-04	4.153641E-05
4.762374E+03	7.874394E-04	4.175378E-05
4.772234E+03	7.920354E-04	4.197520E-05
4.782094E+03	7.968581E-04	4.220839E-05
4.791954E+03	8.016318E-04	4.243872E-05
4.801814E+03	8.065003E-04	4.267380E-05
4.811674E+03	8.116121E-04	4.292148E-05
4.821534E+03	8.166848E-04	4.316682E-05
4.831394E+03	8.218649E-04	4.341757E-05
4.841254E+03	8.271565E-04	4.367392E-05
4.851114E+03	8.327102E-04	4.394383E-05
4.860974E+03	8.382360E-04	4.421198E-05
4.870834E+03	8.438836E-04	4.448625E-05
4.880694E+03	8.498058E-04	4.477470E-05
4.890554E+03	8.557068E-04	4.506173E-05
4.900414E+03	8.617378E-04	4.535530E-05
4.910274E+03	8.679018E-04	4.565556E-05
4.920134E+03	8.743550E-04	4.597071E-05
4.929994E+03	8.807919E-04	4.628468E-05
4.939854E+03	8.873677E-04	4.660563E-05
4.949714E+03	8.940834E-04	4.693359E-05
4.959574E+03	9.011000E-04	4.727702E-05
4.969434E+03	9.081011E-04	4.761928E-05
4.979294E+03	9.152451E-04	4.796870E-05
4.989154E+03	9.225328E-04	4.832530E-05
4.999014E+03	9.301280E-04	4.869765E-05
5.008874E+03	9.377035E-04	4.906861E-05
5.018734E+03	9.454214E-04	4.944667E-05
5.028594E+03	9.532804E-04	4.983174E-05
5.038454E+03	9.614492E-04	5.023263E-05
5.048314E+03	9.695872E-04	5.063154E-05
5.058174E+03	9.778607E-04	5.103715E-05
5.068034E+03	9.862666E-04	5.144930E-05
5.077894E+03	9.949772E-04	5.187696E-05
5.087754E+03	1.003638E-03	5.230166E-05
5.097614E+03	1.012420E-03	5.273225E-05
5.107474E+03	1.021316E-03	5.316844E-05
5.117334E+03	1.030322E-03	5.360993E-05
5.127194E+03	1.039613E-03	5.406590E-05
5.137054E+03	1.048818E-03	5.451697E-05
5.146914E+03	1.058109E-03	5.497217E-05
5.156774E+03	1.067478E-03	5.543103E-05
5.166634E+03	1.077105E-03	5.590290E-05
5.176494E+03	1.086600E-03	5.636758E-05
5.186354E+03	1.096141E-03	5.683422E-05
5.196214E+03	1.105714E-03	5.730218E-05
5.206074E+03	1.115305E-03	5.777073E-05
5.215934E+03	1.125098E-03	5.824937E-05
5.225794E+03	1.134682E-03	5.871680E-05
5.235654E+03	1.144234E-03	5.918231E-05
5.245514E+03	1.153737E-03	5.964493E-05
5.255374E+03	1.163171E-03	6.010365E-05
5.265234E+03	1.172721E-03	6.056805E-05
5.275094E+03	1.181951E-03	6.101566E-05
5.284954E+03	1.191043E-03	6.145584E-05
5.294814E+03	1.199971E-03	6.188729E-05
5.304674E+03	1.208706E-03	6.230861E-05
5.314534E+03	1.217437E-03	6.272941E-05
5.324394E+03	1.225703E-03	6.312609E-05
5.334254E+03	1.233687E-03	6.350805E-05
5.344114E+03	1.241356E-03	6.387363E-05
5.353974E+03	1.248676E-03	6.422113E-05
5.363834E+03	1.255614E-03	6.454884E-05
5.373694E+03	1.262357E-03	6.486646E-05
5.383554E+03	1.268428E-03	6.514949E-05
5.393414E+03	1.274019E-03	6.540780E-05
5.403274E+03	1.279102E-03	6.564005E-05
5.413134E+03	1.283658E-03	6.584532E-05
5.422993E+03	1.287677E-03	6.602309E-05
5.432853E+03	1.291386E-03	6.618505E-05
5.442713E+03	1.294338E-03	6.630835E-05
5.452573E+03	1.296777E-03	6.640546E-05
5.462433E+03	1.298721E-03	6.647744E-05
5.472293E+03	1.300194E-03	6.652548E-05
5.482153E+03	1.301221E-03	6.655090E-05
5.492013E+03	1.301826E-03	6.655500E-05
5.501873E+03	1.302265E-03	6.655085E-05
5.511733E+03	1.302103E-03	6.651627E-05
5.521593E+03	1.301596E-03	6.646431E-05
5.531453E+03	1.300767E-03	6.639621E-05
5.541313E+03	1.299639E-03	6.631319E-05
5.551173E+03	1.298236E-03	6.621642E-05
5.561033E+03	1.296578E-03	6.610701E-05
5.570893E+03	1.294688E-03	6.598605E-05
5.580753E+03	1.292811E-03	6.586614E-05
5.590613E+03	1.290511E-03	6.572504E-05
5.600473E+03	1.288034E-03	6.557529E-05
5.610333E+03	1.285397E-03	6.541776E-05
5.620193E+03	1.282616E-03	6.525327E-05
5.630053E+03	1.279706E-03	6.508261E-05
5.639913E+03	1.276681E-03	6.490647E-05
5.649773E+03	1.273554E-03	6.472556E-05
5.659633E+03	1.270338E-03	6.454050E-05
5.669493E+03	1.267268E-03	6.436322E-05
5.679353E+03	1.263907E-03	6.417155E-05
5.689213E+03	1.260488E-03	6.397737E-05
5.699073E+03	1.257022E-03	6.378116E-05
5.708933E+03	1.253516E-03	6.358331E-05
5.718793E+03	1.249977E-03	6.338422E-05
5.728653E+03	1.246413E-03	6.318424E-05
5.738513E+03	1.242829E-03	6.298369E-05
5.748373E+03	1.239232E-03	6.278283E-05
5.758233E+03	1.235626E-03	6.258190E-05
5.768093E+03	1.232231E-03	6.239210E-05
5.777953E+03	1.228618E-03	6.219160E-05
5.787813E+03	1.225006E-03	6.199155E-05
5.797673E+03	1.221397E-03	6.179208E-05
5.807533E+03	1.217793E-03	6.159325E-05
5.817393E+03	1.214195E-03	6.139511E-05
5.827253E+03	1.210604E-03	6.119769E-05
5.837113E+03	1.207019E-03	6.100098E-05
5.846973E+03	1.203439E-03	6.080493E-05
5.856833E+03	1.199863E-03	6.060948E-05
5.866693E+03	1.196289E-03	6.041452E-05
5.876553E+03	1.192716E-03	6.021995E-05
5.886413E+03	1.189139E-03	6.002559E-05
5.896273E+03	1.185555E-03	5.983128E-05
5.906133E+03	1.181960E-03	5.963679E-05
5.915993E+03	1.178557E-03	5.945237E-05
5.925853E+03	1.174924E-03	5.925676E-05
5.935713E+03	1.171264E-03	5.906016E-05
5.945573E+03	1.167571E-03	5.886228E-05
5.955433E+03	1.163838E-03	5.866273E-05
5.965293E+03	1.160056E-03	5.846114E-05
5.975153E+03	1.156218E-03	5.825709E-05
5.985013E+03	1.152314E-03	5.805015E-05
5.994873E+03	1.148336E-03	5.783983E-05
6.004733E+03	1.144273E-03	5.762562E-05
6.014593E+03	1.140114E-03	5.740697E-05
6.024453E+03	1.135848E-03	5.718335E-05
6.034313E+03	1.131464E-03	5.695412E-05
6.044173E+03	1.126948E-03	5.671868E-05
6.054033E+03	1.122288E-03	5.647636E-05
6.063893E+03	1.117470E-03	5.622647E-05
6.073753E+03	1.112479E-03	5.596829E-05
6.083613E+03	1.107302E-03	5.570112E-05
6.093473E+03	1.101923E-03	5.542419E-05
6.103333E+03	1.096329E-03	5.513678E-05
6.113193E+03	1.090505E-03	5.483818E-05
6.123053E+03	1.084439E-03	5.452778E-05
6.132913E+03	1.078121E-03	5.420503E-05
6.142773E+03	1.071544E-03	5.386965E-05
6.152633E+03	1.064709E-03	5.352159E-05
6.162493E+03	1.057620E-03	5.316115E-05
6.172353E+03	1.050292E-03	5.278898E-05
6.182213E+03	1.042741E-03	5.240598E-05
6.192073E+03	1.034991E-03	5.201327E-05
6.201933E+03	1.027066E-03	5.161204E-05
6.211793E+03	1.018990E-03	5.120353E-05
6.221653E+03	1.010787E-03	5.078894E-05
6.231513E+03	1.002481E-03	5.036948E-05
6.241373E+03	9.940953E-04	4.994628E-05
6.251232E+03	9.856510E-04	4.952039E-05
6.261092E+03	9.771687E-04	4.909286E-05
6.270952E+03	9.686669E-04	4.866460E-05
6.280812E+03	9.601636E-04	4.823650E-05
6.290672E+03	9.516755E-04	4.780940E-05
6.300532E+03	9.432175E-04	4.738404E-05
6.310392E+03	9.348043E-04	4.696114E-05
6.320252E+03	9.264487E-04	4.654136E-05
6.330112E+03	9.181630E-04	4.612528E-05
6.339972E+03	9.099582E-04	4.571346E-05
6.349832E+03	9.018444E-04	4.530640E-05
6.359692E+03	8.938310E-04	4.490456E-05
6.369552E+03	8.859266E-04	4.450838E-05
6.379412E+03	8.781388E-04	4.411822E-05
6.389272E+03	8.704749E-04	4.373444E-05
6.399132E+03	8.629413E-04	4.335737E-05
6.408992E+03	8.555438E-04	4.298728E-05
6.418852E+03	8.482873E-04	4.262442E-05
6.428712E+03	8.411768E-04	4.226904E-05
6.438572E+03	8.340696E-04	4.191395E-05
6.448432E+03	8.272644E-04	4.157416E-05
6.458292E+03	8.206163E-04	4.124239E-05
6.468152E+03	8.141287E-04	4.091881E-05
6.478012E+03	8.078033E-04	4.060349E-05
6.487872E+03	8.016431E-04	4.029659E-05
6.497732E+03	7.956496E-04	3.999817E-05
6.507592E+03	7.898244E-04	3.970832E-05
6.517452E+03	7.841690E-04	3.942711E-05
6.527312E+03	7.786845E-04	3.915458E-05
6.537172E+03	7.733719E-04	3.889079E-05
6.547032E+03	7.682319E-04	3.863578E-05
6.556892E+03	7.632647E-04	3.838955E-05
6.566752E+03	7.584708E-04	3.815212E-05
6.576612E+03	7.538505E-04	3.792350E-05
6.586472E+03	7.494035E-04	3.770369E-05
6.596332E+03	7.449988E-04	3.748609E-05
6.606192E+03	7.408994E-04	3.728394E-05
6.616052E+03	7.369724E-04	3.709054E-05
6.625912E+03	7.332182E-04	3.690592E-05
6.635772E+03	7.296357E-04	3.673002E-05
6.645632E+03	7.262244E-04	3.656281E-05
6.655492E+03	7.229838E-04	3.640428E-05
6.665352E+03	7.199128E-04	3.625437E-05
6.675212E+03	7.170109E-04	3.611305E-05
6.685072E+03	7.142770E-04	3.598027E-05
6.694932E+03	7.117106E-04	3.585601E-05
6.704792E+03	7.091852E-04	3.573389E-05
6.714652E+03	7.069503E-04	3.562649E-05
6.724512E+03	7.048795E-04	3.552745E-05
6.734372E+03	7.029716E-04	3.543669E-05
6.744232E+03	7.012256E-04	3.535418E-05
6.754092E+03	6.996404E-04	3.527986E-05
6.763952E+03	6.982146E-04	3.521367E-05
6.773812E+03	6.969467E-04	3.515553E-05
6.783672E+03	6.958357E-04	3.510540E-05
6.793532E+03	6.948801E-04	3.506319E-05
6.803392E+03	6.939564E-04	3.502269E-05
6.813252E+03	6.933079E-04	3.499617E-05
6.823112E+03	6.928104E-04	3.497738E-05
6.832972E+03	6.924628E-04	3.496625E-05
6.842832E+03	6.922632E-04	3.496270E-05
6.852692E+03	6.922102E-04	3.496666E-05
6.862552E+03	6.923017E-04	3.497802E-05
6.872412E+03	6.925368E-04	3.499676E-05
6.882272E+03	6.927907E-04	3.501656E-05
6.892132E+03	6.933059E-04	3.504968E-05
6.901992E+03	6.939590E-04	3.508989E-05
6.911852E+03	6.947472E-04	3.513706E-05
6.921712E+03	6.956690E-04	3.519111E-05
6.931572E+03	6.967216E-04	3.525191E-05
6.941432E+03	6.979032E-04	3.531937E-05
6.951292E+03	6.992111E-04	3.539336E-05
6.961152E+03	7.005192E-04	3.546751E-05
6.971012E+03	7.020719E-04	3.555418E-05
6.980872E+03	7.037429E-04	3.564699E-05
6.990732E+03	7.055295E-04	3.574581E-05
7.000592E+03	7.074281E-04	3.585046E-05
7.010452E+03	7.094361E-04	3.596081E-05
7.020312E+03	7.115495E-04	3.607668E-05
7.030172E+03	7.136391E-04	3.619150E-05
7.040032E+03	7.159527E-04	3.631786E-05
7.049892E+03	7.183601E-04	3.644916E-05
7.059752E+03	7.208578E-04	3.658521E-05
7.069612E+03	7.234411E-04	3.672579E-05
7.079472E+03	7.261048E-04	3.687065E-05
7.089331E+03	7.287163E-04	3.701305E-05
7.099191E+03	7.315263E-04	3.716572E-05
7.109051E+03	7.344016E-04	3.732192E-05
7.118911E+03	7.373362E-04	3.748133E-05
7.128771E+03	7.403242E-04	3.764367E-05
7.138631E+03	7.433591E-04	3.780861E-05
7.148491E+03	7.463024E-04	3.796910E-05
7.158351E+03	7.494100E-04	3.813817E-05
7.168211E+03	7.525433E-04	3.830877E-05
7.178071E+03	7.556943E-04	3.848050E-05
7.187931E+03	7.588546E-04	3.865293E-05
7.197791E+03	7.620163E-04	3.882566E-05
7.207651E+03	7.650346E-04	3.899132E-05
7.217511E+03	7.681700E-04	3.916319E-05
7.227371E+03	7.712784E-04	3.933392E-05
7.237231E+03	7.743487E-04	3.950295E-05
7.247091E+03	7.773706E-04	3.966975E-05
7.256951E+03	7.801951E-04	3.982671E-05
7.266811E+03	7.830856E-04	3.998729E-05
7.276671E+03	7.858925E-04	4.014384E-05
7.286531E+03	7.886028E-04	4.029571E-05
7.296391E+03	7.912038E-04	4.044223E-05
7.306251E+03	7.936814E-04	4.058269E-05
7.316111E+03	7.958811E-04	4.070917E-05
7.325971E+03	7.980690E-04	4.083529E-05
7.335831E+03	8.000899E-04	4.095309E-05
7.345691E+03	8.019275E-04	4.106175E-05
7.355551E+03	8.035666E-04	4.116046E-05
7.365411E+03	8.048478E-04	4.124107E-05
7.375271E+03	8.060384E-04	4.131724E-05
7.385131E+03	8.069789E-04	4.138081E-05
7.394991E+03	8.076518E-04	4.143084E-05
7.404851E+03	8.080393E-04	4.146643E-05
7.414711E+03	8.079799E-04	4.147926E-05
7.424571E+03	8.077411E-04	4.148304E-05
7.434431E+03	8.071614E-04	4.146946E-05
7.444291E+03	8.062229E-04	4.143758E-05
7.454151E+03	8.047658E-04	4.137914E-05
7.464011E+03	8.030576E-04	4.130789E-05
7.473871E+03	8.009402E-04	4.121566E-05
7.483731E+03	7.984009E-04	4.110177E-05
7.493591E+03	7.954294E-04	4.096566E-05
7.503451E+03	7.918812E-04	4.079984E-05
7.513311E+03	7.880383E-04	4.061882E-05
7.523171E+03	7.837681E-04	4.041574E-05
7.533031E+03	7.790847E-04	4.019129E-05
7.542891E+03	7.738704E-04	3.993935E-05
7.552751E+03	7.684215E-04	3.967520E-05
7.562611E+03	7.626233E-04	3.939288E-05
7.572471E+03	7.565006E-04	3.909365E-05
7.582331E+03	7.500772E-04	3.877871E-05
7.592191E+03	7.432465E-04	3.844253E-05
7.602051E+03	7.362954E-04	3.809990E-05
7.611911E+03	7.291147E-04	3.774517E-05
7.621771E+03	7.217266E-04	3.737947E-05
7.631631E+03	7.140260E-04	3.699733E-05
7.641491E+03	7.062874E-04	3.661295E-05
7.651351E+03	6.984026E-04	3.622071E-05
7.661211E+03	6.903907E-04	3.582160E-05
7.671071E+03	6.821484E-04	3.541022E-05
7.680931E+03	6.739358E-04	3.500008E-05
7.690791E+03	6.656465E-04	3.458563E-05
7.700651E+03	6.572958E-04	3.416766E-05
7.710511E+03	6.487832E-04	3.374095E-05
7.720371E+03	6.403529E-04	3.331816E-05
7.730231E+03	6.319018E-04	3.289395E-05
7.740091E+03	6.234417E-04	3.246892E-05
7.749951E+03	6.148749E-04	3.203797E-05
7.759811E+03	6.064307E-04	3.161304E-05
7.769671E+03	5.980087E-04	3.118891E-05
7.779531E+03	5.896180E-04	3.076605E-05
7.789391E+03	5.811640E-04	3.033951E-05
7.799251E+03	5.728618E-04	2.992052E-05
7.809111E+03	5.646143E-04	2.950402E-05
7.818971E+03	5.564280E-04	2.909035E-05
7.828831E+03	5.482121E-04	2.867475E-05
7.838691E+03	5.401674E-04	2.826774E-05
7.848551E+03	5.322010E-04	2.786445E-05
7.858411E+03	5.243173E-04	2.746512E-05
7.868271E+03	5.164289E-04	2.706517E-05
7.878131E+03	5.087242E-04	2.667449E-05
7.887991E+03	5.011133E-04	2.628835E-05
7.897851E+03	4.935124E-04	2.590238E-05
7.907711E+03	4.860995E-04	2.552591E-05
7.917570E+03	4.787889E-04	2.515447E-05
7.927430E+03	4.715822E-04	2.478812E-05
7.937290E+03	4.643992E-04	2.442267E-05
7.947150E+03	4.574068E-04	2.406689E-05
7.957010E+03	4.505230E-04	2.371648E-05
7.966870E+03	4.437484E-04	2.337149E-05
7.976730E+03	4.370067E-04	2.302789E-05
7.986590E+03	4.304540E-04	2.269391E-05
7.996450E+03	4.240121E-04	2.236545E-05
8.006310E+03	4.176077E-04	2.203865E-05
8.016170E+03	4.113892E-04	2.172133E-05
8.026030E+03	4.052814E-04	2.140954E-05
8.035890E+03	3.992843E-04	2.110329E-05
8.045750E+03	3.933274E-04	2.079886E-05
8.055610E+03	3.875510E-04	2.050368E-05
8.065470E+03	3.818833E-04	2.021394E-05
8.075330E+03	3.762566E-04	1.992609E-05
8.085190E+03	3.708050E-04	1.964722E-05
8.095050E+03	3.654592E-04	1.937368E-05
8.104910E+03	3.602187E-04	1.910543E-05
8.114770E+03	3.550191E-04	1.883909E-05
8.124630E+03	3.499857E-04	1.858130E-05
8.134490E+03	3.450544E-04	1.832866E-05
8.144350E+03	3.401626E-04	1.807786E-05
8.154210E+03	3.354309E-04	1.783532E-05
8.164070E+03	3.307967E-04	1.759771E-05
8.173930E+03	3.262008E-04	1.736189E-05
8.183790E+03	3.217581E-04	1.713399E-05
8.193650E+03	3.174085E-04	1.691081E-05
8.203510E+03	3.131507E-04	1.669228E-05
8.213370E+03	3.089283E-04	1.647542E-05
8.223230E+03	3.048502E-04	1.626603E-05
8.233090E+03	3.008592E-04	1.606107E-05
8.242950E+03	2.969013E-04	1.585766E-05
8.252810E+03	2.930809E-04	1.566138E-05
8.262670E+03	2.893430E-04	1.546931E-05
8.272530E+03	2.856356E-04	1.527867E-05
8.282390E+03	2.820592E-04	1.509483E-05
8.292250E+03	2.785607E-04	1.491498E-05
8.302110E+03	2.750901E-04	1.473642E-05
8.311970E+03	2.717440E-04	1.456435E-05
8.321830E+03	2.684715E-04	1.439604E-05
8.331690E+03	2.652240E-04	1.422889E-05
8.341550E+03	2.620949E-04	1.406792E-05
8.351410E+03	2.590350E-04	1.391049E-05
8.361270E+03	2.560430E-04	1.375654E-05
8.371130E+03	2.530725E-04	1.360358E-05
8.380990E+03	2.502124E-04	1.345640E-05
8.390850E+03	2.474160E-04	1.331249E-05
8.400710E+03	2.446386E-04	1.316944E-05
8.410570E+03	2.419660E-04	1.303188E-05
8.420430E+03	2.393531E-04	1.289740E-05
8.430290E+03	2.367566E-04	1.276365E-05
8.440150E+03	2.342597E-04	1.263513E-05
8.450010E+03	2.318187E-04	1.250948E-05
8.459870E+03	2.293917E-04	1.238446E-05
8.469730E+03	2.270593E-04	1.226440E-05
8.479590E+03	2.247791E-04	1.214704E-05
8.489450E+03	2.225106E-04	1.203019E-05
8.499310E+03	2.203320E-04	1.191807E-05
8.509170E+03	2.182022E-04	1.180847E-05
8.519030E+03	2.160819E-04	1.169925E-05
8.528890E+03	2.140470E-04	1.159455E-05
8.538750E+03	2.120577E-04	1.149221E-05
8.548610E+03	2.100758E-04	1.139015E-05
8.558470E+03	2.081751E-04	1.129239E-05
8.568330E+03	2.063170E-04	1.119684E-05
8.578190E+03	2.044643E-04	1.110146E-05
8.588050E+03	2.026890E-04	1.101019E-05
8.597910E+03	2.009533E-04	1.092097E-05
8.607770E+03	1.992212E-04	1.083185E-05
8.617630E+03	1.975628E-04	1.074663E-05
8.627490E+03	1.959414E-04	1.066334E-05
8.637350E+03	1.943218E-04	1.058005E-05
8.647210E+03	1.927725E-04	1.050050E-05
8.657070E+03	1.912577E-04	1.042274E-05
8.666930E+03	1.897430E-04	1.034490E-05
8.676790E+03	1.882954E-04	1.027063E-05
8.686650E+03	1.868801E-04	1.019803E-05
8.696510E+03	1.854632E-04	1.012528E-05
8.706370E+03	1.841105E-04	1.005594E-05
8.716230E+03	1.827553E-04	9.986395E-06
8.726090E+03	1.814623E-04	9.920166E-06
8.735950E+03	1.801980E-04	9.855433E-06
8.745810E+03	1.789299E-04	9.790422E-06
8.755669E+03	1.777213E-04	9.728589E-06
8.765529E+03	1.765394E-04	9.668154E-06
8.775389E+03	1.753526E-04	9.607373E-06
8.785249E+03	1.742226E-04	9.549646E-06
8.795109E+03	1.731177E-04	9.493222E-06
8.804969E+03	1.720066E-04	9.436392E-06
8.814829E+03	1.709500E-04	9.382494E-06
8.824689E+03	1.699168E-04	9.329812E-06
8.834549E+03	1.688762E-04	9.276668E-06
8.844409E+03	1.678881E-04	9.226343E-06
8.854269E+03	1.669217E-04	9.177155E-06
8.864129E+03	1.659470E-04	9.127449E-06
8.873989E+03	1.650227E-04	9.080461E-06
8.913429E+03	1.614657E-04	8.899687E-06
8.952869E+03	1.582344E-04	8.736041E-06
8.992309E+03	1.553190E-04	8.589079E-06
9.031749E+03	1.526051E-04	8.452559E-06
9.071189E+03	1.501515E-04	8.329803E-06
9.110629E+03	1.478842E-04	8.216779E-06
9.150069E+03	1.458382E-04	8.115484E-06
9.189509E+03	1.439444E-04	8.022135E-06
9.228949E+03	1.422394E-04	7.938818E-06
9.268389E+03	1.406836E-04	7.863366E-06
9.307829E+03	1.392394E-04	7.793723E-06
9.347269E+03	1.379454E-04	7.732081E-06
9.386709E+03	1.367415E-04	7.675112E-06
9.426149E+03	1.356673E-04	7.625060E-06
9.465589E+03	1.346652E-04	7.578724E-06
9.505029E+03	1.337756E-04	7.538398E-06
9.544469E+03	1.329668E-04	7.502325E-06
9.583908E+03	1.322086E-04	7.468812E-06
9.623348E+03	1.315421E-04	7.440208E-06
9.662788E+03	1.309145E-04	7.413540E-06
9.702228E+03	1.303676E-04	7.391191E-06
9.741668E+03	1.298730E-04	7.371571E-06
9.781108E+03	1.294034E-04	7.353133E-06
9.820548E+03	1.290009E-04	7.338293E-06
9.859988E+03	1.286388E-04	7.325538E-06
9.899428E+03	1.282907E-04	7.313373E-06
9.938868E+03	1.279995E-04	7.304253E-06
9.978308E+03	1.277392E-04	7.296715E-06
1.001775E+04	1.274846E-04	7.289309E-06
1.005719E+04	1.272789E-04	7.284520E-06
1.009663E+04	1.270970E-04	7.280924E-06
1.013607E+04	1.269142E-04	7.277105E-06
1.017551E+04	1.267741E-04	7.275577E-06
