#wls	flux	fluxerr
1.570167E+03	1.147349E-04	1.321417E-05
1.609421E+03	1.194597E-04	1.371478E-05
1.648675E+03	1.245000E-04	1.424708E-05
1.687929E+03	1.297612E-04	1.479976E-05
1.727184E+03	1.353754E-04	1.538746E-05
1.766438E+03	1.412416E-04	1.599817E-05
1.805692E+03	1.475031E-04	1.664758E-05
1.844946E+03	1.541196E-04	1.733054E-05
1.884200E+03	1.611842E-04	1.805682E-05
1.923454E+03	1.685815E-04	1.881280E-05
1.962709E+03	1.764806E-04	1.961663E-05
2.001963E+03	1.848378E-04	2.046257E-05
2.041217E+03	1.936811E-04	2.135287E-05
2.080471E+03	2.030403E-04	2.228986E-05
2.119725E+03	2.130369E-04	2.328584E-05
2.158979E+03	2.235278E-04	2.432403E-05
2.198234E+03	2.347321E-04	2.542715E-05
2.237488E+03	2.465971E-04	2.658812E-05
2.276742E+03	2.592685E-04	2.782125E-05
2.315996E+03	2.725782E-04	2.910696E-05
2.355250E+03	2.867877E-04	3.047166E-05
2.394504E+03	3.018351E-04	3.190698E-05
2.433759E+03	3.177673E-04	3.341603E-05
2.473013E+03	3.347660E-04	3.501593E-05
2.512267E+03	3.526199E-04	3.668241E-05
2.551521E+03	3.716541E-04	3.844716E-05
2.590775E+03	3.917880E-04	4.029929E-05
2.630029E+03	4.130750E-04	4.224182E-05
2.669284E+03	4.357375E-04	4.429470E-05
2.708538E+03	4.595011E-04	4.642712E-05
2.747792E+03	4.847644E-04	4.867648E-05
2.787046E+03	5.114127E-04	5.102791E-05
2.826300E+03	5.394975E-04	5.348325E-05
2.865554E+03	5.692801E-04	5.606484E-05
2.904809E+03	6.003913E-04	5.873259E-05
2.944063E+03	6.333076E-04	6.152954E-05
2.953876E+03	6.418489E-04	6.225140E-05
2.963690E+03	6.504939E-04	6.298011E-05
2.973503E+03	6.590018E-04	6.369234E-05
2.983317E+03	6.678530E-04	6.443448E-05
2.993131E+03	6.768091E-04	6.518341E-05
3.002944E+03	6.858707E-04	6.593912E-05
3.012758E+03	6.950383E-04	6.670158E-05
3.022571E+03	7.040564E-04	6.744627E-05
3.032385E+03	7.134336E-04	6.822188E-05
3.042198E+03	7.229175E-04	6.900412E-05
3.052012E+03	7.325084E-04	6.979297E-05
3.061825E+03	7.422063E-04	7.058835E-05
3.071639E+03	7.520113E-04	7.139023E-05
3.081452E+03	7.619237E-04	7.219854E-05
3.091266E+03	7.716666E-04	7.298705E-05
3.101079E+03	7.817904E-04	7.380780E-05
3.110893E+03	7.920214E-04	7.463479E-05
3.120707E+03	8.023596E-04	7.546796E-05
3.130520E+03	8.128043E-04	7.630716E-05
3.140334E+03	8.233562E-04	7.715242E-05
3.150147E+03	8.340136E-04	7.800350E-05
3.159961E+03	8.447779E-04	7.886049E-05
3.169774E+03	8.556467E-04	7.972308E-05
3.179588E+03	8.666215E-04	8.059135E-05
3.189401E+03	8.777005E-04	8.146509E-05
3.199215E+03	8.888836E-04	8.234422E-05
3.209028E+03	9.001699E-04	8.322859E-05
3.218842E+03	9.115585E-04	8.411807E-05
3.228656E+03	9.230493E-04	8.501258E-05
3.238469E+03	9.346396E-04	8.591183E-05
3.248283E+03	9.463310E-04	8.681589E-05
3.258096E+03	9.581202E-04	8.772441E-05
3.267910E+03	9.703438E-04	8.866811E-05
3.277723E+03	9.823312E-04	8.958557E-05
3.287537E+03	9.944126E-04	9.050699E-05
3.297350E+03	1.006588E-03	9.143230E-05
3.307164E+03	1.018855E-03	9.236123E-05
3.316977E+03	1.031213E-03	9.329371E-05
3.326791E+03	1.043659E-03	9.422946E-05
3.336605E+03	1.056555E-03	9.520092E-05
3.346418E+03	1.069177E-03	9.614282E-05
3.356232E+03	1.081882E-03	9.708738E-05
3.366045E+03	1.094668E-03	9.803440E-05
3.375859E+03	1.107533E-03	9.898353E-05
3.385672E+03	1.120856E-03	9.996858E-05
3.395486E+03	1.133874E-03	1.009216E-04
3.405299E+03	1.146965E-03	1.018760E-04
3.415113E+03	1.160125E-03	1.028316E-04
3.424926E+03	1.173747E-03	1.038231E-04
3.434740E+03	1.187039E-03	1.047805E-04
3.444553E+03	1.200392E-03	1.057381E-04
3.454367E+03	1.213803E-03	1.066958E-04
3.464181E+03	1.227679E-03	1.076894E-04
3.473994E+03	1.241197E-03	1.086465E-04
3.483808E+03	1.254763E-03	1.096026E-04
3.493621E+03	1.268795E-03	1.105944E-04
3.503435E+03	1.282449E-03	1.115482E-04
3.513248E+03	1.296138E-03	1.125000E-04
3.523062E+03	1.310294E-03	1.134871E-04
3.532875E+03	1.324046E-03	1.144343E-04
3.542689E+03	1.337823E-03	1.153786E-04
3.552502E+03	1.352065E-03	1.163580E-04
3.562316E+03	1.365880E-03	1.172955E-04
3.572130E+03	1.379706E-03	1.182290E-04
3.581943E+03	1.393993E-03	1.191971E-04
3.591757E+03	1.407829E-03	1.201216E-04
3.601570E+03	1.422125E-03	1.210804E-04
3.611384E+03	1.435950E-03	1.219942E-04
3.621197E+03	1.449761E-03	1.229020E-04
3.631011E+03	1.464028E-03	1.238437E-04
3.640824E+03	1.477797E-03	1.247383E-04
3.650638E+03	1.492018E-03	1.256665E-04
3.660451E+03	1.505722E-03	1.265464E-04
3.670265E+03	1.519384E-03	1.274181E-04
3.680079E+03	1.533491E-03	1.283225E-04
3.689892E+03	1.547052E-03	1.291769E-04
3.699706E+03	1.561053E-03	1.300634E-04
3.709519E+03	1.574489E-03	1.308985E-04
3.719333E+03	1.588360E-03	1.317654E-04
3.729146E+03	1.601645E-03	1.325793E-04
3.738960E+03	1.615357E-03	1.334245E-04
3.748773E+03	1.628464E-03	1.342156E-04
3.758587E+03	1.641991E-03	1.350374E-04
3.768400E+03	1.654893E-03	1.358037E-04
3.778214E+03	1.668207E-03	1.366000E-04
3.788027E+03	1.680872E-03	1.373396E-04
3.797841E+03	1.693944E-03	1.381087E-04
3.807655E+03	1.706346E-03	1.388197E-04
3.817468E+03	1.719145E-03	1.395595E-04
3.827282E+03	1.731255E-03	1.402401E-04
3.837095E+03	1.743751E-03	1.409488E-04
3.846909E+03	1.755536E-03	1.415969E-04
3.856722E+03	1.767698E-03	1.422725E-04
3.866536E+03	1.779128E-03	1.428865E-04
3.876349E+03	1.790925E-03	1.435271E-04
3.886163E+03	1.802528E-03	1.441497E-04
3.895976E+03	1.813368E-03	1.447088E-04
3.905790E+03	1.824558E-03	1.452936E-04
3.915604E+03	1.834964E-03	1.458137E-04
3.925417E+03	1.845708E-03	1.463589E-04
3.935231E+03	1.855648E-03	1.468384E-04
3.945044E+03	1.865914E-03	1.473421E-04
3.954858E+03	1.875355E-03	1.477791E-04
3.964671E+03	1.885113E-03	1.482397E-04
3.974485E+03	1.894603E-03	1.486781E-04
3.984298E+03	1.903238E-03	1.490483E-04
3.994112E+03	1.912170E-03	1.494410E-04
4.003925E+03	1.920227E-03	1.497647E-04
4.013739E+03	1.928570E-03	1.501101E-04
4.023553E+03	1.936018E-03	1.503856E-04
4.033366E+03	1.943740E-03	1.506822E-04
4.043180E+03	1.951139E-03	1.509539E-04
4.052993E+03	1.957619E-03	1.511545E-04
4.062807E+03	1.964351E-03	1.513752E-04
4.072620E+03	1.970148E-03	1.515243E-04
4.082434E+03	1.976185E-03	1.516927E-04
4.092247E+03	1.981269E-03	1.517890E-04
4.102061E+03	1.986583E-03	1.519040E-04
4.111874E+03	1.991524E-03	1.519918E-04
4.121688E+03	1.995492E-03	1.520069E-04
4.131501E+03	1.999670E-03	1.520396E-04
4.141315E+03	2.002861E-03	1.519993E-04
4.151129E+03	2.006250E-03	1.519762E-04
4.160942E+03	2.008642E-03	1.518798E-04
4.170756E+03	2.011222E-03	1.518001E-04
4.180569E+03	2.013387E-03	1.516917E-04
4.190383E+03	2.014540E-03	1.515098E-04
4.200196E+03	2.015865E-03	1.513440E-04
4.210010E+03	2.016169E-03	1.511048E-04
4.219823E+03	2.016636E-03	1.508811E-04
4.229637E+03	2.016077E-03	1.505842E-04
4.239450E+03	2.015671E-03	1.503025E-04
4.249264E+03	2.014236E-03	1.499480E-04
4.259078E+03	2.012948E-03	1.496085E-04
4.268891E+03	2.011214E-03	1.492399E-04
4.278705E+03	2.008448E-03	1.487993E-04
4.288518E+03	2.005821E-03	1.483734E-04
4.298332E+03	2.002166E-03	1.478760E-04
4.308145E+03	1.998645E-03	1.473932E-04
4.317959E+03	1.994108E-03	1.468401E-04
4.327772E+03	1.989719E-03	1.463024E-04
4.337586E+03	1.984339E-03	1.456966E-04
4.347399E+03	1.979128E-03	1.451078E-04
4.357213E+03	1.972956E-03	1.444532E-04
4.367026E+03	1.966971E-03	1.438169E-04
4.376840E+03	1.960057E-03	1.431173E-04
4.386654E+03	1.953349E-03	1.424374E-04
4.396467E+03	1.945746E-03	1.416966E-04
4.406281E+03	1.937818E-03	1.409369E-04
4.416094E+03	1.930130E-03	1.401991E-04
4.425908E+03	1.921595E-03	1.394043E-04
4.435721E+03	1.913319E-03	1.386327E-04
4.445535E+03	1.904229E-03	1.378065E-04
4.455348E+03	1.895420E-03	1.370050E-04
4.465162E+03	1.885832E-03	1.361514E-04
4.474975E+03	1.876544E-03	1.353238E-04
4.484789E+03	1.866510E-03	1.344465E-04
4.494603E+03	1.856275E-03	1.335589E-04
4.504416E+03	1.846371E-03	1.326992E-04
4.514230E+03	1.835771E-03	1.317935E-04
4.524043E+03	1.825009E-03	1.308802E-04
4.533857E+03	1.814605E-03	1.299963E-04
4.543670E+03	1.803554E-03	1.290699E-04
4.553484E+03	1.792878E-03	1.281742E-04
4.563297E+03	1.781588E-03	1.272381E-04
4.573111E+03	1.770197E-03	1.262986E-04
4.582924E+03	1.758718E-03	1.253563E-04
4.592738E+03	1.747646E-03	1.244465E-04
4.602552E+03	1.736021E-03	1.235006E-04
4.612365E+03	1.724341E-03	1.225542E-04
4.622179E+03	1.713088E-03	1.216415E-04
4.631992E+03	1.701327E-03	1.206958E-04
4.641806E+03	1.689542E-03	1.197515E-04
4.651619E+03	1.677743E-03	1.188094E-04
4.661433E+03	1.666397E-03	1.179023E-04
4.671246E+03	1.654597E-03	1.169659E-04
4.681060E+03	1.642811E-03	1.160334E-04
4.690873E+03	1.631048E-03	1.151054E-04
4.700687E+03	1.619318E-03	1.141823E-04
4.710500E+03	1.607628E-03	1.132647E-04
4.720314E+03	1.596421E-03	1.123838E-04
4.730128E+03	1.584832E-03	1.114784E-04
4.739941E+03	1.573309E-03	1.105801E-04
4.749755E+03	1.561856E-03	1.096891E-04
4.759568E+03	1.550482E-03	1.088060E-04
4.769382E+03	1.539193E-03	1.079312E-04
4.779195E+03	1.527996E-03	1.070650E-04
4.789009E+03	1.516898E-03	1.062078E-04
4.798822E+03	1.505904E-03	1.053601E-04
4.808636E+03	1.495021E-03	1.045221E-04
4.818449E+03	1.484254E-03	1.036941E-04
4.828263E+03	1.473607E-03	1.028766E-04
4.838077E+03	1.463089E-03	1.020698E-04
4.847890E+03	1.452703E-03	1.012741E-04
4.857704E+03	1.442453E-03	1.004896E-04
4.867517E+03	1.432344E-03	9.971663E-05
4.877331E+03	1.422381E-03	9.895552E-05
4.887144E+03	1.412569E-03	9.820648E-05
4.896958E+03	1.402911E-03	9.746972E-05
4.906771E+03	1.393412E-03	9.674551E-05
4.916585E+03	1.383709E-03	9.600862E-05
4.926398E+03	1.374541E-03	9.531024E-05
4.936212E+03	1.365542E-03	9.462504E-05
4.946026E+03	1.356716E-03	9.395310E-05
4.955839E+03	1.348065E-03	9.329467E-05
4.965653E+03	1.339242E-03	9.262554E-05
4.975466E+03	1.330955E-03	9.199477E-05
4.985280E+03	1.322854E-03	9.137797E-05
4.995093E+03	1.314595E-03	9.075149E-05
5.004907E+03	1.306873E-03	9.016318E-05
5.014720E+03	1.299345E-03	8.958927E-05
5.024534E+03	1.291674E-03	8.900663E-05
5.034347E+03	1.284539E-03	8.846199E-05
5.044161E+03	1.277604E-03	8.793206E-05
5.053974E+03	1.270542E-03	8.739432E-05
5.063788E+03	1.264015E-03	8.689436E-05
5.073602E+03	1.257369E-03	8.638709E-05
5.083415E+03	1.251258E-03	8.591752E-05
5.093229E+03	1.245035E-03	8.544107E-05
5.103042E+03	1.239348E-03	8.500222E-05
5.112856E+03	1.233557E-03	8.455703E-05
5.122669E+03	1.228300E-03	8.414926E-05
5.132483E+03	1.222946E-03	8.373561E-05
5.142296E+03	1.218128E-03	8.335933E-05
5.152110E+03	1.213219E-03	8.297756E-05
5.161923E+03	1.208534E-03	8.261183E-05
5.171737E+03	1.204386E-03	8.228345E-05
5.181551E+03	1.200155E-03	8.195005E-05
5.191364E+03	1.196155E-03	8.163306E-05
5.201178E+03	1.192386E-03	8.133247E-05
5.210991E+03	1.189153E-03	8.106900E-05
5.220805E+03	1.185850E-03	8.080137E-05
5.230618E+03	1.182782E-03	8.055032E-05
5.240432E+03	1.179953E-03	8.031605E-05
5.250245E+03	1.177362E-03	8.009853E-05
5.260059E+03	1.175010E-03	7.989787E-05
5.269872E+03	1.172900E-03	7.971413E-05
5.279686E+03	1.171331E-03	7.956759E-05
5.289500E+03	1.169708E-03	7.941792E-05
5.299313E+03	1.168332E-03	7.928548E-05
5.309127E+03	1.167202E-03	7.917023E-05
5.318940E+03	1.166322E-03	7.907235E-05
5.328754E+03	1.165692E-03	7.899187E-05
5.338567E+03	1.165019E-03	7.890894E-05
5.348381E+03	1.164893E-03	7.886355E-05
5.358194E+03	1.165021E-03	7.883573E-05
5.368008E+03	1.165405E-03	7.882563E-05
5.377821E+03	1.166045E-03	7.883324E-05
5.387635E+03	1.166942E-03	7.885869E-05
5.397448E+03	1.167805E-03	7.888221E-05
5.407262E+03	1.169217E-03	7.894325E-05
5.417076E+03	1.170884E-03	7.902192E-05
5.426889E+03	1.172804E-03	7.911806E-05
5.436703E+03	1.174684E-03	7.921176E-05
5.446516E+03	1.177104E-03	7.934229E-05
5.456330E+03	1.179478E-03	7.947000E-05
5.466143E+03	1.182390E-03	7.963421E-05
5.475957E+03	1.185543E-03	7.981494E-05
5.485770E+03	1.188641E-03	7.999220E-05
5.495584E+03	1.192269E-03	8.020540E-05
5.505397E+03	1.195837E-03	8.041468E-05
5.515211E+03	1.199633E-03	8.063956E-05
5.525025E+03	1.203955E-03	8.089996E-05
5.534838E+03	1.208203E-03	8.115555E-05
5.544652E+03	1.212972E-03	8.144629E-05
5.554465E+03	1.217660E-03	8.173174E-05
5.564279E+03	1.222563E-03	8.203173E-05
5.574092E+03	1.227678E-03	8.234600E-05
5.583906E+03	1.233304E-03	8.269468E-05
5.593719E+03	1.238832E-03	8.303688E-05
5.603533E+03	1.244561E-03	8.339266E-05
5.613346E+03	1.250488E-03	8.376176E-05
5.623160E+03	1.256608E-03	8.414386E-05
5.632974E+03	1.262918E-03	8.453875E-05
5.642787E+03	1.269414E-03	8.494613E-05
5.652601E+03	1.276404E-03	8.538660E-05
5.662414E+03	1.283261E-03	8.581818E-05
5.672228E+03	1.290290E-03	8.626139E-05
5.682041E+03	1.297172E-03	8.669474E-05
5.691855E+03	1.304533E-03	8.716017E-05
5.701668E+03	1.312053E-03	8.763629E-05
5.711482E+03	1.319728E-03	8.812279E-05
5.721295E+03	1.327551E-03	8.861925E-05
5.731109E+03	1.335518E-03	8.912536E-05
5.740922E+03	1.343298E-03	8.961899E-05
5.750736E+03	1.351535E-03	9.014322E-05
5.760550E+03	1.359900E-03	9.067600E-05
5.770363E+03	1.368385E-03	9.121690E-05
5.780177E+03	1.376651E-03	9.174327E-05
5.789990E+03	1.385357E-03	9.229912E-05
5.799804E+03	1.393828E-03	9.283936E-05
5.809617E+03	1.402731E-03	9.340845E-05
5.819431E+03	1.411379E-03	9.396075E-05
5.829244E+03	1.420448E-03	9.454123E-05
5.839058E+03	1.429244E-03	9.510374E-05
5.848871E+03	1.438450E-03	9.569368E-05
5.858685E+03	1.447365E-03	9.626444E-05
5.868499E+03	1.456677E-03	9.686186E-05
5.878312E+03	1.465678E-03	9.743878E-05
5.888126E+03	1.474707E-03	9.801793E-05
5.897939E+03	1.483757E-03	9.859873E-05
5.907753E+03	1.493178E-03	9.920451E-05
5.917566E+03	1.502243E-03	9.978699E-05
5.927380E+03	1.511303E-03	1.003694E-04
5.937193E+03	1.520345E-03	1.009512E-04
5.947007E+03	1.529361E-03	1.015316E-04
5.956820E+03	1.538340E-03	1.021101E-04
5.966634E+03	1.547274E-03	1.026861E-04
5.976447E+03	1.556152E-03	1.032589E-04
5.986261E+03	1.564962E-03	1.038278E-04
5.996075E+03	1.573696E-03	1.043922E-04
6.005888E+03	1.582341E-03	1.049514E-04
6.015702E+03	1.590888E-03	1.055048E-04
6.025515E+03	1.599325E-03	1.060516E-04
6.035329E+03	1.607642E-03	1.065913E-04
6.045142E+03	1.615441E-03	1.070974E-04
6.054956E+03	1.623483E-03	1.076205E-04
6.064769E+03	1.631371E-03	1.081343E-04
6.074583E+03	1.638703E-03	1.086122E-04
6.084396E+03	1.646249E-03	1.091054E-04
6.094210E+03	1.653610E-03	1.095872E-04
6.104024E+03	1.660378E-03	1.100309E-04
6.113837E+03	1.667333E-03	1.104882E-04
6.123651E+03	1.673671E-03	1.109057E-04
6.133464E+03	1.680182E-03	1.113359E-04
6.143278E+03	1.686060E-03	1.117255E-04
6.153091E+03	1.692105E-03	1.121276E-04
6.162905E+03	1.697509E-03	1.124885E-04
6.172718E+03	1.702669E-03	1.128346E-04
6.182532E+03	1.707991E-03	1.131930E-04
6.192345E+03	1.712660E-03	1.135095E-04
6.202159E+03	1.717081E-03	1.138108E-04
6.211973E+03	1.721251E-03	1.140970E-04
6.221786E+03	1.725581E-03	1.143951E-04
6.231600E+03	1.729250E-03	1.146507E-04
6.241413E+03	1.732665E-03	1.148908E-04
6.251227E+03	1.735828E-03	1.151155E-04
6.261040E+03	1.738738E-03	1.153246E-04
6.270854E+03	1.741393E-03	1.155183E-04
6.280667E+03	1.743797E-03	1.156964E-04
6.290481E+03	1.745947E-03	1.158590E-04
6.300294E+03	1.747846E-03	1.160061E-04
6.310108E+03	1.749493E-03	1.161377E-04
6.319921E+03	1.750474E-03	1.162262E-04
6.329735E+03	1.751621E-03	1.163270E-04
6.339549E+03	1.752520E-03	1.164125E-04
6.349362E+03	1.753173E-03	1.164826E-04
6.359176E+03	1.753164E-03	1.165100E-04
6.368989E+03	1.753328E-03	1.165499E-04
6.378803E+03	1.753250E-03	1.165748E-04
6.388616E+03	1.752517E-03	1.165573E-04
6.398430E+03	1.751962E-03	1.165526E-04
6.408243E+03	1.751172E-03	1.165333E-04
6.418057E+03	1.749735E-03	1.164719E-04
6.427870E+03	1.748067E-03	1.163961E-04
6.437684E+03	1.746585E-03	1.163337E-04
6.447498E+03	1.744465E-03	1.162297E-04
6.457311E+03	1.742536E-03	1.161394E-04
6.467125E+03	1.739975E-03	1.160079E-04
6.476938E+03	1.737198E-03	1.158629E-04
6.486752E+03	1.734619E-03	1.157319E-04
6.496565E+03	1.731419E-03	1.155605E-04
6.506379E+03	1.728012E-03	1.153761E-04
6.516192E+03	1.724403E-03	1.151790E-04
6.526006E+03	1.720594E-03	1.149693E-04
6.535819E+03	1.716588E-03	1.147473E-04
6.545633E+03	1.712795E-03	1.145404E-04
6.555447E+03	1.708407E-03	1.142945E-04
6.565260E+03	1.703832E-03	1.140368E-04
6.575074E+03	1.699076E-03	1.137678E-04
6.584887E+03	1.693739E-03	1.134607E-04
6.594701E+03	1.688630E-03	1.131695E-04
6.604514E+03	1.683350E-03	1.128676E-04
6.614328E+03	1.677902E-03	1.125552E-04
6.624141E+03	1.672291E-03	1.122325E-04
6.633955E+03	1.666518E-03	1.118998E-04
6.643768E+03	1.660197E-03	1.115309E-04
6.653582E+03	1.654118E-03	1.111789E-04
6.663395E+03	1.647890E-03	1.108176E-04
6.673209E+03	1.641128E-03	1.104212E-04
6.683023E+03	1.634614E-03	1.100420E-04
6.692836E+03	1.627964E-03	1.096544E-04
6.702650E+03	1.620795E-03	1.092324E-04
6.712463E+03	1.613882E-03	1.088284E-04
6.722277E+03	1.606462E-03	1.083908E-04
6.732090E+03	1.599302E-03	1.079714E-04
6.741904E+03	1.591645E-03	1.075191E-04
6.751717E+03	1.583877E-03	1.070599E-04
6.761531E+03	1.576374E-03	1.066193E-04
6.771344E+03	1.568391E-03	1.061467E-04
6.781158E+03	1.560307E-03	1.056680E-04
6.790972E+03	1.552495E-03	1.052083E-04
6.800785E+03	1.544218E-03	1.047178E-04
6.810599E+03	1.535851E-03	1.042217E-04
6.820412E+03	1.527398E-03	1.037204E-04
6.830226E+03	1.518861E-03	1.032140E-04
6.840039E+03	1.510244E-03	1.027027E-04
6.849853E+03	1.501907E-03	1.022111E-04
6.859666E+03	1.493139E-03	1.016908E-04
6.869480E+03	1.484301E-03	1.011662E-04
6.879293E+03	1.475396E-03	1.006377E-04
6.889107E+03	1.466427E-03	1.001054E-04
6.898921E+03	1.457051E-03	9.954589E-05
6.908734E+03	1.447967E-03	9.900685E-05
6.918548E+03	1.438828E-03	9.846462E-05
6.928361E+03	1.429638E-03	9.791946E-05
6.938175E+03	1.420399E-03	9.737154E-05
6.947988E+03	1.411115E-03	9.682104E-05
6.957802E+03	1.401454E-03	9.624521E-05
6.967615E+03	1.392088E-03	9.569023E-05
6.977429E+03	1.382686E-03	9.513325E-05
6.987242E+03	1.372921E-03	9.455182E-05
6.997056E+03	1.363453E-03	9.399138E-05
7.006869E+03	1.353956E-03	9.342943E-05
7.016683E+03	1.344111E-03	9.284395E-05
7.026497E+03	1.334564E-03	9.227955E-05
7.036310E+03	1.324677E-03	9.169220E-05
7.046124E+03	1.315089E-03	9.112592E-05
7.055937E+03	1.305171E-03	9.053728E-05
7.065751E+03	1.295241E-03	8.994825E-05
7.075564E+03	1.285610E-03	8.938038E-05
7.085378E+03	1.275662E-03	8.879092E-05
7.095191E+03	1.265708E-03	8.820148E-05
7.105005E+03	1.256051E-03	8.763315E-05
7.114818E+03	1.246091E-03	8.704402E-05
7.124632E+03	1.236130E-03	8.645524E-05
7.134446E+03	1.226172E-03	8.586695E-05
7.144259E+03	1.216509E-03	8.529974E-05
7.154073E+03	1.206558E-03	8.471262E-05
7.163886E+03	1.196613E-03	8.412631E-05
7.173700E+03	1.186678E-03	8.354088E-05
7.183513E+03	1.176752E-03	8.295644E-05
7.193327E+03	1.166837E-03	8.237301E-05
7.203140E+03	1.156936E-03	8.179077E-05
7.212954E+03	1.147049E-03	8.120972E-05
7.222767E+03	1.137178E-03	8.062998E-05
7.232581E+03	1.127323E-03	8.005160E-05
7.242395E+03	1.117486E-03	7.947459E-05
7.252208E+03	1.107668E-03	7.889910E-05
7.262022E+03	1.097605E-03	7.830619E-05
7.271835E+03	1.087831E-03	7.773395E-05
7.281649E+03	1.078079E-03	7.716335E-05
7.291462E+03	1.068350E-03	7.659439E-05
7.301276E+03	1.058388E-03	7.600871E-05
7.311089E+03	1.048710E-03	7.544332E-05
7.320903E+03	1.039057E-03	7.487957E-05
7.330716E+03	1.029181E-03	7.429944E-05
7.340530E+03	1.019584E-03	7.373904E-05
7.350343E+03	1.010014E-03	7.318019E-05
7.360157E+03	1.000230E-03	7.260526E-05
7.369971E+03	9.907186E-04	7.204951E-05
7.379784E+03	9.809989E-04	7.147787E-05
7.389598E+03	9.715498E-04	7.092515E-05
7.399411E+03	9.618971E-04	7.035669E-05
7.409225E+03	9.525108E-04	6.980675E-05
7.419038E+03	9.429264E-04	6.924127E-05
7.428852E+03	9.336055E-04	6.869403E-05
7.438665E+03	9.240914E-04	6.813141E-05
7.448479E+03	9.146150E-04	6.757028E-05
7.458292E+03	9.053961E-04	6.702687E-05
7.468106E+03	8.959919E-04	6.646835E-05
7.477920E+03	8.866265E-04	6.591125E-05
7.487733E+03	8.773014E-04	6.535559E-05
7.497547E+03	8.682316E-04	6.481739E-05
7.507360E+03	8.589932E-04	6.426498E-05
7.517174E+03	8.498026E-04	6.371445E-05
7.526987E+03	8.406620E-04	6.316589E-05
7.536801E+03	8.315740E-04	6.261948E-05
7.546614E+03	8.225394E-04	6.207522E-05
7.556428E+03	8.135616E-04	6.153335E-05
7.566241E+03	8.046420E-04	6.099394E-05
7.576055E+03	7.957819E-04	6.045705E-05
7.585868E+03	7.869834E-04	5.992281E-05
7.595682E+03	7.782479E-04	5.939130E-05
7.605496E+03	7.695767E-04	5.886261E-05
7.615309E+03	7.609718E-04	5.833687E-05
7.625123E+03	7.524333E-04	5.781406E-05
7.634936E+03	7.439631E-04	5.729432E-05
7.644750E+03	7.355620E-04	5.677770E-05
7.654563E+03	7.272313E-04	5.626427E-05
7.664377E+03	7.189723E-04	5.575414E-05
7.674190E+03	7.106083E-04	5.523357E-05
7.684004E+03	7.024962E-04	5.473025E-05
7.693817E+03	6.944569E-04	5.423030E-05
7.703631E+03	6.864921E-04	5.373384E-05
7.713445E+03	6.784330E-04	5.322765E-05
7.723258E+03	6.706200E-04	5.273839E-05
7.733072E+03	6.628826E-04	5.225272E-05
7.742885E+03	6.550577E-04	5.175776E-05
7.752699E+03	6.474743E-04	5.127950E-05
7.762512E+03	6.399676E-04	5.080493E-05
7.772326E+03	6.323794E-04	5.032148E-05
7.782139E+03	6.250280E-04	4.985449E-05
7.791953E+03	6.175988E-04	4.937887E-05
7.801766E+03	6.104033E-04	4.891954E-05
7.811580E+03	6.031333E-04	4.845183E-05
7.821394E+03	5.960935E-04	4.800021E-05
7.831207E+03	5.889824E-04	4.754046E-05
7.841021E+03	5.820981E-04	4.709661E-05
7.850834E+03	5.751454E-04	4.664485E-05
7.860648E+03	5.682724E-04	4.619715E-05
7.870461E+03	5.616207E-04	4.576506E-05
7.880275E+03	5.549047E-04	4.532537E-05
7.890088E+03	5.484061E-04	4.490109E-05
7.899902E+03	5.418459E-04	4.446942E-05
7.909715E+03	5.353637E-04	4.404180E-05
7.919529E+03	5.289592E-04	4.361822E-05
7.929342E+03	5.227646E-04	4.320966E-05
7.939156E+03	5.165127E-04	4.279406E-05
7.948970E+03	5.103372E-04	4.238248E-05
7.958783E+03	5.042375E-04	4.197491E-05
7.968597E+03	4.983401E-04	4.158193E-05
7.978410E+03	4.923891E-04	4.118225E-05
7.988224E+03	4.865124E-04	4.078654E-05
7.998037E+03	4.807094E-04	4.039478E-05
8.007851E+03	4.749796E-04	4.000697E-05
8.017664E+03	4.693222E-04	3.962307E-05
8.027478E+03	4.637368E-04	3.924308E-05
8.037291E+03	4.582228E-04	3.886696E-05
8.047105E+03	4.527794E-04	3.849471E-05
8.056919E+03	4.475211E-04	3.813611E-05
8.066732E+03	4.422161E-04	3.777144E-05
8.076546E+03	4.369797E-04	3.741056E-05
8.086359E+03	4.318115E-04	3.705346E-05
8.096173E+03	4.267108E-04	3.670012E-05
8.105986E+03	4.215678E-04	3.634111E-05
8.115800E+03	4.166012E-04	3.599527E-05
8.125613E+03	4.117000E-04	3.565312E-05
8.135427E+03	4.068636E-04	3.531462E-05
8.145240E+03	4.020912E-04	3.497973E-05
8.155054E+03	3.973822E-04	3.464846E-05
8.164868E+03	3.927358E-04	3.432075E-05
8.174681E+03	3.881515E-04	3.399659E-05
8.184495E+03	3.836285E-04	3.367595E-05
8.194308E+03	3.790671E-04	3.335009E-05
8.204122E+03	3.746657E-04	3.303648E-05
8.213935E+03	3.703234E-04	3.272630E-05
8.223749E+03	3.660397E-04	3.241952E-05
8.233562E+03	3.617190E-04	3.210770E-05
8.243376E+03	3.575512E-04	3.180771E-05
8.253189E+03	3.534399E-04	3.151105E-05
8.263003E+03	3.493843E-04	3.121766E-05
8.272816E+03	3.452929E-04	3.091940E-05
8.282630E+03	3.413477E-04	3.063257E-05
8.292444E+03	3.374563E-04	3.034895E-05
8.302257E+03	3.335298E-04	3.006055E-05
8.312071E+03	3.297446E-04	2.978329E-05
8.321884E+03	3.260111E-04	2.950915E-05
8.331698E+03	3.222432E-04	2.923033E-05
8.341511E+03	3.186120E-04	2.896238E-05
8.351325E+03	3.149468E-04	2.868982E-05
8.361138E+03	3.114152E-04	2.842793E-05
8.370952E+03	3.079320E-04	2.816901E-05
8.380765E+03	3.044154E-04	2.790558E-05
8.390579E+03	3.010279E-04	2.765254E-05
8.400393E+03	2.976073E-04	2.739505E-05
8.410206E+03	2.943129E-04	2.714778E-05
8.420020E+03	2.909858E-04	2.689611E-05
8.429833E+03	2.877821E-04	2.665449E-05
8.439647E+03	2.845459E-04	2.640852E-05
8.449460E+03	2.814304E-04	2.617244E-05
8.459274E+03	2.782827E-04	2.593205E-05
8.469087E+03	2.752529E-04	2.570137E-05
8.478901E+03	2.721912E-04	2.546644E-05
8.488714E+03	2.692448E-04	2.524105E-05
8.498528E+03	2.662667E-04	2.501147E-05
8.508342E+03	2.633300E-04	2.478454E-05
8.518155E+03	2.605047E-04	2.456690E-05
8.527969E+03	2.576481E-04	2.434514E-05
8.537782E+03	2.549005E-04	2.413250E-05
8.547596E+03	2.521218E-04	2.391579E-05
8.557409E+03	2.493815E-04	2.370158E-05
8.567223E+03	2.467466E-04	2.349627E-05
8.577036E+03	2.440810E-04	2.328693E-05
8.586850E+03	2.414522E-04	2.308003E-05
8.596663E+03	2.389251E-04	2.288179E-05
8.606477E+03	2.363678E-04	2.267959E-05
8.616290E+03	2.338457E-04	2.247974E-05
8.626104E+03	2.314219E-04	2.228832E-05
8.635918E+03	2.289682E-04	2.209302E-05
8.645731E+03	2.265482E-04	2.189997E-05
8.655545E+03	2.241614E-04	2.170915E-05
8.665358E+03	2.218687E-04	2.152649E-05
8.675172E+03	2.195464E-04	2.134001E-05
8.684985E+03	2.172558E-04	2.115567E-05
8.694799E+03	2.149967E-04	2.097347E-05
8.704612E+03	2.128275E-04	2.079915E-05
8.714426E+03	2.106290E-04	2.062108E-05
8.724239E+03	2.084606E-04	2.044506E-05
8.734053E+03	2.063217E-04	2.027107E-05
8.743867E+03	2.042689E-04	2.010469E-05
8.753680E+03	2.021872E-04	1.993464E-05
8.763494E+03	2.001338E-04	1.976653E-05
8.773307E+03	1.981081E-04	1.960036E-05
8.783121E+03	1.961099E-04	1.943609E-05
8.792934E+03	1.941386E-04	1.927370E-05
8.802748E+03	1.922482E-04	1.911856E-05
8.812561E+03	1.903293E-04	1.895982E-05
8.822375E+03	1.884362E-04	1.880290E-05
8.832188E+03	1.865685E-04	1.864777E-05
8.871443E+03	1.793958E-04	1.804987E-05
8.910697E+03	1.725479E-04	1.747362E-05
8.949951E+03	1.660555E-04	1.692297E-05
8.989205E+03	1.599442E-04	1.640142E-05
9.028459E+03	1.541005E-04	1.589815E-05
9.067713E+03	1.485536E-04	1.541688E-05
9.106968E+03	1.432865E-04	1.495652E-05
9.146222E+03	1.382826E-04	1.451602E-05
9.185476E+03	1.335270E-04	1.409442E-05
9.224730E+03	1.290051E-04	1.369075E-05
9.263984E+03	1.247034E-04	1.330412E-05
9.303238E+03	1.206095E-04	1.293370E-05
9.342493E+03	1.167113E-04	1.257867E-05
9.381747E+03	1.129979E-04	1.223827E-05
9.421001E+03	1.094584E-04	1.191177E-05
9.460255E+03	1.060834E-04	1.159850E-05
9.499509E+03	1.028635E-04	1.129778E-05
9.538763E+03	9.978998E-05	1.100902E-05
9.578018E+03	9.685472E-05	1.073161E-05
9.617272E+03	9.408007E-05	1.046834E-05
9.656526E+03	9.139822E-05	1.021194E-05
9.695780E+03	8.883306E-05	9.965321E-06
9.735034E+03	8.637826E-05	9.728003E-06
9.774289E+03	8.405530E-05	9.502640E-06
9.813543E+03	8.180312E-05	9.282550E-06
9.852797E+03	7.967077E-05	9.073482E-06
9.892051E+03	7.760013E-05	8.869006E-06
9.931305E+03	7.563867E-05	8.674709E-06
9.970559E+03	7.375575E-05	8.487255E-06
1.000981E+04	7.194732E-05	8.306328E-06
1.004907E+04	7.020942E-05	8.131608E-06
1.008832E+04	6.853848E-05	7.962814E-06
1.012758E+04	6.693110E-05	7.799669E-06
