#wls	flux	fluxerr
1.591691E+03	3.029987E-06	2.458768E-07
1.631484E+03	2.953770E-06	2.390698E-07
1.671276E+03	2.876007E-06	2.321551E-07
1.711068E+03	2.796430E-06	2.251130E-07
1.750861E+03	2.716186E-06	2.180377E-07
1.790653E+03	2.634761E-06	2.108896E-07
1.830445E+03	2.551373E-06	2.036081E-07
1.870237E+03	2.464417E-06	1.960681E-07
1.910030E+03	2.373747E-06	1.882619E-07
1.949822E+03	2.279129E-06	1.801750E-07
1.989614E+03	2.182026E-06	1.719273E-07
2.029406E+03	2.087008E-06	1.638809E-07
2.069199E+03	2.003102E-06	1.567423E-07
2.108991E+03	1.940395E-06	1.512901E-07
2.148783E+03	1.908970E-06	1.482906E-07
2.188576E+03	1.910762E-06	1.478671E-07
2.228368E+03	1.940708E-06	1.495995E-07
2.268160E+03	1.990360E-06	1.528129E-07
2.307952E+03	2.051395E-06	1.568514E-07
2.347745E+03	2.118265E-06	1.612803E-07
2.387537E+03	2.187803E-06	1.658519E-07
2.427329E+03	2.260188E-06	1.705754E-07
2.467122E+03	2.334914E-06	1.754079E-07
2.506914E+03	2.414338E-06	1.805211E-07
2.546706E+03	2.498255E-06	1.858925E-07
2.586498E+03	2.589369E-06	1.917153E-07
2.626291E+03	2.688551E-06	1.980431E-07
2.666083E+03	2.797209E-06	2.049668E-07
2.705875E+03	2.917361E-06	2.126198E-07
2.745668E+03	3.050724E-06	2.211092E-07
2.785460E+03	3.199268E-06	2.305571E-07
2.825252E+03	3.365887E-06	2.411479E-07
2.865044E+03	3.553466E-06	2.530592E-07
2.904837E+03	3.765580E-06	2.665115E-07
2.944629E+03	4.007929E-06	2.818671E-07
2.984421E+03	4.286371E-06	2.994871E-07
2.994369E+03	4.362136E-06	3.042751E-07
3.004317E+03	4.441072E-06	3.092637E-07
3.014266E+03	4.523336E-06	3.144626E-07
3.024214E+03	4.608466E-06	3.198384E-07
3.034162E+03	4.696760E-06	3.254105E-07
3.044110E+03	4.789220E-06	3.312470E-07
3.054058E+03	4.886019E-06	3.373580E-07
3.064006E+03	4.986642E-06	3.437066E-07
3.073954E+03	5.091978E-06	3.503521E-07
3.083902E+03	5.202255E-06	3.573083E-07
3.093850E+03	5.316984E-06	3.645398E-07
3.103798E+03	5.437143E-06	3.721115E-07
3.113746E+03	5.562260E-06	3.799890E-07
3.123694E+03	5.693383E-06	3.882418E-07
3.133642E+03	5.830847E-06	3.968901E-07
3.143590E+03	5.974220E-06	4.059019E-07
3.153539E+03	6.125476E-06	4.154086E-07
3.163487E+03	6.282601E-06	4.252707E-07
3.173435E+03	6.448484E-06	4.356808E-07
3.183383E+03	6.621950E-06	4.465559E-07
3.193331E+03	6.804350E-06	4.579838E-07
3.203279E+03	6.996248E-06	4.699986E-07
3.213227E+03	7.197341E-06	4.825758E-07
3.223175E+03	7.410087E-06	4.958761E-07
3.233123E+03	7.633342E-06	5.098181E-07
3.243071E+03	7.868762E-06	5.245074E-07
3.253019E+03	8.117146E-06	5.399922E-07
3.262967E+03	8.378322E-06	5.562554E-07
3.272915E+03	8.655225E-06	5.734856E-07
3.282863E+03	8.946740E-06	5.916026E-07
3.292812E+03	9.254913E-06	6.107347E-07
3.302760E+03	9.580825E-06	6.309458E-07
3.312708E+03	9.925611E-06	6.523027E-07
3.322656E+03	1.029047E-05	6.748757E-07
3.332604E+03	1.067666E-05	6.987375E-07
3.342552E+03	1.108420E-05	7.238812E-07
3.352500E+03	1.151696E-05	7.505486E-07
3.362448E+03	1.197512E-05	7.787392E-07
3.372396E+03	1.246010E-05	8.085348E-07
3.382344E+03	1.297193E-05	8.399251E-07
3.392292E+03	1.351497E-05	8.731786E-07
3.402240E+03	1.408934E-05	9.082891E-07
3.412188E+03	1.469659E-05	9.453420E-07
3.422136E+03	1.533830E-05	9.844237E-07
3.432085E+03	1.601611E-05	1.025622E-06
3.442033E+03	1.673171E-05	1.069030E-06
3.451981E+03	1.748691E-05	1.114743E-06
3.461929E+03	1.828556E-05	1.162987E-06
3.471877E+03	1.912802E-05	1.213767E-06
3.481825E+03	2.001458E-05	1.267078E-06
3.491773E+03	2.095177E-05	1.323311E-06
3.501721E+03	2.194027E-05	1.382486E-06
3.511669E+03	2.298518E-05	1.444897E-06
3.521617E+03	2.408724E-05	1.510565E-06
3.531565E+03	2.524943E-05	1.579647E-06
3.541513E+03	2.647473E-05	1.652299E-06
3.551461E+03	2.776612E-05	1.728677E-06
3.561409E+03	2.912934E-05	1.809104E-06
3.571358E+03	3.056471E-05	1.893564E-06
3.581306E+03	3.207806E-05	1.982381E-06
3.591254E+03	3.366612E-05	2.075314E-06
3.601202E+03	3.534081E-05	2.173059E-06
3.611150E+03	3.709503E-05	2.275136E-06
3.621098E+03	3.893743E-05	2.382034E-06
3.631046E+03	4.087014E-05	2.493836E-06
3.640994E+03	4.289116E-05	2.610376E-06
3.650942E+03	4.500147E-05	2.731666E-06
3.660890E+03	4.720566E-05	2.857936E-06
3.670838E+03	4.949992E-05	2.988909E-06
3.680786E+03	5.188807E-05	3.124765E-06
3.690734E+03	5.436483E-05	3.265137E-06
3.700682E+03	5.693294E-05	3.410142E-06
3.710631E+03	5.959031E-05	3.559604E-06
3.720579E+03	6.232878E-05	3.712988E-06
3.730527E+03	6.514399E-05	3.869991E-06
3.740475E+03	6.804161E-05	4.030904E-06
3.750423E+03	7.100511E-05	4.194703E-06
3.760371E+03	7.402725E-05	4.360923E-06
3.770319E+03	7.710573E-05	4.529395E-06
3.780267E+03	8.023179E-05	4.699568E-06
3.790215E+03	8.338914E-05	4.870463E-06
3.800163E+03	8.657290E-05	5.041773E-06
3.810111E+03	8.977116E-05	5.212785E-06
3.820059E+03	9.297106E-05	5.382742E-06
3.830007E+03	9.615164E-05	5.550425E-06
3.839955E+03	9.930500E-05	5.715383E-06
3.849904E+03	1.024156E-04	5.876734E-06
3.859852E+03	1.054598E-04	6.033137E-06
3.869800E+03	1.084356E-04	6.184512E-06
3.879748E+03	1.113105E-04	6.329035E-06
3.889696E+03	1.140661E-04	6.465713E-06
3.899644E+03	1.166999E-04	6.594459E-06
3.909592E+03	1.191854E-04	6.713845E-06
3.919540E+03	1.214960E-04	6.822447E-06
3.929488E+03	1.236215E-04	6.919781E-06
3.939436E+03	1.255444E-04	7.004964E-06
3.949384E+03	1.272480E-04	7.077181E-06
3.959332E+03	1.287093E-04	7.135259E-06
3.969280E+03	1.299318E-04	7.179530E-06
3.979228E+03	1.308886E-04	7.208633E-06
3.989176E+03	1.315805E-04	7.222759E-06
3.999125E+03	1.320034E-04	7.221829E-06
4.009073E+03	1.321569E-04	7.205962E-06
4.019021E+03	1.320446E-04	7.175501E-06
4.028969E+03	1.316664E-04	7.130596E-06
4.038917E+03	1.310509E-04	7.072933E-06
4.048865E+03	1.302001E-04	7.002752E-06
4.058813E+03	1.291518E-04	6.922220E-06
4.068761E+03	1.279182E-04	6.832095E-06
4.078709E+03	1.265385E-04	6.734570E-06
4.088657E+03	1.250404E-04	6.631205E-06
4.098605E+03	1.234755E-04	6.524793E-06
4.108553E+03	1.218752E-04	6.417031E-06
4.118501E+03	1.202720E-04	6.309643E-06
4.128449E+03	1.187111E-04	6.204998E-06
4.138398E+03	1.172353E-04	6.105309E-06
4.148346E+03	1.158598E-04	6.011315E-06
4.158294E+03	1.146338E-04	5.925505E-06
4.168242E+03	1.135770E-04	5.848811E-06
4.178190E+03	1.127051E-04	5.781935E-06
4.188138E+03	1.120404E-04	5.725915E-06
4.198086E+03	1.115945E-04	5.681224E-06
4.208034E+03	1.113747E-04	5.648105E-06
4.217982E+03	1.113790E-04	5.626321E-06
4.227930E+03	1.116186E-04	5.616301E-06
4.237878E+03	1.120801E-04	5.617236E-06
4.247826E+03	1.127593E-04	5.628785E-06
4.257774E+03	1.136619E-04	5.651097E-06
4.267722E+03	1.147720E-04	5.683251E-06
4.277671E+03	1.160859E-04	5.724939E-06
4.287619E+03	1.176081E-04	5.776256E-06
4.297567E+03	1.193417E-04	5.837219E-06
4.307515E+03	1.212947E-04	5.908096E-06
4.317463E+03	1.234757E-04	5.989167E-06
4.327411E+03	1.259051E-04	6.081266E-06
4.337359E+03	1.286206E-04	6.186051E-06
4.347307E+03	1.316378E-04	6.304097E-06
4.357255E+03	1.350060E-04	6.437559E-06
4.367203E+03	1.387688E-04	6.588282E-06
4.377151E+03	1.429824E-04	6.758676E-06
4.387099E+03	1.477281E-04	6.952274E-06
4.397047E+03	1.531002E-04	7.173160E-06
4.406995E+03	1.591805E-04	7.424751E-06
4.416944E+03	1.660889E-04	7.712150E-06
4.426892E+03	1.739111E-04	8.038795E-06
4.436840E+03	1.827709E-04	8.409795E-06
4.446788E+03	1.927754E-04	8.829378E-06
4.456736E+03	2.040399E-04	9.302065E-06
4.466684E+03	2.166788E-04	9.832222E-06
4.476632E+03	2.308093E-04	1.042425E-05
4.486580E+03	2.465107E-04	1.108074E-05
4.496528E+03	2.638668E-04	1.180441E-05
4.506476E+03	2.829339E-04	1.259668E-05
4.516424E+03	3.036980E-04	1.345580E-05
4.526372E+03	3.261275E-04	1.437925E-05
4.536320E+03	3.501278E-04	1.536176E-05
4.546268E+03	3.755494E-04	1.639576E-05
4.556217E+03	4.021908E-04	1.747153E-05
4.566165E+03	4.297877E-04	1.857683E-05
4.576113E+03	4.580675E-04	1.969927E-05
4.586061E+03	4.867158E-04	2.082490E-05
4.596009E+03	5.154005E-04	2.193931E-05
4.605957E+03	5.437621E-04	2.302721E-05
4.615905E+03	5.714563E-04	2.407427E-05
4.625853E+03	5.981632E-04	2.506748E-05
4.635801E+03	6.235585E-04	2.599395E-05
4.645749E+03	6.473140E-04	2.684089E-05
4.655697E+03	6.691486E-04	2.759777E-05
4.665645E+03	6.888387E-04	2.825666E-05
4.675593E+03	7.061617E-04	2.880989E-05
4.685541E+03	7.209683E-04	2.925296E-05
4.695490E+03	7.331647E-04	2.958375E-05
4.705438E+03	7.427398E-04	2.980355E-05
4.715386E+03	7.496925E-04	2.991407E-05
4.725334E+03	7.540983E-04	2.992006E-05
4.735282E+03	7.560789E-04	2.982805E-05
4.745230E+03	7.557686E-04	2.964493E-05
4.755178E+03	7.533984E-04	2.938128E-05
4.765126E+03	7.491459E-04	2.904539E-05
4.775074E+03	7.432210E-04	2.864662E-05
4.785022E+03	7.358141E-04	2.819345E-05
4.794970E+03	7.271790E-04	2.769655E-05
4.804918E+03	7.174731E-04	2.716273E-05
4.814866E+03	7.069043E-04	2.660058E-05
4.824814E+03	6.956198E-04	2.601621E-05
4.834763E+03	6.837842E-04	2.541624E-05
4.844711E+03	6.715147E-04	2.480541E-05
4.854659E+03	6.588840E-04	2.418669E-05
4.864607E+03	6.459747E-04	2.356339E-05
4.874555E+03	6.328281E-04	2.293719E-05
4.884503E+03	6.194503E-04	2.230851E-05
4.894451E+03	6.058541E-04	2.167798E-05
4.904399E+03	5.920639E-04	2.104665E-05
4.914347E+03	5.780741E-04	2.041448E-05
4.924295E+03	5.639040E-04	1.978229E-05
4.934243E+03	5.495991E-04	1.915182E-05
4.944191E+03	5.351877E-04	1.852417E-05
4.954139E+03	5.207246E-04	1.790131E-05
4.964087E+03	5.062872E-04	1.728594E-05
4.974036E+03	4.919192E-04	1.667954E-05
4.983984E+03	4.777210E-04	1.608547E-05
4.993932E+03	4.637595E-04	1.550586E-05
5.003880E+03	4.501165E-04	1.494327E-05
5.013828E+03	4.368880E-04	1.440066E-05
5.023776E+03	4.241369E-04	1.387981E-05
5.033724E+03	4.119610E-04	1.338358E-05
5.043672E+03	4.004442E-04	1.291427E-05
5.053620E+03	3.896677E-04	1.247404E-05
5.063568E+03	3.797172E-04	1.206507E-05
5.073516E+03	3.706453E-04	1.168846E-05
5.083464E+03	3.625263E-04	1.134591E-05
5.093412E+03	3.554176E-04	1.103855E-05
5.103360E+03	3.493596E-04	1.076688E-05
5.113309E+03	3.444074E-04	1.053186E-05
5.123257E+03	3.405704E-04	1.033298E-05
5.133205E+03	3.378765E-04	1.017029E-05
5.143153E+03	3.363055E-04	1.004238E-05
5.153101E+03	3.358376E-04	9.947843E-06
5.163049E+03	3.364544E-04	9.885361E-06
5.172997E+03	3.380946E-04	9.852373E-06
5.182945E+03	3.407125E-04	9.846823E-06
5.192893E+03	3.442498E-04	9.866342E-06
5.202841E+03	3.486392E-04	9.908361E-06
5.212789E+03	3.538314E-04	9.970878E-06
5.222737E+03	3.597754E-04	1.005190E-05
5.232685E+03	3.664309E-04	1.014978E-05
5.242633E+03	3.737640E-04	1.026307E-05
5.252582E+03	3.817657E-04	1.039105E-05
5.262530E+03	3.904554E-04	1.053378E-05
5.272478E+03	3.998663E-04	1.069165E-05
5.282426E+03	4.100428E-04	1.086533E-05
5.292374E+03	4.210704E-04	1.105653E-05
5.302322E+03	4.330458E-04	1.126718E-05
5.312270E+03	4.460776E-04	1.149940E-05
5.322218E+03	4.603015E-04	1.175592E-05
5.332166E+03	4.758775E-04	1.203995E-05
5.342114E+03	4.929640E-04	1.235452E-05
5.352062E+03	5.117073E-04	1.270221E-05
5.362010E+03	5.322537E-04	1.308546E-05
5.371958E+03	5.547403E-04	1.350636E-05
5.381906E+03	5.792533E-04	1.396564E-05
5.391855E+03	6.058673E-04	1.446369E-05
5.401803E+03	6.345931E-04	1.499931E-05
5.411751E+03	6.654110E-04	1.557062E-05
5.421699E+03	6.982742E-04	1.617512E-05
5.431647E+03	7.330839E-04	1.680917E-05
5.441595E+03	7.696791E-04	1.746783E-05
5.451543E+03	8.079417E-04	1.814729E-05
5.461491E+03	8.477303E-04	1.884334E-05
5.471439E+03	8.886970E-04	1.954737E-05
5.481387E+03	9.299721E-04	2.023976E-05
5.491335E+03	9.704989E-04	2.089767E-05
5.501283E+03	1.009284E-03	2.150061E-05
5.511231E+03	1.045387E-03	2.203008E-05
5.521179E+03	1.078032E-03	2.247191E-05
5.531128E+03	1.106630E-03	2.281645E-05
5.541076E+03	1.130800E-03	2.305886E-05
5.551024E+03	1.150397E-03	2.319932E-05
5.560972E+03	1.165434E-03	2.324131E-05
5.570920E+03	1.176119E-03	2.319209E-05
5.580868E+03	1.182805E-03	2.306157E-05
5.590816E+03	1.185947E-03	2.286127E-05
5.600764E+03	1.186064E-03	2.260349E-05
5.610712E+03	1.183719E-03	2.230088E-05
5.620660E+03	1.179393E-03	2.196409E-05
5.630608E+03	1.173622E-03	2.160429E-05
5.640556E+03	1.166801E-03	2.122959E-05
5.650504E+03	1.159371E-03	2.084853E-05
5.660452E+03	1.151672E-03	2.046750E-05
5.670401E+03	1.144046E-03	2.009256E-05
5.680349E+03	1.136922E-03	1.973111E-05
5.690297E+03	1.130701E-03	1.938965E-05
5.700245E+03	1.125945E-03	1.907708E-05
5.710193E+03	1.123206E-03	1.880171E-05
5.720141E+03	1.123166E-03	1.857356E-05
5.730089E+03	1.126550E-03	1.840281E-05
5.740037E+03	1.134022E-03	1.829815E-05
5.749985E+03	1.146259E-03	1.826789E-05
5.759933E+03	1.163896E-03	1.831927E-05
5.769881E+03	1.187360E-03	1.845578E-05
5.779829E+03	1.216981E-03	1.867916E-05
5.789777E+03	1.252760E-03	1.898596E-05
5.799725E+03	1.294437E-03	1.936887E-05
5.809674E+03	1.341431E-03	1.981607E-05
5.819622E+03	1.392654E-03	2.030890E-05
5.829570E+03	1.446658E-03	2.082436E-05
5.839518E+03	1.501535E-03	2.133403E-05
5.849466E+03	1.555091E-03	2.180694E-05
5.859414E+03	1.604905E-03	2.221062E-05
5.869362E+03	1.648518E-03	2.251386E-05
5.879310E+03	1.683757E-03	2.269107E-05
5.889258E+03	1.708888E-03	2.272399E-05
5.899206E+03	1.722813E-03	2.260388E-05
5.909154E+03	1.725268E-03	2.233350E-05
5.919102E+03	1.716708E-03	2.192482E-05
5.929050E+03	1.698324E-03	2.139871E-05
5.938998E+03	1.671746E-03	2.078053E-05
5.948946E+03	1.638951E-03	2.009872E-05
5.958895E+03	1.601936E-03	1.938051E-05
5.968843E+03	1.562670E-03	1.865143E-05
5.978791E+03	1.522857E-03	1.793258E-05
5.988739E+03	1.483986E-03	1.724144E-05
5.998687E+03	1.447199E-03	1.659052E-05
6.008635E+03	1.413374E-03	1.598875E-05
6.018583E+03	1.383151E-03	1.544183E-05
6.028531E+03	1.356906E-03	1.495229E-05
6.038479E+03	1.334788E-03	1.452000E-05
6.048427E+03	1.316788E-03	1.414314E-05
6.058375E+03	1.302763E-03	1.381859E-05
6.068323E+03	1.292387E-03	1.354144E-05
6.078271E+03	1.285245E-03	1.330616E-05
6.088219E+03	1.280864E-03	1.310690E-05
6.098168E+03	1.278714E-03	1.293757E-05
6.108116E+03	1.278238E-03	1.279211E-05
6.118064E+03	1.279058E-03	1.266655E-05
6.128012E+03	1.280896E-03	1.255811E-05
6.137960E+03	1.283636E-03	1.246573E-05
6.147908E+03	1.287366E-03	1.239038E-05
6.157856E+03	1.292332E-03	1.233459E-05
6.167804E+03	1.298799E-03	1.230098E-05
6.177752E+03	1.307023E-03	1.229211E-05
6.187700E+03	1.317037E-03	1.230840E-05
6.197648E+03	1.328606E-03	1.234791E-05
6.207596E+03	1.341034E-03	1.240449E-05
6.217544E+03	1.353944E-03	1.247512E-05
6.227492E+03	1.367703E-03	1.256368E-05
6.237441E+03	1.382434E-03	1.267178E-05
6.247389E+03	1.398004E-03	1.279869E-05
6.257337E+03	1.414068E-03	1.294154E-05
6.267285E+03	1.430167E-03	1.309607E-05
6.277233E+03	1.445883E-03	1.325836E-05
6.287181E+03	1.460820E-03	1.342462E-05
6.297129E+03	1.474780E-03	1.359274E-05
6.307077E+03	1.487742E-03	1.376219E-05
6.317025E+03	1.499888E-03	1.393422E-05
6.326973E+03	1.511656E-03	1.411246E-05
6.336921E+03	1.523613E-03	1.430177E-05
6.346869E+03	1.536379E-03	1.450761E-05
6.356817E+03	1.550642E-03	1.473624E-05
6.366765E+03	1.567020E-03	1.499342E-05
6.376714E+03	1.586052E-03	1.528435E-05
6.386662E+03	1.608138E-03	1.561308E-05
6.396610E+03	1.633637E-03	1.598339E-05
6.406558E+03	1.662652E-03	1.639672E-05
6.416506E+03	1.695207E-03	1.685378E-05
6.426454E+03	1.731116E-03	1.735319E-05
6.436402E+03	1.769986E-03	1.789148E-05
6.446350E+03	1.811210E-03	1.846283E-05
6.456298E+03	1.853962E-03	1.905898E-05
6.466246E+03	1.897209E-03	1.966922E-05
6.476194E+03	1.939741E-03	2.028061E-05
6.486142E+03	1.980213E-03	2.087836E-05
6.496090E+03	2.017236E-03	2.144667E-05
6.506038E+03	2.049300E-03	2.196800E-05
6.515987E+03	2.075098E-03	2.242642E-05
6.525935E+03	2.093358E-03	2.280596E-05
6.535883E+03	2.103081E-03	2.309324E-05
6.545831E+03	2.103628E-03	2.327856E-05
6.555779E+03	2.094656E-03	2.335537E-05
6.565727E+03	2.076460E-03	2.332429E-05
6.575675E+03	2.049577E-03	2.318884E-05
6.585623E+03	2.015149E-03	2.295974E-05
6.595571E+03	1.974525E-03	2.265058E-05
6.605519E+03	1.929319E-03	2.227848E-05
6.615467E+03	1.881159E-03	2.186136E-05
6.625415E+03	1.831571E-03	2.141650E-05
6.635363E+03	1.781961E-03	2.096025E-05
6.645311E+03	1.733555E-03	2.050728E-05
6.655260E+03	1.687313E-03	2.006942E-05
6.665208E+03	1.643965E-03	1.965603E-05
6.675156E+03	1.603994E-03	1.927363E-05
6.685104E+03	1.567732E-03	1.892705E-05
6.695052E+03	1.535266E-03	1.861815E-05
6.705000E+03	1.506597E-03	1.834774E-05
6.714948E+03	1.481480E-03	1.811357E-05
6.724896E+03	1.459657E-03	1.791311E-05
6.734844E+03	1.440791E-03	1.774279E-05
6.744792E+03	1.424541E-03	1.759888E-05
6.754740E+03	1.410602E-03	1.747801E-05
6.764688E+03	1.398739E-03	1.737759E-05
6.774636E+03	1.388777E-03	1.729571E-05
6.784584E+03	1.380702E-03	1.723243E-05
6.794533E+03	1.374494E-03	1.718770E-05
6.804481E+03	1.370214E-03	1.716246E-05
6.814429E+03	1.367944E-03	1.715787E-05
6.824377E+03	1.367761E-03	1.717501E-05
6.834325E+03	1.369710E-03	1.721454E-05
6.844273E+03	1.373784E-03	1.727642E-05
6.854221E+03	1.379935E-03	1.736008E-05
6.864169E+03	1.387997E-03	1.746339E-05
6.874117E+03	1.397765E-03	1.758371E-05
6.884065E+03	1.408980E-03	1.771774E-05
6.894013E+03	1.421356E-03	1.786175E-05
6.903961E+03	1.434623E-03	1.801226E-05
6.913909E+03	1.448465E-03	1.816521E-05
6.923857E+03	1.462646E-03	1.831751E-05
6.933806E+03	1.476901E-03	1.846578E-05
6.943754E+03	1.491019E-03	1.860732E-05
6.953702E+03	1.504810E-03	1.873971E-05
6.963650E+03	1.518125E-03	1.886110E-05
6.973598E+03	1.530795E-03	1.896940E-05
6.983546E+03	1.542623E-03	1.906224E-05
6.993494E+03	1.553446E-03	1.913773E-05
7.003442E+03	1.563150E-03	1.919460E-05
7.013390E+03	1.571594E-03	1.923132E-05
7.023338E+03	1.578754E-03	1.924783E-05
7.033286E+03	1.584626E-03	1.924437E-05
7.043234E+03	1.589363E-03	1.922310E-05
7.053182E+03	1.593193E-03	1.918708E-05
7.063130E+03	1.596411E-03	1.914015E-05
7.073079E+03	1.599417E-03	1.908736E-05
7.083027E+03	1.602686E-03	1.903460E-05
7.092975E+03	1.606673E-03	1.898743E-05
7.102923E+03	1.611782E-03	1.895068E-05
7.112871E+03	1.618432E-03	1.892930E-05
7.122819E+03	1.626943E-03	1.892700E-05
7.132767E+03	1.637526E-03	1.894613E-05
7.142715E+03	1.650365E-03	1.898871E-05
7.152663E+03	1.665520E-03	1.905532E-05
7.162611E+03	1.682919E-03	1.914502E-05
7.172559E+03	1.702450E-03	1.925648E-05
7.182507E+03	1.723854E-03	1.938680E-05
7.192455E+03	1.746701E-03	1.953126E-05
7.202403E+03	1.770480E-03	1.968441E-05
7.212352E+03	1.794489E-03	1.983885E-05
7.222300E+03	1.817838E-03	1.998536E-05
7.232248E+03	1.839600E-03	2.011460E-05
7.242196E+03	1.858768E-03	2.021657E-05
7.252144E+03	1.874380E-03	2.028206E-05
7.262092E+03	1.885589E-03	2.030328E-05
7.272040E+03	1.891908E-03	2.027647E-05
7.281988E+03	1.893014E-03	2.019969E-05
7.291936E+03	1.889003E-03	2.007540E-05
7.301884E+03	1.880371E-03	1.991019E-05
7.311832E+03	1.867718E-03	1.971155E-05
7.321780E+03	1.851921E-03	1.948971E-05
7.331728E+03	1.833875E-03	1.925484E-05
7.341676E+03	1.814422E-03	1.901640E-05
7.351625E+03	1.794234E-03	1.878186E-05
7.361573E+03	1.773864E-03	1.855741E-05
7.371521E+03	1.753625E-03	1.834662E-05
7.381469E+03	1.733636E-03	1.815097E-05
7.391417E+03	1.713860E-03	1.797033E-05
7.401365E+03	1.694116E-03	1.780294E-05
7.411313E+03	1.674271E-03	1.764753E-05
7.421261E+03	1.654040E-03	1.750110E-05
7.431209E+03	1.633277E-03	1.736206E-05
7.441157E+03	1.611873E-03	1.722903E-05
7.451105E+03	1.589786E-03	1.710123E-05
7.461053E+03	1.567207E-03	1.697986E-05
7.471001E+03	1.544334E-03	1.686609E-05
7.480949E+03	1.521593E-03	1.676362E-05
7.490898E+03	1.499475E-03	1.667703E-05
7.500846E+03	1.478508E-03	1.661153E-05
7.510794E+03	1.459197E-03	1.657237E-05
7.520742E+03	1.441920E-03	1.656363E-05
7.530690E+03	1.426967E-03	1.658871E-05
7.540638E+03	1.414220E-03	1.664642E-05
7.550586E+03	1.403225E-03	1.673166E-05
7.560534E+03	1.392890E-03	1.683141E-05
7.570482E+03	1.381305E-03	1.692197E-05
7.580430E+03	1.366645E-03	1.697945E-05
7.590378E+03	1.351041E-03	1.702842E-05
7.600326E+03	1.336931E-03	1.709891E-05
7.610274E+03	1.325490E-03	1.720642E-05
7.620222E+03	1.317122E-03	1.735723E-05
7.630171E+03	1.311616E-03	1.754988E-05
7.640119E+03	1.308416E-03	1.777813E-05
7.650067E+03	1.306799E-03	1.803308E-05
7.660015E+03	1.306012E-03	1.830486E-05
7.669963E+03	1.305337E-03	1.858347E-05
7.679911E+03	1.304266E-03	1.886136E-05
7.689859E+03	1.302330E-03	1.913106E-05
7.699807E+03	1.299293E-03	1.938819E-05
7.709755E+03	1.295044E-03	1.963001E-05
7.719703E+03	1.289478E-03	1.985376E-05
7.729651E+03	1.282605E-03	2.005837E-05
7.739599E+03	1.274528E-03	2.024427E-05
7.749547E+03	1.265283E-03	2.041083E-05
7.759495E+03	1.254912E-03	2.055764E-05
7.769444E+03	1.243548E-03	2.068579E-05
7.779392E+03	1.231217E-03	2.079469E-05
7.789340E+03	1.218030E-03	2.088527E-05
7.799288E+03	1.204072E-03	2.095811E-05
7.809236E+03	1.189430E-03	2.101389E-05
7.819184E+03	1.174190E-03	2.105341E-05
7.829132E+03	1.158434E-03	2.107748E-05
7.839080E+03	1.142216E-03	2.108649E-05
7.849028E+03	1.125668E-03	2.108233E-05
7.858976E+03	1.108809E-03	2.106493E-05
7.868924E+03	1.091734E-03	2.103568E-05
7.878872E+03	1.074506E-03	2.099550E-05
7.888820E+03	1.057184E-03	2.094527E-05
7.898768E+03	1.039821E-03	2.088582E-05
7.908716E+03	1.022465E-03	2.081798E-05
7.918665E+03	1.005160E-03	2.074252E-05
7.928613E+03	9.879180E-04	2.065965E-05
7.938561E+03	9.708232E-04	2.057107E-05
7.948509E+03	9.538562E-04	2.047640E-05
7.958457E+03	9.370667E-04	2.037673E-05
7.968405E+03	9.204763E-04	2.027260E-05
7.978353E+03	9.041036E-04	2.016451E-05
7.988301E+03	8.879636E-04	2.005292E-05
7.998249E+03	8.720691E-04	1.993823E-05
8.008197E+03	8.564097E-04	1.982037E-05
8.018145E+03	8.410368E-04	1.970066E-05
8.028093E+03	8.259142E-04	1.957845E-05
8.038041E+03	8.110693E-04	1.945456E-05
8.047989E+03	7.965057E-04	1.932926E-05
8.057938E+03	7.822264E-04	1.920283E-05
8.067886E+03	7.682324E-04	1.907551E-05
8.077834E+03	7.545256E-04	1.894753E-05
8.087782E+03	7.410877E-04	1.881867E-05
8.097730E+03	7.279561E-04	1.869007E-05
8.107678E+03	7.150941E-04	1.856103E-05
8.117626E+03	7.025199E-04	1.843222E-05
8.127574E+03	6.902332E-04	1.830387E-05
8.137522E+03	6.782357E-04	1.817625E-05
8.147470E+03	6.665114E-04	1.804916E-05
8.157418E+03	6.550976E-04	1.792383E-05
8.167366E+03	6.439648E-04	1.779970E-05
8.177314E+03	6.331359E-04	1.767765E-05
8.187262E+03	6.226195E-04	1.755816E-05
8.197211E+03	6.124251E-04	1.744175E-05
8.207159E+03	6.025663E-04	1.732910E-05
8.217107E+03	5.930420E-04	1.722044E-05
8.227055E+03	5.839021E-04	1.711751E-05
8.237003E+03	5.751355E-04	1.702031E-05
8.246951E+03	5.667800E-04	1.693027E-05
8.256899E+03	5.588594E-04	1.684846E-05
8.266847E+03	5.514004E-04	1.677606E-05
8.276795E+03	5.444143E-04	1.671378E-05
8.286743E+03	5.379586E-04	1.666380E-05
8.296691E+03	5.320316E-04	1.662652E-05
8.306639E+03	5.266747E-04	1.660367E-05
8.316587E+03	5.219134E-04	1.659653E-05
8.326535E+03	5.177563E-04	1.660587E-05
8.336484E+03	5.142532E-04	1.663380E-05
8.346432E+03	5.113925E-04	1.668047E-05
8.356380E+03	5.092021E-04	1.674732E-05
8.366328E+03	5.076897E-04	1.683516E-05
8.376276E+03	5.068587E-04	1.694463E-05
8.386224E+03	5.066914E-04	1.707570E-05
8.396172E+03	5.072058E-04	1.722951E-05
8.406120E+03	5.083565E-04	1.740504E-05
8.416068E+03	5.101331E-04	1.760245E-05
8.426016E+03	5.125024E-04	1.782107E-05
8.435964E+03	5.154088E-04	1.805942E-05
8.445912E+03	5.188311E-04	1.831717E-05
8.455860E+03	5.226814E-04	1.859159E-05
8.465808E+03	5.269072E-04	1.888112E-05
8.475757E+03	5.314327E-04	1.918332E-05
8.485705E+03	5.361598E-04	1.949484E-05
8.495653E+03	5.410286E-04	1.981364E-05
8.505601E+03	5.459110E-04	2.013508E-05
8.515549E+03	5.507226E-04	2.045602E-05
8.525497E+03	5.553587E-04	2.077247E-05
8.535445E+03	5.597139E-04	2.108033E-05
8.545393E+03	5.636669E-04	2.137475E-05
8.555341E+03	5.671321E-04	2.165214E-05
8.565289E+03	5.700127E-04	2.190840E-05
8.575237E+03	5.722214E-04	2.213968E-05
8.585185E+03	5.736786E-04	2.234236E-05
8.595133E+03	5.743185E-04	2.251328E-05
8.605081E+03	5.740708E-04	2.264905E-05
8.615030E+03	5.729164E-04	2.274821E-05
8.624978E+03	5.708347E-04	2.280927E-05
8.634926E+03	5.678231E-04	2.283142E-05
8.644874E+03	5.638945E-04	2.281449E-05
8.654822E+03	5.590618E-04	2.275832E-05
8.664770E+03	5.534045E-04	2.266551E-05
8.674718E+03	5.469463E-04	2.253642E-05
8.684666E+03	5.397735E-04	2.237405E-05
8.694614E+03	5.319647E-04	2.218118E-05
8.704562E+03	5.235889E-04	2.196023E-05
8.714510E+03	5.147677E-04	2.171595E-05
8.724458E+03	5.055591E-04	2.145049E-05
8.734406E+03	4.960856E-04	2.116881E-05
8.744354E+03	4.864019E-04	2.087310E-05
8.754303E+03	4.766073E-04	2.056751E-05
8.764251E+03	4.667788E-04	2.025532E-05
8.774199E+03	4.569866E-04	1.993961E-05
8.784147E+03	4.472787E-04	1.962252E-05
8.794095E+03	4.377399E-04	1.930789E-05
8.804043E+03	4.283877E-04	1.899662E-05
8.813991E+03	4.192759E-04	1.869129E-05
8.823939E+03	4.104498E-04	1.839410E-05
8.833887E+03	4.019058E-04	1.810513E-05
8.843835E+03	3.936759E-04	1.782603E-05
8.853783E+03	3.857718E-04	1.755759E-05
8.863731E+03	3.782003E-04	1.730037E-05
8.873679E+03	3.709635E-04	1.705470E-05
8.883627E+03	3.640471E-04	1.682018E-05
8.893576E+03	3.574716E-04	1.659800E-05
8.903524E+03	3.512167E-04	1.638746E-05
8.913472E+03	3.452606E-04	1.618777E-05
8.923420E+03	3.396167E-04	1.599979E-05
8.933368E+03	3.342604E-04	1.582258E-05
8.943316E+03	3.291671E-04	1.565518E-05
8.953264E+03	3.243472E-04	1.549827E-05
8.993056E+03	3.073946E-04	1.495963E-05
9.032849E+03	2.936271E-04	1.454466E-05
9.072641E+03	2.824225E-04	1.423089E-05
9.112433E+03	2.732629E-04	1.399885E-05
9.152225E+03	2.658310E-04	1.383758E-05
9.192018E+03	2.598885E-04	1.373911E-05
9.231810E+03	2.552179E-04	1.369563E-05
9.271602E+03	2.517108E-04	1.370453E-05
9.311395E+03	2.493171E-04	1.376592E-05
9.351187E+03	2.480144E-04	1.388127E-05
9.390979E+03	2.478317E-04	1.405475E-05
9.430771E+03	2.487608E-04	1.428842E-05
9.470564E+03	2.507389E-04	1.458106E-05
9.510356E+03	2.536125E-04	1.492583E-05
9.550148E+03	2.570853E-04	1.530688E-05
9.589941E+03	2.606899E-04	1.569720E-05
9.629733E+03	2.639178E-04	1.606601E-05
9.669525E+03	2.662494E-04	1.638049E-05
9.709317E+03	2.673065E-04	1.661536E-05
9.749110E+03	2.669156E-04	1.675728E-05
9.788902E+03	2.650041E-04	1.679901E-05
9.828694E+03	2.616960E-04	1.674582E-05
9.868487E+03	2.570958E-04	1.660209E-05
9.908279E+03	2.514422E-04	1.638134E-05
9.948071E+03	2.449082E-04	1.609335E-05
9.987863E+03	2.377126E-04	1.575140E-05
1.002766E+04	2.300446E-04	1.536733E-05
1.006745E+04	2.220577E-04	1.495103E-05
1.010724E+04	2.139304E-04	1.451438E-05
1.014703E+04	2.057688E-04	1.406474E-05
1.018682E+04	1.976570E-04	1.360815E-05
1.022662E+04	1.896885E-04	1.315146E-05
1.026641E+04	1.819078E-04	1.269825E-05
