#wls	flux	fluxerr
1.596313E+03	1.693589E-04	1.098214E-07
1.636220E+03	1.702827E-04	1.104205E-07
1.676128E+03	1.713018E-04	1.110813E-07
1.716036E+03	1.725562E-04	1.118948E-07
1.755944E+03	1.740488E-04	1.128626E-07
1.795852E+03	1.757127E-04	1.139416E-07
1.835759E+03	1.776203E-04	1.151786E-07
1.875667E+03	1.797745E-04	1.165755E-07
1.915575E+03	1.821081E-04	1.180888E-07
1.955483E+03	1.848359E-04	1.198576E-07
1.995391E+03	1.877494E-04	1.217469E-07
2.035298E+03	1.910652E-04	1.238970E-07
2.075206E+03	1.946453E-04	1.262185E-07
2.115114E+03	1.985645E-04	1.287600E-07
2.155022E+03	2.028271E-04	1.315241E-07
2.194930E+03	2.075096E-04	1.345604E-07
2.234838E+03	2.125438E-04	1.378249E-07
2.274745E+03	2.180065E-04	1.413672E-07
2.314653E+03	2.239020E-04	1.451902E-07
2.354561E+03	2.302341E-04	1.492963E-07
2.394469E+03	2.370806E-04	1.537359E-07
2.434377E+03	2.442958E-04	1.584146E-07
2.474284E+03	2.521057E-04	1.634790E-07
2.514192E+03	2.603628E-04	1.688334E-07
2.554100E+03	2.692184E-04	1.745758E-07
2.594008E+03	2.787495E-04	1.807563E-07
2.633916E+03	2.888794E-04	1.873250E-07
2.673823E+03	2.997586E-04	1.943796E-07
2.713731E+03	3.113823E-04	2.019171E-07
2.753639E+03	3.238194E-04	2.099818E-07
2.793547E+03	3.372116E-04	2.186659E-07
2.833455E+03	3.514595E-04	2.279048E-07
2.873363E+03	3.668413E-04	2.378790E-07
2.913270E+03	3.831488E-04	2.484533E-07
2.953178E+03	4.006950E-04	2.598307E-07
2.993086E+03	4.192817E-04	2.718826E-07
3.003063E+03	4.240789E-04	2.749931E-07
3.013040E+03	4.290008E-04	2.781846E-07
3.023017E+03	4.339647E-04	2.814032E-07
3.032994E+03	4.389662E-04	2.846461E-07
3.042971E+03	4.440795E-04	2.879616E-07
3.052948E+03	4.492208E-04	2.912952E-07
3.062925E+03	4.543843E-04	2.946431E-07
3.072902E+03	4.596426E-04	2.980525E-07
3.082879E+03	4.649890E-04	3.015191E-07
3.092856E+03	4.703373E-04	3.049868E-07
3.102832E+03	4.757583E-04	3.085016E-07
3.112809E+03	4.812428E-04	3.120575E-07
3.122786E+03	4.867029E-04	3.155977E-07
3.132763E+03	4.922067E-04	3.191661E-07
3.142740E+03	4.977426E-04	3.227553E-07
3.152717E+03	5.032985E-04	3.263574E-07
3.162694E+03	5.088610E-04	3.299637E-07
3.172671E+03	5.144156E-04	3.335649E-07
3.182648E+03	5.199470E-04	3.371510E-07
3.192625E+03	5.253615E-04	3.406612E-07
3.202602E+03	5.308728E-04	3.442342E-07
3.212579E+03	5.362308E-04	3.477077E-07
3.222556E+03	5.415688E-04	3.511682E-07
3.232533E+03	5.467131E-04	3.545030E-07
3.242510E+03	5.518689E-04	3.578452E-07
3.252487E+03	5.568607E-04	3.610810E-07
3.262464E+03	5.616639E-04	3.641945E-07
3.272441E+03	5.663279E-04	3.672175E-07
3.282418E+03	5.708250E-04	3.701324E-07
3.292395E+03	5.750543E-04	3.728735E-07
3.302372E+03	5.790616E-04	3.754706E-07
3.312348E+03	5.828183E-04	3.779051E-07
3.322325E+03	5.862963E-04	3.801588E-07
3.332302E+03	5.894678E-04	3.822137E-07
3.342279E+03	5.923762E-04	3.840979E-07
3.352256E+03	5.948563E-04	3.857043E-07
3.362233E+03	5.970246E-04	3.871085E-07
3.372210E+03	5.987920E-04	3.882527E-07
3.382187E+03	6.002100E-04	3.891702E-07
3.392164E+03	6.012656E-04	3.898527E-07
3.402141E+03	6.018873E-04	3.902537E-07
3.412118E+03	6.021416E-04	3.904165E-07
3.422095E+03	6.020363E-04	3.903460E-07
3.432072E+03	6.015887E-04	3.900536E-07
3.442049E+03	6.008261E-04	3.895568E-07
3.452026E+03	5.997868E-04	3.888807E-07
3.462003E+03	5.985792E-04	3.880953E-07
3.471980E+03	5.972627E-04	3.872392E-07
3.481957E+03	5.958544E-04	3.863237E-07
3.491934E+03	5.944444E-04	3.854070E-07
3.501911E+03	5.932432E-04	3.846256E-07
3.511888E+03	5.923104E-04	3.840183E-07
3.521864E+03	5.917759E-04	3.836691E-07
3.531841E+03	5.917836E-04	3.836714E-07
3.541818E+03	5.925389E-04	3.841584E-07
3.551795E+03	5.941523E-04	3.852018E-07
3.561772E+03	5.968748E-04	3.869642E-07
3.571749E+03	6.007347E-04	3.894640E-07
3.581726E+03	6.058538E-04	3.927802E-07
3.591703E+03	6.122738E-04	3.969397E-07
3.601680E+03	6.202747E-04	4.021242E-07
3.611657E+03	6.300664E-04	4.084696E-07
3.618880E+03	1.191822E-03	7.726501E-07
3.623639E+03	1.208474E-03	7.834433E-07
3.628398E+03	1.190772E-03	7.719652E-07
3.633157E+03	1.202484E-03	7.795559E-07
3.637916E+03	1.200547E-03	7.782986E-07
3.642675E+03	1.173125E-03	7.605192E-07
3.647434E+03	1.145596E-03	7.426713E-07
3.652193E+03	1.130682E-03	7.330007E-07
3.656952E+03	1.117405E-03	7.243920E-07
3.661711E+03	1.043673E-03	6.765917E-07
3.666470E+03	9.841312E-04	6.379910E-07
3.671229E+03	9.630669E-04	6.243344E-07
3.675988E+03	9.328236E-04	6.047274E-07
3.680747E+03	9.200262E-04	5.964304E-07
3.685506E+03	9.260433E-04	6.003304E-07
3.690265E+03	9.656593E-04	6.260118E-07
3.695024E+03	1.001308E-03	6.491210E-07
3.699784E+03	9.998644E-04	6.481850E-07
3.704543E+03	1.047086E-03	6.787972E-07
3.709302E+03	1.085392E-03	7.036296E-07
3.714061E+03	1.114140E-03	7.222657E-07
3.718820E+03	1.169197E-03	7.579580E-07
3.723579E+03	1.199231E-03	7.774281E-07
3.728338E+03	1.257853E-03	8.154316E-07
3.733097E+03	1.304163E-03	8.454533E-07
3.737846E+03	1.366728E-03	8.860132E-07
3.742605E+03	1.405409E-03	9.110891E-07
3.747364E+03	1.469054E-03	9.523498E-07
3.752123E+03	1.511769E-03	9.800410E-07
3.756882E+03	1.559261E-03	1.010830E-06
3.761641E+03	1.582524E-03	1.025912E-06
3.766400E+03	1.620917E-03	1.050802E-06
3.771159E+03	1.624101E-03	1.052867E-06
3.775918E+03	1.629388E-03	1.056296E-06
3.780677E+03	1.626787E-03	1.054611E-06
3.785436E+03	1.604651E-03	1.040263E-06
3.790195E+03	1.584033E-03	1.026898E-06
3.794954E+03	1.563271E-03	1.013440E-06
3.799713E+03	1.527997E-03	9.905734E-07
3.804472E+03	1.478300E-03	9.583574E-07
3.809231E+03	1.447557E-03	9.384285E-07
3.813990E+03	1.431450E-03	9.279883E-07
3.818749E+03	1.411432E-03	9.150120E-07
3.823508E+03	1.380229E-03	8.947847E-07
3.828267E+03	1.347465E-03	8.735457E-07
3.833026E+03	1.333359E-03	8.644022E-07
3.837785E+03	1.310773E-03	8.497614E-07
3.842544E+03	1.267545E-03	8.217383E-07
3.847303E+03	1.205483E-03	7.815050E-07
3.852062E+03	1.151636E-03	7.465973E-07
3.856821E+03	1.084779E-03	7.032556E-07
3.861580E+03	1.003252E-03	6.504027E-07
3.866339E+03	9.350883E-04	6.062136E-07
3.871098E+03	8.728574E-04	5.658704E-07
3.875857E+03	8.169212E-04	5.296078E-07
3.880616E+03	7.747526E-04	5.022705E-07
3.885375E+03	7.827238E-04	5.074388E-07
3.890134E+03	8.404446E-04	5.448598E-07
3.894883E+03	9.365926E-04	6.071931E-07
3.899642E+03	1.076983E-03	6.982090E-07
3.904401E+03	1.251356E-03	8.112559E-07
3.909160E+03	1.450813E-03	9.405644E-07
3.913919E+03	1.669249E-03	1.082178E-06
3.918678E+03	1.899399E-03	1.231385E-06
3.923437E+03	2.138422E-03	1.386345E-06
3.928196E+03	2.385900E-03	1.546787E-06
3.932955E+03	2.629776E-03	1.704893E-06
3.937714E+03	2.871496E-03	1.861602E-06
3.942473E+03	3.115127E-03	2.019549E-06
3.947232E+03	3.352859E-03	2.173673E-06
3.951991E+03	3.576815E-03	2.318864E-06
3.956750E+03	3.791494E-03	2.458041E-06
3.961509E+03	3.986409E-03	2.584405E-06
3.966268E+03	4.136598E-03	2.681773E-06
3.971027E+03	4.238902E-03	2.748096E-06
3.975786E+03	4.299250E-03	2.787218E-06
3.980545E+03	4.304856E-03	2.790851E-06
3.985304E+03	4.247950E-03	2.753958E-06
3.990063E+03	4.139645E-03	2.683741E-06
3.994822E+03	3.985893E-03	2.584061E-06
3.999581E+03	3.795992E-03	2.460946E-06
4.004340E+03	3.588169E-03	2.326211E-06
4.009099E+03	3.380097E-03	2.191316E-06
4.013858E+03	3.194435E-03	2.070948E-06
4.018617E+03	3.028143E-03	1.963139E-06
4.023376E+03	2.899403E-03	1.879674E-06
4.028135E+03	2.826468E-03	1.832388E-06
4.032894E+03	2.815847E-03	1.825499E-06
4.037653E+03	2.852251E-03	1.849096E-06
4.042412E+03	2.938826E-03	1.905218E-06
4.047171E+03	3.066030E-03	1.987679E-06
4.051920E+03	3.218437E-03	2.086479E-06
4.056679E+03	3.387403E-03	2.196012E-06
4.061438E+03	3.556096E-03	2.305368E-06
4.066197E+03	3.717881E-03	2.410245E-06
4.070956E+03	3.877910E-03	2.513983E-06
4.075715E+03	4.042113E-03	2.620425E-06
4.080474E+03	4.214262E-03	2.732018E-06
4.085233E+03	4.391561E-03	2.846948E-06
4.089992E+03	4.572124E-03	2.963993E-06
4.094751E+03	4.737396E-03	3.071125E-06
4.099510E+03	4.880356E-03	3.163791E-06
4.104269E+03	4.992005E-03	3.236158E-06
4.109028E+03	5.055979E-03	3.277618E-06
4.113787E+03	5.066571E-03	3.284472E-06
4.118546E+03	5.024197E-03	3.256989E-06
4.123305E+03	4.935157E-03	3.199254E-06
4.128064E+03	4.805684E-03	3.115309E-06
4.132823E+03	4.643307E-03	3.010034E-06
4.137582E+03	4.462719E-03	2.892954E-06
4.142341E+03	4.281976E-03	2.775775E-06
4.147100E+03	4.100727E-03	2.658268E-06
4.151859E+03	3.951070E-03	2.561241E-06
4.156618E+03	3.838409E-03	2.488197E-06
4.161377E+03	3.763476E-03	2.439610E-06
4.166136E+03	3.715032E-03	2.408194E-06
4.170895E+03	3.697899E-03	2.397074E-06
4.175654E+03	3.707073E-03	2.403008E-06
4.180413E+03	3.721757E-03	2.412512E-06
4.185172E+03	3.731092E-03	2.418550E-06
4.189931E+03	3.730633E-03	2.418237E-06
4.194690E+03	3.713094E-03	2.406853E-06
4.199449E+03	3.668391E-03	2.377862E-06
4.204208E+03	3.599989E-03	2.333508E-06
4.208957E+03	3.506346E-03	2.272794E-06
4.213716E+03	3.385697E-03	2.194576E-06
4.218475E+03	3.234614E-03	2.096631E-06
4.223234E+03	3.070486E-03	1.990232E-06
4.227993E+03	2.901237E-03	1.880515E-06
4.232752E+03	2.740426E-03	1.776268E-06
4.237511E+03	2.600515E-03	1.685570E-06
4.242270E+03	2.476386E-03	1.605101E-06
4.247029E+03	2.366627E-03	1.533948E-06
4.251788E+03	2.268403E-03	1.470273E-06
4.256547E+03	2.192469E-03	1.421045E-06
4.261306E+03	2.134537E-03	1.383486E-06
4.266065E+03	2.101456E-03	1.362034E-06
4.270824E+03	2.098138E-03	1.359873E-06
4.275583E+03	2.124375E-03	1.376867E-06
4.280342E+03	2.188608E-03	1.418486E-06
4.285101E+03	2.284664E-03	1.480730E-06
4.289860E+03	2.402381E-03	1.557012E-06
4.294619E+03	2.537326E-03	1.644458E-06
4.299378E+03	2.696151E-03	1.747379E-06
4.304137E+03	2.867677E-03	1.858530E-06
4.308896E+03	3.050133E-03	1.976762E-06
4.313655E+03	3.238911E-03	2.099090E-06
4.318414E+03	3.421820E-03	2.217612E-06
4.323173E+03	3.594174E-03	2.329291E-06
4.327932E+03	3.744079E-03	2.426420E-06
4.332691E+03	3.864675E-03	2.504553E-06
4.337450E+03	3.951030E-03	2.560495E-06
4.342209E+03	4.001242E-03	2.593013E-06
4.346969E+03	4.009353E-03	2.598248E-06
4.351728E+03	3.994624E-03	2.588681E-06
4.356487E+03	3.962312E-03	2.567720E-06
4.361246E+03	3.921818E-03	2.541458E-06
4.365995E+03	3.878434E-03	2.513323E-06
4.370754E+03	3.837035E-03	2.486474E-06
4.375513E+03	3.809291E-03	2.468476E-06
4.380272E+03	3.797806E-03	2.461014E-06
4.385031E+03	3.811507E-03	2.469873E-06
4.389790E+03	3.849383E-03	2.494398E-06
4.394549E+03	3.910298E-03	2.533852E-06
4.399308E+03	3.984998E-03	2.582238E-06
4.404067E+03	4.069838E-03	2.637194E-06
4.408826E+03	4.150357E-03	2.689351E-06
4.413585E+03	4.225408E-03	2.737964E-06
4.418344E+03	4.283337E-03	2.775482E-06
4.423103E+03	4.321247E-03	2.800029E-06
4.427862E+03	4.333006E-03	2.807631E-06
4.432621E+03	4.323219E-03	2.801274E-06
4.437380E+03	4.300106E-03	2.786283E-06
4.442139E+03	4.245723E-03	2.751031E-06
4.446898E+03	4.175884E-03	2.705765E-06
4.451657E+03	4.093753E-03	2.652537E-06
4.456416E+03	4.005110E-03	2.595091E-06
4.461175E+03	3.900605E-03	2.527368E-06
4.465934E+03	3.777364E-03	2.447507E-06
4.470693E+03	3.637351E-03	2.356781E-06
4.475452E+03	3.485601E-03	2.258451E-06
4.480211E+03	3.340871E-03	2.164671E-06
4.484970E+03	3.212514E-03	2.081501E-06
4.489729E+03	3.107206E-03	2.013267E-06
4.494488E+03	3.040520E-03	1.970059E-06
4.499247E+03	3.022295E-03	1.958251E-06
4.504006E+03	3.057169E-03	1.980849E-06
4.508765E+03	3.153431E-03	2.043223E-06
4.513524E+03	3.304439E-03	2.141072E-06
4.518283E+03	3.505905E-03	2.271615E-06
4.523042E+03	3.752824E-03	2.431610E-06
4.527791E+03	4.037857E-03	2.616304E-06
4.532550E+03	4.349989E-03	2.818559E-06
4.537309E+03	4.671133E-03	3.026656E-06
4.542068E+03	4.984175E-03	3.229505E-06
4.546827E+03	5.282748E-03	3.422983E-06
4.551586E+03	5.560467E-03	3.602951E-06
4.556345E+03	5.819102E-03	3.770557E-06
4.561104E+03	6.060899E-03	3.927255E-06
4.565863E+03	6.279236E-03	4.068755E-06
4.570622E+03	6.473821E-03	4.194867E-06
4.575381E+03	6.642636E-03	4.304283E-06
4.580140E+03	6.781467E-03	4.394272E-06
4.584899E+03	6.885867E-03	4.461953E-06
4.589658E+03	6.954037E-03	4.506159E-06
4.594417E+03	6.992629E-03	4.531199E-06
4.599176E+03	7.004145E-03	4.538696E-06
4.603935E+03	7.000939E-03	4.536653E-06
4.608694E+03	6.991108E-03	4.530318E-06
4.613453E+03	6.977200E-03	4.521341E-06
4.618212E+03	6.968726E-03	4.515886E-06
4.622971E+03	6.972432E-03	4.518324E-06
4.627730E+03	6.993680E-03	4.532130E-06
4.632489E+03	7.034240E-03	4.558451E-06
4.637248E+03	7.097508E-03	4.599490E-06
4.642007E+03	7.176662E-03	4.650823E-06
4.646766E+03	7.273814E-03	4.713821E-06
4.651525E+03	7.373867E-03	4.778701E-06
4.656284E+03	7.460070E-03	4.834606E-06
4.661043E+03	7.519379E-03	4.873082E-06
4.665802E+03	7.546292E-03	4.890565E-06
4.670561E+03	7.536242E-03	4.884092E-06
4.675320E+03	7.492573E-03	4.855831E-06
4.680079E+03	7.412462E-03	4.803952E-06
4.684828E+03	7.303452E-03	4.733342E-06
4.689587E+03	7.170548E-03	4.647245E-06
4.694346E+03	7.015943E-03	4.547082E-06
4.699105E+03	6.845112E-03	4.436401E-06
4.703864E+03	6.659793E-03	4.316328E-06
4.708623E+03	6.456595E-03	4.184664E-06
4.713382E+03	6.233871E-03	4.040344E-06
4.718141E+03	5.991260E-03	3.883131E-06
4.722900E+03	5.725477E-03	3.710896E-06
4.727659E+03	5.435686E-03	3.523098E-06
4.732418E+03	5.115206E-03	3.315407E-06
4.737177E+03	4.758987E-03	3.084547E-06
4.741936E+03	4.366648E-03	2.830272E-06
4.746695E+03	3.956768E-03	2.564623E-06
4.751454E+03	3.556022E-03	2.304892E-06
4.756213E+03	3.179759E-03	2.061025E-06
4.760972E+03	2.866768E-03	1.858166E-06
4.765731E+03	2.624952E-03	1.701439E-06
4.770490E+03	2.479335E-03	1.607063E-06
4.775249E+03	2.444535E-03	1.584516E-06
4.780008E+03	2.523816E-03	1.635916E-06
4.784767E+03	2.712235E-03	1.758058E-06
4.789526E+03	2.997691E-03	1.943100E-06
4.794285E+03	3.368418E-03	2.183418E-06
4.799044E+03	3.805360E-03	2.466660E-06
4.803803E+03	4.282634E-03	2.776047E-06
4.808562E+03	4.783715E-03	3.100869E-06
4.813321E+03	5.292888E-03	3.430941E-06
4.818080E+03	5.806642E-03	3.763984E-06
4.822839E+03	6.304174E-03	4.086515E-06
4.827598E+03	6.781949E-03	4.396241E-06
4.832357E+03	7.232072E-03	4.688045E-06
4.837116E+03	7.653108E-03	4.960996E-06
4.841865E+03	8.036908E-03	5.209810E-06
4.846624E+03	8.387925E-03	5.437375E-06
4.851383E+03	8.693048E-03	5.635191E-06
4.856142E+03	8.947282E-03	5.800019E-06
4.860901E+03	9.155648E-03	5.935113E-06
4.865660E+03	9.323881E-03	6.044192E-06
4.870419E+03	9.444858E-03	6.122636E-06
4.875178E+03	9.516875E-03	6.169342E-06
4.879937E+03	9.542241E-03	6.185805E-06
4.884696E+03	9.526218E-03	6.175437E-06
4.889455E+03	9.471239E-03	6.139813E-06
4.894214E+03	9.380801E-03	6.081203E-06
4.898973E+03	9.244098E-03	5.992599E-06
4.903732E+03	9.065327E-03	5.876723E-06
4.908491E+03	8.859349E-03	5.743208E-06
4.913250E+03	8.636669E-03	5.598864E-06
4.918009E+03	8.411834E-03	5.453121E-06
4.922768E+03	8.192782E-03	5.311126E-06
4.927527E+03	7.990427E-03	5.179954E-06
4.932286E+03	7.809418E-03	5.062619E-06
4.937045E+03	7.641944E-03	4.954057E-06
4.941804E+03	7.476263E-03	4.846657E-06
4.946563E+03	7.318436E-03	4.744346E-06
4.951322E+03	7.175603E-03	4.651755E-06
4.956081E+03	7.040290E-03	4.564038E-06
4.960840E+03	6.932144E-03	4.493932E-06
4.965599E+03	6.854181E-03	4.443393E-06
4.970358E+03	6.832898E-03	4.429596E-06
4.975117E+03	6.876488E-03	4.457855E-06
4.979876E+03	6.984342E-03	4.527773E-06
4.984635E+03	7.145826E-03	4.632458E-06
4.989394E+03	7.354225E-03	4.767556E-06
4.994154E+03	7.597914E-03	4.925530E-06
4.998903E+03	7.850888E-03	5.089524E-06
5.003662E+03	8.105054E-03	5.254288E-06
5.008421E+03	8.347482E-03	5.411442E-06
5.013180E+03	8.566544E-03	5.553446E-06
5.017939E+03	8.746023E-03	5.669789E-06
5.022698E+03	8.871705E-03	5.751256E-06
5.027457E+03	8.937856E-03	5.794130E-06
5.032216E+03	8.931040E-03	5.789701E-06
5.036975E+03	8.838390E-03	5.729628E-06
5.041734E+03	8.658540E-03	5.613024E-06
5.046493E+03	8.397812E-03	5.443991E-06
5.051252E+03	8.061705E-03	5.226092E-06
5.056011E+03	7.668366E-03	4.971093E-06
5.060770E+03	7.245395E-03	4.696884E-06
5.065529E+03	6.815754E-03	4.418353E-06
5.070288E+03	6.388112E-03	4.141118E-06
5.075047E+03	5.989995E-03	3.883024E-06
5.079806E+03	5.645260E-03	3.659536E-06
5.084565E+03	5.354494E-03	3.471035E-06
5.089324E+03	5.121555E-03	3.320021E-06
5.094083E+03	4.945956E-03	3.206176E-06
5.098842E+03	4.803335E-03	3.113711E-06
5.103601E+03	4.698248E-03	3.045576E-06
5.108360E+03	4.635264E-03	3.004734E-06
5.113119E+03	4.610707E-03	2.988802E-06
5.117878E+03	4.632315E-03	3.002794E-06
5.122637E+03	4.700434E-03	3.046936E-06
5.127396E+03	4.819793E-03	3.124292E-06
5.132155E+03	4.984416E-03	3.230987E-06
5.136914E+03	5.171248E-03	3.352077E-06
5.141673E+03	5.378389E-03	3.486329E-06
5.146432E+03	5.597464E-03	3.628315E-06
5.151191E+03	5.816284E-03	3.770134E-06
5.155940E+03	6.031908E-03	3.909878E-06
5.160699E+03	6.247897E-03	4.049857E-06
5.165458E+03	6.463630E-03	4.189668E-06
5.170217E+03	6.681192E-03	4.330661E-06
5.174976E+03	6.889180E-03	4.465447E-06
5.179735E+03	7.077143E-03	4.587250E-06
5.184494E+03	7.231641E-03	4.687360E-06
5.189253E+03	7.347677E-03	4.762538E-06
5.194012E+03	7.411256E-03	4.803714E-06
5.198771E+03	7.425207E-03	4.812721E-06
5.203530E+03	7.405305E-03	4.799785E-06
5.208289E+03	7.356523E-03	4.768130E-06
5.213048E+03	7.290021E-03	4.724991E-06
5.217807E+03	7.216627E-03	4.677384E-06
5.222566E+03	7.150043E-03	4.634191E-06
5.227325E+03	7.098576E-03	4.600796E-06
5.232084E+03	7.058916E-03	4.575054E-06
5.236843E+03	7.030595E-03	4.556661E-06
5.241602E+03	7.013763E-03	4.545714E-06
5.246361E+03	7.007950E-03	4.541907E-06
5.251120E+03	7.011939E-03	4.544453E-06
5.255879E+03	7.024259E-03	4.552398E-06
5.260638E+03	7.043437E-03	4.564787E-06
5.265397E+03	7.073097E-03	4.583969E-06
5.270156E+03	7.110896E-03	4.608425E-06
5.274915E+03	7.154105E-03	4.636386E-06
5.279674E+03	7.203986E-03	4.668671E-06
5.284433E+03	7.257928E-03	4.703586E-06
5.289192E+03	7.314687E-03	4.740325E-06
5.293951E+03	7.370137E-03	4.776216E-06
5.298710E+03	7.417758E-03	4.807033E-06
5.303469E+03	7.462043E-03	4.835687E-06
5.308228E+03	7.502601E-03	4.861925E-06
5.312977E+03	7.540917E-03	4.886710E-06
5.317736E+03	7.582157E-03	4.913389E-06
5.322495E+03	7.626439E-03	4.942039E-06
5.327254E+03	7.669234E-03	4.969726E-06
5.332013E+03	7.707137E-03	4.994242E-06
5.336772E+03	7.738869E-03	5.014759E-06
5.341531E+03	7.766307E-03	5.032494E-06
5.346290E+03	7.777190E-03	5.039502E-06
5.351049E+03	7.769586E-03	5.034530E-06
5.355808E+03	7.755583E-03	5.025413E-06
5.360567E+03	7.742755E-03	5.017058E-06
5.365326E+03	7.739710E-03	5.015043E-06
5.370085E+03	7.756853E-03	5.026110E-06
5.374844E+03	7.786365E-03	5.045192E-06
5.379603E+03	7.826360E-03	5.071067E-06
5.384362E+03	7.870255E-03	5.099470E-06
5.389121E+03	7.904713E-03	5.121759E-06
5.393880E+03	7.918143E-03	5.130424E-06
5.398639E+03	7.912276E-03	5.126588E-06
5.403398E+03	7.886437E-03	5.109813E-06
5.408157E+03	7.838037E-03	5.078422E-06
5.412916E+03	7.770216E-03	5.034450E-06
5.417675E+03	7.683705E-03	4.978371E-06
5.422434E+03	7.594670E-03	4.920658E-06
5.427193E+03	7.509107E-03	4.865199E-06
5.431952E+03	7.423317E-03	4.809594E-06
5.436711E+03	7.341898E-03	4.756824E-06
5.441470E+03	7.269460E-03	4.709876E-06
5.446229E+03	7.210874E-03	4.671905E-06
5.450988E+03	7.166414E-03	4.643088E-06
5.455747E+03	7.137504E-03	4.624350E-06
5.460506E+03	7.120960E-03	4.613625E-06
5.465265E+03	7.130883E-03	4.620052E-06
5.470014E+03	7.175497E-03	4.648957E-06
5.474773E+03	7.236764E-03	4.688655E-06
5.479532E+03	7.317383E-03	4.740893E-06
5.484291E+03	7.420711E-03	4.807848E-06
5.489050E+03	7.537527E-03	4.883544E-06
5.493809E+03	7.660395E-03	4.963165E-06
5.498568E+03	7.785211E-03	5.044051E-06
5.503327E+03	7.901830E-03	5.119629E-06
5.508086E+03	8.001770E-03	5.184403E-06
5.512845E+03	8.083481E-03	5.237369E-06
5.517604E+03	8.135650E-03	5.271198E-06
5.522363E+03	8.155441E-03	5.284050E-06
5.527122E+03	8.135523E-03	5.271177E-06
5.531881E+03	8.078200E-03	5.234069E-06
5.536640E+03	7.992726E-03	5.178722E-06
5.541399E+03	7.867148E-03	5.097392E-06
5.546158E+03	7.701471E-03	4.990080E-06
5.550917E+03	7.507910E-03	4.864701E-06
5.555676E+03	7.299201E-03	4.729506E-06
5.560435E+03	7.089237E-03	4.593497E-06
5.565194E+03	6.884717E-03	4.461013E-06
5.569953E+03	6.700946E-03	4.341973E-06
5.574712E+03	6.545132E-03	4.241047E-06
5.579471E+03	6.421009E-03	4.160655E-06
5.584230E+03	6.331281E-03	4.102550E-06
5.588989E+03	6.273506E-03	4.065149E-06
5.593748E+03	6.250513E-03	4.050286E-06
5.598507E+03	6.260755E-03	4.056960E-06
5.603266E+03	6.296133E-03	4.079922E-06
5.608025E+03	6.358571E-03	4.120420E-06
5.612784E+03	6.444081E-03	4.175870E-06
5.617543E+03	6.543793E-03	4.240524E-06
5.622302E+03	6.668879E-03	4.321623E-06
5.627052E+03	6.809444E-03	4.412754E-06
5.631811E+03	6.954691E-03	4.506921E-06
5.636570E+03	7.105136E-03	4.604459E-06
5.641329E+03	7.254485E-03	4.701288E-06
5.646088E+03	7.396321E-03	4.793250E-06
5.650847E+03	7.523073E-03	4.875437E-06
5.655606E+03	7.624353E-03	4.941119E-06
5.660365E+03	7.694013E-03	4.986309E-06
5.665124E+03	7.741048E-03	5.016837E-06
5.669883E+03	7.769706E-03	5.035455E-06
5.674642E+03	7.766654E-03	5.033523E-06
5.679401E+03	7.734474E-03	5.012711E-06
5.684160E+03	7.686005E-03	4.981342E-06
5.688919E+03	7.624974E-03	4.941831E-06
5.693678E+03	7.556773E-03	4.897671E-06
5.698437E+03	7.489867E-03	4.854350E-06
5.703196E+03	7.427590E-03	4.814028E-06
5.707955E+03	7.373017E-03	4.778697E-06
5.712714E+03	7.327171E-03	4.749021E-06
5.717473E+03	7.288128E-03	4.723754E-06
5.722232E+03	7.256271E-03	4.703144E-06
5.726991E+03	7.224683E-03	4.682706E-06
5.731750E+03	7.186708E-03	4.658129E-06
5.736509E+03	7.141069E-03	4.628582E-06
5.741268E+03	7.072028E-03	4.583867E-06
5.746027E+03	6.976909E-03	4.522246E-06
5.750786E+03	6.858028E-03	4.445222E-06
5.755545E+03	6.717570E-03	4.354211E-06
5.760304E+03	6.560407E-03	4.252370E-06
5.765063E+03	6.382966E-03	4.137383E-06
5.769822E+03	6.200217E-03	4.018952E-06
5.774581E+03	6.022265E-03	3.903630E-06
5.779340E+03	5.852302E-03	3.793484E-06
5.784089E+03	5.697614E-03	3.693237E-06
5.788848E+03	5.560110E-03	3.604127E-06
5.793607E+03	5.447578E-03	3.531202E-06
5.798366E+03	5.366143E-03	3.478435E-06
5.803125E+03	5.314644E-03	3.445071E-06
5.807884E+03	5.296775E-03	3.433506E-06
5.812643E+03	5.314952E-03	3.445306E-06
5.817402E+03	5.364564E-03	3.477483E-06
5.822161E+03	5.449435E-03	3.532516E-06
5.826920E+03	5.569427E-03	3.610316E-06
5.831679E+03	5.718021E-03	3.706657E-06
5.836438E+03	5.887547E-03	3.816567E-06
5.841197E+03	6.073663E-03	3.937232E-06
5.845956E+03	6.270879E-03	4.065093E-06
5.850715E+03	6.471792E-03	4.195350E-06
5.855474E+03	6.668745E-03	4.323041E-06
5.860233E+03	6.853448E-03	4.442791E-06
5.864992E+03	7.018888E-03	4.550053E-06
5.869751E+03	7.162392E-03	4.643095E-06
5.874510E+03	7.277714E-03	4.717868E-06
5.879269E+03	7.356568E-03	4.768999E-06
5.884028E+03	7.405212E-03	4.800546E-06
5.888787E+03	7.416510E-03	4.807882E-06
5.893546E+03	7.398630E-03	4.796302E-06
5.898305E+03	7.356425E-03	4.768952E-06
5.903064E+03	7.290789E-03	4.726411E-06
5.907823E+03	7.213715E-03	4.676454E-06
5.912582E+03	7.127882E-03	4.620819E-06
5.917341E+03	7.045408E-03	4.567360E-06
5.922100E+03	6.974967E-03	4.521700E-06
5.926859E+03	6.916047E-03	4.483508E-06
5.931618E+03	6.867244E-03	4.451875E-06
5.936377E+03	6.832514E-03	4.429364E-06
5.941126E+03	6.804074E-03	4.410929E-06
5.945885E+03	6.778864E-03	4.394588E-06
5.950644E+03	6.757265E-03	4.380587E-06
5.955403E+03	6.739917E-03	4.369341E-06
5.960162E+03	6.726438E-03	4.360602E-06
5.964921E+03	6.711340E-03	4.350814E-06
5.969680E+03	6.697304E-03	4.341713E-06
5.974439E+03	6.688925E-03	4.336278E-06
5.979198E+03	6.684799E-03	4.333600E-06
5.983957E+03	6.683013E-03	4.332438E-06
5.988716E+03	6.679738E-03	4.330310E-06
5.993475E+03	6.678166E-03	4.329286E-06
5.998234E+03	6.679447E-03	4.330110E-06
6.002993E+03	6.674517E-03	4.326907E-06
6.007752E+03	6.660692E-03	4.317937E-06
6.012511E+03	6.641801E-03	4.305681E-06
6.017270E+03	6.611455E-03	4.286000E-06
6.022029E+03	6.574376E-03	4.261953E-06
6.026788E+03	6.535800E-03	4.236935E-06
6.031547E+03	6.484226E-03	4.203490E-06
6.036306E+03	6.422330E-03	4.163354E-06
6.041065E+03	6.363144E-03	4.124973E-06
6.045824E+03	6.304110E-03	4.086691E-06
6.050583E+03	6.248042E-03	4.050331E-06
6.055342E+03	6.199415E-03	4.018794E-06
6.060101E+03	6.160407E-03	3.993493E-06
6.064860E+03	6.130382E-03	3.974014E-06
6.069619E+03	6.115744E-03	3.964509E-06
6.074378E+03	6.121621E-03	3.968301E-06
6.079137E+03	6.144825E-03	3.983326E-06
6.083896E+03	6.180758E-03	4.006601E-06
6.088655E+03	6.219441E-03	4.031658E-06
6.093414E+03	6.266513E-03	4.062152E-06
6.098163E+03	6.311984E-03	4.091607E-06
6.102922E+03	6.349325E-03	4.115792E-06
6.107681E+03	6.382245E-03	4.137109E-06
6.112440E+03	6.402021E-03	4.149905E-06
6.117199E+03	6.414414E-03	4.157915E-06
6.121958E+03	6.422756E-03	4.163298E-06
6.126717E+03	6.426145E-03	4.165469E-06
6.131476E+03	6.423421E-03	4.163678E-06
6.136235E+03	6.409827E-03	4.154840E-06
6.140994E+03	6.383684E-03	4.137867E-06
6.145753E+03	6.353716E-03	4.118414E-06
6.150512E+03	6.319406E-03	4.096147E-06
6.155271E+03	6.279976E-03	4.070560E-06
6.160030E+03	6.240952E-03	4.045237E-06
6.164789E+03	6.196413E-03	4.016338E-06
6.169548E+03	6.153691E-03	3.988617E-06
6.174307E+03	6.115489E-03	3.963826E-06
6.179066E+03	6.082070E-03	3.942135E-06
6.183825E+03	6.059622E-03	3.927554E-06
6.188584E+03	6.050478E-03	3.921596E-06
6.193343E+03	6.053233E-03	3.923349E-06
6.198102E+03	6.069967E-03	3.934163E-06
6.202861E+03	6.099147E-03	3.953043E-06
6.207620E+03	6.139241E-03	3.978995E-06
6.212379E+03	6.186386E-03	4.009515E-06
6.217138E+03	6.236459E-03	4.041933E-06
6.221897E+03	6.287523E-03	4.074992E-06
6.226656E+03	6.329882E-03	4.102409E-06
6.231415E+03	6.361585E-03	4.122918E-06
6.236174E+03	6.377698E-03	4.133322E-06
6.240933E+03	6.384415E-03	4.137637E-06
6.245692E+03	6.375505E-03	4.131824E-06
6.250451E+03	6.358592E-03	4.120825E-06
6.255200E+03	6.331067E-03	4.102947E-06
6.259959E+03	6.299022E-03	4.082141E-06
6.264719E+03	6.262443E-03	4.058396E-06
6.269478E+03	6.222881E-03	4.032720E-06
6.274237E+03	6.188389E-03	4.010328E-06
6.278996E+03	6.161964E-03	3.993165E-06
6.283755E+03	6.145829E-03	3.982670E-06
6.288514E+03	6.141560E-03	3.979865E-06
6.293273E+03	6.146442E-03	3.982990E-06
6.298032E+03	6.161403E-03	3.992646E-06
6.302791E+03	6.175896E-03	4.001998E-06
6.307550E+03	6.190834E-03	4.011640E-06
6.312309E+03	6.201129E-03	4.018272E-06
6.317068E+03	6.206118E-03	4.021466E-06
6.321827E+03	6.199388E-03	4.017068E-06
6.326586E+03	6.177258E-03	4.002690E-06
6.331345E+03	6.134991E-03	3.975265E-06
6.336104E+03	6.069275E-03	3.932648E-06
6.340863E+03	5.980985E-03	3.875405E-06
6.345622E+03	5.869291E-03	3.802998E-06
6.350381E+03	5.729820E-03	3.712596E-06
6.355140E+03	5.563305E-03	3.604673E-06
6.359899E+03	5.377833E-03	3.484470E-06
6.364658E+03	5.169293E-03	3.349323E-06
6.369417E+03	4.942765E-03	3.202525E-06
6.374176E+03	4.695447E-03	3.042259E-06
6.378935E+03	4.434535E-03	2.873190E-06
6.383694E+03	4.167377E-03	2.700076E-06
6.388453E+03	3.891320E-03	2.521200E-06
6.393212E+03	3.617816E-03	2.343981E-06
6.397971E+03	3.351752E-03	2.171585E-06
6.402730E+03	3.091684E-03	2.003077E-06
6.407489E+03	2.850441E-03	1.846769E-06
6.412238E+03	2.628849E-03	1.703194E-06
6.416997E+03	2.431452E-03	1.575297E-06
6.421756E+03	2.263588E-03	1.466536E-06
6.426515E+03	2.137910E-03	1.385107E-06
6.431274E+03	2.076645E-03	1.345411E-06
6.436033E+03	2.083910E-03	1.350115E-06
6.440792E+03	2.171397E-03	1.406794E-06
6.445551E+03	2.356813E-03	1.526920E-06
6.450310E+03	2.647011E-03	1.714931E-06
6.455069E+03	3.041808E-03	1.970712E-06
6.459828E+03	3.520519E-03	2.280860E-06
6.464587E+03	4.077855E-03	2.641950E-06
6.469346E+03	4.716252E-03	3.055560E-06
6.474105E+03	5.424939E-03	3.514715E-06
6.478864E+03	6.201399E-03	4.017783E-06
6.483623E+03	7.032816E-03	4.556464E-06
6.488382E+03	7.916370E-03	5.128930E-06
6.493141E+03	8.827690E-03	5.719394E-06
6.497900E+03	9.760812E-03	6.323992E-06
6.502659E+03	1.068431E-02	6.922364E-06
6.507418E+03	1.158702E-02	7.507279E-06
6.512177E+03	1.245081E-02	8.066984E-06
6.516936E+03	1.325249E-02	8.586461E-06
6.521695E+03	1.397231E-02	9.052912E-06
6.526454E+03	1.459853E-02	9.458726E-06
6.531213E+03	1.512208E-02	9.798026E-06
6.535972E+03	1.553465E-02	1.006543E-05
6.540731E+03	1.582117E-02	1.025116E-05
6.545490E+03	1.598137E-02	1.035505E-05
6.550249E+03	1.602170E-02	1.038127E-05
6.555008E+03	1.594732E-02	1.033318E-05
6.559767E+03	1.576472E-02	1.021495E-05
6.564526E+03	1.549260E-02	1.003873E-05
6.569275E+03	1.513884E-02	9.809597E-06
6.574034E+03	1.471823E-02	9.537142E-06
6.578793E+03	1.425497E-02	9.237051E-06
6.583552E+03	1.376526E-02	8.919813E-06
6.588311E+03	1.325975E-02	8.592335E-06
6.593070E+03	1.275581E-02	8.265863E-06
6.597829E+03	1.225262E-02	7.939874E-06
6.602588E+03	1.176161E-02	7.621773E-06
6.607347E+03	1.129563E-02	7.319879E-06
6.612106E+03	1.084625E-02	7.028740E-06
6.616865E+03	1.041407E-02	6.748745E-06
6.621624E+03	9.998300E-03	6.479376E-06
6.626383E+03	9.611279E-03	6.228633E-06
6.631142E+03	9.257326E-03	5.999314E-06
6.635901E+03	8.933358E-03	5.789422E-06
6.640660E+03	8.642464E-03	5.600961E-06
6.645419E+03	8.396793E-03	5.441804E-06
6.650178E+03	8.184515E-03	5.304284E-06
6.654937E+03	7.991284E-03	5.179106E-06
6.659696E+03	7.800507E-03	5.055515E-06
6.664455E+03	7.624989E-03	4.941811E-06
6.669214E+03	7.468071E-03	4.840159E-06
6.673973E+03	7.312842E-03	4.739601E-06
6.678732E+03	7.166758E-03	4.644966E-06
6.683491E+03	7.020585E-03	4.550271E-06
6.688250E+03	6.888422E-03	4.464655E-06
6.693009E+03	6.763525E-03	4.383746E-06
6.697768E+03	6.647851E-03	4.308813E-06
6.702527E+03	6.534907E-03	4.235648E-06
6.707286E+03	6.431638E-03	4.168751E-06
6.712045E+03	6.334456E-03	4.105799E-06
6.716804E+03	6.244212E-03	4.047342E-06
6.721563E+03	6.160230E-03	3.992942E-06
6.726312E+03	6.086687E-03	3.945307E-06
6.731071E+03	6.023917E-03	3.904654E-06
6.735830E+03	5.961892E-03	3.864483E-06
6.740589E+03	5.898100E-03	3.823165E-06
6.745348E+03	5.844135E-03	3.788217E-06
6.750107E+03	5.815275E-03	3.769540E-06
6.754866E+03	5.808929E-03	3.765456E-06
6.759625E+03	5.817873E-03	3.771284E-06
6.764384E+03	5.838784E-03	3.784868E-06
6.769143E+03	5.859759E-03	3.798494E-06
6.773902E+03	5.881783E-03	3.812799E-06
6.778661E+03	5.904156E-03	3.827331E-06
6.783420E+03	5.924485E-03	3.840536E-06
6.788179E+03	5.934445E-03	3.847021E-06
6.792938E+03	5.928924E-03	3.843469E-06
6.797697E+03	5.909007E-03	3.830583E-06
6.802456E+03	5.882851E-03	3.813653E-06
6.807215E+03	5.850721E-03	3.792850E-06
6.811974E+03	5.811464E-03	3.767425E-06
6.816733E+03	5.766051E-03	3.738008E-06
6.821492E+03	5.713326E-03	3.703851E-06
6.826251E+03	5.657246E-03	3.667518E-06
6.831010E+03	5.602496E-03	3.632046E-06
6.835769E+03	5.553351E-03	3.600207E-06
6.840528E+03	5.509972E-03	3.572105E-06
6.845287E+03	5.470662E-03	3.546641E-06
6.850046E+03	5.424719E-03	3.516875E-06
6.854805E+03	5.376982E-03	3.485946E-06
6.859564E+03	5.331886E-03	3.456728E-06
6.864323E+03	5.296890E-03	3.434057E-06
6.869082E+03	5.272315E-03	3.418142E-06
6.873841E+03	5.252448E-03	3.405279E-06
6.878600E+03	5.238022E-03	3.395943E-06
6.883359E+03	5.226177E-03	3.388279E-06
6.888108E+03	5.232904E-03	3.392656E-06
6.892867E+03	5.252087E-03	3.405109E-06
6.897626E+03	5.277687E-03	3.421721E-06
6.902385E+03	5.309727E-03	3.442508E-06
6.907144E+03	5.344174E-03	3.464856E-06
6.911904E+03	5.381182E-03	3.488864E-06
6.916663E+03	5.418438E-03	3.513033E-06
6.921422E+03	5.448536E-03	3.532561E-06
6.926181E+03	5.471743E-03	3.547620E-06
6.930940E+03	5.478862E-03	3.552249E-06
6.935699E+03	5.464885E-03	3.543199E-06
6.940458E+03	5.435866E-03	3.524397E-06
6.945217E+03	5.404317E-03	3.503954E-06
6.949976E+03	5.388949E-03	3.494001E-06
6.954735E+03	5.383228E-03	3.490303E-06
6.959494E+03	5.378541E-03	3.487275E-06
6.964253E+03	5.378998E-03	3.487582E-06
6.969012E+03	5.384472E-03	3.491142E-06
6.973771E+03	5.395570E-03	3.498347E-06
6.978530E+03	5.407450E-03	3.506059E-06
6.983289E+03	5.421441E-03	3.515141E-06
6.988048E+03	5.427219E-03	3.518896E-06
6.992807E+03	5.425342E-03	3.517688E-06
6.997566E+03	5.420077E-03	3.514283E-06
7.002325E+03	5.413336E-03	3.509920E-06
7.007084E+03	5.404817E-03	3.504405E-06
7.011843E+03	5.393921E-03	3.497348E-06
7.016602E+03	5.381083E-03	3.489031E-06
7.021361E+03	5.366446E-03	3.479548E-06
7.026120E+03	5.354774E-03	3.471987E-06
7.030879E+03	5.352646E-03	3.470614E-06
7.035638E+03	5.351877E-03	3.470122E-06
7.040397E+03	5.352771E-03	3.470708E-06
7.045146E+03	5.358319E-03	3.474311E-06
7.049905E+03	5.361962E-03	3.476679E-06
7.054664E+03	5.368488E-03	3.480916E-06
7.059423E+03	5.373396E-03	3.484103E-06
7.064182E+03	5.378636E-03	3.487506E-06
7.068941E+03	5.380592E-03	3.488779E-06
7.073700E+03	5.374569E-03	3.484878E-06
7.078459E+03	5.365071E-03	3.478724E-06
7.083218E+03	5.351631E-03	3.470014E-06
7.087977E+03	5.340298E-03	3.462670E-06
7.092736E+03	5.322882E-03	3.451381E-06
7.097495E+03	5.297384E-03	3.434851E-06
7.102254E+03	5.264226E-03	3.413355E-06
7.107013E+03	5.227952E-03	3.389837E-06
7.111772E+03	5.192973E-03	3.367160E-06
7.116531E+03	5.158989E-03	3.345126E-06
7.121290E+03	5.129828E-03	3.326221E-06
7.126049E+03	5.109494E-03	3.313038E-06
7.130808E+03	5.096489E-03	3.304608E-06
7.135567E+03	5.086538E-03	3.298157E-06
7.140326E+03	5.079195E-03	3.293397E-06
7.145085E+03	5.073390E-03	3.289635E-06
7.149844E+03	5.076998E-03	3.291976E-06
7.154603E+03	5.082179E-03	3.295336E-06
7.159362E+03	5.086930E-03	3.298418E-06
7.164121E+03	5.097290E-03	3.305136E-06
7.168880E+03	5.111420E-03	3.314299E-06
7.173639E+03	5.130269E-03	3.326521E-06
7.178398E+03	5.151836E-03	3.340505E-06
7.183157E+03	5.175352E-03	3.355754E-06
7.187916E+03	5.196926E-03	3.369742E-06
7.192675E+03	5.223737E-03	3.387126E-06
7.197434E+03	5.252364E-03	3.405688E-06
7.202183E+03	5.276535E-03	3.421360E-06
7.206942E+03	5.294691E-03	3.433132E-06
7.211701E+03	5.303961E-03	3.439142E-06
7.216460E+03	5.302736E-03	3.438345E-06
7.221219E+03	5.293803E-03	3.432552E-06
7.225978E+03	5.282022E-03	3.424912E-06
7.230737E+03	5.267697E-03	3.415621E-06
7.235496E+03	5.245436E-03	3.401185E-06
7.240255E+03	5.225822E-03	3.388465E-06
7.245014E+03	5.213473E-03	3.380456E-06
7.249773E+03	5.204605E-03	3.374703E-06
7.254532E+03	5.196208E-03	3.369256E-06
7.259291E+03	5.194983E-03	3.368458E-06
7.264050E+03	5.198086E-03	3.370467E-06
7.268809E+03	5.204738E-03	3.374777E-06
7.273568E+03	5.214635E-03	3.381191E-06
7.278327E+03	5.231642E-03	3.392215E-06
7.283086E+03	5.249205E-03	3.403599E-06
7.287845E+03	5.268612E-03	3.416178E-06
7.292604E+03	5.282134E-03	3.424942E-06
7.297363E+03	5.285707E-03	3.427254E-06
7.302122E+03	5.283327E-03	3.425706E-06
7.306881E+03	5.275452E-03	3.420595E-06
7.311640E+03	5.260109E-03	3.410641E-06
7.316399E+03	5.238725E-03	3.396771E-06
7.321158E+03	5.219408E-03	3.384241E-06
7.325917E+03	5.202168E-03	3.373057E-06
7.330676E+03	5.187831E-03	3.363755E-06
7.335435E+03	5.172651E-03	3.353906E-06
7.340194E+03	5.157275E-03	3.343930E-06
7.344953E+03	5.138916E-03	3.332019E-06
7.349712E+03	5.119201E-03	3.319230E-06
7.354471E+03	5.098288E-03	3.305663E-06
7.359220E+03	5.073350E-03	3.289487E-06
7.363979E+03	5.049522E-03	3.274030E-06
7.368738E+03	5.036717E-03	3.265720E-06
7.373497E+03	5.030349E-03	3.261583E-06
7.378256E+03	5.027796E-03	3.259920E-06
7.383015E+03	5.033897E-03	3.263867E-06
7.387774E+03	5.048863E-03	3.273562E-06
7.392533E+03	5.074071E-03	3.289898E-06
7.397292E+03	5.097712E-03	3.305217E-06
7.402051E+03	5.117936E-03	3.318320E-06
7.406810E+03	5.135060E-03	3.329413E-06
7.411569E+03	5.147052E-03	3.337179E-06
7.416328E+03	5.154728E-03	3.342145E-06
7.421087E+03	5.156211E-03	3.343096E-06
7.425846E+03	5.158560E-03	3.344608E-06
7.430605E+03	5.156705E-03	3.343394E-06
7.435364E+03	5.149098E-03	3.338451E-06
7.440123E+03	5.137577E-03	3.330970E-06
7.444882E+03	5.125691E-03	3.323251E-06
7.449641E+03	5.113435E-03	3.315293E-06
7.454400E+03	5.090403E-03	3.300348E-06
7.459159E+03	5.058586E-03	3.279707E-06
7.463918E+03	5.012971E-03	3.250120E-06
7.468677E+03	4.961546E-03	3.216765E-06
7.473436E+03	4.924210E-03	3.192546E-06
7.478195E+03	4.919459E-03	3.189452E-06
7.482954E+03	4.950056E-03	3.209274E-06
7.487713E+03	4.996494E-03	3.239367E-06
7.492472E+03	5.034976E-03	3.264301E-06
7.497231E+03	5.056788E-03	3.278427E-06
7.501990E+03	5.063577E-03	3.282813E-06
7.506749E+03	5.051256E-03	3.274809E-06
7.511508E+03	5.018499E-03	3.253556E-06
7.516257E+03	4.962031E-03	3.216931E-06
7.521016E+03	4.886482E-03	3.167934E-06
7.525775E+03	4.787519E-03	3.103760E-06
7.530534E+03	4.661673E-03	3.022157E-06
7.535293E+03	4.510201E-03	2.923942E-06
7.540052E+03	4.336839E-03	2.811536E-06
7.544811E+03	4.144111E-03	2.686576E-06
7.549570E+03	3.935094E-03	2.551058E-06
7.554329E+03	3.716431E-03	2.409288E-06
7.559089E+03	3.495349E-03	2.265950E-06
7.563848E+03	3.288383E-03	2.131766E-06
7.568607E+03	3.105239E-03	2.013026E-06
7.573366E+03	2.948730E-03	1.911554E-06
7.578125E+03	2.825629E-03	1.831740E-06
7.582884E+03	2.739532E-03	1.775914E-06
7.587643E+03	2.693879E-03	1.746308E-06
7.592402E+03	2.686742E-03	1.741668E-06
7.597161E+03	2.711308E-03	1.757581E-06
7.601920E+03	2.768118E-03	1.794394E-06
7.606679E+03	2.852647E-03	1.849175E-06
7.611438E+03	2.955625E-03	1.915914E-06
7.616197E+03	3.080241E-03	1.996678E-06
7.620956E+03	3.218246E-03	2.086120E-06
7.625715E+03	3.361323E-03	2.178847E-06
7.630474E+03	3.504749E-03	2.271799E-06
7.635233E+03	3.645959E-03	2.363313E-06
7.639992E+03	3.776318E-03	2.447791E-06
7.644751E+03	3.888226E-03	2.520308E-06
7.649510E+03	3.967214E-03	2.571485E-06
7.654269E+03	4.004238E-03	2.595461E-06
7.659028E+03	4.001643E-03	2.593756E-06
7.663787E+03	3.971240E-03	2.574026E-06
7.668546E+03	3.932347E-03	2.548793E-06
7.673295E+03	3.902183E-03	2.529219E-06
7.678054E+03	3.896844E-03	2.525735E-06
7.682813E+03	3.916262E-03	2.538297E-06
7.687572E+03	3.934600E-03	2.550158E-06
7.692331E+03	3.954282E-03	2.562889E-06
7.697090E+03	3.982816E-03	2.581358E-06
7.701849E+03	4.023822E-03	2.607909E-06
7.706608E+03	4.083956E-03	2.646857E-06
7.711367E+03	4.161999E-03	2.697410E-06
7.716126E+03	4.258236E-03	2.759753E-06
7.720885E+03	4.367080E-03	2.830266E-06
7.725644E+03	4.489923E-03	2.909849E-06
7.730403E+03	4.618853E-03	2.993375E-06
7.735162E+03	4.741906E-03	3.073090E-06
7.739921E+03	4.854654E-03	3.146126E-06
7.744680E+03	4.953790E-03	3.210338E-06
7.749439E+03	5.031577E-03	3.260713E-06
7.754198E+03	5.086365E-03	3.296183E-06
7.758957E+03	5.120714E-03	3.318407E-06
7.763716E+03	5.143363E-03	3.333047E-06
7.768475E+03	5.161758E-03	3.344931E-06
7.773234E+03	5.176455E-03	3.354419E-06
7.777993E+03	5.190135E-03	3.363247E-06
7.782752E+03	5.199885E-03	3.369528E-06
7.787511E+03	5.211693E-03	3.377143E-06
7.792270E+03	5.224010E-03	3.385087E-06
7.797029E+03	5.229828E-03	3.388820E-06
7.801788E+03	5.225993E-03	3.386298E-06
7.806547E+03	5.218504E-03	3.381409E-06
7.811306E+03	5.210276E-03	3.376041E-06
7.816065E+03	5.208934E-03	3.375135E-06
7.820824E+03	5.204307E-03	3.372102E-06
7.825583E+03	5.189506E-03	3.362476E-06
7.830332E+03	5.178034E-03	3.355008E-06
7.835091E+03	5.168354E-03	3.348703E-06
7.839850E+03	5.149610E-03	3.336524E-06
7.844609E+03	5.122155E-03	3.318703E-06
7.849368E+03	5.085355E-03	3.294828E-06
7.854127E+03	5.047885E-03	3.270519E-06
7.858886E+03	5.019449E-03	3.252066E-06
7.863645E+03	4.990354E-03	3.233185E-06
7.868404E+03	4.953839E-03	3.209500E-06
7.873163E+03	4.910472E-03	3.181376E-06
7.877922E+03	4.865802E-03	3.152410E-06
7.882681E+03	4.825009E-03	3.125956E-06
7.887440E+03	4.784307E-03	3.099564E-06
7.892199E+03	4.748890E-03	3.076596E-06
7.896958E+03	4.714170E-03	3.054082E-06
7.901717E+03	4.679348E-03	3.031503E-06
7.906476E+03	4.649425E-03	3.012100E-06
7.911235E+03	4.621201E-03	2.993799E-06
7.915994E+03	4.599288E-03	2.979588E-06
7.920753E+03	4.582689E-03	2.968821E-06
7.925512E+03	4.577833E-03	2.965664E-06
7.930271E+03	4.574686E-03	2.963615E-06
7.935030E+03	4.568017E-03	2.959287E-06
7.939789E+03	4.559823E-03	2.953972E-06
7.944548E+03	4.548281E-03	2.946490E-06
7.949307E+03	4.530965E-03	2.935270E-06
7.954066E+03	4.505650E-03	2.918871E-06
7.958825E+03	4.475148E-03	2.899113E-06
7.963584E+03	4.440676E-03	2.876785E-06
7.968343E+03	4.412510E-03	2.858544E-06
7.973102E+03	4.382826E-03	2.839322E-06
7.977861E+03	4.364109E-03	2.827205E-06
7.982620E+03	4.349531E-03	2.817772E-06
7.987369E+03	4.333881E-03	2.807646E-06
7.992128E+03	4.315563E-03	2.795792E-06
7.996887E+03	4.290781E-03	2.779753E-06
8.001646E+03	4.261164E-03	2.760581E-06
8.006405E+03	4.240167E-03	2.746996E-06
8.011164E+03	4.224581E-03	2.736917E-06
8.015923E+03	4.210602E-03	2.727880E-06
8.020682E+03	4.198038E-03	2.719761E-06
8.025441E+03	4.185294E-03	2.711526E-06
8.030200E+03	4.176576E-03	2.705900E-06
8.034959E+03	4.166693E-03	2.699520E-06
8.039718E+03	4.149874E-03	2.688647E-06
8.044477E+03	4.135110E-03	2.679106E-06
8.049236E+03	4.113451E-03	2.665098E-06
8.053995E+03	4.085520E-03	2.647026E-06
8.058754E+03	4.060284E-03	2.630701E-06
8.063513E+03	4.022467E-03	2.606225E-06
8.068272E+03	3.973905E-03	2.574787E-06
8.073031E+03	3.923351E-03	2.542057E-06
8.077790E+03	3.864893E-03	2.504207E-06
8.082549E+03	3.806662E-03	2.466502E-06
8.087308E+03	3.751232E-03	2.430612E-06
8.092067E+03	3.698797E-03	2.396663E-06
8.096826E+03	3.649944E-03	2.365034E-06
8.101585E+03	3.603684E-03	2.335084E-06
8.106344E+03	3.560604E-03	2.307195E-06
8.111103E+03	3.520109E-03	2.280979E-06
8.115862E+03	3.483955E-03	2.257577E-06
8.120621E+03	3.454669E-03	2.238625E-06
8.125380E+03	3.429498E-03	2.222338E-06
8.130139E+03	3.406868E-03	2.207698E-06
8.134898E+03	3.388721E-03	2.195962E-06
8.139657E+03	3.372124E-03	2.185231E-06
8.144406E+03	3.357088E-03	2.175511E-06
8.149165E+03	3.345523E-03	2.168040E-06
8.153924E+03	3.331433E-03	2.158932E-06
8.158683E+03	3.315991E-03	2.148949E-06
8.163442E+03	3.298051E-03	2.137345E-06
8.168201E+03	3.284171E-03	2.128372E-06
8.172960E+03	3.269337E-03	2.118782E-06
8.177719E+03	3.260464E-03	2.113053E-06
8.182478E+03	3.248906E-03	2.105585E-06
8.187237E+03	3.231810E-03	2.094527E-06
8.191079E+03	3.309059E-03	2.144609E-06
8.201056E+03	3.304657E-03	2.141802E-06
8.211033E+03	3.298104E-03	2.137599E-06
8.221009E+03	3.286895E-03	2.130377E-06
8.230986E+03	3.268890E-03	2.118750E-06
8.240963E+03	3.242618E-03	2.101762E-06
8.250940E+03	3.207012E-03	2.078722E-06
8.260917E+03	3.161667E-03	2.049368E-06
8.270894E+03	3.107005E-03	2.013971E-06
8.280871E+03	3.044076E-03	1.973214E-06
8.290848E+03	2.974501E-03	1.928147E-06
8.300825E+03	2.900528E-03	1.880226E-06
8.310802E+03	2.824601E-03	1.831035E-06
8.320779E+03	2.749572E-03	1.782425E-06
8.330756E+03	2.678151E-03	1.736150E-06
8.340733E+03	2.612974E-03	1.693921E-06
8.350710E+03	2.556428E-03	1.657286E-06
8.360687E+03	2.510527E-03	1.627550E-06
8.370664E+03	2.477058E-03	1.605872E-06
8.380641E+03	2.457233E-03	1.593038E-06
8.390618E+03	2.451981E-03	1.589651E-06
8.400595E+03	2.461912E-03	1.596106E-06
8.410572E+03	2.487194E-03	1.612514E-06
8.420549E+03	2.527754E-03	1.638826E-06
8.430525E+03	2.583055E-03	1.674695E-06
8.440502E+03	2.652443E-03	1.719697E-06
8.450479E+03	2.734831E-03	1.773128E-06
8.460456E+03	2.828878E-03	1.834119E-06
8.470433E+03	2.933200E-03	1.901771E-06
8.480410E+03	3.046061E-03	1.974961E-06
8.490387E+03	3.165772E-03	2.052591E-06
8.500364E+03	3.290777E-03	2.133655E-06
8.510341E+03	3.419283E-03	2.216989E-06
8.520318E+03	3.549977E-03	2.301742E-06
8.530295E+03	3.681244E-03	2.386867E-06
8.540272E+03	3.811869E-03	2.471577E-06
8.550249E+03	3.940426E-03	2.554944E-06
8.560226E+03	4.065473E-03	2.636037E-06
8.570203E+03	4.185406E-03	2.713814E-06
8.580180E+03	4.298409E-03	2.787098E-06
8.590157E+03	4.402430E-03	2.854557E-06
8.600134E+03	4.495213E-03	2.914730E-06
8.610111E+03	4.574388E-03	2.966079E-06
8.620088E+03	4.637516E-03	3.007022E-06
8.630065E+03	4.682622E-03	3.036280E-06
8.640042E+03	4.707758E-03	3.052589E-06
8.650018E+03	4.711810E-03	3.055226E-06
8.659995E+03	4.694185E-03	3.043806E-06
8.669972E+03	4.655259E-03	3.018574E-06
8.679949E+03	4.596104E-03	2.980225E-06
8.689926E+03	4.518522E-03	2.929926E-06
8.699903E+03	4.424908E-03	2.869231E-06
8.709880E+03	4.318002E-03	2.799916E-06
8.719857E+03	4.200951E-03	2.724023E-06
8.729834E+03	4.076945E-03	2.643619E-06
8.739811E+03	3.948809E-03	2.560536E-06
8.749788E+03	3.819362E-03	2.476603E-06
8.759765E+03	3.691006E-03	2.393377E-06
8.769742E+03	3.565749E-03	2.312159E-06
8.779719E+03	3.445259E-03	2.234033E-06
8.789696E+03	3.330671E-03	2.159733E-06
8.799673E+03	3.222831E-03	2.089808E-06
8.809650E+03	3.122331E-03	2.024642E-06
8.819627E+03	3.029365E-03	1.964362E-06
8.829604E+03	2.944040E-03	1.909036E-06
8.839581E+03	2.866167E-03	1.858542E-06
8.849558E+03	2.795502E-03	1.812722E-06
8.859534E+03	2.731764E-03	1.771393E-06
8.869511E+03	2.674504E-03	1.734265E-06
8.879488E+03	2.623355E-03	1.701099E-06
8.889465E+03	2.577826E-03	1.671578E-06
8.899442E+03	2.537491E-03	1.645424E-06
8.909419E+03	2.501984E-03	1.622400E-06
8.919396E+03	2.470912E-03	1.602253E-06
8.929373E+03	2.443800E-03	1.584673E-06
8.939350E+03	2.420411E-03	1.569507E-06
8.949327E+03	2.400377E-03	1.556518E-06
8.959304E+03	2.383463E-03	1.545550E-06
8.969281E+03	2.369301E-03	1.536368E-06
8.979258E+03	2.357755E-03	1.528882E-06
9.019166E+03	2.333161E-03	1.512936E-06
9.059074E+03	2.336512E-03	1.515111E-06
9.098981E+03	2.363816E-03	1.532818E-06
9.138889E+03	2.413971E-03	1.565343E-06
9.178797E+03	2.483003E-03	1.610108E-06
9.218705E+03	2.560050E-03	1.660070E-06
9.258613E+03	2.631115E-03	1.706153E-06
9.298520E+03	2.686348E-03	1.741970E-06
9.338428E+03	2.723129E-03	1.765821E-06
9.378336E+03	2.744928E-03	1.779958E-06
9.418244E+03	2.757125E-03	1.787867E-06
9.458152E+03	2.763656E-03	1.792102E-06
9.498059E+03	2.765266E-03	1.793147E-06
9.537967E+03	2.759887E-03	1.789659E-06
9.577875E+03	2.744787E-03	1.779867E-06
9.617783E+03	2.718152E-03	1.762596E-06
9.657691E+03	2.679160E-03	1.737311E-06
9.697599E+03	2.628105E-03	1.704205E-06
9.737506E+03	2.566692E-03	1.664381E-06
9.777414E+03	2.499180E-03	1.620603E-06
9.817322E+03	2.432333E-03	1.577256E-06
9.857230E+03	2.373710E-03	1.539241E-06
9.897138E+03	2.330251E-03	1.511060E-06
9.937045E+03	2.305796E-03	1.495202E-06
9.976953E+03	2.299236E-03	1.490948E-06
1.001686E+04	2.304285E-03	1.494223E-06
1.005677E+04	2.311988E-03	1.499218E-06
1.009668E+04	2.313642E-03	1.500290E-06
1.013658E+04	2.303328E-03	1.493602E-06
1.017649E+04	2.278581E-03	1.477555E-06
1.021640E+04	2.239486E-03	1.452204E-06
1.025631E+04	2.187722E-03	1.418637E-06
1.029622E+04	2.125797E-03	1.378482E-06
