#wls	flux	fluxerr
1.600000E+03	2.275572E-17	1.402897E-18
1.640000E+03	2.333661E-17	1.432231E-18
1.680000E+03	2.394039E-17	1.462492E-18
1.720000E+03	2.457872E-17	1.494357E-18
1.760000E+03	2.523207E-17	1.526597E-18
1.800000E+03	2.592293E-17	1.560540E-18
1.840000E+03	2.665335E-17	1.596258E-18
1.880000E+03	2.740275E-17	1.632470E-18
1.920000E+03	2.819522E-17	1.670569E-18
1.960000E+03	2.902130E-17	1.709936E-18
2.000000E+03	2.989488E-17	1.751331E-18
2.040000E+03	3.080623E-17	1.794120E-18
2.080000E+03	3.175733E-17	1.838355E-18
2.120000E+03	3.275026E-17	1.884092E-18
2.160000E+03	3.380057E-17	1.932149E-18
2.200000E+03	3.489789E-17	1.981849E-18
2.240000E+03	3.604468E-17	2.033251E-18
2.280000E+03	3.724353E-17	2.086415E-18
2.320000E+03	3.851190E-17	2.142222E-18
2.360000E+03	3.983867E-17	2.199944E-18
2.400000E+03	4.124239E-17	2.260493E-18
2.440000E+03	4.271152E-17	2.323112E-18
2.480000E+03	4.424938E-17	2.387862E-18
2.520000E+03	4.585941E-17	2.454801E-18
2.560000E+03	4.756260E-17	2.524910E-18
2.600000E+03	4.934626E-17	2.597354E-18
2.640000E+03	5.121427E-17	2.672185E-18
2.680000E+03	5.318958E-17	2.750428E-18
2.720000E+03	5.525844E-17	2.831182E-18
2.760000E+03	5.742503E-17	2.914478E-18
2.800000E+03	5.971442E-17	3.001384E-18
2.840000E+03	6.211140E-17	3.090911E-18
2.880000E+03	6.462033E-17	3.183061E-18
2.920000E+03	6.726837E-17	3.278932E-18
2.960000E+03	7.003840E-17	3.377431E-18
3.000000E+03	7.293460E-17	3.478511E-18
3.010000E+03	7.369725E-17	3.505053E-18
3.020000E+03	7.444365E-17	3.530586E-18
3.030000E+03	7.522316E-17	3.557451E-18
3.040000E+03	7.598615E-17	3.583292E-18
3.050000E+03	7.675741E-17	3.609282E-18
3.060000E+03	7.756256E-17	3.636618E-18
3.070000E+03	7.835074E-17	3.662906E-18
3.080000E+03	7.917334E-17	3.690550E-18
3.090000E+03	8.000486E-17	3.718347E-18
3.100000E+03	8.081893E-17	3.745073E-18
3.110000E+03	8.166823E-17	3.773167E-18
3.120000E+03	8.249975E-17	3.800172E-18
3.130000E+03	8.336702E-17	3.828554E-18
3.140000E+03	8.424346E-17	3.857078E-18
3.150000E+03	8.510162E-17	3.884488E-18
3.160000E+03	8.599632E-17	3.913286E-18
3.170000E+03	8.690032E-17	3.942218E-18
3.180000E+03	8.778551E-17	3.970011E-18
3.190000E+03	8.870800E-17	3.999199E-18
3.200000E+03	8.963989E-17	4.028513E-18
3.210000E+03	9.058130E-17	4.057953E-18
3.220000E+03	9.150304E-17	4.086212E-18
3.230000E+03	9.246317E-17	4.115880E-18
3.240000E+03	9.343288E-17	4.145664E-18
3.250000E+03	9.441218E-17	4.175558E-18
3.260000E+03	9.540103E-17	4.205556E-18
3.270000E+03	9.639943E-17	4.235653E-18
3.280000E+03	9.740760E-17	4.265854E-18
3.290000E+03	9.842528E-17	4.296143E-18
3.300000E+03	9.942163E-17	4.325174E-18
3.310000E+03	1.004584E-16	4.355633E-18
3.320000E+03	1.015049E-16	4.386173E-18
3.330000E+03	1.025610E-16	4.416787E-18
3.340000E+03	1.036268E-16	4.447476E-18
3.350000E+03	1.047346E-16	4.479615E-18
3.360000E+03	1.058200E-16	4.510437E-18
3.370000E+03	1.069151E-16	4.541319E-18
3.380000E+03	1.080198E-16	4.572249E-18
3.390000E+03	1.091340E-16	4.603224E-18
3.400000E+03	1.102578E-16	4.634238E-18
3.410000E+03	1.113913E-16	4.665290E-18
3.420000E+03	1.125343E-16	4.696371E-18
3.430000E+03	1.137214E-16	4.728916E-18
3.440000E+03	1.148835E-16	4.760042E-18
3.450000E+03	1.160553E-16	4.791187E-18
3.460000E+03	1.172363E-16	4.822333E-18
3.470000E+03	1.184267E-16	4.853484E-18
3.480000E+03	1.196624E-16	4.886095E-18
3.490000E+03	1.208717E-16	4.917233E-18
3.500000E+03	1.220901E-16	4.948353E-18
3.510000E+03	1.233546E-16	4.980941E-18
3.520000E+03	1.245915E-16	5.012014E-18
3.530000E+03	1.258374E-16	5.043047E-18
3.540000E+03	1.271300E-16	5.075547E-18
3.550000E+03	1.283940E-16	5.106498E-18
3.560000E+03	1.297052E-16	5.138911E-18
3.570000E+03	1.309870E-16	5.169752E-18
3.580000E+03	1.322774E-16	5.200521E-18
3.590000E+03	1.336157E-16	5.232755E-18
3.600000E+03	1.349234E-16	5.263379E-18
3.610000E+03	1.362793E-16	5.295461E-18
3.620000E+03	1.376040E-16	5.325910E-18
3.630000E+03	1.389773E-16	5.357820E-18
3.640000E+03	1.403186E-16	5.388071E-18
3.650000E+03	1.417088E-16	5.419778E-18
3.660000E+03	1.430662E-16	5.449806E-18
3.670000E+03	1.444730E-16	5.481292E-18
3.680000E+03	1.458882E-16	5.512664E-18
3.690000E+03	1.472692E-16	5.542318E-18
3.700000E+03	1.487002E-16	5.573429E-18
3.710000E+03	1.500963E-16	5.602805E-18
3.720000E+03	1.515429E-16	5.633638E-18
3.730000E+03	1.529972E-16	5.664327E-18
3.740000E+03	1.544153E-16	5.693251E-18
3.750000E+03	1.558845E-16	5.723634E-18
3.760000E+03	1.573611E-16	5.753858E-18
3.770000E+03	1.588002E-16	5.782287E-18
3.780000E+03	1.602911E-16	5.812182E-18
3.790000E+03	1.617890E-16	5.841901E-18
3.800000E+03	1.632940E-16	5.871454E-18
3.810000E+03	1.647596E-16	5.899173E-18
3.820000E+03	1.662779E-16	5.928365E-18
3.830000E+03	1.678028E-16	5.957373E-18
3.840000E+03	1.693343E-16	5.986198E-18
3.850000E+03	1.708722E-16	6.014835E-18
3.860000E+03	1.723689E-16	6.041615E-18
3.870000E+03	1.739192E-16	6.069874E-18
3.880000E+03	1.754757E-16	6.097943E-18
3.890000E+03	1.770383E-16	6.125823E-18
3.900000E+03	1.786069E-16	6.153514E-18
3.910000E+03	1.801815E-16	6.181014E-18
3.920000E+03	1.817121E-16	6.206625E-18
3.930000E+03	1.832979E-16	6.233743E-18
3.940000E+03	1.848895E-16	6.260676E-18
3.950000E+03	1.864865E-16	6.287419E-18
3.960000E+03	1.880891E-16	6.313979E-18
3.970000E+03	1.896972E-16	6.340358E-18
3.980000E+03	1.913107E-16	6.366560E-18
3.990000E+03	1.929294E-16	6.392582E-18
4.000000E+03	1.945534E-16	6.418433E-18
4.010000E+03	1.961825E-16	6.444115E-18
4.020000E+03	1.978168E-16	6.469632E-18
4.030000E+03	1.994562E-16	6.494989E-18
4.040000E+03	2.011004E-16	6.520188E-18
4.050000E+03	2.026957E-16	6.543497E-18
4.060000E+03	2.043494E-16	6.568396E-18
4.070000E+03	2.060078E-16	6.593151E-18
4.080000E+03	2.076709E-16	6.617773E-18
4.090000E+03	2.093385E-16	6.642261E-18
4.100000E+03	2.110105E-16	6.666625E-18
4.110000E+03	2.126870E-16	6.690872E-18
4.120000E+03	2.143677E-16	6.715004E-18
4.130000E+03	2.160526E-16	6.739031E-18
4.140000E+03	2.177414E-16	6.762955E-18
4.150000E+03	2.194912E-16	6.788551E-18
4.160000E+03	2.211879E-16	6.812295E-18
4.170000E+03	2.228882E-16	6.835956E-18
4.180000E+03	2.245919E-16	6.859541E-18
4.190000E+03	2.262987E-16	6.883055E-18
4.200000E+03	2.280084E-16	6.906502E-18
4.210000E+03	2.297210E-16	6.929895E-18
4.220000E+03	2.314359E-16	6.953233E-18
4.230000E+03	2.331532E-16	6.976524E-18
4.240000E+03	2.348724E-16	6.999776E-18
4.250000E+03	2.365934E-16	7.022996E-18
4.260000E+03	2.383158E-16	7.046188E-18
4.270000E+03	2.400393E-16	7.069357E-18
4.280000E+03	2.417637E-16	7.092514E-18
4.290000E+03	2.434887E-16	7.115664E-18
4.300000E+03	2.452139E-16	7.138815E-18
4.310000E+03	2.469392E-16	7.161978E-18
4.320000E+03	2.486642E-16	7.185159E-18
4.330000E+03	2.503887E-16	7.208372E-18
4.340000E+03	2.521127E-16	7.231630E-18
4.350000E+03	2.538358E-16	7.254942E-18
4.360000E+03	2.555580E-16	7.278325E-18
4.370000E+03	2.572792E-16	7.301799E-18
4.380000E+03	2.590638E-16	7.327197E-18
4.390000E+03	2.607835E-16	7.350907E-18
4.400000E+03	2.625024E-16	7.374766E-18
4.410000E+03	2.642206E-16	7.398793E-18
4.420000E+03	2.659378E-16	7.423005E-18
4.430000E+03	2.676543E-16	7.447426E-18
4.440000E+03	2.693704E-16	7.472082E-18
4.450000E+03	2.710864E-16	7.497001E-18
4.460000E+03	2.728024E-16	7.522209E-18
4.470000E+03	2.745189E-16	7.547735E-18
4.480000E+03	2.762360E-16	7.573604E-18
4.490000E+03	2.779544E-16	7.599840E-18
4.500000E+03	2.796745E-16	7.626454E-18
4.510000E+03	2.813968E-16	7.653457E-18
4.520000E+03	2.831218E-16	7.680864E-18
4.530000E+03	2.848500E-16	7.708682E-18
4.540000E+03	2.865129E-16	7.735063E-18
4.550000E+03	2.882488E-16	7.763740E-18
4.560000E+03	2.899896E-16	7.792864E-18
4.570000E+03	2.917359E-16	7.822448E-18
4.580000E+03	2.934882E-16	7.852500E-18
4.590000E+03	2.952470E-16	7.883030E-18
4.600000E+03	2.970131E-16	7.914051E-18
4.610000E+03	2.987869E-16	7.945570E-18
4.620000E+03	3.005691E-16	7.977596E-18
4.630000E+03	3.023602E-16	8.010137E-18
4.640000E+03	3.040891E-16	8.041305E-18
4.650000E+03	3.058994E-16	8.074896E-18
4.660000E+03	3.077205E-16	8.109028E-18
4.670000E+03	3.095528E-16	8.143705E-18
4.680000E+03	3.113969E-16	8.178933E-18
4.690000E+03	3.132535E-16	8.214720E-18
4.700000E+03	3.150494E-16	8.249144E-18
4.710000E+03	3.169321E-16	8.286060E-18
4.720000E+03	3.188290E-16	8.323552E-18
4.730000E+03	3.207407E-16	8.361626E-18
4.740000E+03	3.225928E-16	8.398336E-18
4.750000E+03	3.245352E-16	8.437579E-18
4.760000E+03	3.264942E-16	8.477418E-18
4.770000E+03	3.283945E-16	8.515892E-18
4.780000E+03	3.303879E-16	8.556929E-18
4.790000E+03	3.323995E-16	8.598574E-18
4.800000E+03	3.343535E-16	8.638853E-18
4.810000E+03	3.364032E-16	8.681723E-18
4.820000E+03	3.383958E-16	8.723222E-18
4.830000E+03	3.404861E-16	8.767336E-18
4.840000E+03	3.425978E-16	8.812079E-18
4.850000E+03	3.446531E-16	8.855442E-18
4.860000E+03	3.468092E-16	8.901453E-18
4.870000E+03	3.489095E-16	8.946078E-18
4.880000E+03	3.511125E-16	8.993373E-18
4.890000E+03	3.532605E-16	9.039280E-18
4.900000E+03	3.554330E-16	9.085826E-18
4.910000E+03	3.577113E-16	9.135075E-18
4.920000E+03	3.599354E-16	9.182928E-18
4.930000E+03	3.622674E-16	9.233505E-18
4.940000E+03	3.645459E-16	9.282678E-18
4.950000E+03	3.668524E-16	9.332515E-18
4.960000E+03	3.692701E-16	9.385116E-18
4.970000E+03	3.716351E-16	9.436300E-18
4.980000E+03	3.740303E-16	9.488163E-18
4.990000E+03	3.764563E-16	9.540707E-18
5.000000E+03	3.789979E-16	9.596064E-18
5.010000E+03	3.814883E-16	9.649993E-18
5.020000E+03	3.840116E-16	9.704616E-18
5.030000E+03	3.865688E-16	9.759940E-18
5.040000E+03	3.891604E-16	9.815967E-18
5.050000E+03	3.917874E-16	9.872705E-18
5.060000E+03	3.944503E-16	9.930157E-18
5.070000E+03	3.971501E-16	9.988328E-18
5.080000E+03	3.998873E-16	1.004722E-17
5.090000E+03	4.026628E-16	1.010684E-17
5.100000E+03	4.054775E-16	1.016720E-17
5.110000E+03	4.083319E-16	1.022829E-17
5.120000E+03	4.112269E-16	1.029012E-17
5.130000E+03	4.141634E-16	1.035271E-17
5.140000E+03	4.171420E-16	1.041604E-17
5.150000E+03	4.201635E-16	1.048013E-17
5.160000E+03	4.231373E-16	1.054271E-17
5.170000E+03	4.262466E-16	1.060832E-17
5.180000E+03	4.294014E-16	1.067470E-17
5.190000E+03	4.326021E-16	1.074186E-17
5.200000E+03	4.357561E-16	1.080747E-17
5.210000E+03	4.390511E-16	1.087618E-17
5.220000E+03	4.423946E-16	1.094569E-17
5.230000E+03	4.456919E-16	1.101362E-17
5.240000E+03	4.491342E-16	1.108471E-17
5.250000E+03	4.525309E-16	1.115421E-17
5.260000E+03	4.560753E-16	1.122690E-17
5.270000E+03	4.595744E-16	1.129799E-17
5.280000E+03	4.632241E-16	1.137229E-17
5.290000E+03	4.668286E-16	1.144497E-17
5.300000E+03	4.704867E-16	1.151845E-17
5.310000E+03	4.742996E-16	1.159519E-17
5.320000E+03	4.780676E-16	1.167028E-17
5.330000E+03	4.818913E-16	1.174618E-17
5.340000E+03	4.857713E-16	1.182288E-17
5.350000E+03	4.898116E-16	1.190289E-17
5.360000E+03	4.938070E-16	1.198121E-17
5.370000E+03	4.978605E-16	1.206033E-17
5.380000E+03	5.019728E-16	1.214025E-17
5.390000E+03	5.061442E-16	1.222096E-17
5.400000E+03	5.103755E-16	1.230247E-17
5.410000E+03	5.146666E-16	1.238477E-17
5.420000E+03	5.190184E-16	1.246785E-17
5.430000E+03	5.234308E-16	1.255169E-17
5.440000E+03	5.279043E-16	1.263631E-17
5.450000E+03	5.323281E-16	1.271903E-17
5.460000E+03	5.369234E-16	1.280514E-17
5.470000E+03	5.415802E-16	1.289198E-17
5.480000E+03	5.462986E-16	1.297954E-17
5.490000E+03	5.509645E-16	1.306511E-17
5.500000E+03	5.558056E-16	1.315407E-17
5.510000E+03	5.605931E-16	1.324099E-17
5.520000E+03	5.655589E-16	1.333135E-17
5.530000E+03	5.704707E-16	1.341966E-17
5.540000E+03	5.755638E-16	1.351143E-17
5.550000E+03	5.806024E-16	1.360112E-17
5.560000E+03	5.858254E-16	1.369431E-17
5.570000E+03	5.909931E-16	1.378539E-17
5.580000E+03	5.962255E-16	1.387717E-17
5.590000E+03	6.016465E-16	1.397250E-17
5.600000E+03	6.070102E-16	1.406566E-17
5.610000E+03	6.124391E-16	1.415949E-17
5.620000E+03	6.179328E-16	1.425397E-17
5.630000E+03	6.234910E-16	1.434906E-17
5.640000E+03	6.291131E-16	1.444475E-17
5.650000E+03	6.347987E-16	1.454100E-17
5.660000E+03	6.405471E-16	1.463778E-17
5.670000E+03	6.463576E-16	1.473507E-17
5.680000E+03	6.522295E-16	1.483282E-17
5.690000E+03	6.581616E-16	1.493102E-17
5.700000E+03	6.641533E-16	1.502961E-17
5.710000E+03	6.700677E-16	1.512552E-17
5.720000E+03	6.761737E-16	1.522479E-17
5.730000E+03	6.823359E-16	1.532436E-17
5.740000E+03	6.884138E-16	1.542107E-17
5.750000E+03	6.946827E-16	1.552108E-17
5.760000E+03	7.008622E-16	1.561813E-17
5.770000E+03	7.072320E-16	1.571843E-17
5.780000E+03	7.135068E-16	1.581564E-17
5.790000E+03	7.199707E-16	1.591607E-17
5.800000E+03	7.263338E-16	1.601329E-17
5.810000E+03	7.327375E-16	1.611043E-17
5.820000E+03	7.393282E-16	1.621071E-17
5.830000E+03	7.458082E-16	1.630760E-17
5.840000E+03	7.523228E-16	1.640429E-17
5.850000E+03	7.588694E-16	1.650073E-17
5.860000E+03	7.654458E-16	1.659689E-17
5.870000E+03	7.720494E-16	1.669271E-17
5.880000E+03	7.786777E-16	1.678817E-17
5.890000E+03	7.853282E-16	1.688320E-17
5.900000E+03	7.919980E-16	1.697778E-17
5.910000E+03	7.986843E-16	1.707185E-17
5.920000E+03	8.053843E-16	1.716538E-17
5.930000E+03	8.119337E-16	1.725490E-17
5.940000E+03	8.186509E-16	1.734721E-17
5.950000E+03	8.253724E-16	1.743886E-17
5.960000E+03	8.319302E-16	1.752633E-17
5.970000E+03	8.386496E-16	1.761652E-17
5.980000E+03	8.451960E-16	1.770243E-17
5.990000E+03	8.518996E-16	1.779102E-17
6.000000E+03	8.584207E-16	1.787524E-17
6.010000E+03	8.649231E-16	1.795855E-17
6.020000E+03	8.715752E-16	1.804448E-17
6.030000E+03	8.780299E-16	1.812590E-17
6.040000E+03	8.844543E-16	1.820632E-17
6.050000E+03	8.908445E-16	1.828572E-17
6.060000E+03	8.971962E-16	1.836408E-17
6.070000E+03	9.036834E-16	1.844499E-17
6.080000E+03	9.099471E-16	1.852119E-17
6.090000E+03	9.159793E-16	1.859262E-17
6.100000E+03	9.221350E-16	1.866655E-17
6.110000E+03	9.282309E-16	1.873934E-17
6.120000E+03	9.342621E-16	1.881096E-17
6.130000E+03	9.402242E-16	1.888141E-17
6.140000E+03	9.461124E-16	1.895065E-17
6.150000E+03	9.517355E-16	1.901498E-17
6.160000E+03	9.574606E-16	1.908180E-17
6.170000E+03	9.629089E-16	1.914366E-17
6.180000E+03	9.684517E-16	1.920803E-17
6.190000E+03	9.737056E-16	1.926741E-17
6.200000E+03	9.790461E-16	1.932932E-17
6.210000E+03	9.840857E-16	1.938620E-17
6.220000E+03	9.890105E-16	1.944185E-17
6.230000E+03	9.940091E-16	1.950006E-17
6.240000E+03	9.986890E-16	1.955322E-17
6.250000E+03	1.003239E-15	1.960516E-17
6.260000E+03	1.007653E-15	1.965586E-17
6.270000E+03	1.011926E-15	1.970535E-17
6.280000E+03	1.016053E-15	1.975362E-17
6.290000E+03	1.020030E-15	1.980069E-17
6.300000E+03	1.023851E-15	1.984658E-17
6.310000E+03	1.027511E-15	1.989128E-17
6.320000E+03	1.031004E-15	1.993482E-17
6.330000E+03	1.034126E-15	1.997332E-17
6.340000E+03	1.037273E-15	2.001455E-17
6.350000E+03	1.040239E-15	2.005466E-17
6.360000E+03	1.042818E-15	2.008976E-17
6.370000E+03	1.045410E-15	2.012766E-17
6.380000E+03	1.047605E-15	2.016056E-17
6.390000E+03	1.049805E-15	2.019632E-17
6.400000E+03	1.051600E-15	2.022711E-17
6.410000E+03	1.053394E-15	2.026081E-17
6.420000E+03	1.054775E-15	2.028957E-17
6.430000E+03	1.055945E-15	2.031736E-17
6.440000E+03	1.056902E-15	2.034420E-17
6.450000E+03	1.057644E-15	2.037013E-17
6.460000E+03	1.058169E-15	2.039518E-17
6.470000E+03	1.058681E-15	2.042332E-17
6.480000E+03	1.058771E-15	2.044658E-17
6.490000E+03	1.058440E-15	2.046490E-17
6.500000E+03	1.058100E-15	2.048619E-17
6.510000E+03	1.057550E-15	2.050645E-17
6.520000E+03	1.056791E-15	2.052566E-17
6.530000E+03	1.055829E-15	2.054382E-17
6.540000E+03	1.054461E-15	2.055688E-17
6.550000E+03	1.053096E-15	2.057273E-17
6.560000E+03	1.051532E-15	2.058730E-17
6.570000E+03	1.049564E-15	2.059651E-17
6.580000E+03	1.047603E-15	2.060827E-17
6.590000E+03	1.045244E-15	2.061454E-17
6.600000E+03	1.042693E-15	2.061924E-17
6.610000E+03	1.040155E-15	2.062632E-17
6.620000E+03	1.037230E-15	2.062776E-17
6.630000E+03	1.034124E-15	2.062750E-17
6.640000E+03	1.030842E-15	2.062551E-17
6.650000E+03	1.027587E-15	2.062577E-17
6.660000E+03	1.023966E-15	2.062028E-17
6.670000E+03	1.020183E-15	2.061302E-17
6.680000E+03	1.016245E-15	2.060397E-17
6.690000E+03	1.012155E-15	2.059313E-17
6.700000E+03	1.007726E-15	2.057653E-17
6.710000E+03	1.003354E-15	2.056214E-17
6.720000E+03	9.988481E-16	2.054597E-17
6.730000E+03	9.942148E-16	2.052803E-17
6.740000E+03	9.894598E-16	2.050834E-17
6.750000E+03	9.843981E-16	2.048295E-17
6.760000E+03	9.794175E-16	2.045980E-17
6.770000E+03	9.741434E-16	2.043098E-17
6.780000E+03	9.689597E-16	2.040443E-17
6.790000E+03	9.634953E-16	2.037226E-17
6.800000E+03	9.581297E-16	2.034239E-17
6.810000E+03	9.524961E-16	2.030694E-17
6.820000E+03	9.467858E-16	2.026989E-17
6.830000E+03	9.410037E-16	2.023125E-17
6.840000E+03	9.353357E-16	2.019495E-17
6.850000E+03	9.294227E-16	2.015318E-17
6.860000E+03	9.234514E-16	2.010988E-17
6.870000E+03	9.174259E-16	2.006508E-17
6.880000E+03	9.113501E-16	2.001877E-17
6.890000E+03	9.052278E-16	1.997099E-17
6.900000E+03	8.990626E-16	1.992174E-17
6.910000E+03	8.928577E-16	1.987105E-17
6.920000E+03	8.866166E-16	1.981893E-17
6.930000E+03	8.801714E-16	1.976155E-17
6.940000E+03	8.738678E-16	1.970662E-17
6.950000E+03	8.675365E-16	1.965029E-17
6.960000E+03	8.610128E-16	1.958877E-17
6.970000E+03	8.546348E-16	1.952970E-17
6.980000E+03	8.480713E-16	1.946548E-17
6.990000E+03	8.416553E-16	1.940369E-17
7.000000E+03	8.350604E-16	1.933680E-17
7.010000E+03	8.286143E-16	1.927234E-17
7.020000E+03	8.219952E-16	1.920282E-17
7.030000E+03	8.153670E-16	1.913198E-17
7.040000E+03	8.088886E-16	1.906357E-17
7.050000E+03	8.022453E-16	1.899013E-17
7.060000E+03	7.955970E-16	1.891541E-17
7.070000E+03	7.889449E-16	1.883941E-17
7.080000E+03	7.822901E-16	1.876214E-17
7.090000E+03	7.756337E-16	1.868360E-17
7.100000E+03	7.689766E-16	1.860380E-17
7.110000E+03	7.623198E-16	1.852274E-17
7.120000E+03	7.556645E-16	1.844044E-17
7.130000E+03	7.490111E-16	1.835689E-17
7.140000E+03	7.423608E-16	1.827212E-17
7.150000E+03	7.357144E-16	1.818614E-17
7.160000E+03	7.289302E-16	1.809540E-17
7.170000E+03	7.222954E-16	1.800703E-17
7.180000E+03	7.156671E-16	1.791749E-17
7.190000E+03	7.089073E-16	1.782329E-17
7.200000E+03	7.022957E-16	1.773145E-17
7.210000E+03	6.955569E-16	1.763504E-17
7.220000E+03	6.889659E-16	1.754100E-17
7.230000E+03	6.822520E-16	1.744245E-17
7.240000E+03	6.756854E-16	1.734630E-17
7.250000E+03	6.690005E-16	1.724573E-17
7.260000E+03	6.623324E-16	1.714421E-17
7.270000E+03	6.556819E-16	1.704175E-17
7.280000E+03	6.491783E-16	1.694175E-17
7.290000E+03	6.425658E-16	1.683753E-17
7.300000E+03	6.359748E-16	1.673249E-17
7.310000E+03	6.294064E-16	1.662668E-17
7.320000E+03	6.228621E-16	1.652013E-17
7.330000E+03	6.163431E-16	1.641289E-17
7.340000E+03	6.098509E-16	1.630501E-17
7.350000E+03	6.033868E-16	1.619653E-17
7.360000E+03	5.969523E-16	1.608751E-17
7.370000E+03	5.905489E-16	1.597798E-17
7.380000E+03	5.840622E-16	1.586487E-17
7.390000E+03	5.777266E-16	1.575454E-17
7.400000E+03	5.714263E-16	1.564386E-17
7.410000E+03	5.651632E-16	1.553291E-17
7.420000E+03	5.588277E-16	1.541867E-17
7.430000E+03	5.526443E-16	1.530735E-17
7.440000E+03	5.463940E-16	1.519290E-17
7.450000E+03	5.402965E-16	1.508144E-17
7.460000E+03	5.341373E-16	1.496702E-17
7.470000E+03	5.281316E-16	1.485566E-17
7.480000E+03	5.220693E-16	1.474149E-17
7.490000E+03	5.161612E-16	1.463047E-17
7.500000E+03	5.102016E-16	1.451680E-17
7.510000E+03	5.042958E-16	1.440347E-17
7.520000E+03	4.984451E-16	1.429054E-17
7.530000E+03	4.927495E-16	1.418091E-17
7.540000E+03	4.870120E-16	1.406895E-17
7.550000E+03	4.813332E-16	1.395755E-17
7.560000E+03	4.757144E-16	1.384679E-17
7.570000E+03	4.701567E-16	1.373670E-17
7.580000E+03	4.646611E-16	1.362736E-17
7.590000E+03	4.592285E-16	1.351879E-17
7.600000E+03	4.538598E-16	1.341107E-17
7.610000E+03	4.485559E-16	1.330423E-17
7.620000E+03	4.433177E-16	1.319832E-17
7.630000E+03	4.381459E-16	1.309339E-17
7.640000E+03	4.330410E-16	1.298948E-17
7.650000E+03	4.279174E-16	1.288404E-17
7.660000E+03	4.229496E-16	1.278234E-17
7.670000E+03	4.180504E-16	1.268178E-17
7.680000E+03	4.132205E-16	1.258240E-17
7.690000E+03	4.083775E-16	1.248172E-17
7.700000E+03	4.036881E-16	1.238485E-17
7.710000E+03	3.989880E-16	1.228678E-17
7.720000E+03	3.944403E-16	1.219255E-17
7.730000E+03	3.899634E-16	1.209967E-17
7.740000E+03	3.854788E-16	1.200573E-17
7.750000E+03	3.811444E-16	1.191567E-17
7.760000E+03	3.768042E-16	1.182463E-17
7.770000E+03	3.725365E-16	1.173509E-17
7.780000E+03	3.684165E-16	1.164945E-17
7.790000E+03	3.642928E-16	1.156295E-17
7.800000E+03	3.602412E-16	1.147800E-17
7.810000E+03	3.563345E-16	1.139696E-17
7.820000E+03	3.524256E-16	1.131516E-17
7.830000E+03	3.485879E-16	1.123496E-17
7.840000E+03	3.448212E-16	1.115638E-17
7.850000E+03	3.411248E-16	1.107942E-17
7.860000E+03	3.374985E-16	1.100410E-17
7.870000E+03	3.339415E-16	1.093040E-17
7.880000E+03	3.304534E-16	1.085832E-17
7.890000E+03	3.271010E-16	1.079008E-17
7.900000E+03	3.236806E-16	1.071898E-17
7.910000E+03	3.203943E-16	1.065168E-17
7.920000E+03	3.171736E-16	1.058595E-17
7.930000E+03	3.140173E-16	1.052176E-17
7.940000E+03	3.109245E-16	1.045909E-17
7.950000E+03	3.078941E-16	1.039791E-17
7.960000E+03	3.049251E-16	1.033821E-17
7.970000E+03	3.020163E-16	1.027996E-17
7.980000E+03	2.991043E-16	1.022100E-17
7.990000E+03	2.963132E-16	1.016559E-17
8.000000E+03	2.935789E-16	1.011154E-17
8.010000E+03	2.908395E-16	1.005674E-17
8.020000E+03	2.882160E-16	1.000538E-17
8.030000E+03	2.856459E-16	9.955308E-18
8.040000E+03	2.830687E-16	9.904426E-18
8.050000E+03	2.806030E-16	9.856888E-18
8.060000E+03	2.781297E-16	9.808530E-18
8.070000E+03	2.757658E-16	9.763486E-18
8.080000E+03	2.733939E-16	9.717620E-18
8.090000E+03	2.711292E-16	9.675032E-18
8.100000E+03	2.688561E-16	9.631619E-18
8.110000E+03	2.666881E-16	9.591451E-18
8.120000E+03	2.645111E-16	9.550445E-18
8.130000E+03	2.623813E-16	9.510629E-18
8.140000E+03	2.603531E-16	9.473999E-18
8.150000E+03	2.583149E-16	9.436509E-18
8.160000E+03	2.563214E-16	9.400159E-18
8.170000E+03	2.544260E-16	9.366927E-18
8.180000E+03	2.525190E-16	9.332796E-18
8.190000E+03	2.506540E-16	9.299745E-18
8.200000E+03	2.488302E-16	9.267756E-18
8.210000E+03	2.470997E-16	9.238786E-18
8.220000E+03	2.453551E-16	9.208846E-18
8.230000E+03	2.436487E-16	9.179894E-18
8.240000E+03	2.419796E-16	9.151904E-18
8.250000E+03	2.403468E-16	9.124856E-18
8.260000E+03	2.387493E-16	9.098717E-18
8.270000E+03	2.371861E-16	9.073463E-18
8.280000E+03	2.356561E-16	9.049066E-18
8.290000E+03	2.341584E-16	9.025495E-18
8.300000E+03	2.326919E-16	9.002723E-18
8.310000E+03	2.312556E-16	8.980721E-18
8.320000E+03	2.298485E-16	8.959462E-18
8.330000E+03	2.284696E-16	8.938909E-18
8.340000E+03	2.271179E-16	8.919038E-18
8.350000E+03	2.257924E-16	8.899816E-18
8.360000E+03	2.244920E-16	8.881212E-18
8.370000E+03	2.231672E-16	8.861261E-18
8.380000E+03	2.219145E-16	8.843804E-18
8.390000E+03	2.206842E-16	8.826875E-18
8.400000E+03	2.194752E-16	8.810442E-18
8.410000E+03	2.182866E-16	8.794474E-18
8.420000E+03	2.170697E-16	8.777008E-18
8.430000E+03	2.159192E-16	8.761875E-18
8.440000E+03	2.147865E-16	8.747117E-18
8.450000E+03	2.136232E-16	8.730766E-18
8.460000E+03	2.125233E-16	8.716659E-18
8.470000E+03	2.114384E-16	8.702834E-18
8.480000E+03	2.103209E-16	8.687327E-18
8.490000E+03	2.092635E-16	8.673968E-18
8.500000E+03	2.082188E-16	8.660803E-18
8.510000E+03	2.071395E-16	8.645867E-18
8.520000E+03	2.061176E-16	8.632995E-18
8.530000E+03	2.050599E-16	8.618294E-18
8.540000E+03	2.040578E-16	8.605598E-18
8.550000E+03	2.030188E-16	8.591022E-18
8.560000E+03	2.020335E-16	8.578396E-18
8.570000E+03	2.010104E-16	8.563834E-18
8.580000E+03	2.000392E-16	8.551166E-18
8.590000E+03	1.990293E-16	8.536516E-18
8.600000E+03	1.980698E-16	8.523709E-18
8.610000E+03	1.970706E-16	8.508868E-18
8.620000E+03	1.961203E-16	8.495822E-18
8.630000E+03	1.951295E-16	8.480699E-18
8.640000E+03	1.941422E-16	8.465401E-18
8.650000E+03	1.932020E-16	8.451836E-18
8.660000E+03	1.922202E-16	8.436130E-18
8.670000E+03	1.912404E-16	8.420190E-18
8.680000E+03	1.903059E-16	8.405922E-18
8.690000E+03	1.893290E-16	8.389460E-18
8.700000E+03	1.883530E-16	8.372712E-18
8.710000E+03	1.874207E-16	8.357587E-18
8.720000E+03	1.864454E-16	8.340225E-18
8.730000E+03	1.854701E-16	8.322532E-18
8.740000E+03	1.845372E-16	8.306421E-18
8.750000E+03	1.835609E-16	8.288037E-18
8.760000E+03	1.825839E-16	8.269293E-18
8.770000E+03	1.816059E-16	8.250177E-18
8.780000E+03	1.806689E-16	8.232598E-18
8.790000E+03	1.796885E-16	8.212715E-18
8.800000E+03	1.787067E-16	8.192445E-18
8.810000E+03	1.777234E-16	8.171775E-18
8.820000E+03	1.767386E-16	8.150703E-18
8.830000E+03	1.757522E-16	8.129227E-18
8.840000E+03	1.748051E-16	8.109249E-18
8.850000E+03	1.738153E-16	8.086959E-18
8.860000E+03	1.728237E-16	8.064258E-18
8.870000E+03	1.718306E-16	8.041153E-18
8.880000E+03	1.708358E-16	8.017638E-18
8.890000E+03	1.698394E-16	7.993721E-18
8.900000E+03	1.688417E-16	7.969405E-18
8.910000E+03	1.678424E-16	7.944688E-18
8.920000E+03	1.668815E-16	7.921460E-18
8.930000E+03	1.658795E-16	7.895958E-18
8.940000E+03	1.648765E-16	7.870072E-18
8.950000E+03	1.638724E-16	7.843809E-18
8.960000E+03	1.628675E-16	7.817175E-18
8.970000E+03	1.618619E-16	7.790179E-18
8.980000E+03	1.608556E-16	7.762824E-18
8.990000E+03	1.598491E-16	7.735124E-18
9.000000E+03	1.588422E-16	7.707082E-18
9.040000E+03	1.548157E-16	7.591701E-18
9.080000E+03	1.507990E-16	7.471623E-18
9.120000E+03	1.468030E-16	7.347478E-18
9.160000E+03	1.428386E-16	7.219906E-18
9.200000E+03	1.389159E-16	7.089531E-18
9.240000E+03	1.350093E-16	6.955180E-18
9.280000E+03	1.311949E-16	6.820894E-18
9.320000E+03	1.274441E-16	6.685382E-18
9.360000E+03	1.237295E-16	6.547367E-18
9.400000E+03	1.201188E-16	6.410581E-18
9.440000E+03	1.165817E-16	6.273612E-18
9.480000E+03	1.130897E-16	6.135100E-18
9.520000E+03	1.097035E-16	5.998491E-18
9.560000E+03	1.063927E-16	5.862326E-18
9.600000E+03	1.031568E-16	5.726751E-18
9.640000E+03	9.999520E-17	5.591894E-18
9.680000E+03	9.690710E-17	5.457883E-18
9.720000E+03	9.389172E-17	5.324831E-18
9.760000E+03	9.094824E-17	5.192847E-18
9.800000E+03	8.807592E-17	5.062041E-18
9.840000E+03	8.529810E-17	4.933913E-18
9.880000E+03	8.256578E-17	4.805780E-18
9.920000E+03	7.992589E-17	4.680506E-18
9.960000E+03	7.735422E-17	4.556822E-18
1.000000E+04	7.485049E-17	4.434847E-18
1.004000E+04	7.241444E-17	4.314691E-18
1.008000E+04	7.004584E-17	4.196465E-18
1.012000E+04	6.774445E-17	4.080275E-18
1.016000E+04	6.552955E-17	3.967407E-18
1.020000E+04	6.338019E-17	3.856715E-18
1.024000E+04	6.127730E-17	3.747144E-18
1.028000E+04	5.927622E-17	3.642183E-18
1.032000E+04	5.732046E-17	3.538476E-18
