#wls	flux	fluxerr
1.599984E+03	3.411604E-06	8.655388E-08
1.639984E+03	3.387035E-06	8.558311E-08
1.679983E+03	3.352698E-06	8.436339E-08
1.719983E+03	3.309199E-06	8.291311E-08
1.759982E+03	3.257624E-06	8.126246E-08
1.799982E+03	3.195027E-06	7.934121E-08
1.839982E+03	3.118802E-06	7.708900E-08
1.879981E+03	3.026877E-06	7.446006E-08
1.919981E+03	2.915817E-06	7.137641E-08
1.959980E+03	2.786018E-06	6.785545E-08
1.999980E+03	2.641291E-06	6.399736E-08
2.039980E+03	2.495528E-06	6.014371E-08
2.079979E+03	2.371894E-06	5.685130E-08
2.119979E+03	2.298918E-06	5.479226E-08
2.159978E+03	2.302194E-06	5.455313E-08
2.199978E+03	2.393360E-06	5.637642E-08
2.239978E+03	2.566251E-06	6.007973E-08
2.279977E+03	2.806195E-06	6.528474E-08
2.319977E+03	3.096721E-06	7.157878E-08
2.359976E+03	3.423018E-06	7.859613E-08
2.399976E+03	3.778865E-06	8.617514E-08
2.439976E+03	4.161550E-06	9.423697E-08
2.479975E+03	4.570493E-06	1.027517E-07
2.519975E+03	5.008447E-06	1.117638E-07
2.559974E+03	5.476291E-06	1.212735E-07
2.599974E+03	5.977506E-06	1.313372E-07
2.639974E+03	6.509351E-06	1.418723E-07
2.679973E+03	7.072004E-06	1.528610E-07
2.719973E+03	7.659413E-06	1.641505E-07
2.759972E+03	8.265895E-06	1.756002E-07
2.799972E+03	8.880479E-06	1.869618E-07
2.839972E+03	9.493688E-06	1.980262E-07
2.879971E+03	1.009545E-05	2.085792E-07
2.919971E+03	1.067040E-05	2.183069E-07
2.959970E+03	1.121174E-05	2.270810E-07
2.999970E+03	1.171123E-05	2.347516E-07
3.009970E+03	1.182880E-05	2.364839E-07
3.019970E+03	1.194273E-05	2.381285E-07
3.029970E+03	1.205498E-05	2.397248E-07
3.039970E+03	1.216373E-05	2.412372E-07
3.049970E+03	1.226980E-05	2.426819E-07
3.059969E+03	1.237401E-05	2.440760E-07
3.069969E+03	1.247817E-05	2.454549E-07
3.079969E+03	1.258004E-05	2.467746E-07
3.089969E+03	1.268147E-05	2.480719E-07
3.099969E+03	1.278027E-05	2.493039E-07
3.109969E+03	1.287631E-05	2.504685E-07
3.119969E+03	1.296950E-05	2.515642E-07
3.129969E+03	1.306182E-05	2.526299E-07
3.139969E+03	1.315116E-05	2.536251E-07
3.149969E+03	1.323958E-05	2.545895E-07
3.159968E+03	1.332502E-05	2.554837E-07
3.169968E+03	1.340749E-05	2.563088E-07
3.179968E+03	1.348913E-05	2.571055E-07
3.189968E+03	1.356792E-05	2.578359E-07
3.199968E+03	1.364397E-05	2.585023E-07
3.209968E+03	1.371945E-05	2.591463E-07
3.219968E+03	1.379243E-05	2.597314E-07
3.229968E+03	1.386514E-05	2.603000E-07
3.239968E+03	1.393568E-05	2.608165E-07
3.249968E+03	1.400424E-05	2.612848E-07
3.259967E+03	1.407310E-05	2.617476E-07
3.269967E+03	1.414043E-05	2.621708E-07
3.279967E+03	1.420648E-05	2.625594E-07
3.289967E+03	1.427358E-05	2.629563E-07
3.299967E+03	1.434199E-05	2.633664E-07
3.309967E+03	1.440998E-05	2.637575E-07
3.319967E+03	1.447788E-05	2.641358E-07
3.329967E+03	1.454605E-05	2.645076E-07
3.339967E+03	1.461891E-05	2.649531E-07
3.349967E+03	1.469074E-05	2.653682E-07
3.359966E+03	1.476602E-05	2.658335E-07
3.369966E+03	1.484314E-05	2.663197E-07
3.379966E+03	1.492460E-05	2.668708E-07
3.389966E+03	1.500884E-05	2.674582E-07
3.399966E+03	1.509838E-05	2.681265E-07
3.409966E+03	1.519174E-05	2.688482E-07
3.419966E+03	1.529149E-05	2.696678E-07
3.429966E+03	1.539620E-05	2.705591E-07
3.439966E+03	1.550852E-05	2.715675E-07
3.449966E+03	1.562707E-05	2.726674E-07
3.459965E+03	1.575255E-05	2.738698E-07
3.469965E+03	1.588770E-05	2.752209E-07
3.479965E+03	1.603332E-05	2.767323E-07
3.489965E+03	1.618817E-05	2.783809E-07
3.499965E+03	1.635311E-05	2.801797E-07
3.509965E+03	1.653109E-05	2.821768E-07
3.519965E+03	1.672309E-05	2.843865E-07
3.529965E+03	1.692807E-05	2.867882E-07
3.539965E+03	1.714708E-05	2.893973E-07
3.549965E+03	1.738333E-05	2.922647E-07
3.559964E+03	1.763804E-05	2.954077E-07
3.569964E+03	1.791034E-05	2.988078E-07
3.579964E+03	1.820152E-05	3.024831E-07
3.589964E+03	1.851510E-05	3.064878E-07
3.599964E+03	1.885254E-05	3.108419E-07
3.609964E+03	1.921315E-05	3.155289E-07
3.619964E+03	1.960073E-05	3.206062E-07
3.629964E+03	2.001469E-05	3.260589E-07
3.639964E+03	2.045671E-05	3.319089E-07
3.649964E+03	2.093331E-05	3.382558E-07
3.659963E+03	2.143943E-05	3.450109E-07
3.669963E+03	2.198429E-05	3.523161E-07
3.679963E+03	2.256533E-05	3.601225E-07
3.689963E+03	2.318484E-05	3.684591E-07
3.699963E+03	2.384790E-05	3.773982E-07
3.709963E+03	2.455729E-05	3.869747E-07
3.719963E+03	2.531325E-05	3.971828E-07
3.729963E+03	2.611878E-05	4.080596E-07
3.739963E+03	2.698281E-05	4.197336E-07
3.749963E+03	2.790033E-05	4.321152E-07
3.759962E+03	2.888380E-05	4.453852E-07
3.769962E+03	2.993133E-05	4.595008E-07
3.779962E+03	3.104699E-05	4.745108E-07
3.789962E+03	3.223836E-05	4.905163E-07
3.799962E+03	3.351026E-05	5.075741E-07
3.809962E+03	3.486417E-05	5.256900E-07
3.819962E+03	3.630865E-05	5.449747E-07
3.829962E+03	3.784529E-05	5.654333E-07
3.839962E+03	3.948315E-05	5.871807E-07
3.849962E+03	4.122778E-05	6.102778E-07
3.859961E+03	4.308048E-05	6.347212E-07
3.869961E+03	4.505053E-05	6.606240E-07
3.879961E+03	4.713844E-05	6.879686E-07
3.889961E+03	4.935297E-05	7.168575E-07
3.899961E+03	5.169310E-05	7.472487E-07
3.909961E+03	5.416630E-05	7.792230E-07
3.919961E+03	5.677433E-05	8.127775E-07
3.929961E+03	5.951200E-05	8.478093E-07
3.939961E+03	6.238303E-05	8.843436E-07
3.949961E+03	6.537808E-05	9.222201E-07
3.959960E+03	6.849718E-05	9.614125E-07
3.969960E+03	7.173246E-05	1.001785E-06
3.979960E+03	7.506689E-05	1.043075E-06
3.989960E+03	7.849398E-05	1.085173E-06
3.999960E+03	8.199142E-05	1.127751E-06
4.009960E+03	8.554873E-05	1.170652E-06
4.019960E+03	8.913923E-05	1.213498E-06
4.029960E+03	9.274994E-05	1.256107E-06
4.039960E+03	9.636006E-05	1.298196E-06
4.049960E+03	9.994075E-05	1.339377E-06
4.059959E+03	1.034813E-04	1.379513E-06
4.069959E+03	1.069565E-04	1.418281E-06
4.079959E+03	1.103633E-04	1.455653E-06
4.089959E+03	1.136956E-04	1.491565E-06
4.099959E+03	1.169451E-04	1.525925E-06
4.109959E+03	1.201210E-04	1.558869E-06
4.119959E+03	1.232617E-04	1.590913E-06
4.129959E+03	1.263667E-04	1.622054E-06
4.139959E+03	1.294950E-04	1.653056E-06
4.149959E+03	1.326955E-04	1.684538E-06
4.159958E+03	1.360264E-04	1.717216E-06
4.169958E+03	1.395422E-04	1.751752E-06
4.179958E+03	1.433139E-04	1.788992E-06
4.189958E+03	1.474279E-04	1.829957E-06
4.199958E+03	1.519508E-04	1.875399E-06
4.209958E+03	1.569719E-04	1.926330E-06
4.219958E+03	1.625678E-04	1.983578E-06
4.229958E+03	1.687978E-04	2.047748E-06
4.239958E+03	1.757386E-04	2.119634E-06
4.249958E+03	1.834312E-04	2.199580E-06
4.259957E+03	1.919142E-04	2.287893E-06
4.269957E+03	2.012225E-04	2.384826E-06
4.279957E+03	2.113549E-04	2.490197E-06
4.289957E+03	2.222662E-04	2.603311E-06
4.299957E+03	2.338932E-04	2.723275E-06
4.309957E+03	2.461540E-04	2.849001E-06
4.319957E+03	2.589148E-04	2.978826E-06
4.329957E+03	2.719877E-04	3.110506E-06
4.339957E+03	2.851720E-04	3.241704E-06
4.349957E+03	2.982693E-04	3.370168E-06
4.359956E+03	3.110387E-04	3.493218E-06
4.369956E+03	3.232962E-04	3.608882E-06
4.379956E+03	3.348519E-04	3.715166E-06
4.389956E+03	3.456127E-04	3.811199E-06
4.399956E+03	3.554811E-04	3.896085E-06
4.409956E+03	3.645490E-04	3.971016E-06
4.419956E+03	3.728652E-04	4.036694E-06
4.429956E+03	3.805946E-04	4.095054E-06
4.439956E+03	3.879599E-04	4.148604E-06
4.449956E+03	3.952491E-04	4.200492E-06
4.459955E+03	4.027228E-04	4.253493E-06
4.469955E+03	4.106981E-04	4.310913E-06
4.479955E+03	4.194307E-04	4.375335E-06
4.489955E+03	4.291801E-04	4.449313E-06
4.499955E+03	4.401723E-04	4.534996E-06
4.509955E+03	4.526194E-04	4.634334E-06
4.519955E+03	4.666571E-04	4.748449E-06
4.529955E+03	4.823051E-04	4.877261E-06
4.539955E+03	4.996360E-04	5.021218E-06
4.549955E+03	5.185680E-04	5.179216E-06
4.559954E+03	5.389804E-04	5.349790E-06
4.569954E+03	5.607199E-04	5.531188E-06
4.579954E+03	5.835089E-04	5.720482E-06
4.589954E+03	6.070519E-04	5.914640E-06
4.599954E+03	6.310180E-04	6.110366E-06
4.609954E+03	6.550588E-04	6.304273E-06
4.619954E+03	6.788653E-04	6.493440E-06
4.629954E+03	7.020708E-04	6.674467E-06
4.639954E+03	7.243796E-04	6.844714E-06
4.649954E+03	7.455439E-04	7.002055E-06
4.659953E+03	7.654154E-04	7.145340E-06
4.669953E+03	7.837776E-04	7.272808E-06
4.679953E+03	8.006489E-04	7.384900E-06
4.689953E+03	8.159762E-04	7.481399E-06
4.699953E+03	8.298045E-04	7.562982E-06
4.709953E+03	8.422263E-04	7.630746E-06
4.719953E+03	8.533740E-04	7.686118E-06
4.729953E+03	8.634110E-04	7.730774E-06
4.739953E+03	8.725688E-04	7.766955E-06
4.749953E+03	8.809498E-04	7.795709E-06
4.759952E+03	8.888455E-04	7.819723E-06
4.769952E+03	8.963506E-04	7.839900E-06
4.779952E+03	9.037316E-04	7.858619E-06
4.789952E+03	9.110382E-04	7.876327E-06
4.799952E+03	9.184811E-04	7.894847E-06
4.809952E+03	9.260401E-04	7.913983E-06
4.819952E+03	9.338488E-04	7.934854E-06
4.829952E+03	9.418080E-04	7.956585E-06
4.839952E+03	9.499708E-04	7.979600E-06
4.849952E+03	9.581643E-04	8.002423E-06
4.859951E+03	9.663741E-04	8.024933E-06
4.869951E+03	9.743706E-04	8.045229E-06
4.879951E+03	9.820508E-04	8.062497E-06
4.889951E+03	9.892523E-04	8.075455E-06
4.899951E+03	9.958118E-04	8.082843E-06
4.909951E+03	1.001569E-03	8.083454E-06
4.919951E+03	1.006378E-03	8.076233E-06
4.929951E+03	1.010108E-03	8.060254E-06
4.939951E+03	1.012600E-03	8.034407E-06
4.949951E+03	1.013819E-03	7.998573E-06
4.959950E+03	1.013698E-03	7.952401E-06
4.969950E+03	1.012195E-03	7.895736E-06
4.979950E+03	1.009287E-03	7.828568E-06
4.989950E+03	1.004966E-03	7.751028E-06
4.999950E+03	9.992011E-04	7.663052E-06
5.009950E+03	9.920730E-04	7.565436E-06
5.019950E+03	9.836456E-04	7.458833E-06
5.029950E+03	9.739659E-04	7.343760E-06
5.039950E+03	9.632587E-04	7.222053E-06
5.049950E+03	9.516107E-04	7.094480E-06
5.059949E+03	9.392440E-04	6.962800E-06
5.069949E+03	9.265050E-04	6.829647E-06
5.079949E+03	9.136019E-04	6.696586E-06
5.089949E+03	9.008903E-04	6.566220E-06
5.099949E+03	8.886490E-04	6.440539E-06
5.109949E+03	8.772262E-04	6.321988E-06
5.119949E+03	8.669032E-04	6.212477E-06
5.129949E+03	8.579206E-04	6.113583E-06
5.139949E+03	8.504320E-04	6.026230E-06
5.149949E+03	8.445716E-04	5.951181E-06
5.159948E+03	8.404499E-04	5.889020E-06
5.169948E+03	8.380805E-04	5.839638E-06
5.179948E+03	8.374221E-04	5.802546E-06
5.189948E+03	8.383491E-04	5.776688E-06
5.199948E+03	8.407327E-04	5.761007E-06
5.209948E+03	8.444496E-04	5.754506E-06
5.219948E+03	8.493212E-04	5.755835E-06
5.229948E+03	8.551238E-04	5.763373E-06
5.239948E+03	8.617056E-04	5.776016E-06
5.249948E+03	8.688518E-04	5.792262E-06
5.259947E+03	8.764361E-04	5.811234E-06
5.269947E+03	8.842815E-04	5.831738E-06
5.279947E+03	8.923108E-04	5.853264E-06
5.289947E+03	9.004027E-04	5.875024E-06
5.299947E+03	9.085401E-04	5.896928E-06
5.309947E+03	9.166621E-04	5.918604E-06
5.319947E+03	9.248108E-04	5.940352E-06
5.329947E+03	9.329790E-04	5.962153E-06
5.339947E+03	9.412179E-04	5.984361E-06
5.349947E+03	9.496332E-04	6.007670E-06
5.359946E+03	9.582658E-04	6.032354E-06
5.369946E+03	9.672386E-04	6.059198E-06
5.379946E+03	9.765985E-04	6.088500E-06
5.389946E+03	9.864661E-04	6.121011E-06
5.399946E+03	9.968387E-04	6.156711E-06
5.409946E+03	1.007899E-03	6.196727E-06
5.419946E+03	1.019583E-03	6.240649E-06
5.429946E+03	1.032006E-03	6.289184E-06
5.439946E+03	1.045184E-03	6.342416E-06
5.449946E+03	1.059017E-03	6.399736E-06
5.459945E+03	1.073519E-03	6.461247E-06
5.469945E+03	1.088521E-03	6.525939E-06
5.479945E+03	1.103862E-03	6.592882E-06
5.489945E+03	1.119240E-03	6.660321E-06
5.499945E+03	1.134385E-03	6.726720E-06
5.509945E+03	1.149090E-03	6.790944E-06
5.519945E+03	1.163052E-03	6.851292E-06
5.529945E+03	1.175954E-03	6.906020E-06
5.539945E+03	1.187425E-03	6.953068E-06
5.549945E+03	1.197101E-03	6.990456E-06
5.559944E+03	1.204478E-03	7.015377E-06
5.569944E+03	1.209303E-03	7.026461E-06
5.579944E+03	1.211113E-03	7.021103E-06
5.589944E+03	1.209746E-03	6.998451E-06
5.599944E+03	1.204964E-03	6.957209E-06
5.609944E+03	1.196857E-03	6.897953E-06
5.619944E+03	1.185363E-03	6.820365E-06
5.629944E+03	1.170706E-03	6.725768E-06
5.639944E+03	1.153215E-03	6.616053E-06
5.649944E+03	1.133229E-03	6.493144E-06
5.659943E+03	1.111213E-03	6.359692E-06
5.669943E+03	1.087711E-03	6.218753E-06
5.679943E+03	1.063365E-03	6.073937E-06
5.689943E+03	1.038748E-03	5.928448E-06
5.699943E+03	1.014618E-03	5.786539E-06
5.709943E+03	9.916368E-04	5.651899E-06
5.719943E+03	9.705024E-04	5.528426E-06
5.729943E+03	9.519315E-04	5.420121E-06
5.739943E+03	9.365086E-04	5.330236E-06
5.749943E+03	9.249137E-04	5.262571E-06
5.759942E+03	9.176764E-04	5.220077E-06
5.769942E+03	9.153053E-04	5.205591E-06
5.779942E+03	9.182469E-04	5.221610E-06
5.789942E+03	9.268784E-04	5.270245E-06
5.799942E+03	9.414974E-04	5.353160E-06
5.809942E+03	9.623038E-04	5.471477E-06
5.819942E+03	9.894122E-04	5.625837E-06
5.829942E+03	1.022720E-03	5.815656E-06
5.839942E+03	1.061938E-03	6.039290E-06
5.849942E+03	1.106668E-03	6.294483E-06
5.859941E+03	1.156159E-03	6.576972E-06
5.869941E+03	1.209438E-03	6.881224E-06
5.879941E+03	1.265280E-03	7.200281E-06
5.889941E+03	1.322296E-03	7.526231E-06
5.899941E+03	1.378815E-03	7.849557E-06
5.909941E+03	1.433252E-03	8.161221E-06
5.919941E+03	1.484093E-03	8.452583E-06
5.929941E+03	1.529859E-03	8.715186E-06
5.939941E+03	1.569569E-03	8.943406E-06
5.949941E+03	1.602449E-03	9.132794E-06
5.959940E+03	1.628194E-03	9.281569E-06
5.969940E+03	1.646902E-03	9.390245E-06
5.979940E+03	1.658987E-03	9.461153E-06
5.989940E+03	1.665385E-03	9.499598E-06
5.999940E+03	1.666909E-03	9.510189E-06
6.009940E+03	1.664725E-03	9.499552E-06
6.019940E+03	1.659972E-03	9.474181E-06
6.029940E+03	1.653760E-03	9.440401E-06
6.039940E+03	1.647164E-03	9.404346E-06
6.049940E+03	1.640960E-03	9.370447E-06
6.059939E+03	1.635990E-03	9.343527E-06
6.069939E+03	1.632715E-03	9.326226E-06
6.079939E+03	1.631646E-03	9.321472E-06
6.089939E+03	1.632919E-03	9.330064E-06
6.099939E+03	1.636748E-03	9.353245E-06
6.109939E+03	1.643056E-03	9.390584E-06
6.119939E+03	1.651720E-03	9.441405E-06
6.129939E+03	1.662532E-03	9.504551E-06
6.139939E+03	1.675236E-03	9.578572E-06
6.149939E+03	1.689549E-03	9.661877E-06
6.159938E+03	1.705175E-03	9.752811E-06
6.169938E+03	1.721836E-03	9.849807E-06
6.179938E+03	1.739270E-03	9.951409E-06
6.189938E+03	1.757309E-03	1.005669E-05
6.199938E+03	1.775627E-03	1.016381E-05
6.209938E+03	1.794089E-03	1.027205E-05
6.219938E+03	1.812550E-03	1.038063E-05
6.229938E+03	1.830665E-03	1.048760E-05
6.239938E+03	1.848279E-03	1.059214E-05
6.249938E+03	1.864999E-03	1.069203E-05
6.259937E+03	1.880428E-03	1.078505E-05
6.269937E+03	1.894101E-03	1.086858E-05
6.279937E+03	1.905513E-03	1.093976E-05
6.289937E+03	1.914139E-03	1.099561E-05
6.299937E+03	1.919477E-03	1.103329E-05
6.309937E+03	1.921096E-03	1.105032E-05
6.319937E+03	1.918748E-03	1.104529E-05
6.329937E+03	1.912168E-03	1.101668E-05
6.339937E+03	1.901566E-03	1.096568E-05
6.349937E+03	1.887209E-03	1.089379E-05
6.359936E+03	1.869629E-03	1.080408E-05
6.369936E+03	1.849808E-03	1.070218E-05
6.379936E+03	1.828784E-03	1.059407E-05
6.389936E+03	1.807913E-03	1.048763E-05
6.399936E+03	1.788524E-03	1.039059E-05
6.409936E+03	1.772228E-03	1.031237E-05
6.419936E+03	1.760677E-03	1.026271E-05
6.429936E+03	1.755413E-03	1.025079E-05
6.439936E+03	1.758000E-03	1.028600E-05
6.449936E+03	1.769937E-03	1.037746E-05
6.459935E+03	1.792626E-03	1.053381E-05
6.469935E+03	1.827331E-03	1.076305E-05
6.479935E+03	1.875169E-03	1.107238E-05
6.489935E+03	1.936837E-03	1.146672E-05
6.499935E+03	2.012639E-03	1.194869E-05
6.509935E+03	2.102237E-03	1.251720E-05
6.519935E+03	2.204492E-03	1.316631E-05
6.529935E+03	2.317423E-03	1.388505E-05
6.539935E+03	2.438460E-03	1.465880E-05
6.549935E+03	2.564289E-03	1.546824E-05
6.559934E+03	2.690931E-03	1.628981E-05
6.569934E+03	2.813638E-03	1.709490E-05
6.579934E+03	2.927201E-03	1.785163E-05
6.589934E+03	3.026117E-03	1.852584E-05
6.599934E+03	3.105392E-03	1.908588E-05
6.609934E+03	3.160980E-03	1.950542E-05
6.619934E+03	3.190312E-03	1.976678E-05
6.629934E+03	3.192122E-03	1.986003E-05
6.639934E+03	3.167209E-03	1.978795E-05
6.649934E+03	3.117643E-03	1.956130E-05
6.659933E+03	3.046439E-03	1.919695E-05
6.669933E+03	2.957773E-03	1.871938E-05
6.679933E+03	2.855851E-03	1.815369E-05
6.689933E+03	2.745032E-03	1.752643E-05
6.699933E+03	2.629074E-03	1.686076E-05
6.709933E+03	2.511591E-03	1.617935E-05
6.719933E+03	2.395399E-03	1.550011E-05
6.729933E+03	2.282530E-03	1.483623E-05
6.739933E+03	2.174751E-03	1.419939E-05
6.749933E+03	2.073127E-03	1.359692E-05
6.759932E+03	1.978163E-03	1.303259E-05
6.769932E+03	1.890283E-03	1.250971E-05
6.779932E+03	1.809508E-03	1.202898E-05
6.789932E+03	1.735610E-03	1.158943E-05
6.799932E+03	1.668291E-03	1.118965E-05
6.809932E+03	1.607177E-03	1.082767E-05
6.819932E+03	1.551904E-03	1.050151E-05
6.829932E+03	1.501983E-03	1.020838E-05
6.839932E+03	1.457034E-03	9.946113E-06
6.849932E+03	1.416597E-03	9.711977E-06
6.859931E+03	1.380283E-03	9.503692E-06
6.869931E+03	1.347780E-03	9.319434E-06
6.879931E+03	1.318708E-03	9.156894E-06
6.889931E+03	1.292805E-03	9.014536E-06
6.899931E+03	1.269744E-03	8.890331E-06
6.909931E+03	1.249306E-03	8.782980E-06
6.919931E+03	1.231204E-03	8.690673E-06
6.929931E+03	1.215209E-03	8.611983E-06
6.939931E+03	1.201149E-03	8.545842E-06
6.949931E+03	1.188777E-03	8.490657E-06
6.959930E+03	1.177943E-03	8.445468E-06
6.969930E+03	1.168422E-03	8.408793E-06
6.979930E+03	1.160084E-03	8.379784E-06
6.989930E+03	1.152729E-03	8.357076E-06
6.999930E+03	1.146248E-03	8.339950E-06
7.009930E+03	1.140466E-03	8.327185E-06
7.019930E+03	1.135299E-03	8.318222E-06
7.029930E+03	1.130640E-03	8.312308E-06
7.039930E+03	1.126319E-03	8.308216E-06
7.049930E+03	1.122374E-03	8.306259E-06
7.059929E+03	1.118628E-03	8.305138E-06
7.069929E+03	1.115151E-03	8.305381E-06
7.079929E+03	1.111834E-03	8.306187E-06
7.089929E+03	1.108658E-03	8.307424E-06
7.099929E+03	1.105653E-03	8.309330E-06
7.109929E+03	1.102823E-03	8.311926E-06
7.119929E+03	1.100136E-03	8.314997E-06
7.129929E+03	1.097645E-03	8.318941E-06
7.139929E+03	1.095327E-03	8.323597E-06
7.149929E+03	1.093237E-03	8.329392E-06
7.159928E+03	1.091351E-03	8.336157E-06
7.169928E+03	1.089721E-03	8.344292E-06
7.179928E+03	1.088355E-03	8.353884E-06
7.189928E+03	1.087221E-03	8.364694E-06
7.199928E+03	1.086359E-03	8.377040E-06
7.209928E+03	1.085728E-03	8.390625E-06
7.219928E+03	1.085399E-03	8.406013E-06
7.229928E+03	1.085249E-03	8.422253E-06
7.239928E+03	1.085381E-03	8.440169E-06
7.249928E+03	1.085667E-03	8.458768E-06
7.259927E+03	1.086208E-03	8.478846E-06
7.269927E+03	1.086910E-03	8.499687E-06
7.279927E+03	1.087796E-03	8.521471E-06
7.289927E+03	1.088848E-03	8.544071E-06
7.299927E+03	1.090010E-03	8.567057E-06
7.309927E+03	1.091304E-03	8.590604E-06
7.319927E+03	1.092674E-03	8.614280E-06
7.329927E+03	1.094143E-03	8.638274E-06
7.339927E+03	1.095696E-03	8.662471E-06
7.349927E+03	1.097278E-03	8.686445E-06
7.359926E+03	1.098955E-03	8.710724E-06
7.369926E+03	1.100595E-03	8.734264E-06
7.379926E+03	1.102305E-03	8.757928E-06
7.389926E+03	1.103994E-03	8.781001E-06
7.399926E+03	1.105694E-03	8.803731E-06
7.409926E+03	1.107394E-03	8.826057E-06
7.419926E+03	1.109048E-03	8.847603E-06
7.429926E+03	1.110688E-03	8.868648E-06
7.439926E+03	1.112310E-03	8.889158E-06
7.449926E+03	1.113868E-03	8.908776E-06
7.459925E+03	1.115398E-03	8.927810E-06
7.469925E+03	1.116899E-03	8.946252E-06
7.479925E+03	1.118369E-03	8.964099E-06
7.489925E+03	1.119764E-03	8.981020E-06
7.499925E+03	1.121126E-03	8.997358E-06
7.509925E+03	1.122455E-03	9.013130E-06
7.519925E+03	1.123710E-03	9.028020E-06
7.529925E+03	1.124977E-03	9.042733E-06
7.539925E+03	1.126173E-03	9.056622E-06
7.549925E+03	1.127300E-03	9.069722E-06
7.559924E+03	1.128446E-03	9.082757E-06
7.569924E+03	1.129528E-03	9.095085E-06
7.579924E+03	1.130594E-03	9.107096E-06
7.589924E+03	1.131646E-03	9.118840E-06
7.599924E+03	1.132645E-03	9.130022E-06
7.609924E+03	1.133682E-03	9.141393E-06
7.619924E+03	1.134673E-03	9.152310E-06
7.629924E+03	1.135667E-03	9.163178E-06
7.639924E+03	1.136623E-03	9.173705E-06
7.649924E+03	1.137590E-03	9.184301E-06
7.659923E+03	1.138615E-03	9.195381E-06
7.669923E+03	1.139616E-03	9.206298E-06
7.679923E+03	1.140595E-03	9.217108E-06
7.689923E+03	1.141646E-03	9.228590E-06
7.699923E+03	1.142683E-03	9.240088E-06
7.709923E+03	1.143755E-03	9.252024E-06
7.719923E+03	1.144866E-03	9.264459E-06
7.729923E+03	1.146020E-03	9.277458E-06
7.739923E+03	1.147174E-03	9.290717E-06
7.749923E+03	1.148379E-03	9.304663E-06
7.759922E+03	1.149683E-03	9.319729E-06
7.769922E+03	1.150952E-03	9.334872E-06
7.779922E+03	1.152328E-03	9.351264E-06
7.789922E+03	1.153767E-03	9.368600E-06
7.799922E+03	1.155228E-03	9.386572E-06
7.809922E+03	1.156759E-03	9.405620E-06
7.819922E+03	1.158365E-03	9.425811E-06
7.829922E+03	1.160048E-03	9.447217E-06
7.839922E+03	1.161766E-03	9.469528E-06
7.849922E+03	1.163617E-03	9.493583E-06
7.859921E+03	1.165510E-03	9.518694E-06
7.869921E+03	1.167499E-03	9.545328E-06
7.879921E+03	1.169587E-03	9.573571E-06
7.889921E+03	1.171781E-03	9.603517E-06
7.899921E+03	1.174038E-03	9.634868E-06
7.909921E+03	1.176413E-03	9.668120E-06
7.919921E+03	1.178963E-03	9.703782E-06
7.929921E+03	1.181597E-03	9.741170E-06
7.939921E+03	1.184373E-03	9.780801E-06
7.949921E+03	1.187249E-03	9.822389E-06
7.959920E+03	1.190332E-03	9.866869E-06
7.969920E+03	1.193530E-03	9.913540E-06
7.979920E+03	1.196949E-03	9.963343E-06
7.989920E+03	1.200497E-03	1.001555E-05
7.999920E+03	1.204225E-03	1.007067E-05
8.009920E+03	1.208137E-03	1.012879E-05
8.019920E+03	1.212183E-03	1.018955E-05
8.029920E+03	1.216466E-03	1.025388E-05
8.039920E+03	1.220884E-03	1.032099E-05
8.049920E+03	1.225494E-03	1.039142E-05
8.059919E+03	1.230359E-03	1.046579E-05
8.069919E+03	1.235382E-03	1.054333E-05
8.079919E+03	1.240571E-03	1.062418E-05
8.089919E+03	1.246040E-03	1.070939E-05
8.099919E+03	1.251740E-03	1.079860E-05
8.109919E+03	1.257620E-03	1.089139E-05
8.119919E+03	1.263735E-03	1.098826E-05
8.129919E+03	1.270142E-03	1.108971E-05
8.139919E+03	1.276730E-03	1.119483E-05
8.149919E+03	1.283550E-03	1.130407E-05
8.159918E+03	1.290602E-03	1.141745E-05
8.169918E+03	1.297828E-03	1.153450E-05
8.179918E+03	1.305338E-03	1.165619E-05
8.189918E+03	1.313012E-03	1.178151E-05
8.199918E+03	1.320966E-03	1.191149E-05
8.209918E+03	1.329075E-03	1.204506E-05
8.219918E+03	1.337395E-03	1.218273E-05
8.229918E+03	1.345921E-03	1.232448E-05
8.239918E+03	1.354647E-03	1.247029E-05
8.249918E+03	1.363567E-03	1.262012E-05
8.259917E+03	1.372673E-03	1.277392E-05
8.269917E+03	1.381895E-03	1.293106E-05
8.279917E+03	1.391350E-03	1.309265E-05
8.289917E+03	1.400901E-03	1.325742E-05
8.299917E+03	1.410598E-03	1.342587E-05
8.309917E+03	1.420497E-03	1.359853E-05
8.319917E+03	1.430451E-03	1.377403E-05
8.329917E+03	1.440513E-03	1.395287E-05
8.339917E+03	1.450664E-03	1.413487E-05
8.349917E+03	1.460889E-03	1.431991E-05
8.359916E+03	1.471098E-03	1.450709E-05
8.369916E+03	1.481408E-03	1.469757E-05
8.379916E+03	1.491731E-03	1.489047E-05
8.389916E+03	1.501974E-03	1.508484E-05
8.399916E+03	1.512254E-03	1.528185E-05
8.409916E+03	1.522403E-03	1.547978E-05
8.419916E+03	1.532466E-03	1.567906E-05
8.429916E+03	1.542419E-03	1.587940E-05
8.439916E+03	1.552234E-03	1.608048E-05
8.449916E+03	1.561958E-03	1.628275E-05
8.459915E+03	1.571413E-03	1.648431E-05
8.469915E+03	1.580568E-03	1.668477E-05
8.479915E+03	1.589549E-03	1.688538E-05
8.489915E+03	1.598249E-03	1.708496E-05
8.499915E+03	1.606641E-03	1.728314E-05
8.509915E+03	1.614617E-03	1.747865E-05
8.519915E+03	1.622309E-03	1.767285E-05
8.529915E+03	1.629609E-03	1.786448E-05
8.539915E+03	1.636409E-03	1.805224E-05
8.549915E+03	1.642766E-03	1.823663E-05
8.559914E+03	1.648741E-03	1.841822E-05
8.569914E+03	1.654142E-03	1.859477E-05
8.579914E+03	1.659034E-03	1.876686E-05
8.589914E+03	1.663481E-03	1.893510E-05
8.599914E+03	1.667298E-03	1.909724E-05
8.609914E+03	1.670554E-03	1.925392E-05
8.619914E+03	1.673235E-03	1.940485E-05
8.629914E+03	1.675330E-03	1.954975E-05
8.639914E+03	1.676832E-03	1.968838E-05
8.649914E+03	1.677734E-03	1.982052E-05
8.659913E+03	1.678032E-03	1.994596E-05
8.669913E+03	1.677724E-03	2.006453E-05
8.679913E+03	1.676812E-03	2.017609E-05
8.689913E+03	1.675299E-03	2.028053E-05
8.699913E+03	1.673190E-03	2.037776E-05
8.709913E+03	1.670492E-03	2.046772E-05
8.719913E+03	1.667216E-03	2.055038E-05
8.729913E+03	1.663374E-03	2.062575E-05
8.739913E+03	1.658890E-03	2.069273E-05
8.749913E+03	1.653958E-03	2.075360E-05
8.759912E+03	1.648508E-03	2.080735E-05
8.769912E+03	1.642557E-03	2.085407E-05
8.779912E+03	1.636124E-03	2.089388E-05
8.789912E+03	1.629143E-03	2.092578E-05
8.799912E+03	1.621815E-03	2.095226E-05
8.809912E+03	1.614072E-03	2.097232E-05
8.819912E+03	1.605938E-03	2.098619E-05
8.829912E+03	1.597439E-03	2.099407E-05
8.839912E+03	1.588596E-03	2.099619E-05
8.849912E+03	1.579347E-03	2.099159E-05
8.859911E+03	1.569894E-03	2.098290E-05
8.869911E+03	1.560173E-03	2.096918E-05
8.879911E+03	1.550206E-03	2.095066E-05
8.889911E+03	1.540017E-03	2.092763E-05
8.899911E+03	1.529630E-03	2.090031E-05
8.909911E+03	1.519066E-03	2.086895E-05
8.919911E+03	1.508347E-03	2.083383E-05
8.929911E+03	1.497494E-03	2.079516E-05
8.939911E+03	1.486524E-03	2.075318E-05
8.949911E+03	1.475460E-03	2.070815E-05
8.959910E+03	1.464317E-03	2.066026E-05
8.969910E+03	1.453199E-03	2.061095E-05
8.979910E+03	1.441948E-03	2.055799E-05
8.989910E+03	1.430664E-03	2.050278E-05
8.999910E+03	1.419448E-03	2.044674E-05
9.039910E+03	1.374461E-03	2.020279E-05
9.079909E+03	1.330070E-03	1.993877E-05
9.119909E+03	1.286961E-03	1.966559E-05
9.159908E+03	1.245022E-03	1.938255E-05
9.199908E+03	1.204499E-03	1.909462E-05
9.239908E+03	1.165321E-03	1.880191E-05
9.279907E+03	1.127544E-03	1.850664E-05
9.319907E+03	1.091151E-03	1.820988E-05
9.359906E+03	1.056144E-03	1.791300E-05
9.399906E+03	1.022631E-03	1.761921E-05
9.439906E+03	9.906715E-04	1.733101E-05
9.479905E+03	9.602715E-04	1.705000E-05
9.519905E+03	9.315978E-04	1.678068E-05
9.559904E+03	9.047451E-04	1.652637E-05
9.599904E+03	8.798036E-04	1.629040E-05
9.639904E+03	8.568526E-04	1.607593E-05
9.679903E+03	8.360261E-04	1.588723E-05
9.719903E+03	8.172993E-04	1.572558E-05
9.759902E+03	8.007623E-04	1.559444E-05
9.799902E+03	7.864053E-04	1.549536E-05
9.839902E+03	7.741109E-04	1.542766E-05
9.879901E+03	7.638545E-04	1.539239E-05
9.919901E+03	7.554888E-04	1.538804E-05
9.959900E+03	7.488071E-04	1.541170E-05
9.999900E+03	7.435409E-04	1.545895E-05
1.003990E+04	7.393618E-04	1.552387E-05
1.007990E+04	7.358893E-04	1.559913E-05
1.011990E+04	7.327026E-04	1.567621E-05
1.015990E+04	7.293596E-04	1.574580E-05
1.019990E+04	7.254175E-04	1.579823E-05
1.023990E+04	7.205374E-04	1.582579E-05
1.027990E+04	7.142676E-04	1.581804E-05
1.031990E+04	7.062181E-04	1.576560E-05
