#wls	flux	fluxerr
1.590410E+03	1.525698E-04	2.529212E-06
1.630170E+03	1.578970E-04	2.616840E-06
1.669930E+03	1.634063E-04	2.707423E-06
1.709691E+03	1.692135E-04	2.802876E-06
1.749451E+03	1.752165E-04	2.901501E-06
1.789211E+03	1.815361E-04	3.005296E-06
1.828971E+03	1.880648E-04	3.112472E-06
1.868732E+03	1.948672E-04	3.224096E-06
1.908492E+03	2.020136E-04	3.341322E-06
1.948252E+03	2.093873E-04	3.462215E-06
1.988012E+03	2.171220E-04	3.588978E-06
2.027773E+03	2.250947E-04	3.719571E-06
2.067533E+03	2.334438E-04	3.856273E-06
2.107293E+03	2.421093E-04	3.998085E-06
2.147053E+03	2.511676E-04	4.146260E-06
2.186814E+03	2.604809E-04	4.298515E-06
2.226574E+03	2.701973E-04	4.457288E-06
2.266334E+03	2.802473E-04	4.621419E-06
2.306094E+03	2.907102E-04	4.792208E-06
2.345854E+03	3.015106E-04	4.968403E-06
2.385615E+03	3.127290E-04	5.151320E-06
2.425375E+03	3.242837E-04	5.339605E-06
2.465135E+03	3.361702E-04	5.533171E-06
2.504895E+03	3.485565E-04	5.734772E-06
2.544656E+03	3.612669E-04	5.941509E-06
2.584416E+03	3.743821E-04	6.154697E-06
2.624176E+03	3.878026E-04	6.372690E-06
2.663936E+03	4.017025E-04	6.598341E-06
2.703697E+03	4.159800E-04	6.829961E-06
2.743457E+03	4.305234E-04	7.065709E-06
2.783217E+03	4.455104E-04	7.308492E-06
2.822977E+03	4.607254E-04	7.554763E-06
2.862738E+03	4.763480E-04	7.807456E-06
2.902498E+03	4.922552E-04	8.064547E-06
2.942258E+03	5.085271E-04	8.327339E-06
2.982018E+03	5.249252E-04	8.591919E-06
2.991958E+03	5.291044E-04	8.659325E-06
3.001899E+03	5.332825E-04	8.726694E-06
3.011839E+03	5.374588E-04	8.794016E-06
3.021779E+03	5.417414E-04	8.863060E-06
3.031719E+03	5.459125E-04	8.930259E-06
3.041659E+03	5.501894E-04	8.999173E-06
3.051599E+03	5.544625E-04	9.068007E-06
3.061539E+03	5.587312E-04	9.136751E-06
3.071479E+03	5.629949E-04	9.205392E-06
3.081419E+03	5.672527E-04	9.273921E-06
3.091359E+03	5.715041E-04	9.342327E-06
3.101299E+03	5.758600E-04	9.412422E-06
3.111239E+03	5.802087E-04	9.482381E-06
3.121179E+03	5.845494E-04	9.552192E-06
3.131119E+03	5.888816E-04	9.621844E-06
3.141059E+03	5.932045E-04	9.691326E-06
3.150999E+03	5.975173E-04	9.760625E-06
3.160940E+03	6.019329E-04	9.831584E-06
3.170880E+03	6.063377E-04	9.902348E-06
3.180820E+03	6.107308E-04	9.972904E-06
3.190760E+03	6.151116E-04	1.004324E-05
3.200700E+03	6.194794E-04	1.011334E-05
3.210640E+03	6.239485E-04	1.018508E-05
3.220580E+03	6.282883E-04	1.025469E-05
3.230520E+03	6.327285E-04	1.032593E-05
3.240460E+03	6.371532E-04	1.039689E-05
3.250400E+03	6.415619E-04	1.046756E-05
3.260340E+03	6.460698E-04	1.053985E-05
3.270280E+03	6.504443E-04	1.060993E-05
3.280220E+03	6.549172E-04	1.068160E-05
3.290160E+03	6.593716E-04	1.075295E-05
3.300100E+03	6.638067E-04	1.082397E-05
3.310040E+03	6.682218E-04	1.089465E-05
3.319981E+03	6.727338E-04	1.096688E-05
3.329921E+03	6.771071E-04	1.103684E-05
3.339861E+03	6.815763E-04	1.110834E-05
3.349801E+03	6.860231E-04	1.117946E-05
3.359741E+03	6.905652E-04	1.125212E-05
3.369681E+03	6.949655E-04	1.132244E-05
3.379621E+03	6.994596E-04	1.139428E-05
3.389561E+03	7.038102E-04	1.146376E-05
3.399501E+03	7.082547E-04	1.153475E-05
3.409441E+03	7.126722E-04	1.160529E-05
3.419381E+03	7.171824E-04	1.167732E-05
3.429321E+03	7.215462E-04	1.174695E-05
3.439261E+03	7.260019E-04	1.181805E-05
3.449201E+03	7.304286E-04	1.188867E-05
3.459141E+03	7.348263E-04	1.195880E-05
3.469081E+03	7.393146E-04	1.203038E-05
3.479022E+03	7.436523E-04	1.209950E-05
3.488962E+03	7.480791E-04	1.217006E-05
3.498902E+03	7.524750E-04	1.224009E-05
3.508842E+03	7.568390E-04	1.230959E-05
3.518782E+03	7.611707E-04	1.237854E-05
3.528722E+03	7.655901E-04	1.244891E-05
3.538662E+03	7.699758E-04	1.251872E-05
3.548602E+03	7.743276E-04	1.258795E-05
3.558542E+03	7.786449E-04	1.265662E-05
3.568482E+03	7.829271E-04	1.272469E-05
3.578422E+03	7.872949E-04	1.279414E-05
3.588362E+03	7.915060E-04	1.286104E-05
3.598302E+03	7.958015E-04	1.292928E-05
3.608242E+03	8.000603E-04	1.299692E-05
3.618182E+03	8.044028E-04	1.306591E-05
3.628122E+03	8.085865E-04	1.313230E-05
3.638062E+03	8.128531E-04	1.320002E-05
3.648003E+03	8.170818E-04	1.326712E-05
3.657943E+03	8.212705E-04	1.333355E-05
3.667883E+03	8.255422E-04	1.340132E-05
3.677823E+03	8.296522E-04	1.346645E-05
3.687763E+03	8.338438E-04	1.353289E-05
3.697703E+03	8.379948E-04	1.359866E-05
3.707643E+03	8.421050E-04	1.366376E-05
3.717583E+03	8.462961E-04	1.373016E-05
3.727523E+03	8.503236E-04	1.379389E-05
3.737463E+03	8.544313E-04	1.385892E-05
3.747403E+03	8.584969E-04	1.392325E-05
3.757343E+03	8.625198E-04	1.398688E-05
3.767283E+03	8.666214E-04	1.405177E-05
3.777223E+03	8.705595E-04	1.411400E-05
3.787163E+03	8.745756E-04	1.417749E-05
3.797103E+03	8.785483E-04	1.424027E-05
3.807044E+03	8.824776E-04	1.430234E-05
3.816984E+03	8.864843E-04	1.436565E-05
3.826924E+03	8.903260E-04	1.442628E-05
3.836864E+03	8.942444E-04	1.448814E-05
3.846804E+03	8.981187E-04	1.454929E-05
3.856744E+03	9.019489E-04	1.460971E-05
3.866684E+03	9.058544E-04	1.467134E-05
3.876624E+03	9.095950E-04	1.473030E-05
3.886564E+03	9.134116E-04	1.479049E-05
3.896504E+03	9.171827E-04	1.484993E-05
3.906444E+03	9.209097E-04	1.490865E-05
3.916384E+03	9.247107E-04	1.496857E-05
3.926324E+03	9.283467E-04	1.502581E-05
3.936264E+03	9.320580E-04	1.508427E-05
3.946204E+03	9.357232E-04	1.514197E-05
3.956144E+03	9.393429E-04	1.519894E-05
3.966085E+03	9.430365E-04	1.525710E-05
3.976025E+03	9.465659E-04	1.531260E-05
3.985965E+03	9.501686E-04	1.536929E-05
3.995905E+03	9.537258E-04	1.542524E-05
4.005845E+03	9.572375E-04	1.548045E-05
4.015785E+03	9.607037E-04	1.553493E-05
4.025725E+03	9.642425E-04	1.559058E-05
4.035665E+03	9.676177E-04	1.564359E-05
4.045605E+03	9.710656E-04	1.569777E-05
4.055545E+03	9.744680E-04	1.575122E-05
4.065485E+03	9.779416E-04	1.580582E-05
4.075425E+03	9.812530E-04	1.585780E-05
4.085365E+03	9.845189E-04	1.590905E-05
4.095305E+03	9.878561E-04	1.596146E-05
4.105245E+03	9.911485E-04	1.601314E-05
4.115185E+03	9.943947E-04	1.606408E-05
4.125125E+03	9.975961E-04	1.611431E-05
4.135066E+03	1.000868E-03	1.616568E-05
4.145006E+03	1.003979E-03	1.621446E-05
4.154946E+03	1.007161E-03	1.626438E-05
4.164886E+03	1.010297E-03	1.631358E-05
4.174826E+03	1.013388E-03	1.636205E-05
4.184766E+03	1.016435E-03	1.640981E-05
4.194706E+03	1.019551E-03	1.645870E-05
4.204646E+03	1.022507E-03	1.650503E-05
4.214586E+03	1.025533E-03	1.655248E-05
4.224526E+03	1.028514E-03	1.659922E-05
4.234466E+03	1.031450E-03	1.664525E-05
4.244406E+03	1.034342E-03	1.669058E-05
4.254346E+03	1.037189E-03	1.673519E-05
4.264286E+03	1.039991E-03	1.677910E-05
4.274226E+03	1.042862E-03	1.682412E-05
4.284166E+03	1.045689E-03	1.686845E-05
4.294107E+03	1.048360E-03	1.691026E-05
4.304047E+03	1.051098E-03	1.695319E-05
4.313987E+03	1.053793E-03	1.699543E-05
4.323927E+03	1.056555E-03	1.703877E-05
4.333867E+03	1.059163E-03	1.707963E-05
4.343807E+03	1.061727E-03	1.711981E-05
4.353747E+03	1.064359E-03	1.716110E-05
4.363687E+03	1.066949E-03	1.720172E-05
4.373627E+03	1.069386E-03	1.723992E-05
4.383567E+03	1.071893E-03	1.727924E-05
4.393507E+03	1.074359E-03	1.731792E-05
4.403447E+03	1.076784E-03	1.735598E-05
4.413387E+03	1.079172E-03	1.739344E-05
4.423327E+03	1.081630E-03	1.743205E-05
4.433267E+03	1.083942E-03	1.746834E-05
4.443207E+03	1.086326E-03	1.750581E-05
4.453148E+03	1.088568E-03	1.754099E-05
4.463088E+03	1.090882E-03	1.757738E-05
4.473028E+03	1.093164E-03	1.761326E-05
4.482968E+03	1.095306E-03	1.764691E-05
4.492908E+03	1.097525E-03	1.768180E-05
4.502848E+03	1.099712E-03	1.771622E-05
4.512788E+03	1.101871E-03	1.775021E-05
4.522728E+03	1.104002E-03	1.778374E-05
4.532668E+03	1.106105E-03	1.781687E-05
4.542608E+03	1.108288E-03	1.785129E-05
4.552548E+03	1.110339E-03	1.788362E-05
4.562488E+03	1.112367E-03	1.791559E-05
4.572428E+03	1.114476E-03	1.794888E-05
4.582368E+03	1.116458E-03	1.798016E-05
4.592308E+03	1.118419E-03	1.801111E-05
4.602248E+03	1.120463E-03	1.804342E-05
4.612189E+03	1.122385E-03	1.807378E-05
4.622129E+03	1.124390E-03	1.810552E-05
4.632069E+03	1.126378E-03	1.813698E-05
4.642009E+03	1.128246E-03	1.816655E-05
4.651949E+03	1.130200E-03	1.819752E-05
4.661889E+03	1.132038E-03	1.822663E-05
4.671829E+03	1.133963E-03	1.825717E-05
4.681769E+03	1.135874E-03	1.828751E-05
4.691709E+03	1.137671E-03	1.831603E-05
4.701649E+03	1.139556E-03	1.834600E-05
4.711589E+03	1.141431E-03	1.837581E-05
4.721529E+03	1.143195E-03	1.840387E-05
4.731469E+03	1.145049E-03	1.843340E-05
4.741409E+03	1.146894E-03	1.846280E-05
4.751349E+03	1.148632E-03	1.849049E-05
4.761289E+03	1.150461E-03	1.851968E-05
4.771229E+03	1.152183E-03	1.854717E-05
4.781170E+03	1.153998E-03	1.857617E-05
4.791110E+03	1.155709E-03	1.860352E-05
4.801050E+03	1.157512E-03	1.863238E-05
4.810990E+03	1.159213E-03	1.865961E-05
4.820930E+03	1.161008E-03	1.868837E-05
4.830870E+03	1.162700E-03	1.871551E-05
4.840810E+03	1.164390E-03	1.874263E-05
4.850750E+03	1.166174E-03	1.877128E-05
4.860690E+03	1.167858E-03	1.879836E-05
4.870630E+03	1.169541E-03	1.882543E-05
4.880570E+03	1.171222E-03	1.885249E-05
4.890510E+03	1.172902E-03	1.887955E-05
4.900450E+03	1.174581E-03	1.890663E-05
4.910390E+03	1.176164E-03	1.893218E-05
4.920330E+03	1.177842E-03	1.895927E-05
4.930270E+03	1.179519E-03	1.898639E-05
4.940211E+03	1.181102E-03	1.901200E-05
4.950151E+03	1.182780E-03	1.903917E-05
4.960091E+03	1.184363E-03	1.906483E-05
4.970031E+03	1.185947E-03	1.909053E-05
4.979971E+03	1.187531E-03	1.911626E-05
4.989911E+03	1.189117E-03	1.914203E-05
4.999851E+03	1.190702E-03	1.916782E-05
5.009791E+03	1.192288E-03	1.919365E-05
5.019731E+03	1.193874E-03	1.921949E-05
5.029671E+03	1.195368E-03	1.924387E-05
5.039611E+03	1.196955E-03	1.926978E-05
5.049551E+03	1.198448E-03	1.929421E-05
5.059491E+03	1.199942E-03	1.931866E-05
5.069431E+03	1.201434E-03	1.934312E-05
5.079371E+03	1.202926E-03	1.936758E-05
5.089311E+03	1.204325E-03	1.939058E-05
5.099252E+03	1.205813E-03	1.941503E-05
5.109192E+03	1.207208E-03	1.943801E-05
5.119132E+03	1.208600E-03	1.946097E-05
5.129072E+03	1.209988E-03	1.948389E-05
5.139012E+03	1.211372E-03	1.950677E-05
5.148952E+03	1.212752E-03	1.952960E-05
5.158892E+03	1.214126E-03	1.955236E-05
5.168832E+03	1.215403E-03	1.957358E-05
5.178772E+03	1.216672E-03	1.959471E-05
5.188712E+03	1.217934E-03	1.961574E-05
5.198652E+03	1.219187E-03	1.963665E-05
5.208592E+03	1.220341E-03	1.965598E-05
5.218532E+03	1.221571E-03	1.967658E-05
5.228472E+03	1.222700E-03	1.969557E-05
5.238412E+03	1.223816E-03	1.971437E-05
5.248352E+03	1.224828E-03	1.973153E-05
5.258292E+03	1.225913E-03	1.974988E-05
5.268233E+03	1.226891E-03	1.976654E-05
5.278173E+03	1.227851E-03	1.978292E-05
5.288113E+03	1.228789E-03	1.979899E-05
5.298053E+03	1.229706E-03	1.981473E-05
5.307993E+03	1.230511E-03	1.982870E-05
5.317933E+03	1.231290E-03	1.984228E-05
5.327873E+03	1.232043E-03	1.985547E-05
5.337813E+03	1.232767E-03	1.986821E-05
5.347753E+03	1.233460E-03	1.988047E-05
5.357693E+03	1.234035E-03	1.989086E-05
5.367633E+03	1.234575E-03	1.990072E-05
5.377573E+03	1.234994E-03	1.990864E-05
5.387513E+03	1.235461E-03	1.991737E-05
5.397453E+03	1.235804E-03	1.992411E-05
5.407393E+03	1.236105E-03	1.993023E-05
5.417333E+03	1.236364E-03	1.993567E-05
5.427274E+03	1.236495E-03	1.993908E-05
5.437214E+03	1.236580E-03	1.994178E-05
5.447154E+03	1.236620E-03	1.994378E-05
5.457094E+03	1.236613E-03	1.994504E-05
5.467034E+03	1.236474E-03	1.994420E-05
5.476974E+03	1.236289E-03	1.994264E-05
5.486914E+03	1.235974E-03	1.993900E-05
5.496854E+03	1.235696E-03	1.993600E-05
5.506794E+03	1.235291E-03	1.993096E-05
5.516734E+03	1.234841E-03	1.992522E-05
5.526674E+03	1.234267E-03	1.991751E-05
5.536614E+03	1.233734E-03	1.991046E-05
5.546554E+03	1.233079E-03	1.990148E-05
5.556494E+03	1.232304E-03	1.989057E-05
5.566434E+03	1.231573E-03	1.988041E-05
5.576374E+03	1.230725E-03	1.986837E-05
5.586315E+03	1.229763E-03	1.985450E-05
5.596255E+03	1.228848E-03	1.984142E-05
5.606195E+03	1.227822E-03	1.982655E-05
5.616135E+03	1.226685E-03	1.980992E-05
5.626075E+03	1.225600E-03	1.979415E-05
5.636015E+03	1.224408E-03	1.977665E-05
5.645955E+03	1.223190E-03	1.975875E-05
5.655895E+03	1.221868E-03	1.973918E-05
5.665835E+03	1.220522E-03	1.971925E-05
5.675775E+03	1.219154E-03	1.969896E-05
5.685715E+03	1.217763E-03	1.967834E-05
5.695655E+03	1.216275E-03	1.965614E-05
5.705595E+03	1.214689E-03	1.963238E-05
5.715535E+03	1.213162E-03	1.960958E-05
5.725475E+03	1.211540E-03	1.958526E-05
5.735415E+03	1.209901E-03	1.956067E-05
5.745356E+03	1.208169E-03	1.953459E-05
5.755296E+03	1.206422E-03	1.950828E-05
5.765236E+03	1.204661E-03	1.948174E-05
5.775176E+03	1.202808E-03	1.945374E-05
5.785116E+03	1.200943E-03	1.942554E-05
5.795056E+03	1.199065E-03	1.939714E-05
5.804996E+03	1.197098E-03	1.936731E-05
5.814936E+03	1.195120E-03	1.933730E-05
5.824876E+03	1.193131E-03	1.930712E-05
5.834816E+03	1.191055E-03	1.927555E-05
5.844756E+03	1.188969E-03	1.924381E-05
5.854696E+03	1.186798E-03	1.921070E-05
5.864636E+03	1.184617E-03	1.917743E-05
5.874576E+03	1.182426E-03	1.914401E-05
5.884516E+03	1.180226E-03	1.911045E-05
5.894456E+03	1.177942E-03	1.907553E-05
5.904396E+03	1.175576E-03	1.903928E-05
5.914337E+03	1.173274E-03	1.900407E-05
5.924277E+03	1.170889E-03	1.896753E-05
5.934217E+03	1.168424E-03	1.892967E-05
5.944157E+03	1.165950E-03	1.889167E-05
5.954097E+03	1.163467E-03	1.885354E-05
5.964037E+03	1.160975E-03	1.881527E-05
5.973977E+03	1.158403E-03	1.877568E-05
5.983917E+03	1.155751E-03	1.873480E-05
5.993857E+03	1.153161E-03	1.869493E-05
6.003797E+03	1.150492E-03	1.865376E-05
6.013737E+03	1.147744E-03	1.861131E-05
6.023677E+03	1.145057E-03	1.856986E-05
6.033617E+03	1.142221E-03	1.852599E-05
6.043557E+03	1.139446E-03	1.848310E-05
6.053497E+03	1.136593E-03	1.843894E-05
6.063437E+03	1.133731E-03	1.839463E-05
6.073378E+03	1.130790E-03	1.834904E-05
6.083318E+03	1.127842E-03	1.830331E-05
6.093258E+03	1.124815E-03	1.825630E-05
6.103198E+03	1.121847E-03	1.821026E-05
6.113138E+03	1.118734E-03	1.816184E-05
6.123078E+03	1.115679E-03	1.811438E-05
6.133018E+03	1.112548E-03	1.806565E-05
6.142958E+03	1.109407E-03	1.801677E-05
6.152898E+03	1.106189E-03	1.796663E-05
6.162838E+03	1.102963E-03	1.791634E-05
6.172778E+03	1.099660E-03	1.786479E-05
6.182718E+03	1.096349E-03	1.781310E-05
6.192658E+03	1.093027E-03	1.776123E-05
6.202598E+03	1.089696E-03	1.770921E-05
6.212538E+03	1.086290E-03	1.765596E-05
6.222478E+03	1.082809E-03	1.760147E-05
6.232419E+03	1.079384E-03	1.754789E-05
6.242359E+03	1.075820E-03	1.749203E-05
6.252299E+03	1.072311E-03	1.743705E-05
6.262239E+03	1.068728E-03	1.738087E-05
6.272179E+03	1.065137E-03	1.732453E-05
6.282119E+03	1.061472E-03	1.726698E-05
6.292059E+03	1.057798E-03	1.720929E-05
6.301999E+03	1.054116E-03	1.715144E-05
6.311939E+03	1.050361E-03	1.709240E-05
6.321879E+03	1.046598E-03	1.703319E-05
6.331819E+03	1.042827E-03	1.697385E-05
6.341759E+03	1.038984E-03	1.691334E-05
6.351699E+03	1.035133E-03	1.685268E-05
6.361639E+03	1.031213E-03	1.679086E-05
6.371579E+03	1.027285E-03	1.672891E-05
6.381519E+03	1.023349E-03	1.666682E-05
6.391459E+03	1.019345E-03	1.660360E-05
6.401400E+03	1.015334E-03	1.654025E-05
6.411340E+03	1.011316E-03	1.647677E-05
6.421280E+03	1.007230E-03	1.641218E-05
6.431220E+03	1.003140E-03	1.634749E-05
6.441160E+03	9.989825E-04	1.628169E-05
6.451100E+03	9.948792E-04	1.621676E-05
6.461040E+03	9.906526E-04	1.614980E-05
6.470980E+03	9.864793E-04	1.608369E-05
6.480920E+03	9.822430E-04	1.601654E-05
6.490860E+03	9.780025E-04	1.594930E-05
6.500800E+03	9.736996E-04	1.588103E-05
6.510740E+03	9.693940E-04	1.581269E-05
6.520680E+03	9.650848E-04	1.574428E-05
6.530620E+03	9.607153E-04	1.567487E-05
6.540560E+03	9.563438E-04	1.560540E-05
6.550500E+03	9.519701E-04	1.553588E-05
6.560441E+03	9.475389E-04	1.546541E-05
6.570381E+03	9.431070E-04	1.539490E-05
6.580321E+03	9.386744E-04	1.532436E-05
6.590261E+03	9.341857E-04	1.525289E-05
6.600201E+03	9.296976E-04	1.518140E-05
6.610141E+03	9.252108E-04	1.510992E-05
6.620081E+03	9.206708E-04	1.503755E-05
6.630021E+03	9.161327E-04	1.496520E-05
6.639961E+03	9.115427E-04	1.489197E-05
6.649901E+03	9.070101E-04	1.481966E-05
6.659841E+03	9.024270E-04	1.474651E-05
6.669781E+03	8.977947E-04	1.467253E-05
6.679721E+03	8.932211E-04	1.459949E-05
6.689661E+03	8.885991E-04	1.452565E-05
6.699601E+03	8.839300E-04	1.445101E-05
6.709541E+03	8.793203E-04	1.437732E-05
6.719482E+03	8.746650E-04	1.430286E-05
6.729422E+03	8.699660E-04	1.422767E-05
6.739362E+03	8.653265E-04	1.415343E-05
6.749302E+03	8.606440E-04	1.407847E-05
6.759242E+03	8.559719E-04	1.400366E-05
6.769182E+03	8.512575E-04	1.392814E-05
6.779122E+03	8.465542E-04	1.385277E-05
6.789062E+03	8.418626E-04	1.377758E-05
6.799002E+03	8.371821E-04	1.370254E-05
6.808942E+03	8.324641E-04	1.362688E-05
6.818882E+03	8.277586E-04	1.355139E-05
6.828822E+03	8.230668E-04	1.347612E-05
6.838762E+03	8.183398E-04	1.340024E-05
6.848702E+03	8.136279E-04	1.332459E-05
6.858642E+03	8.089306E-04	1.324915E-05
6.868582E+03	8.042006E-04	1.317317E-05
6.878523E+03	7.995357E-04	1.309822E-05
6.888463E+03	7.948390E-04	1.302274E-05
6.898403E+03	7.901117E-04	1.294673E-05
6.908343E+03	7.854509E-04	1.287179E-05
6.918283E+03	7.807610E-04	1.279636E-05
6.928223E+03	7.760427E-04	1.272044E-05
6.938163E+03	7.713914E-04	1.264559E-05
6.948103E+03	7.667132E-04	1.257029E-05
6.958043E+03	7.620557E-04	1.249530E-05
6.967983E+03	7.574196E-04	1.242064E-05
6.977923E+03	7.527592E-04	1.234557E-05
6.987863E+03	7.481660E-04	1.227158E-05
6.997803E+03	7.435506E-04	1.219720E-05
7.007743E+03	7.389123E-04	1.212243E-05
7.017683E+03	7.343433E-04	1.204877E-05
7.027623E+03	7.297527E-04	1.197474E-05
7.037563E+03	7.251870E-04	1.190110E-05
7.047504E+03	7.206019E-04	1.182712E-05
7.057444E+03	7.160860E-04	1.175425E-05
7.067384E+03	7.115514E-04	1.168106E-05
7.077324E+03	7.070438E-04	1.160829E-05
7.087264E+03	7.025182E-04	1.153521E-05
7.097204E+03	6.980638E-04	1.146328E-05
7.107144E+03	6.935928E-04	1.139106E-05
7.117084E+03	6.891489E-04	1.131926E-05
7.127024E+03	6.846907E-04	1.124721E-05
7.136964E+03	6.803032E-04	1.117630E-05
7.146904E+03	6.759018E-04	1.110514E-05
7.156844E+03	6.715292E-04	1.103444E-05
7.166784E+03	6.671856E-04	1.096419E-05
7.176724E+03	6.628299E-04	1.089373E-05
7.186664E+03	6.585038E-04	1.082374E-05
7.196604E+03	6.542077E-04	1.075422E-05
7.206545E+03	6.499416E-04	1.068518E-05
7.216485E+03	6.457056E-04	1.061661E-05
7.226425E+03	6.414597E-04	1.054787E-05
7.236365E+03	6.372445E-04	1.047961E-05
7.246305E+03	6.330603E-04	1.041184E-05
7.256245E+03	6.289070E-04	1.034456E-05
7.266185E+03	6.247848E-04	1.027778E-05
7.276125E+03	6.206544E-04	1.021085E-05
7.286065E+03	6.165557E-04	1.014442E-05
7.296005E+03	6.124885E-04	1.007849E-05
7.305945E+03	6.084530E-04	1.001306E-05
7.315885E+03	6.044108E-04	9.947513E-06
7.325825E+03	6.004387E-04	9.883101E-06
7.335765E+03	5.964604E-04	9.818569E-06
7.345705E+03	5.924764E-04	9.753927E-06
7.355645E+03	5.885623E-04	9.690420E-06
7.365586E+03	5.846803E-04	9.627426E-06
7.375526E+03	5.807930E-04	9.564329E-06
7.385466E+03	5.769380E-04	9.501748E-06
7.395406E+03	5.731153E-04	9.439684E-06
7.405346E+03	5.693248E-04	9.378134E-06
7.415286E+03	5.655299E-04	9.316496E-06
7.425226E+03	5.618037E-04	9.255976E-06
7.435166E+03	5.580733E-04	9.195372E-06
7.445106E+03	5.543752E-04	9.135285E-06
7.455046E+03	5.507092E-04	9.075711E-06
7.464986E+03	5.470752E-04	9.016652E-06
7.474926E+03	5.434377E-04	8.957519E-06
7.484866E+03	5.398322E-04	8.898902E-06
7.494806E+03	5.362588E-04	8.840797E-06
7.504746E+03	5.327172E-04	8.783204E-06
7.514686E+03	5.292072E-04	8.726118E-06
7.524627E+03	5.257288E-04	8.669538E-06
7.534567E+03	5.222474E-04	8.612897E-06
7.544507E+03	5.188317E-04	8.557326E-06
7.554447E+03	5.154131E-04	8.501692E-06
7.564387E+03	5.120256E-04	8.446560E-06
7.574327E+03	5.086691E-04	8.391926E-06
7.584267E+03	5.053099E-04	8.337234E-06
7.594207E+03	5.020150E-04	8.283591E-06
7.604147E+03	4.987174E-04	8.229890E-06
7.614087E+03	4.954503E-04	8.176679E-06
7.624027E+03	4.922135E-04	8.123958E-06
7.633967E+03	4.890068E-04	8.071721E-06
7.643907E+03	4.858301E-04	8.019967E-06
7.653847E+03	4.826830E-04	7.968689E-06
7.663787E+03	4.795332E-04	7.917354E-06
7.673727E+03	4.764450E-04	7.867026E-06
7.683667E+03	4.733538E-04	7.816638E-06
7.693608E+03	4.702918E-04	7.766718E-06
7.703548E+03	4.672585E-04	7.717262E-06
7.713488E+03	4.642539E-04	7.668269E-06
7.723428E+03	4.612462E-04	7.619214E-06
7.733368E+03	4.582983E-04	7.571134E-06
7.743308E+03	4.553470E-04	7.522989E-06
7.753248E+03	4.524237E-04	7.475296E-06
7.763188E+03	4.495280E-04	7.428049E-06
7.773128E+03	4.466598E-04	7.381243E-06
7.783068E+03	4.438187E-04	7.334877E-06
7.793008E+03	4.410045E-04	7.288946E-06
7.802948E+03	4.382170E-04	7.243444E-06
7.812888E+03	4.354257E-04	7.197870E-06
7.822828E+03	4.326608E-04	7.152723E-06
7.832768E+03	4.299520E-04	7.108494E-06
7.842708E+03	4.272390E-04	7.064186E-06
7.852649E+03	4.245516E-04	7.020291E-06
7.862589E+03	4.218896E-04	6.976807E-06
7.872529E+03	4.192232E-04	6.933241E-06
7.882469E+03	4.166113E-04	6.890567E-06
7.892409E+03	4.140240E-04	6.848290E-06
7.902349E+03	4.114319E-04	6.805926E-06
7.912289E+03	4.088641E-04	6.763954E-06
7.922229E+03	4.063492E-04	6.722849E-06
7.932169E+03	4.038291E-04	6.681649E-06
7.942109E+03	4.013325E-04	6.640830E-06
7.952049E+03	3.988592E-04	6.600387E-06
7.961989E+03	3.963805E-04	6.559846E-06
7.971929E+03	3.939530E-04	6.520146E-06
7.981869E+03	3.915481E-04	6.480810E-06
7.991809E+03	3.891373E-04	6.441369E-06
8.001749E+03	3.867767E-04	6.402751E-06
8.011690E+03	3.844098E-04	6.364022E-06
8.021630E+03	3.820647E-04	6.325645E-06
8.031570E+03	3.797411E-04	6.287615E-06
8.041510E+03	3.774386E-04	6.249928E-06
8.051450E+03	3.751571E-04	6.212581E-06
8.061390E+03	3.728962E-04	6.175568E-06
8.071330E+03	3.706558E-04	6.138887E-06
8.081270E+03	3.684083E-04	6.102081E-06
8.091210E+03	3.662081E-04	6.066051E-06
8.101150E+03	3.640276E-04	6.030341E-06
8.111090E+03	3.618397E-04	5.994501E-06
8.121030E+03	3.596712E-04	5.958974E-06
8.130970E+03	3.575486E-04	5.924202E-06
8.140910E+03	3.554181E-04	5.889292E-06
8.150850E+03	3.533062E-04	5.854685E-06
8.160790E+03	3.512129E-04	5.820378E-06
8.170730E+03	3.491378E-04	5.786365E-06
8.180671E+03	3.470807E-04	5.752647E-06
8.190611E+03	3.450152E-04	5.718780E-06
8.200551E+03	3.429935E-04	5.685635E-06
8.210491E+03	3.409891E-04	5.652770E-06
8.220431E+03	3.389759E-04	5.619754E-06
8.230371E+03	3.370057E-04	5.587442E-06
8.240311E+03	3.350263E-04	5.554973E-06
8.250251E+03	3.330892E-04	5.523200E-06
8.260191E+03	3.311428E-04	5.491267E-06
8.270131E+03	3.292126E-04	5.459595E-06
8.280071E+03	3.273238E-04	5.428605E-06
8.290011E+03	3.254252E-04	5.397447E-06
8.299951E+03	3.235423E-04	5.366543E-06
8.309891E+03	3.216746E-04	5.335887E-06
8.319831E+03	3.198221E-04	5.305477E-06
8.329771E+03	3.179846E-04	5.275309E-06
8.339712E+03	3.161369E-04	5.244968E-06
8.349652E+03	3.143288E-04	5.215278E-06
8.359592E+03	3.125351E-04	5.185822E-06
8.369532E+03	3.107555E-04	5.156595E-06
8.379472E+03	3.089653E-04	5.127187E-06
8.389412E+03	3.072137E-04	5.098413E-06
8.399352E+03	3.054511E-04	5.069453E-06
8.409292E+03	3.037265E-04	5.041119E-06
8.419232E+03	3.019909E-04	5.012596E-06
8.429172E+03	3.002928E-04	4.984692E-06
8.439112E+03	2.985833E-04	4.956593E-06
8.449052E+03	2.968868E-04	4.928705E-06
8.458992E+03	2.952271E-04	4.901423E-06
8.468932E+03	2.935556E-04	4.873942E-06
8.478872E+03	2.918965E-04	4.846663E-06
8.488812E+03	2.902497E-04	4.819581E-06
8.498753E+03	2.886149E-04	4.792695E-06
8.508693E+03	2.869919E-04	4.766001E-06
8.518633E+03	2.853807E-04	4.739498E-06
8.528573E+03	2.837810E-04	4.713182E-06
8.538513E+03	2.821927E-04	4.687050E-06
8.548453E+03	2.806157E-04	4.661102E-06
8.558393E+03	2.790497E-04	4.635334E-06
8.568333E+03	2.774947E-04	4.609743E-06
8.578273E+03	2.759504E-04	4.584327E-06
8.588213E+03	2.744169E-04	4.559085E-06
8.598153E+03	2.728939E-04	4.534014E-06
8.608093E+03	2.713812E-04	4.509110E-06
8.618033E+03	2.698556E-04	4.483988E-06
8.627973E+03	2.683633E-04	4.459416E-06
8.637913E+03	2.668810E-04	4.435005E-06
8.647853E+03	2.654084E-04	4.410753E-06
8.657794E+03	2.639226E-04	4.386278E-06
8.667734E+03	2.624694E-04	4.362340E-06
8.677674E+03	2.610257E-04	4.338556E-06
8.687614E+03	2.595684E-04	4.314543E-06
8.697554E+03	2.581432E-04	4.291060E-06
8.707494E+03	2.567270E-04	4.267724E-06
8.717434E+03	2.552972E-04	4.244157E-06
8.727374E+03	2.538989E-04	4.221110E-06
8.737314E+03	2.525092E-04	4.198204E-06
8.747254E+03	2.511057E-04	4.175065E-06
8.757194E+03	2.497332E-04	4.152438E-06
8.767134E+03	2.483467E-04	4.129574E-06
8.777074E+03	2.469909E-04	4.107217E-06
8.787014E+03	2.456432E-04	4.084992E-06
8.796954E+03	2.442813E-04	4.062529E-06
8.806894E+03	2.429496E-04	4.040564E-06
8.816834E+03	2.416037E-04	4.018360E-06
8.826775E+03	2.402876E-04	3.996648E-06
8.836715E+03	2.389792E-04	3.975062E-06
8.846655E+03	2.376564E-04	3.953232E-06
8.856595E+03	2.363630E-04	3.931889E-06
8.866535E+03	2.350769E-04	3.910665E-06
8.876475E+03	2.337763E-04	3.889196E-06
8.886415E+03	2.325046E-04	3.868206E-06
8.896355E+03	2.312401E-04	3.847332E-06
8.906295E+03	2.299608E-04	3.826210E-06
8.916235E+03	2.287102E-04	3.805561E-06
8.926175E+03	2.274663E-04	3.785022E-06
8.936115E+03	2.262076E-04	3.764234E-06
8.946055E+03	2.249771E-04	3.743913E-06
8.985816E+03	2.200985E-04	3.663322E-06
9.025576E+03	2.153411E-04	3.584707E-06
9.065336E+03	2.106785E-04	3.507632E-06
9.105096E+03	2.061271E-04	3.432374E-06
9.144857E+03	2.016617E-04	3.358510E-06
9.184617E+03	1.972988E-04	3.286320E-06
9.224377E+03	1.930140E-04	3.215399E-06
9.264137E+03	1.888444E-04	3.146365E-06
9.303897E+03	1.847457E-04	3.078482E-06
9.343658E+03	1.807349E-04	3.012038E-06
9.383418E+03	1.768287E-04	2.947309E-06
9.423178E+03	1.729843E-04	2.883585E-06
9.462938E+03	1.692189E-04	2.821153E-06
9.502699E+03	1.655493E-04	2.760295E-06
9.542459E+03	1.619534E-04	2.700643E-06
9.582219E+03	1.584288E-04	2.642159E-06
9.621979E+03	1.549926E-04	2.585128E-06
9.661740E+03	1.516041E-04	2.528875E-06
9.701500E+03	1.483187E-04	2.474323E-06
9.741260E+03	1.450773E-04	2.420487E-06
9.781020E+03	1.419349E-04	2.368285E-06
9.820781E+03	1.388517E-04	2.317057E-06
9.860541E+03	1.358264E-04	2.266777E-06
9.900301E+03	1.328759E-04	2.217732E-06
9.940061E+03	1.299984E-04	2.169893E-06
9.979822E+03	1.271743E-04	2.122931E-06
1.001958E+04	1.244203E-04	2.077127E-06
1.005934E+04	1.217351E-04	2.032458E-06
1.009910E+04	1.190992E-04	1.988603E-06
1.013886E+04	1.165295E-04	1.945841E-06
1.017862E+04	1.140246E-04	1.904152E-06
1.021838E+04	1.115835E-04	1.863516E-06
1.025814E+04	1.092046E-04	1.823913E-06
