#wls	flux	fluxerr
1.600000E+03	3.631564E-17	1.530577E-18
1.640000E+03	3.618016E-17	1.518272E-18
1.680000E+03	3.608141E-17	1.507387E-18
1.720000E+03	3.601905E-17	1.497886E-18
1.760000E+03	3.599278E-17	1.489732E-18
1.800000E+03	3.598976E-17	1.482372E-18
1.840000E+03	3.603480E-17	1.476806E-18
1.880000E+03	3.611506E-17	1.472478E-18
1.920000E+03	3.624270E-17	1.469852E-18
1.960000E+03	3.640501E-17	1.468381E-18
2.000000E+03	3.662647E-17	1.469018E-18
2.040000E+03	3.689443E-17	1.471211E-18
2.080000E+03	3.720872E-17	1.474913E-18
2.120000E+03	3.758146E-17	1.480561E-18
2.160000E+03	3.801255E-17	1.488097E-18
2.200000E+03	3.850202E-17	1.497470E-18
2.240000E+03	3.906217E-17	1.509098E-18
2.280000E+03	3.969325E-17	1.522921E-18
2.320000E+03	4.039577E-17	1.538889E-18
2.360000E+03	4.117052E-17	1.556956E-18
2.400000E+03	4.203057E-17	1.577536E-18
2.440000E+03	4.297729E-17	1.600586E-18
2.480000E+03	4.402444E-17	1.626520E-18
2.520000E+03	4.517432E-17	1.655307E-18
2.560000E+03	4.644170E-17	1.687366E-18
2.600000E+03	4.785381E-17	1.723541E-18
2.640000E+03	4.939146E-17	1.762976E-18
2.680000E+03	5.110727E-17	1.807380E-18
2.720000E+03	5.300787E-17	1.856769E-18
2.760000E+03	5.510128E-17	1.911193E-18
2.800000E+03	5.743265E-17	1.971960E-18
2.840000E+03	6.002558E-17	2.039570E-18
2.880000E+03	6.291804E-17	2.114962E-18
2.920000E+03	6.613902E-17	2.198713E-18
2.960000E+03	6.974493E-17	2.292240E-18
3.000000E+03	7.378459E-17	2.396616E-18
3.010000E+03	7.486371E-17	2.424383E-18
3.020000E+03	7.597759E-17	2.453029E-18
3.030000E+03	7.712674E-17	2.482559E-18
3.040000E+03	7.831178E-17	2.512980E-18
3.050000E+03	7.952105E-17	2.543908E-18
3.060000E+03	8.077965E-17	2.576134E-18
3.070000E+03	8.207600E-17	2.609273E-18
3.080000E+03	8.339844E-17	2.642944E-18
3.090000E+03	8.477233E-17	2.677936E-18
3.100000E+03	8.618606E-17	2.713869E-18
3.110000E+03	8.764042E-17	2.750753E-18
3.120000E+03	8.914865E-17	2.788986E-18
3.130000E+03	9.068664E-17	2.827801E-18
3.140000E+03	9.228024E-17	2.867987E-18
3.150000E+03	9.393042E-17	2.909557E-18
3.160000E+03	9.562558E-17	2.952132E-18
3.170000E+03	9.737936E-17	2.996116E-18
3.180000E+03	9.918004E-17	3.041129E-18
3.190000E+03	1.010416E-16	3.087581E-18
3.200000E+03	1.029650E-16	3.135480E-18
3.210000E+03	1.049386E-16	3.184452E-18
3.220000E+03	1.069895E-16	3.235297E-18
3.230000E+03	1.090932E-16	3.287245E-18
3.240000E+03	1.112637E-16	3.340707E-18
3.250000E+03	1.135156E-16	3.396087E-18
3.260000E+03	1.158376E-16	3.453018E-18
3.270000E+03	1.182308E-16	3.511515E-18
3.280000E+03	1.206968E-16	3.571594E-18
3.290000E+03	1.232507E-16	3.633675E-18
3.300000E+03	1.258808E-16	3.697380E-18
3.310000E+03	1.286021E-16	3.763124E-18
3.320000E+03	1.314168E-16	3.830933E-18
3.330000E+03	1.343131E-16	3.900431E-18
3.340000E+03	1.373201E-16	3.972434E-18
3.350000E+03	1.404127E-16	4.046173E-18
3.360000E+03	1.436067E-16	4.122068E-18
3.370000E+03	1.469042E-16	4.200147E-18
3.380000E+03	1.503215E-16	4.280830E-18
3.390000E+03	1.538470E-16	4.363748E-18
3.400000E+03	1.574832E-16	4.448928E-18
3.410000E+03	1.612325E-16	4.536394E-18
3.420000E+03	1.651260E-16	4.626976E-18
3.430000E+03	1.691378E-16	4.719902E-18
3.440000E+03	1.732853E-16	4.815601E-18
3.450000E+03	1.775565E-16	4.913698E-18
3.460000E+03	1.819838E-16	5.015033E-18
3.470000E+03	1.865555E-16	5.119228E-18
3.480000E+03	1.912747E-16	5.226313E-18
3.490000E+03	1.961447E-16	5.336318E-18
3.500000E+03	2.011836E-16	5.449677E-18
3.510000E+03	2.063798E-16	5.566013E-18
3.520000E+03	2.117519E-16	5.685765E-18
3.530000E+03	2.173036E-16	5.808961E-18
3.540000E+03	2.230227E-16	5.935211E-18
3.550000E+03	2.289286E-16	6.064961E-18
3.560000E+03	2.350405E-16	6.198646E-18
3.570000E+03	2.413308E-16	6.335458E-18
3.580000E+03	2.478349E-16	6.476256E-18
3.590000E+03	2.545406E-16	6.620640E-18
3.600000E+03	2.614680E-16	6.769048E-18
3.610000E+03	2.686211E-16	6.921499E-18
3.620000E+03	2.759873E-16	7.077578E-18
3.630000E+03	2.835867E-16	7.237720E-18
3.640000E+03	2.914232E-16	7.401927E-18
3.650000E+03	2.995006E-16	7.570202E-18
3.660000E+03	3.078394E-16	7.742968E-18
3.670000E+03	3.164090E-16	7.919355E-18
3.680000E+03	3.252643E-16	8.100641E-18
3.690000E+03	3.343740E-16	8.285934E-18
3.700000E+03	3.437585E-16	8.475639E-18
3.710000E+03	3.534203E-16	8.669708E-18
3.720000E+03	3.633619E-16	8.868090E-18
3.730000E+03	3.735850E-16	9.070718E-18
3.740000E+03	3.840907E-16	9.277506E-18
3.750000E+03	3.948980E-16	9.488799E-18
3.760000E+03	4.060071E-16	9.704482E-18
3.770000E+03	4.173985E-16	9.923973E-18
3.780000E+03	4.290698E-16	1.014710E-17
3.790000E+03	4.410555E-16	1.037457E-17
3.800000E+03	4.533324E-16	1.060571E-17
3.810000E+03	4.658749E-16	1.083981E-17
3.820000E+03	4.787136E-16	1.107747E-17
3.830000E+03	4.918187E-16	1.131790E-17
3.840000E+03	5.051978E-16	1.156115E-17
3.850000E+03	5.188158E-16	1.180632E-17
3.860000E+03	5.326544E-16	1.205292E-17
3.870000E+03	5.467123E-16	1.230081E-17
3.880000E+03	5.609648E-16	1.254936E-17
3.890000E+03	5.753833E-16	1.279786E-17
3.900000E+03	5.899149E-16	1.304508E-17
3.910000E+03	6.045433E-16	1.329061E-17
3.920000E+03	6.192275E-16	1.353353E-17
3.930000E+03	6.339226E-16	1.377284E-17
3.940000E+03	6.485798E-16	1.400748E-17
3.950000E+03	6.631254E-16	1.423589E-17
3.960000E+03	6.775454E-16	1.445783E-17
3.970000E+03	6.917393E-16	1.467121E-17
3.980000E+03	7.056886E-16	1.487574E-17
3.990000E+03	7.192897E-16	1.506935E-17
4.000000E+03	7.325018E-16	1.525134E-17
4.010000E+03	7.452850E-16	1.542104E-17
4.020000E+03	7.575174E-16	1.557613E-17
4.030000E+03	7.692064E-16	1.571699E-17
4.040000E+03	7.802589E-16	1.584193E-17
4.050000E+03	7.906501E-16	1.595074E-17
4.060000E+03	8.003203E-16	1.604247E-17
4.070000E+03	8.092593E-16	1.611724E-17
4.080000E+03	8.174246E-16	1.617448E-17
4.090000E+03	8.248035E-16	1.621427E-17
4.100000E+03	8.313941E-16	1.623689E-17
4.110000E+03	8.372046E-16	1.624283E-17
4.120000E+03	8.422538E-16	1.623276E-17
4.130000E+03	8.465518E-16	1.620720E-17
4.140000E+03	8.501384E-16	1.616720E-17
4.150000E+03	8.530809E-16	1.611433E-17
4.160000E+03	8.554175E-16	1.604957E-17
4.170000E+03	8.571936E-16	1.597403E-17
4.180000E+03	8.584978E-16	1.588956E-17
4.190000E+03	8.593864E-16	1.579741E-17
4.200000E+03	8.599549E-16	1.569951E-17
4.210000E+03	8.602481E-16	1.559679E-17
4.220000E+03	8.603640E-16	1.549115E-17
4.230000E+03	8.603659E-16	1.538382E-17
4.240000E+03	8.603492E-16	1.527654E-17
4.250000E+03	8.603578E-16	1.517012E-17
4.260000E+03	8.604817E-16	1.506616E-17
4.270000E+03	8.607753E-16	1.496557E-17
4.280000E+03	8.613049E-16	1.486946E-17
4.290000E+03	8.621171E-16	1.477856E-17
4.300000E+03	8.632843E-16	1.469404E-17
4.310000E+03	8.648441E-16	1.461643E-17
4.320000E+03	8.668303E-16	1.454617E-17
4.330000E+03	8.692869E-16	1.448389E-17
4.340000E+03	8.722546E-16	1.443011E-17
4.350000E+03	8.757571E-16	1.438508E-17
4.360000E+03	8.798302E-16	1.434922E-17
4.370000E+03	8.844957E-16	1.432274E-17
4.380000E+03	8.897767E-16	1.430584E-17
4.390000E+03	8.956986E-16	1.429874E-17
4.400000E+03	9.023034E-16	1.430196E-17
4.410000E+03	9.096089E-16	1.431557E-17
4.420000E+03	9.176478E-16	1.433992E-17
4.430000E+03	9.264531E-16	1.437532E-17
4.440000E+03	9.360423E-16	1.442185E-17
4.450000E+03	9.464150E-16	1.447932E-17
4.460000E+03	9.575775E-16	1.454764E-17
4.470000E+03	9.695273E-16	1.462658E-17
4.480000E+03	9.822774E-16	1.471618E-17
4.490000E+03	9.958282E-16	1.481627E-17
4.500000E+03	1.010180E-15	1.492668E-17
4.510000E+03	1.025328E-15	1.504721E-17
4.520000E+03	1.041217E-15	1.517683E-17
4.530000E+03	1.057784E-15	1.531453E-17
4.540000E+03	1.074979E-15	1.545948E-17
4.550000E+03	1.092696E-15	1.561005E-17
4.560000E+03	1.110829E-15	1.576468E-17
4.570000E+03	1.129257E-15	1.592165E-17
4.580000E+03	1.147849E-15	1.607915E-17
4.590000E+03	1.166456E-15	1.623516E-17
4.600000E+03	1.184937E-15	1.638782E-17
4.610000E+03	1.203157E-15	1.653542E-17
4.620000E+03	1.220969E-15	1.667613E-17
4.630000E+03	1.238255E-15	1.680853E-17
4.640000E+03	1.254910E-15	1.693149E-17
4.650000E+03	1.270841E-15	1.704398E-17
4.660000E+03	1.285990E-15	1.714553E-17
4.670000E+03	1.300316E-15	1.723588E-17
4.680000E+03	1.313821E-15	1.731533E-17
4.690000E+03	1.326525E-15	1.738444E-17
4.700000E+03	1.338507E-15	1.744450E-17
4.710000E+03	1.349844E-15	1.749675E-17
4.720000E+03	1.360651E-15	1.754293E-17
4.730000E+03	1.371049E-15	1.758475E-17
4.740000E+03	1.381211E-15	1.762463E-17
4.750000E+03	1.391261E-15	1.766424E-17
4.760000E+03	1.401374E-15	1.770591E-17
4.770000E+03	1.411683E-15	1.775139E-17
4.780000E+03	1.422314E-15	1.780232E-17
4.790000E+03	1.433333E-15	1.785956E-17
4.800000E+03	1.444819E-15	1.792409E-17
4.810000E+03	1.456753E-15	1.799574E-17
4.820000E+03	1.469128E-15	1.807443E-17
4.830000E+03	1.481858E-15	1.815917E-17
4.840000E+03	1.494890E-15	1.824933E-17
4.850000E+03	1.508085E-15	1.834333E-17
4.860000E+03	1.521346E-15	1.844006E-17
4.870000E+03	1.534495E-15	1.853747E-17
4.880000E+03	1.547407E-15	1.863419E-17
4.890000E+03	1.559906E-15	1.872814E-17
4.900000E+03	1.571840E-15	1.881760E-17
4.910000E+03	1.583047E-15	1.890068E-17
4.920000E+03	1.593387E-15	1.897578E-17
4.930000E+03	1.602701E-15	1.904109E-17
4.940000E+03	1.610878E-15	1.909538E-17
4.950000E+03	1.617825E-15	1.913761E-17
4.960000E+03	1.623462E-15	1.916689E-17
4.970000E+03	1.627745E-15	1.918277E-17
4.980000E+03	1.630629E-15	1.918475E-17
4.990000E+03	1.632145E-15	1.917323E-17
5.000000E+03	1.632301E-15	1.914833E-17
5.010000E+03	1.631167E-15	1.911086E-17
5.020000E+03	1.628817E-15	1.906167E-17
5.030000E+03	1.625385E-15	1.900230E-17
5.040000E+03	1.620968E-15	1.893385E-17
5.050000E+03	1.615699E-15	1.885781E-17
5.060000E+03	1.609733E-15	1.877594E-17
5.070000E+03	1.603238E-15	1.869011E-17
5.080000E+03	1.596364E-15	1.860202E-17
5.090000E+03	1.589261E-15	1.851331E-17
5.100000E+03	1.582074E-15	1.842561E-17
5.110000E+03	1.574954E-15	1.834060E-17
5.120000E+03	1.568044E-15	1.825985E-17
5.130000E+03	1.561436E-15	1.818435E-17
5.140000E+03	1.555258E-15	1.811555E-17
5.150000E+03	1.549573E-15	1.805408E-17
5.160000E+03	1.544439E-15	1.800059E-17
5.170000E+03	1.539931E-15	1.795589E-17
5.180000E+03	1.536059E-15	1.792004E-17
5.190000E+03	1.532848E-15	1.789328E-17
5.200000E+03	1.530289E-15	1.787551E-17
5.210000E+03	1.528364E-15	1.786644E-17
5.220000E+03	1.527053E-15	1.786585E-17
5.230000E+03	1.526326E-15	1.787334E-17
5.240000E+03	1.526099E-15	1.788793E-17
5.250000E+03	1.526354E-15	1.790938E-17
5.260000E+03	1.526990E-15	1.793650E-17
5.270000E+03	1.527963E-15	1.796874E-17
5.280000E+03	1.529179E-15	1.800501E-17
5.290000E+03	1.530573E-15	1.804450E-17
5.300000E+03	1.532080E-15	1.808645E-17
5.310000E+03	1.533605E-15	1.812972E-17
5.320000E+03	1.535073E-15	1.817341E-17
5.330000E+03	1.536447E-15	1.821705E-17
5.340000E+03	1.537633E-15	1.825951E-17
5.350000E+03	1.538627E-15	1.830070E-17
5.360000E+03	1.539354E-15	1.833972E-17
5.370000E+03	1.539785E-15	1.837620E-17
5.380000E+03	1.539936E-15	1.841028E-17
5.390000E+03	1.539799E-15	1.844185E-17
5.400000E+03	1.539367E-15	1.847079E-17
5.410000E+03	1.538658E-15	1.849730E-17
5.420000E+03	1.537731E-15	1.852204E-17
5.430000E+03	1.536602E-15	1.854519E-17
5.440000E+03	1.535309E-15	1.856719E-17
5.450000E+03	1.533892E-15	1.858848E-17
5.460000E+03	1.532405E-15	1.860969E-17
5.470000E+03	1.530886E-15	1.863125E-17
5.480000E+03	1.529351E-15	1.865336E-17
5.490000E+03	1.527848E-15	1.867654E-17
5.500000E+03	1.526399E-15	1.870104E-17
5.510000E+03	1.525005E-15	1.872681E-17
5.520000E+03	1.523695E-15	1.875416E-17
5.530000E+03	1.522474E-15	1.878310E-17
5.540000E+03	1.521333E-15	1.881347E-17
5.550000E+03	1.520274E-15	1.884526E-17
5.560000E+03	1.519300E-15	1.887846E-17
5.570000E+03	1.518415E-15	1.891308E-17
5.580000E+03	1.517606E-15	1.894892E-17
5.590000E+03	1.516893E-15	1.898619E-17
5.600000E+03	1.516281E-15	1.902491E-17
5.610000E+03	1.515742E-15	1.906470E-17
5.620000E+03	1.515309E-15	1.910593E-17
5.630000E+03	1.514952E-15	1.914822E-17
5.640000E+03	1.514671E-15	1.919150E-17
5.650000E+03	1.514480E-15	1.923593E-17
5.660000E+03	1.514358E-15	1.928124E-17
5.670000E+03	1.514288E-15	1.932715E-17
5.680000E+03	1.514281E-15	1.937378E-17
5.690000E+03	1.514319E-15	1.942087E-17
5.700000E+03	1.514386E-15	1.946821E-17
5.710000E+03	1.514513E-15	1.951614E-17
5.720000E+03	1.514674E-15	1.956431E-17
5.730000E+03	1.514858E-15	1.961255E-17
5.740000E+03	1.515105E-15	1.966138E-17
5.750000E+03	1.515395E-15	1.971049E-17
5.760000E+03	1.515739E-15	1.976002E-17
5.770000E+03	1.516148E-15	1.981008E-17
5.780000E+03	1.516620E-15	1.986063E-17
5.790000E+03	1.517175E-15	1.991194E-17
5.800000E+03	1.517807E-15	1.996390E-17
5.810000E+03	1.518501E-15	2.001631E-17
5.820000E+03	1.519256E-15	2.006914E-17
5.830000E+03	1.520080E-15	2.012247E-17
5.840000E+03	1.520929E-15	2.017574E-17
5.850000E+03	1.521805E-15	2.022892E-17
5.860000E+03	1.522666E-15	2.028150E-17
5.870000E+03	1.523492E-15	2.033314E-17
5.880000E+03	1.524237E-15	2.038326E-17
5.890000E+03	1.524873E-15	2.043143E-17
5.900000E+03	1.525383E-15	2.047744E-17
5.910000E+03	1.525709E-15	2.052048E-17
5.920000E+03	1.525826E-15	2.056019E-17
5.930000E+03	1.525725E-15	2.059642E-17
5.940000E+03	1.525371E-15	2.062871E-17
5.950000E+03	1.524735E-15	2.065663E-17
5.960000E+03	1.523824E-15	2.068025E-17
5.970000E+03	1.522604E-15	2.069909E-17
5.980000E+03	1.521104E-15	2.071354E-17
5.990000E+03	1.519298E-15	2.072321E-17
6.000000E+03	1.517207E-15	2.072840E-17
6.010000E+03	1.514823E-15	2.072897E-17
6.020000E+03	1.512157E-15	2.072505E-17
6.030000E+03	1.509213E-15	2.071672E-17
6.040000E+03	1.505983E-15	2.070384E-17
6.050000E+03	1.502484E-15	2.068664E-17
6.060000E+03	1.498683E-15	2.066466E-17
6.070000E+03	1.494602E-15	2.063821E-17
6.080000E+03	1.490202E-15	2.060674E-17
6.090000E+03	1.485463E-15	2.056999E-17
6.100000E+03	1.480366E-15	2.052766E-17
6.110000E+03	1.474883E-15	2.047939E-17
6.120000E+03	1.468954E-15	2.042434E-17
6.130000E+03	1.462578E-15	2.036248E-17
6.140000E+03	1.455677E-15	2.029272E-17
6.150000E+03	1.448220E-15	2.021462E-17
6.160000E+03	1.440191E-15	2.012797E-17
6.170000E+03	1.431508E-15	2.003159E-17
6.180000E+03	1.422182E-15	1.992564E-17
6.190000E+03	1.412175E-15	1.980957E-17
6.200000E+03	1.401461E-15	1.968301E-17
6.210000E+03	1.390053E-15	1.954613E-17
6.220000E+03	1.377970E-15	1.939919E-17
6.230000E+03	1.365285E-15	1.924321E-17
6.240000E+03	1.352105E-15	1.907970E-17
6.250000E+03	1.338511E-15	1.890979E-17
6.260000E+03	1.324651E-15	1.873555E-17
6.270000E+03	1.310640E-15	1.855864E-17
6.280000E+03	1.296671E-15	1.838178E-17
6.290000E+03	1.282879E-15	1.820693E-17
6.300000E+03	1.269453E-15	1.803681E-17
6.310000E+03	1.256578E-15	1.787404E-17
6.320000E+03	1.244458E-15	1.772161E-17
6.330000E+03	1.233271E-15	1.758210E-17
6.340000E+03	1.223212E-15	1.745834E-17
6.350000E+03	1.214470E-15	1.735311E-17
6.360000E+03	1.207215E-15	1.726893E-17
6.370000E+03	1.201632E-15	1.720852E-17
6.380000E+03	1.197881E-15	1.717429E-17
6.390000E+03	1.196079E-15	1.716799E-17
6.400000E+03	1.196359E-15	1.719169E-17
6.410000E+03	1.198808E-15	1.724674E-17
6.420000E+03	1.203514E-15	1.733452E-17
6.430000E+03	1.210479E-15	1.745521E-17
6.440000E+03	1.219740E-15	1.760948E-17
6.450000E+03	1.231248E-15	1.779676E-17
6.460000E+03	1.244938E-15	1.801623E-17
6.470000E+03	1.260678E-15	1.826615E-17
6.480000E+03	1.278335E-15	1.854470E-17
6.490000E+03	1.297671E-15	1.884856E-17
6.500000E+03	1.318454E-15	1.917446E-17
6.510000E+03	1.340360E-15	1.951775E-17
6.520000E+03	1.363025E-15	1.987316E-17
6.530000E+03	1.386033E-15	2.023465E-17
6.540000E+03	1.408924E-15	2.059549E-17
6.550000E+03	1.431205E-15	2.094845E-17
6.560000E+03	1.452351E-15	2.128581E-17
6.570000E+03	1.471901E-15	2.160069E-17
6.580000E+03	1.489362E-15	2.188572E-17
6.590000E+03	1.504353E-15	2.213519E-17
6.600000E+03	1.516562E-15	2.234429E-17
6.610000E+03	1.525771E-15	2.250966E-17
6.620000E+03	1.531869E-15	2.262943E-17
6.630000E+03	1.534830E-15	2.270302E-17
6.640000E+03	1.534768E-15	2.273190E-17
6.650000E+03	1.531844E-15	2.271827E-17
6.660000E+03	1.526353E-15	2.266632E-17
6.670000E+03	1.518567E-15	2.257991E-17
6.680000E+03	1.508831E-15	2.246403E-17
6.690000E+03	1.497530E-15	2.232429E-17
6.700000E+03	1.485029E-15	2.216603E-17
6.710000E+03	1.471665E-15	2.199420E-17
6.720000E+03	1.457770E-15	2.181370E-17
6.730000E+03	1.443666E-15	2.162932E-17
6.740000E+03	1.429618E-15	2.144502E-17
6.750000E+03	1.415820E-15	2.126368E-17
6.760000E+03	1.402497E-15	2.108871E-17
6.770000E+03	1.389784E-15	2.092215E-17
6.780000E+03	1.377779E-15	2.076549E-17
6.790000E+03	1.366602E-15	2.062059E-17
6.800000E+03	1.356289E-15	2.048804E-17
6.810000E+03	1.346871E-15	2.036830E-17
6.820000E+03	1.338335E-15	2.026126E-17
6.830000E+03	1.330686E-15	2.016702E-17
6.840000E+03	1.323901E-15	2.008525E-17
6.850000E+03	1.317919E-15	2.001509E-17
6.860000E+03	1.312712E-15	1.995612E-17
6.870000E+03	1.308205E-15	1.990725E-17
6.880000E+03	1.304339E-15	1.986758E-17
6.890000E+03	1.301067E-15	1.983646E-17
6.900000E+03	1.298291E-15	1.981238E-17
6.910000E+03	1.295962E-15	1.979462E-17
6.920000E+03	1.294036E-15	1.978251E-17
6.930000E+03	1.292414E-15	1.977456E-17
6.940000E+03	1.291040E-15	1.976992E-17
6.950000E+03	1.289892E-15	1.976828E-17
6.960000E+03	1.288871E-15	1.976808E-17
6.970000E+03	1.287982E-15	1.976943E-17
6.980000E+03	1.287134E-15	1.977092E-17
6.990000E+03	1.286325E-15	1.977255E-17
7.000000E+03	1.285512E-15	1.977361E-17
7.010000E+03	1.284653E-15	1.977350E-17
7.020000E+03	1.283768E-15	1.977249E-17
7.030000E+03	1.282825E-15	1.977012E-17
7.040000E+03	1.281801E-15	1.976601E-17
7.050000E+03	1.280715E-15	1.976046E-17
7.060000E+03	1.279567E-15	1.975349E-17
7.070000E+03	1.278347E-15	1.974491E-17
7.080000E+03	1.277063E-15	1.973490E-17
7.090000E+03	1.275748E-15	1.972392E-17
7.100000E+03	1.274393E-15	1.971187E-17
7.110000E+03	1.273033E-15	1.969928E-17
7.120000E+03	1.271642E-15	1.968577E-17
7.130000E+03	1.270252E-15	1.967183E-17
7.140000E+03	1.268892E-15	1.965792E-17
7.150000E+03	1.267532E-15	1.964358E-17
7.160000E+03	1.266198E-15	1.962924E-17
7.170000E+03	1.264892E-15	1.961492E-17
7.180000E+03	1.263615E-15	1.960066E-17
7.190000E+03	1.262346E-15	1.958615E-17
7.200000E+03	1.261099E-15	1.957161E-17
7.210000E+03	1.259868E-15	1.955693E-17
7.220000E+03	1.258625E-15	1.954175E-17
7.230000E+03	1.257378E-15	1.952616E-17
7.240000E+03	1.256117E-15	1.951004E-17
7.250000E+03	1.254813E-15	1.949293E-17
7.260000E+03	1.253453E-15	1.947466E-17
7.270000E+03	1.252047E-15	1.945540E-17
7.280000E+03	1.250585E-15	1.943502E-17
7.290000E+03	1.249041E-15	1.941310E-17
7.300000E+03	1.247410E-15	1.938960E-17
7.310000E+03	1.245707E-15	1.936477E-17
7.320000E+03	1.243931E-15	1.933860E-17
7.330000E+03	1.242082E-15	1.931112E-17
7.340000E+03	1.240147E-15	1.928213E-17
7.350000E+03	1.238146E-15	1.925197E-17
7.360000E+03	1.236087E-15	1.922079E-17
7.370000E+03	1.233957E-15	1.918839E-17
7.380000E+03	1.231801E-15	1.915551E-17
7.390000E+03	1.229588E-15	1.912165E-17
7.400000E+03	1.227341E-15	1.908722E-17
7.410000E+03	1.225065E-15	1.905232E-17
7.420000E+03	1.222763E-15	1.901699E-17
7.430000E+03	1.220418E-15	1.898100E-17
7.440000E+03	1.218029E-15	1.894437E-17
7.450000E+03	1.215599E-15	1.890715E-17
7.460000E+03	1.213107E-15	1.886903E-17
7.470000E+03	1.210556E-15	1.883008E-17
7.480000E+03	1.207928E-15	1.879005E-17
7.490000E+03	1.205248E-15	1.874933E-17
7.500000E+03	1.202560E-15	1.870866E-17
7.510000E+03	1.199874E-15	1.866818E-17
7.520000E+03	1.197184E-15	1.862783E-17
7.530000E+03	1.194524E-15	1.858817E-17
7.540000E+03	1.191931E-15	1.854979E-17
7.550000E+03	1.189387E-15	1.851241E-17
7.560000E+03	1.186951E-15	1.847700E-17
7.570000E+03	1.184647E-15	1.844394E-17
7.580000E+03	1.182457E-15	1.841297E-17
7.590000E+03	1.180443E-15	1.838502E-17
7.600000E+03	1.178604E-15	1.836007E-17
7.610000E+03	1.176959E-15	1.833839E-17
7.620000E+03	1.175518E-15	1.832011E-17
7.630000E+03	1.174311E-15	1.830570E-17
7.640000E+03	1.173302E-15	1.829456E-17
7.650000E+03	1.172530E-15	1.828729E-17
7.660000E+03	1.171969E-15	1.828346E-17
7.670000E+03	1.171592E-15	1.828263E-17
7.680000E+03	1.171423E-15	1.828518E-17
7.690000E+03	1.171427E-15	1.829053E-17
7.700000E+03	1.171603E-15	1.829865E-17
7.710000E+03	1.171889E-15	1.830856E-17
7.720000E+03	1.172299E-15	1.832045E-17
7.730000E+03	1.172766E-15	1.833325E-17
7.740000E+03	1.173319E-15	1.834743E-17
7.750000E+03	1.173867E-15	1.836153E-17
7.760000E+03	1.174418E-15	1.837565E-17
7.770000E+03	1.174920E-15	1.838897E-17
7.780000E+03	1.175360E-15	1.840128E-17
7.790000E+03	1.175687E-15	1.841175E-17
7.800000E+03	1.175893E-15	1.842023E-17
7.810000E+03	1.175929E-15	1.842595E-17
7.820000E+03	1.175792E-15	1.842886E-17
7.830000E+03	1.175438E-15	1.842823E-17
7.840000E+03	1.174893E-15	1.842447E-17
7.850000E+03	1.174101E-15	1.841665E-17
7.860000E+03	1.173071E-15	1.840494E-17
7.870000E+03	1.171775E-15	1.838888E-17
7.880000E+03	1.170250E-15	1.836902E-17
7.890000E+03	1.168453E-15	1.834468E-17
7.900000E+03	1.166406E-15	1.831618E-17
7.910000E+03	1.164111E-15	1.828358E-17
7.920000E+03	1.161552E-15	1.824658E-17
7.930000E+03	1.158776E-15	1.820592E-17
7.940000E+03	1.155748E-15	1.816106E-17
7.950000E+03	1.152475E-15	1.811209E-17
7.960000E+03	1.148987E-15	1.805946E-17
7.970000E+03	1.145290E-15	1.800328E-17
7.980000E+03	1.141371E-15	1.794335E-17
7.990000E+03	1.137259E-15	1.788009E-17
8.000000E+03	1.132918E-15	1.781298E-17
8.010000E+03	1.128398E-15	1.774276E-17
8.020000E+03	1.123703E-15	1.766952E-17
8.030000E+03	1.118798E-15	1.759271E-17
8.040000E+03	1.113748E-15	1.751333E-17
8.050000E+03	1.108515E-15	1.743083E-17
8.060000E+03	1.103123E-15	1.734554E-17
8.070000E+03	1.097550E-15	1.725717E-17
8.080000E+03	1.091840E-15	1.716638E-17
8.090000E+03	1.085949E-15	1.707251E-17
8.100000E+03	1.079898E-15	1.697588E-17
8.110000E+03	1.073660E-15	1.687609E-17
8.120000E+03	1.067254E-15	1.677343E-17
8.130000E+03	1.060697E-15	1.666818E-17
8.140000E+03	1.053919E-15	1.655929E-17
8.150000E+03	1.046980E-15	1.644765E-17
8.160000E+03	1.039831E-15	1.633257E-17
8.170000E+03	1.032472E-15	1.621401E-17
8.180000E+03	1.024917E-15	1.609223E-17
8.190000E+03	1.017167E-15	1.596726E-17
8.200000E+03	1.009183E-15	1.583851E-17
8.210000E+03	1.001030E-15	1.570700E-17
8.220000E+03	9.926595E-16	1.557199E-17
8.230000E+03	9.841246E-16	1.543434E-17
8.240000E+03	9.754084E-16	1.529379E-17
8.250000E+03	9.665758E-16	1.515139E-17
8.260000E+03	9.576428E-16	1.500740E-17
8.270000E+03	9.486517E-16	1.486250E-17
8.280000E+03	9.396348E-16	1.471721E-17
8.290000E+03	9.306861E-16	1.457303E-17
8.300000E+03	9.218355E-16	1.443043E-17
8.310000E+03	9.131734E-16	1.429085E-17
8.320000E+03	9.047609E-16	1.415527E-17
8.330000E+03	8.966996E-16	1.402527E-17
8.340000E+03	8.890600E-16	1.390198E-17
8.350000E+03	8.819323E-16	1.378682E-17
8.360000E+03	8.754248E-16	1.368149E-17
8.370000E+03	8.696111E-16	1.358715E-17
8.380000E+03	8.645793E-16	1.350519E-17
8.390000E+03	8.604311E-16	1.343721E-17
8.400000E+03	8.572123E-16	1.338393E-17
8.410000E+03	8.550132E-16	1.334676E-17
8.420000E+03	8.539000E-16	1.332676E-17
8.430000E+03	8.539308E-16	1.332484E-17
8.440000E+03	8.551384E-16	1.334153E-17
8.450000E+03	8.575970E-16	1.337800E-17
8.460000E+03	8.612867E-16	1.343396E-17
8.470000E+03	8.662796E-16	1.351056E-17
8.480000E+03	8.725357E-16	1.360720E-17
8.490000E+03	8.800899E-16	1.372445E-17
8.500000E+03	8.889321E-16	1.386220E-17
8.510000E+03	8.990231E-16	1.401987E-17
8.520000E+03	9.103098E-16	1.419668E-17
8.530000E+03	9.227794E-16	1.439248E-17
8.540000E+03	9.363685E-16	1.460635E-17
8.550000E+03	9.509585E-16	1.483649E-17
8.560000E+03	9.664668E-16	1.508169E-17
8.570000E+03	9.827717E-16	1.534013E-17
8.580000E+03	9.997292E-16	1.560964E-17
8.590000E+03	1.017171E-15	1.588767E-17
8.600000E+03	1.034908E-15	1.617135E-17
8.610000E+03	1.052703E-15	1.645708E-17
8.620000E+03	1.070345E-15	1.674164E-17
8.630000E+03	1.087585E-15	1.702120E-17
8.640000E+03	1.104141E-15	1.729145E-17
8.650000E+03	1.119774E-15	1.754870E-17
8.660000E+03	1.134201E-15	1.778859E-17
8.670000E+03	1.147200E-15	1.800765E-17
8.680000E+03	1.158548E-15	1.820245E-17
8.690000E+03	1.167999E-15	1.836911E-17
8.700000E+03	1.175443E-15	1.850589E-17
8.710000E+03	1.180761E-15	1.861092E-17
8.720000E+03	1.183830E-15	1.868216E-17
8.730000E+03	1.184670E-15	1.871991E-17
8.740000E+03	1.183253E-15	1.872359E-17
8.750000E+03	1.179685E-15	1.869481E-17
8.760000E+03	1.174019E-15	1.863428E-17
8.770000E+03	1.166413E-15	1.854438E-17
8.780000E+03	1.157005E-15	1.842715E-17
8.790000E+03	1.146000E-15	1.828574E-17
8.800000E+03	1.133549E-15	1.812239E-17
8.810000E+03	1.119900E-15	1.794095E-17
8.820000E+03	1.105191E-15	1.774346E-17
8.830000E+03	1.089669E-15	1.753376E-17
8.840000E+03	1.073480E-15	1.731410E-17
8.850000E+03	1.056827E-15	1.708761E-17
8.860000E+03	1.039832E-15	1.685618E-17
8.870000E+03	1.022666E-15	1.662246E-17
8.880000E+03	1.005457E-15	1.638850E-17
8.890000E+03	9.883613E-16	1.615674E-17
8.900000E+03	9.714499E-16	1.592831E-17
8.910000E+03	9.547991E-16	1.570437E-17
8.920000E+03	9.385115E-16	1.548652E-17
8.930000E+03	9.226336E-16	1.527548E-17
8.940000E+03	9.072019E-16	1.507179E-17
8.950000E+03	8.922243E-16	1.487555E-17
8.960000E+03	8.777806E-16	1.468808E-17
8.970000E+03	8.638277E-16	1.450863E-17
8.980000E+03	8.504341E-16	1.433835E-17
8.990000E+03	8.375681E-16	1.417672E-17
9.000000E+03	8.252328E-16	1.402379E-17
9.040000E+03	7.813374E-16	1.350205E-17
9.080000E+03	7.454968E-16	1.311471E-17
9.120000E+03	7.166192E-16	1.284555E-17
9.160000E+03	6.934719E-16	1.267560E-17
9.200000E+03	6.750737E-16	1.258985E-17
9.240000E+03	6.607571E-16	1.257854E-17
9.280000E+03	6.501231E-16	1.263674E-17
9.320000E+03	6.429550E-16	1.276296E-17
9.360000E+03	6.391707E-16	1.295847E-17
9.400000E+03	6.386796E-16	1.322458E-17
9.440000E+03	6.414564E-16	1.356405E-17
9.480000E+03	6.474064E-16	1.397832E-17
9.520000E+03	6.563493E-16	1.446695E-17
9.560000E+03	6.680277E-16	1.502755E-17
9.600000E+03	6.821101E-16	1.565565E-17
9.640000E+03	6.980538E-16	1.634125E-17
9.680000E+03	7.152432E-16	1.707169E-17
9.720000E+03	7.328945E-16	1.782905E-17
9.760000E+03	7.501234E-16	1.859151E-17
9.800000E+03	7.660689E-16	1.933622E-17
9.840000E+03	7.797169E-16	2.003482E-17
9.880000E+03	7.902842E-16	2.066322E-17
9.920000E+03	7.970165E-16	2.119672E-17
9.960000E+03	7.993513E-16	2.161453E-17
1.000000E+04	7.970263E-16	2.190325E-17
1.004000E+04	7.899695E-16	2.205446E-17
1.008000E+04	7.783828E-16	2.206754E-17
1.012000E+04	7.626397E-16	2.194731E-17
1.016000E+04	7.433008E-16	2.170487E-17
1.020000E+04	7.209519E-16	2.135313E-17
1.024000E+04	6.963200E-16	2.091039E-17
1.028000E+04	6.700179E-16	2.039277E-17
1.032000E+04	6.426479E-16	1.981717E-17
