#wls	flux	fluxerr
1.567091E+03	2.191893E-04	1.746038E-06
1.606268E+03	2.165392E-04	1.724715E-06
1.645446E+03	2.138488E-04	1.703071E-06
1.684623E+03	2.110814E-04	1.680812E-06
1.723800E+03	2.082399E-04	1.657964E-06
1.762977E+03	2.053276E-04	1.634554E-06
1.802155E+03	2.023843E-04	1.610896E-06
1.841332E+03	1.993779E-04	1.586738E-06
1.880509E+03	1.963135E-04	1.562119E-06
1.919687E+03	1.931971E-04	1.537088E-06
1.958864E+03	1.900690E-04	1.511965E-06
1.998041E+03	1.869019E-04	1.486535E-06
2.037218E+03	1.837042E-04	1.460863E-06
2.076396E+03	1.804849E-04	1.435022E-06
2.115573E+03	1.772849E-04	1.409337E-06
2.154750E+03	1.740829E-04	1.383640E-06
2.193928E+03	1.708907E-04	1.358023E-06
2.233105E+03	1.677500E-04	1.332819E-06
2.272282E+03	1.646442E-04	1.307895E-06
2.311459E+03	1.615880E-04	1.283369E-06
2.350637E+03	1.585969E-04	1.259364E-06
2.389814E+03	1.557148E-04	1.236228E-06
2.428991E+03	1.529317E-04	1.213881E-06
2.468168E+03	1.502928E-04	1.192681E-06
2.507346E+03	1.477665E-04	1.172379E-06
2.546523E+03	1.454265E-04	1.153558E-06
2.585700E+03	1.432708E-04	1.136200E-06
2.624878E+03	1.413495E-04	1.120704E-06
2.664055E+03	1.396663E-04	1.107096E-06
2.703232E+03	1.382523E-04	1.095622E-06
2.742409E+03	1.371650E-04	1.086736E-06
2.781587E+03	1.363961E-04	1.080372E-06
2.820764E+03	1.360349E-04	1.077232E-06
2.859941E+03	1.361297E-04	1.077699E-06
2.899119E+03	1.366906E-04	1.081849E-06
2.938296E+03	1.378276E-04	1.090549E-06
2.948090E+03	1.382126E-04	1.093519E-06
2.957884E+03	1.386381E-04	1.096810E-06
2.967679E+03	1.391055E-04	1.100430E-06
2.977473E+03	1.395929E-04	1.104208E-06
2.987267E+03	1.401481E-04	1.108521E-06
2.997062E+03	1.407495E-04	1.113199E-06
3.006856E+03	1.413988E-04	1.118254E-06
3.016650E+03	1.420975E-04	1.123699E-06
3.026445E+03	1.428473E-04	1.129547E-06
3.036239E+03	1.436502E-04	1.135813E-06
3.046033E+03	1.445078E-04	1.142511E-06
3.055828E+03	1.453981E-04	1.149465E-06
3.065622E+03	1.463712E-04	1.157074E-06
3.075416E+03	1.474052E-04	1.165161E-06
3.085211E+03	1.485025E-04	1.173747E-06
3.095005E+03	1.496652E-04	1.182849E-06
3.104799E+03	1.508959E-04	1.192486E-06
3.114594E+03	1.521971E-04	1.202679E-06
3.124388E+03	1.535715E-04	1.213448E-06
3.134182E+03	1.550475E-04	1.225017E-06
3.143976E+03	1.565770E-04	1.237007E-06
3.153771E+03	1.581884E-04	1.249642E-06
3.163565E+03	1.598851E-04	1.262948E-06
3.173359E+03	1.616703E-04	1.276950E-06
3.183154E+03	1.635477E-04	1.291678E-06
3.192948E+03	1.655207E-04	1.307159E-06
3.202742E+03	1.675934E-04	1.323423E-06
3.212537E+03	1.697977E-04	1.340724E-06
3.222331E+03	1.720823E-04	1.358656E-06
3.232125E+03	1.744795E-04	1.377473E-06
3.241920E+03	1.769937E-04	1.397210E-06
3.251714E+03	1.796299E-04	1.417907E-06
3.261508E+03	1.824230E-04	1.439839E-06
3.271303E+03	1.853192E-04	1.462580E-06
3.281097E+03	1.883536E-04	1.486407E-06
3.290891E+03	1.915322E-04	1.511367E-06
3.300686E+03	1.948927E-04	1.537758E-06
3.310480E+03	1.983788E-04	1.565136E-06
3.320274E+03	2.020285E-04	1.593799E-06
3.330069E+03	2.058825E-04	1.624068E-06
3.339863E+03	2.098819E-04	1.655479E-06
3.349657E+03	2.140674E-04	1.688351E-06
3.359452E+03	2.184828E-04	1.723031E-06
3.369246E+03	2.230664E-04	1.759030E-06
3.379040E+03	2.278622E-04	1.796695E-06
3.388834E+03	2.329172E-04	1.836398E-06
3.398629E+03	2.381666E-04	1.877625E-06
3.408423E+03	2.436579E-04	1.920752E-06
3.418217E+03	2.494422E-04	1.966180E-06
3.428012E+03	2.554512E-04	2.013371E-06
3.437806E+03	2.617784E-04	2.063060E-06
3.447600E+03	2.683527E-04	2.114687E-06
3.457395E+03	2.752728E-04	2.169030E-06
3.467189E+03	2.824647E-04	2.225503E-06
3.476983E+03	2.899857E-04	2.284559E-06
3.486778E+03	2.978987E-04	2.346690E-06
3.496572E+03	3.061244E-04	2.411273E-06
3.506366E+03	3.147762E-04	2.479201E-06
3.516161E+03	3.237713E-04	2.549819E-06
3.525955E+03	3.332298E-04	2.624072E-06
3.535749E+03	3.430645E-04	2.701273E-06
3.545544E+03	3.534030E-04	2.782425E-06
3.555338E+03	3.641534E-04	2.866805E-06
3.565132E+03	3.754513E-04	2.955478E-06
3.574927E+03	3.871997E-04	3.047680E-06
3.584721E+03	3.995428E-04	3.144544E-06
3.594515E+03	4.123777E-04	3.245261E-06
3.604310E+03	4.258582E-04	3.351036E-06
3.614104E+03	4.398749E-04	3.461012E-06
3.623898E+03	4.545917E-04	3.576472E-06
3.633692E+03	4.698922E-04	3.696502E-06
3.643487E+03	4.859508E-04	3.822471E-06
3.653281E+03	5.026434E-04	3.953403E-06
3.663075E+03	5.201562E-04	4.090758E-06
3.672870E+03	5.384416E-04	4.234161E-06
3.682664E+03	5.574419E-04	4.383158E-06
3.692458E+03	5.773621E-04	4.539356E-06
3.702253E+03	5.980541E-04	4.701592E-06
3.712047E+03	6.197370E-04	4.871583E-06
3.721841E+03	6.422510E-04	5.048074E-06
3.731636E+03	6.658298E-04	5.232896E-06
3.741430E+03	6.903008E-04	5.424693E-06
3.751224E+03	7.159132E-04	5.625419E-06
3.761019E+03	7.424802E-04	5.833605E-06
3.770813E+03	7.702673E-04	6.051334E-06
3.780607E+03	7.991976E-04	6.277998E-06
3.790402E+03	8.291767E-04	6.512854E-06
3.800196E+03	8.604968E-04	6.758194E-06
3.809990E+03	8.929277E-04	7.012205E-06
3.819785E+03	9.267800E-04	7.277327E-06
3.829579E+03	9.618029E-04	7.551584E-06
3.839373E+03	9.983275E-04	7.837573E-06
3.849167E+03	1.036080E-03	8.133139E-06
3.858962E+03	1.075410E-03	8.441034E-06
3.868756E+03	1.116019E-03	8.758897E-06
3.878550E+03	1.158280E-03	9.089656E-06
3.888345E+03	1.201866E-03	9.430742E-06
3.898139E+03	1.247171E-03	9.785245E-06
3.907933E+03	1.293836E-03	1.015035E-05
3.917728E+03	1.342280E-03	1.052932E-05
3.927522E+03	1.392111E-03	1.091910E-05
3.937316E+03	1.443770E-03	1.132313E-05
3.947111E+03	1.496829E-03	1.173805E-05
3.956905E+03	1.551754E-03	1.216752E-05
3.966699E+03	1.608076E-03	1.260784E-05
3.976494E+03	1.666287E-03	1.306289E-05
3.986288E+03	1.725876E-03	1.352863E-05
3.996082E+03	1.787358E-03	1.400912E-05
4.005877E+03	1.850177E-03	1.449997E-05
4.015671E+03	1.914580E-03	1.500314E-05
4.025465E+03	1.980849E-03	1.552081E-05
4.035260E+03	2.048349E-03	1.604802E-05
4.045054E+03	2.117668E-03	1.658937E-05
4.054848E+03	2.188118E-03	1.713945E-05
4.064643E+03	2.259963E-03	1.770035E-05
4.074437E+03	2.333508E-03	1.827443E-05
4.084231E+03	2.407979E-03	1.885564E-05
4.094025E+03	2.484037E-03	1.944915E-05
4.103820E+03	2.560850E-03	2.004844E-05
4.113614E+03	2.638702E-03	2.065574E-05
4.123408E+03	2.717921E-03	2.127359E-05
4.133203E+03	2.797582E-03	2.189478E-05
4.142997E+03	2.877988E-03	2.252165E-05
4.152791E+03	2.959024E-03	2.315332E-05
4.162586E+03	3.041040E-03	2.379251E-05
4.172380E+03	3.122992E-03	2.443107E-05
4.182174E+03	3.205205E-03	2.507152E-05
4.191969E+03	3.287547E-03	2.571285E-05
4.201763E+03	3.370396E-03	2.635799E-05
4.211557E+03	3.452594E-03	2.699791E-05
4.221352E+03	3.534502E-03	2.763541E-05
4.231146E+03	3.615977E-03	2.826939E-05
4.240940E+03	3.696875E-03	2.889871E-05
4.250735E+03	3.777052E-03	2.952226E-05
4.260529E+03	3.856954E-03	3.014352E-05
4.270323E+03	3.935277E-03	3.075230E-05
4.280118E+03	4.012460E-03	3.135205E-05
4.289912E+03	4.088372E-03	3.194173E-05
4.299706E+03	4.162884E-03	3.252034E-05
4.309500E+03	4.235876E-03	3.308694E-05
4.319295E+03	4.307231E-03	3.364064E-05
4.329089E+03	4.376843E-03	3.418061E-05
4.338883E+03	4.444612E-03	3.470606E-05
4.348678E+03	4.510446E-03	3.521629E-05
4.358472E+03	4.574264E-03	3.571066E-05
4.368266E+03	4.635991E-03	3.618861E-05
4.378061E+03	4.695565E-03	3.664964E-05
4.387855E+03	4.752932E-03	3.709335E-05
4.397649E+03	4.808044E-03	3.751936E-05
4.407444E+03	4.860135E-03	3.792171E-05
4.417238E+03	4.910640E-03	3.831159E-05
4.427032E+03	4.958813E-03	3.868321E-05
4.436827E+03	5.004648E-03	3.903650E-05
4.446621E+03	5.048145E-03	3.937148E-05
4.456415E+03	5.088547E-03	3.968225E-05
4.466210E+03	5.127397E-03	3.998086E-05
4.476004E+03	5.163958E-03	4.026155E-05
4.485798E+03	5.198261E-03	4.052459E-05
4.495593E+03	5.229557E-03	4.076412E-05
4.505387E+03	5.259456E-03	4.099273E-05
4.515181E+03	5.287224E-03	4.120467E-05
4.524976E+03	5.312117E-03	4.139417E-05
4.534770E+03	5.335783E-03	4.157408E-05
4.544564E+03	5.356687E-03	4.173242E-05
4.554358E+03	5.376494E-03	4.188220E-05
4.564153E+03	5.393666E-03	4.201142E-05
4.573947E+03	5.409883E-03	4.213318E-05
4.583741E+03	5.423601E-03	4.223546E-05
4.593536E+03	5.436513E-03	4.233146E-05
4.603330E+03	5.447070E-03	4.240910E-05
4.613124E+03	5.456973E-03	4.248163E-05
4.622919E+03	5.464669E-03	4.253699E-05
4.632713E+03	5.471863E-03	4.258842E-05
4.642507E+03	5.477000E-03	4.262386E-05
4.652302E+03	5.480969E-03	4.265020E-05
4.662096E+03	5.483844E-03	4.266803E-05
4.671890E+03	5.486515E-03	4.268428E-05
4.681685E+03	5.487420E-03	4.268680E-05
4.691479E+03	5.487447E-03	4.268250E-05
4.701273E+03	5.486664E-03	4.267191E-05
4.711068E+03	5.485950E-03	4.266188E-05
4.720862E+03	5.483743E-03	4.264025E-05
4.730656E+03	5.480919E-03	4.261384E-05
4.740451E+03	5.477540E-03	4.258313E-05
4.750245E+03	5.473663E-03	4.254856E-05
4.760039E+03	5.469343E-03	4.251058E-05
4.769833E+03	5.464635E-03	4.246960E-05
4.779628E+03	5.459589E-03	4.242602E-05
4.789422E+03	5.454253E-03	4.238021E-05
4.799216E+03	5.448672E-03	4.233253E-05
4.809011E+03	5.442890E-03	4.228330E-05
4.818805E+03	5.436947E-03	4.223286E-05
4.828599E+03	5.430881E-03	4.218148E-05
4.838394E+03	5.424727E-03	4.212945E-05
4.848188E+03	5.417717E-03	4.207080E-05
4.857982E+03	5.411483E-03	4.201821E-05
4.867777E+03	5.405250E-03	4.196565E-05
4.877571E+03	5.399042E-03	4.191332E-05
4.887365E+03	5.392088E-03	4.185522E-05
4.897160E+03	5.385997E-03	4.180386E-05
4.906954E+03	5.379990E-03	4.175318E-05
4.916748E+03	5.373292E-03	4.169717E-05
4.926543E+03	5.367498E-03	4.164820E-05
4.936337E+03	5.361825E-03	4.160022E-05
4.946131E+03	5.355494E-03	4.154715E-05
4.955926E+03	5.350087E-03	4.150129E-05
4.965720E+03	5.344033E-03	4.145044E-05
4.975514E+03	5.338904E-03	4.140680E-05
4.985309E+03	5.333133E-03	4.135821E-05
4.995103E+03	5.328281E-03	4.131680E-05
5.004897E+03	5.322781E-03	4.127038E-05
5.014691E+03	5.317409E-03	4.122500E-05
5.024486E+03	5.312937E-03	4.118663E-05
5.034280E+03	5.307796E-03	4.114310E-05
5.044074E+03	5.302756E-03	4.110040E-05
5.053869E+03	5.297804E-03	4.105842E-05
5.063663E+03	5.293704E-03	4.102307E-05
5.073457E+03	5.288888E-03	4.098222E-05
5.083252E+03	5.284119E-03	4.094177E-05
5.093046E+03	5.279380E-03	4.090159E-05
5.102840E+03	5.274655E-03	4.086156E-05
5.112635E+03	5.269927E-03	4.082154E-05
5.122429E+03	5.265947E-03	4.078736E-05
5.132223E+03	5.261158E-03	4.074696E-05
5.142018E+03	5.256314E-03	4.070616E-05
5.151812E+03	5.251397E-03	4.066485E-05
5.161606E+03	5.246390E-03	4.062288E-05
5.171401E+03	5.241275E-03	4.058013E-05
5.181195E+03	5.235276E-03	4.053056E-05
5.190989E+03	5.229906E-03	4.048592E-05
5.200784E+03	5.224386E-03	4.044016E-05
5.210578E+03	5.218707E-03	4.039321E-05
5.220372E+03	5.212857E-03	4.034499E-05
5.230167E+03	5.206829E-03	4.029545E-05
5.239961E+03	5.199862E-03	4.023868E-05
5.249755E+03	5.193468E-03	4.018639E-05
5.259549E+03	5.186889E-03	4.013274E-05
5.269344E+03	5.179376E-03	4.007189E-05
5.279138E+03	5.172444E-03	4.001560E-05
5.288932E+03	5.165349E-03	3.995810E-05
5.298727E+03	5.157354E-03	3.989369E-05
5.308521E+03	5.149979E-03	3.983413E-05
5.318315E+03	5.141748E-03	3.976800E-05
5.328110E+03	5.134179E-03	3.970705E-05
5.337904E+03	5.125809E-03	3.963996E-05
5.347698E+03	5.118156E-03	3.957847E-05
5.357493E+03	5.109762E-03	3.951131E-05
5.367287E+03	5.102142E-03	3.945019E-05
5.377081E+03	5.093839E-03	3.938384E-05
5.386876E+03	5.085607E-03	3.931810E-05
5.396670E+03	5.078154E-03	3.925844E-05
5.406464E+03	5.069968E-03	3.919317E-05
5.416259E+03	5.061749E-03	3.912770E-05
5.426053E+03	5.054190E-03	3.906738E-05
5.435847E+03	5.045787E-03	3.900060E-05
5.445642E+03	5.037237E-03	3.893274E-05
5.455436E+03	5.028511E-03	3.886357E-05
5.465230E+03	5.019578E-03	3.879286E-05
5.475024E+03	5.011141E-03	3.872603E-05
5.484819E+03	5.001725E-03	3.865170E-05
5.494613E+03	4.992040E-03	3.857533E-05
5.504407E+03	4.982072E-03	3.849685E-05
5.514202E+03	4.971812E-03	3.841615E-05
5.523996E+03	4.961250E-03	3.833318E-05
5.533790E+03	4.950384E-03	3.824792E-05
5.543585E+03	4.939211E-03	3.816034E-05
5.553379E+03	4.927730E-03	3.807044E-05
5.563173E+03	4.915945E-03	3.797824E-05
5.572968E+03	4.903857E-03	3.788376E-05
5.582762E+03	4.890765E-03	3.778158E-05
5.592556E+03	4.878092E-03	3.768268E-05
5.602351E+03	4.865134E-03	3.758165E-05
5.612145E+03	4.851900E-03	3.747852E-05
5.621939E+03	4.838396E-03	3.737338E-05
5.631734E+03	4.823933E-03	3.726088E-05
5.641528E+03	4.809917E-03	3.715188E-05
5.651322E+03	4.795656E-03	3.704104E-05
5.661117E+03	4.781157E-03	3.692843E-05
5.670911E+03	4.765738E-03	3.680876E-05
5.680705E+03	4.750788E-03	3.669276E-05
5.690500E+03	4.734934E-03	3.656984E-05
5.700294E+03	4.719555E-03	3.645064E-05
5.710088E+03	4.703969E-03	3.632988E-05
5.719882E+03	4.687502E-03	3.620238E-05
5.729677E+03	4.671513E-03	3.607862E-05
5.739471E+03	4.654652E-03	3.594818E-05
5.749265E+03	4.638268E-03	3.582148E-05
5.759060E+03	4.621019E-03	3.568814E-05
5.768854E+03	4.604240E-03	3.555848E-05
5.778648E+03	4.586598E-03	3.542221E-05
5.788443E+03	4.568758E-03	3.528446E-05
5.798237E+03	4.551372E-03	3.515027E-05
5.808031E+03	4.533121E-03	3.500944E-05
5.817826E+03	4.514656E-03	3.486701E-05
5.827620E+03	4.496624E-03	3.472797E-05
5.837414E+03	4.477715E-03	3.458221E-05
5.847209E+03	4.458575E-03	3.443471E-05
5.857003E+03	4.439837E-03	3.429036E-05
5.866797E+03	4.420209E-03	3.413918E-05
5.876592E+03	4.400327E-03	3.398609E-05
5.886386E+03	4.380182E-03	3.383101E-05
5.896180E+03	4.359767E-03	3.367389E-05
5.905975E+03	4.339701E-03	3.351952E-05
5.915769E+03	4.318722E-03	3.335813E-05
5.925563E+03	4.297452E-03	3.319454E-05
5.935357E+03	4.275886E-03	3.302870E-05
5.945152E+03	4.254019E-03	3.286058E-05
5.954946E+03	4.231848E-03	3.269015E-05
5.964740E+03	4.209372E-03	3.251741E-05
5.974535E+03	4.186589E-03	3.234234E-05
5.984329E+03	4.163501E-03	3.216495E-05
5.994123E+03	4.140113E-03	3.198528E-05
6.003918E+03	4.116429E-03	3.180337E-05
6.013712E+03	4.092458E-03	3.161927E-05
6.023506E+03	4.068210E-03	3.143306E-05
6.033301E+03	4.043699E-03	3.124486E-05
6.043095E+03	4.018938E-03	3.105477E-05
6.052889E+03	3.993945E-03	3.086291E-05
6.062684E+03	3.968738E-03	3.066942E-05
6.072478E+03	3.942770E-03	3.047008E-05
6.082272E+03	3.917198E-03	3.027383E-05
6.092067E+03	3.891469E-03	3.007640E-05
6.101861E+03	3.865597E-03	2.987788E-05
6.111655E+03	3.839594E-03	2.967837E-05
6.121450E+03	3.812914E-03	2.947364E-05
6.131244E+03	3.786662E-03	2.927225E-05
6.141038E+03	3.760283E-03	2.906989E-05
6.150833E+03	3.733767E-03	2.886649E-05
6.160627E+03	3.706574E-03	2.865787E-05
6.170421E+03	3.679772E-03	2.845229E-05
6.180215E+03	3.652816E-03	2.824552E-05
6.190010E+03	3.625179E-03	2.803350E-05
6.199804E+03	3.597911E-03	2.782434E-05
6.209598E+03	3.569972E-03	2.761000E-05
6.219393E+03	3.542402E-03	2.739852E-05
6.229187E+03	3.514690E-03	2.718594E-05
6.238981E+03	3.486340E-03	2.696844E-05
6.248776E+03	3.458378E-03	2.675394E-05
6.258570E+03	3.429816E-03	2.653479E-05
6.268364E+03	3.401664E-03	2.631882E-05
6.278159E+03	3.372955E-03	2.609853E-05
6.287953E+03	3.344685E-03	2.588164E-05
6.297747E+03	3.315906E-03	2.566080E-05
6.307542E+03	3.287602E-03	2.544364E-05
6.317336E+03	3.258842E-03	2.522294E-05
6.327130E+03	3.230125E-03	2.500256E-05
6.336925E+03	3.201941E-03	2.478630E-05
6.346719E+03	3.173382E-03	2.456712E-05
6.356513E+03	3.145393E-03	2.435235E-05
6.366308E+03	3.117085E-03	2.413510E-05
6.376102E+03	3.088939E-03	2.391909E-05
6.385896E+03	3.061423E-03	2.370794E-05
6.395690E+03	3.033668E-03	2.349493E-05
6.405485E+03	3.006145E-03	2.328370E-05
6.415279E+03	2.979307E-03	2.307776E-05
6.425073E+03	2.952308E-03	2.287056E-05
6.434868E+03	2.925604E-03	2.266563E-05
6.444662E+03	2.899216E-03	2.246312E-05
6.454456E+03	2.873578E-03	2.226641E-05
6.464251E+03	2.847873E-03	2.206917E-05
6.474045E+03	2.822539E-03	2.187478E-05
6.483839E+03	2.797593E-03	2.168338E-05
6.493634E+03	2.773051E-03	2.149509E-05
6.503428E+03	2.749325E-03	2.131311E-05
6.513222E+03	2.725632E-03	2.113136E-05
6.523017E+03	2.702386E-03	2.095307E-05
6.532811E+03	2.679599E-03	2.077831E-05
6.542605E+03	2.657283E-03	2.060719E-05
6.552400E+03	2.635451E-03	2.043980E-05
6.562194E+03	2.614111E-03	2.027621E-05
6.571988E+03	2.593274E-03	2.011649E-05
6.581783E+03	2.572947E-03	1.996072E-05
6.591577E+03	2.553139E-03	1.980896E-05
6.601371E+03	2.534223E-03	1.966409E-05
6.611166E+03	2.515470E-03	1.952048E-05
6.620960E+03	2.497253E-03	1.938101E-05
6.630754E+03	2.479579E-03	1.924573E-05
6.640548E+03	2.462450E-03	1.911467E-05
6.650343E+03	2.445517E-03	1.898511E-05
6.660137E+03	2.429493E-03	1.886259E-05
6.669931E+03	2.414022E-03	1.874436E-05
6.679726E+03	2.399107E-03	1.863042E-05
6.689520E+03	2.384749E-03	1.852080E-05
6.699314E+03	2.370946E-03	1.841547E-05
6.709109E+03	2.357699E-03	1.831444E-05
6.718903E+03	2.345006E-03	1.821771E-05
6.728697E+03	2.332867E-03	1.812526E-05
6.738492E+03	2.321278E-03	1.803709E-05
6.748286E+03	2.309901E-03	1.795054E-05
6.758080E+03	2.299405E-03	1.787083E-05
6.767875E+03	2.289451E-03	1.779532E-05
6.777669E+03	2.280032E-03	1.772395E-05
6.787463E+03	2.271143E-03	1.765671E-05
6.797258E+03	2.262451E-03	1.759098E-05
6.807052E+03	2.254609E-03	1.753186E-05
6.816846E+03	2.247279E-03	1.747670E-05
6.826641E+03	2.240453E-03	1.742547E-05
6.836435E+03	2.233802E-03	1.737558E-05
6.846229E+03	2.227964E-03	1.733202E-05
6.856024E+03	2.222608E-03	1.729219E-05
6.865818E+03	2.217723E-03	1.725603E-05
6.875612E+03	2.212976E-03	1.722094E-05
6.885406E+03	2.209003E-03	1.719187E-05
6.895201E+03	2.205470E-03	1.716622E-05
6.904995E+03	2.202043E-03	1.714140E-05
6.914789E+03	2.199354E-03	1.712231E-05
6.924584E+03	2.196747E-03	1.710386E-05
6.934378E+03	2.194849E-03	1.709094E-05
6.944172E+03	2.193327E-03	1.708094E-05
6.953967E+03	2.191845E-03	1.707125E-05
6.963761E+03	2.191029E-03	1.706674E-05
6.973555E+03	2.190221E-03	1.706230E-05
6.983350E+03	2.190045E-03	1.706279E-05
6.993144E+03	2.189842E-03	1.706308E-05
7.002938E+03	2.190237E-03	1.706801E-05
7.012733E+03	2.190568E-03	1.707246E-05
7.022527E+03	2.191457E-03	1.708125E-05
7.032321E+03	2.192243E-03	1.708925E-05
7.042116E+03	2.193546E-03	1.710128E-05
7.051910E+03	2.194702E-03	1.711217E-05
7.061704E+03	2.196331E-03	1.712674E-05
7.071499E+03	2.197768E-03	1.713982E-05
7.081293E+03	2.199631E-03	1.715623E-05
7.091087E+03	2.201253E-03	1.717076E-05
7.100881E+03	2.202928E-03	1.718572E-05
7.110676E+03	2.204957E-03	1.720343E-05
7.120470E+03	2.206664E-03	1.721864E-05
7.130264E+03	2.208347E-03	1.723366E-05
7.140059E+03	2.210302E-03	1.725081E-05
7.149853E+03	2.211853E-03	1.726480E-05
7.159647E+03	2.213295E-03	1.727795E-05
7.169442E+03	2.214924E-03	1.729256E-05
7.179236E+03	2.216062E-03	1.730334E-05
7.189030E+03	2.217003E-03	1.731259E-05
7.198825E+03	2.218045E-03	1.732261E-05
7.208619E+03	2.218505E-03	1.732810E-05
7.218413E+03	2.218679E-03	1.733135E-05
7.228208E+03	2.218538E-03	1.733215E-05
7.238002E+03	2.218054E-03	1.733025E-05
7.247796E+03	2.217521E-03	1.732798E-05
7.257591E+03	2.216261E-03	1.732002E-05
7.267385E+03	2.214571E-03	1.730869E-05
7.277179E+03	2.212424E-03	1.729379E-05
7.286974E+03	2.209792E-03	1.727510E-05
7.296768E+03	2.206653E-03	1.725243E-05
7.306562E+03	2.203305E-03	1.722812E-05
7.316357E+03	2.199075E-03	1.719690E-05
7.326151E+03	2.194268E-03	1.716117E-05
7.335945E+03	2.188864E-03	1.712075E-05
7.345739E+03	2.182843E-03	1.707550E-05
7.355534E+03	2.176191E-03	1.702530E-05
7.365328E+03	2.168894E-03	1.697003E-05
7.375122E+03	2.160938E-03	1.690960E-05
7.384917E+03	2.152314E-03	1.684392E-05
7.394711E+03	2.143015E-03	1.677294E-05
7.404505E+03	2.133036E-03	1.669662E-05
7.414300E+03	2.122374E-03	1.661494E-05
7.424094E+03	2.111029E-03	1.652788E-05
7.433888E+03	2.099004E-03	1.643548E-05
7.443683E+03	2.086303E-03	1.633776E-05
7.453477E+03	2.072934E-03	1.623479E-05
7.463271E+03	2.058909E-03	1.612666E-05
7.473066E+03	2.044239E-03	1.601344E-05
7.482860E+03	2.028640E-03	1.589292E-05
7.492654E+03	2.012730E-03	1.576993E-05
7.502449E+03	1.996227E-03	1.564227E-05
7.512243E+03	1.979154E-03	1.551011E-05
7.522037E+03	1.961531E-03	1.537361E-05
7.531832E+03	1.943387E-03	1.523299E-05
7.541626E+03	1.924461E-03	1.508621E-05
7.551420E+03	1.905353E-03	1.493797E-05
7.561214E+03	1.885806E-03	1.478625E-05
7.571009E+03	1.865848E-03	1.463128E-05
7.580803E+03	1.845512E-03	1.447330E-05
7.590597E+03	1.824556E-03	1.431042E-05
7.600392E+03	1.803558E-03	1.414718E-05
7.610186E+03	1.782277E-03	1.398168E-05
7.619980E+03	1.760480E-03	1.381209E-05
7.629775E+03	1.738727E-03	1.364282E-05
7.639569E+03	1.716786E-03	1.347202E-05
7.649363E+03	1.694434E-03	1.329797E-05
7.659158E+03	1.672210E-03	1.312488E-05
7.668952E+03	1.649889E-03	1.295099E-05
7.678746E+03	1.627258E-03	1.277463E-05
7.688541E+03	1.604834E-03	1.259985E-05
7.698335E+03	1.582161E-03	1.242308E-05
7.708129E+03	1.559742E-03	1.224827E-05
7.717924E+03	1.537365E-03	1.207374E-05
7.727718E+03	1.514826E-03	1.189791E-05
7.737512E+03	1.492606E-03	1.172454E-05
7.747307E+03	1.470277E-03	1.155028E-05
7.757101E+03	1.448303E-03	1.137877E-05
7.766895E+03	1.426269E-03	1.120676E-05
7.776690E+03	1.404623E-03	1.103775E-05
7.786484E+03	1.382958E-03	1.086856E-05
7.796278E+03	1.361712E-03	1.070262E-05
7.806072E+03	1.340485E-03	1.053680E-05
7.815867E+03	1.319500E-03	1.037285E-05
7.825661E+03	1.298966E-03	1.021241E-05
7.835455E+03	1.278501E-03	1.005248E-05
7.845250E+03	1.258506E-03	9.896200E-06
7.855044E+03	1.238606E-03	9.740648E-06
7.864838E+03	1.219006E-03	9.587412E-06
7.874633E+03	1.199891E-03	9.437970E-06
7.884427E+03	1.180909E-03	9.289536E-06
7.894221E+03	1.162246E-03	9.143582E-06
7.904016E+03	1.144082E-03	9.001521E-06
7.913810E+03	1.126074E-03	8.860660E-06
7.923604E+03	1.108401E-03	8.722403E-06
7.933399E+03	1.091066E-03	8.586786E-06
7.943193E+03	1.074234E-03	8.455093E-06
7.952987E+03	1.057581E-03	8.324786E-06
7.962782E+03	1.041273E-03	8.197162E-06
7.972576E+03	1.025309E-03	8.072228E-06
7.982370E+03	1.009844E-03	7.951195E-06
7.992165E+03	9.945702E-04	7.831639E-06
8.001959E+03	9.796402E-04	7.714770E-06
8.011753E+03	9.650545E-04	7.600587E-06
8.021548E+03	9.508104E-04	7.489073E-06
8.031342E+03	9.369071E-04	7.380220E-06
8.041136E+03	9.234808E-04	7.275104E-06
8.050930E+03	9.102478E-04	7.171489E-06
8.060725E+03	8.973478E-04	7.070477E-06
8.070519E+03	8.847765E-04	6.972035E-06
8.080313E+03	8.725313E-04	6.876143E-06
8.090108E+03	8.606073E-04	6.782764E-06
8.099902E+03	8.490015E-04	6.691874E-06
8.109696E+03	8.377097E-04	6.603441E-06
8.119491E+03	8.267273E-04	6.517430E-06
8.129285E+03	8.160500E-04	6.433807E-06
8.139079E+03	8.056731E-04	6.352536E-06
8.148874E+03	7.955920E-04	6.273582E-06
8.158668E+03	7.858018E-04	6.196906E-06
8.168462E+03	7.762975E-04	6.122469E-06
8.178257E+03	7.670740E-04	6.050233E-06
8.188051E+03	7.581264E-04	5.980159E-06
8.197845E+03	7.494494E-04	5.912206E-06
8.207640E+03	7.410378E-04	5.846333E-06
8.217434E+03	7.328863E-04	5.782499E-06
8.227228E+03	7.249898E-04	5.720665E-06
8.237023E+03	7.172333E-04	5.659924E-06
8.246817E+03	7.098315E-04	5.601970E-06
8.256611E+03	7.026685E-04	5.545888E-06
8.266405E+03	6.957389E-04	5.491639E-06
8.276200E+03	6.890375E-04	5.439180E-06
8.285994E+03	6.825587E-04	5.388468E-06
8.295788E+03	6.761939E-04	5.338646E-06
8.305583E+03	6.701454E-04	5.291312E-06
8.315377E+03	6.643038E-04	5.245602E-06
8.325171E+03	6.586634E-04	5.201472E-06
8.334966E+03	6.532193E-04	5.158883E-06
8.344760E+03	6.478667E-04	5.117009E-06
8.354554E+03	6.428001E-04	5.077385E-06
8.364349E+03	6.379139E-04	5.039178E-06
8.374143E+03	6.332031E-04	5.002350E-06
8.383937E+03	6.285661E-04	4.966096E-06
8.393732E+03	6.241915E-04	4.931910E-06
8.403526E+03	6.199773E-04	4.898983E-06
8.413320E+03	6.158235E-04	4.866527E-06
8.423115E+03	6.119155E-04	4.836007E-06
8.432909E+03	6.081529E-04	4.806630E-06
8.442703E+03	6.044378E-04	4.777623E-06
8.452498E+03	6.009524E-04	4.750424E-06
8.462292E+03	5.975981E-04	4.724257E-06
8.472086E+03	5.942784E-04	4.698358E-06
8.481881E+03	5.911730E-04	4.674147E-06
8.491675E+03	5.881848E-04	4.650858E-06
8.501469E+03	5.852189E-04	4.627741E-06
8.511263E+03	5.824524E-04	4.606195E-06
8.521058E+03	5.797898E-04	4.585467E-06
8.530852E+03	5.771375E-04	4.564815E-06
8.540646E+03	5.746705E-04	4.545625E-06
8.550441E+03	5.722059E-04	4.526449E-06
8.560235E+03	5.699175E-04	4.508663E-06
8.570029E+03	5.676240E-04	4.490832E-06
8.579824E+03	5.654981E-04	4.474323E-06
8.589618E+03	5.634472E-04	4.458404E-06
8.599412E+03	5.613804E-04	4.442356E-06
8.609207E+03	5.594686E-04	4.427531E-06
8.619001E+03	5.575340E-04	4.412521E-06
8.628795E+03	5.557466E-04	4.398672E-06
8.638590E+03	5.539295E-04	4.384586E-06
8.648384E+03	5.522523E-04	4.371604E-06
8.658178E+03	5.505391E-04	4.358332E-06
8.667973E+03	5.489584E-04	4.346108E-06
8.677767E+03	5.473357E-04	4.333546E-06
8.687561E+03	5.458389E-04	4.321979E-06
8.697356E+03	5.442942E-04	4.310030E-06
8.707150E+03	5.428690E-04	4.299024E-06
8.716944E+03	5.413905E-04	4.287594E-06
8.726738E+03	5.399410E-04	4.276389E-06
8.736533E+03	5.386022E-04	4.266059E-06
8.746327E+03	5.372026E-04	4.255244E-06
8.756121E+03	5.359082E-04	4.245260E-06
8.765916E+03	5.345485E-04	4.234756E-06
8.775710E+03	5.332890E-04	4.225043E-06
8.785504E+03	5.319600E-04	4.214777E-06
8.795299E+03	5.307267E-04	4.205266E-06
8.805093E+03	5.294199E-04	4.195170E-06
8.814887E+03	5.281214E-04	4.185138E-06
8.854065E+03	5.231402E-04	4.146669E-06
8.893242E+03	5.181600E-04	4.108167E-06
8.932419E+03	5.130205E-04	4.068363E-06
8.971596E+03	5.078281E-04	4.028100E-06
9.010774E+03	5.023838E-04	3.985800E-06
9.049951E+03	4.968284E-04	3.942580E-06
9.089128E+03	4.909979E-04	3.897139E-06
9.128306E+03	4.850576E-04	3.850789E-06
9.167483E+03	4.788685E-04	3.802424E-06
9.206660E+03	4.726093E-04	3.753467E-06
9.245837E+03	4.661561E-04	3.702932E-06
9.285015E+03	4.596924E-04	3.652277E-06
9.324192E+03	4.531750E-04	3.601161E-06
9.363369E+03	4.466372E-04	3.549847E-06
9.402547E+03	4.400388E-04	3.498019E-06
9.441724E+03	4.335541E-04	3.447061E-06
9.480901E+03	4.271376E-04	3.396615E-06
9.520078E+03	4.208827E-04	3.347423E-06
9.559256E+03	4.146719E-04	3.298552E-06
9.598433E+03	4.085933E-04	3.250705E-06
9.637610E+03	4.027286E-04	3.204532E-06
9.676787E+03	3.970221E-04	3.159593E-06
9.715965E+03	3.914187E-04	3.115449E-06
9.755142E+03	3.860562E-04	3.073199E-06
9.794319E+03	3.808741E-04	3.032362E-06
9.833497E+03	3.759384E-04	2.993466E-06
9.872674E+03	3.711241E-04	2.955516E-06
9.911851E+03	3.665563E-04	2.919510E-06
9.951028E+03	3.621709E-04	2.884938E-06
9.990206E+03	3.579654E-04	2.851782E-06
1.002938E+04	3.539368E-04	2.820018E-06
1.006856E+04	3.500809E-04	2.789614E-06
1.010774E+04	3.464518E-04	2.761003E-06
