#wls	flux	fluxerr
1.591042E+03	3.479556E-02	1.370427E-03
1.630818E+03	3.465354E-02	1.351907E-03
1.670595E+03	3.437142E-02	1.327833E-03
1.710371E+03	3.394683E-02	1.298277E-03
1.750147E+03	3.338120E-02	1.263466E-03
1.789923E+03	3.268181E-02	1.223852E-03
1.829699E+03	3.185972E-02	1.180018E-03
1.869475E+03	3.093969E-02	1.133040E-03
1.909251E+03	2.995887E-02	1.084403E-03
1.949027E+03	2.898101E-02	1.036488E-03
1.988803E+03	2.811164E-02	9.930375E-04
2.028579E+03	2.751451E-02	9.596414E-04
2.068355E+03	2.735197E-02	9.415351E-04
2.108131E+03	2.767483E-02	9.398551E-04
2.147907E+03	2.848965E-02	9.541414E-04
2.187683E+03	2.969973E-02	9.804900E-04
2.227459E+03	3.121955E-02	1.015526E-03
2.267235E+03	3.294988E-02	1.055588E-03
2.307012E+03	3.487101E-02	1.099705E-03
2.346788E+03	3.697489E-02	1.147301E-03
2.386564E+03	3.919333E-02	1.195972E-03
2.426340E+03	4.145947E-02	1.243493E-03
2.466116E+03	4.370754E-02	1.287805E-03
2.505892E+03	4.588024E-02	1.327238E-03
2.545668E+03	4.795745E-02	1.361301E-03
2.585444E+03	4.999148E-02	1.391573E-03
2.625220E+03	5.205137E-02	1.419977E-03
2.664996E+03	5.411390E-02	1.445822E-03
2.704772E+03	5.606330E-02	1.466049E-03
2.744548E+03	5.781251E-02	1.478608E-03
2.784324E+03	5.934680E-02	1.483461E-03
2.824100E+03	6.069904E-02	1.481783E-03
2.863876E+03	6.191510E-02	1.474989E-03
2.903652E+03	6.304581E-02	1.464511E-03
2.943428E+03	6.413910E-02	1.451603E-03
2.983205E+03	6.524289E-02	1.437411E-03
2.993149E+03	6.552498E-02	1.433762E-03
3.003093E+03	6.581098E-02	1.430103E-03
3.013037E+03	6.610233E-02	1.426464E-03
3.022981E+03	6.639762E-02	1.422813E-03
3.032925E+03	6.669829E-02	1.419178E-03
3.042869E+03	6.700485E-02	1.415571E-03
3.052813E+03	6.731787E-02	1.411999E-03
3.062757E+03	6.763787E-02	1.408472E-03
3.072701E+03	6.796522E-02	1.404996E-03
3.082645E+03	6.830050E-02	1.401578E-03
3.092589E+03	6.864421E-02	1.398228E-03
3.102533E+03	6.899595E-02	1.394933E-03
3.112477E+03	6.935701E-02	1.391716E-03
3.122421E+03	6.972711E-02	1.388570E-03
3.132365E+03	7.010662E-02	1.385498E-03
3.142309E+03	7.049605E-02	1.382507E-03
3.152253E+03	7.089498E-02	1.379585E-03
3.162197E+03	7.130477E-02	1.376755E-03
3.172141E+03	7.172396E-02	1.373986E-03
3.182085E+03	7.215396E-02	1.371301E-03
3.192029E+03	7.259423E-02	1.368686E-03
3.201973E+03	7.304421E-02	1.366128E-03
3.211917E+03	7.350422E-02	1.363630E-03
3.221861E+03	7.397461E-02	1.361195E-03
3.231805E+03	7.445465E-02	1.358806E-03
3.241749E+03	7.494364E-02	1.356448E-03
3.251693E+03	7.544092E-02	1.354108E-03
3.261637E+03	7.594639E-02	1.351780E-03
3.271581E+03	7.646014E-02	1.349465E-03
3.281525E+03	7.697935E-02	1.347112E-03
3.291469E+03	7.750484E-02	1.344733E-03
3.301413E+03	7.803539E-02	1.342309E-03
3.311357E+03	7.856903E-02	1.339805E-03
3.321301E+03	7.910469E-02	1.337204E-03
3.331245E+03	7.964110E-02	1.334485E-03
3.341189E+03	8.017804E-02	1.331648E-03
3.351133E+03	8.071385E-02	1.328667E-03
3.361077E+03	8.124772E-02	1.325532E-03
3.371021E+03	8.177938E-02	1.322242E-03
3.380965E+03	8.230809E-02	1.318790E-03
3.390909E+03	8.283472E-02	1.315193E-03
3.400853E+03	8.336082E-02	1.311479E-03
3.410797E+03	8.388928E-02	1.307696E-03
3.420741E+03	8.442325E-02	1.303897E-03
3.430685E+03	8.496946E-02	1.300183E-03
3.440629E+03	8.553403E-02	1.296647E-03
3.450573E+03	8.612663E-02	1.293429E-03
3.460517E+03	8.675880E-02	1.290692E-03
3.470461E+03	8.743908E-02	1.288550E-03
3.480405E+03	8.816956E-02	1.287017E-03
3.490349E+03	8.895209E-02	1.286103E-03
3.500293E+03	8.978395E-02	1.285751E-03
3.510237E+03	9.065881E-02	1.285857E-03
3.520181E+03	9.157011E-02	1.286316E-03
3.530125E+03	9.250913E-02	1.286996E-03
3.540069E+03	9.346894E-02	1.287798E-03
3.550013E+03	9.444261E-02	1.288622E-03
3.559957E+03	9.542471E-02	1.289398E-03
3.569901E+03	9.641685E-02	1.290148E-03
3.579845E+03	9.742741E-02	1.290986E-03
3.589789E+03	9.847084E-02	1.292102E-03
3.599734E+03	9.956312E-02	1.293696E-03
3.609678E+03	1.007181E-01	1.295932E-03
3.619622E+03	1.019351E-01	1.298780E-03
3.629566E+03	1.031991E-01	1.302027E-03
3.639510E+03	1.044767E-01	1.305242E-03
3.649454E+03	1.057182E-01	1.307804E-03
3.659398E+03	1.068595E-01	1.308944E-03
3.669342E+03	1.078315E-01	1.307860E-03
3.679286E+03	1.085609E-01	1.303734E-03
3.689230E+03	1.089879E-01	1.295941E-03
3.699174E+03	1.090699E-01	1.284087E-03
3.709118E+03	1.087936E-01	1.268136E-03
3.719062E+03	1.081812E-01	1.248466E-03
3.729006E+03	1.072811E-01	1.225744E-03
3.738950E+03	1.061613E-01	1.200833E-03
3.748894E+03	1.048974E-01	1.174651E-03
3.758838E+03	1.035640E-01	1.148069E-03
3.768782E+03	1.022345E-01	1.121912E-03
3.778726E+03	1.009716E-01	1.096854E-03
3.788670E+03	9.982813E-02	1.073436E-03
3.798614E+03	9.885219E-02	1.052128E-03
3.808558E+03	9.808694E-02	1.033327E-03
3.818502E+03	9.756543E-02	1.017306E-03
3.828446E+03	9.731111E-02	1.004227E-03
3.838390E+03	9.733350E-02	9.940988E-04
3.848334E+03	9.762955E-02	9.868038E-04
3.858278E+03	9.817865E-02	9.820492E-04
3.868222E+03	9.894251E-02	9.793781E-04
3.878166E+03	9.986725E-02	9.781976E-04
3.888110E+03	1.008866E-01	9.778190E-04
3.898054E+03	1.019229E-01	9.774709E-04
3.907998E+03	1.028937E-01	9.763694E-04
3.917942E+03	1.037163E-01	9.737632E-04
3.927886E+03	1.043256E-01	9.690953E-04
3.937830E+03	1.046706E-01	9.619653E-04
3.947774E+03	1.047329E-01	9.522873E-04
3.957718E+03	1.045322E-01	9.403240E-04
3.967662E+03	1.041196E-01	9.266113E-04
3.977606E+03	1.035674E-01	9.118485E-04
3.987550E+03	1.029633E-01	8.968422E-04
3.997494E+03	1.023922E-01	8.823411E-04
4.007438E+03	1.019197E-01	8.688986E-04
4.017382E+03	1.015874E-01	8.568421E-04
4.027326E+03	1.014054E-01	8.462225E-04
4.037270E+03	1.013491E-01	8.368013E-04
4.047214E+03	1.013680E-01	8.281400E-04
4.057158E+03	1.013886E-01	8.196308E-04
4.067102E+03	1.013343E-01	8.106692E-04
4.077046E+03	1.011346E-01	8.007223E-04
4.086990E+03	1.007358E-01	7.894148E-04
4.096934E+03	1.001086E-01	7.765724E-04
4.106878E+03	9.925728E-02	7.622895E-04
4.116822E+03	9.821279E-02	7.468578E-04
4.126766E+03	9.702667E-02	7.307131E-04
4.136710E+03	9.576431E-02	7.143772E-04
4.146654E+03	9.449980E-02	6.984162E-04
4.156598E+03	9.330081E-02	6.833282E-04
4.166542E+03	9.223292E-02	6.695784E-04
4.176486E+03	9.135052E-02	6.575359E-04
4.186430E+03	9.069132E-02	6.474399E-04
4.196374E+03	9.027793E-02	6.394166E-04
4.206318E+03	9.011561E-02	6.334695E-04
4.216262E+03	9.019326E-02	6.294907E-04
4.226206E+03	9.048404E-02	6.272702E-04
4.236150E+03	9.094349E-02	6.264860E-04
4.246094E+03	9.151048E-02	6.267132E-04
4.256039E+03	9.211006E-02	6.274455E-04
4.265983E+03	9.265933E-02	6.281346E-04
4.275927E+03	9.308088E-02	6.282798E-04
4.285871E+03	9.331605E-02	6.275131E-04
4.295815E+03	9.332354E-02	6.255843E-04
4.305759E+03	9.308130E-02	6.223694E-04
4.315703E+03	9.258495E-02	6.178575E-04
4.325647E+03	9.184440E-02	6.121257E-04
4.335591E+03	9.087781E-02	6.052944E-04
4.345535E+03	8.971180E-02	5.975206E-04
4.355479E+03	8.838638E-02	5.890430E-04
4.365423E+03	8.696128E-02	5.802280E-04
4.375367E+03	8.552295E-02	5.716202E-04
4.385311E+03	8.418087E-02	5.639221E-04
4.395255E+03	8.305082E-02	5.578867E-04
4.405199E+03	8.224203E-02	5.542357E-04
4.415143E+03	8.183383E-02	5.535040E-04
4.425087E+03	8.187135E-02	5.560090E-04
4.435031E+03	8.235385E-02	5.617677E-04
4.444975E+03	8.324188E-02	5.705385E-04
4.454919E+03	8.445752E-02	5.818156E-04
4.464863E+03	8.589753E-02	5.949111E-04
4.474807E+03	8.744141E-02	6.090044E-04
4.484751E+03	8.897739E-02	6.233182E-04
4.494695E+03	9.041910E-02	6.372355E-04
4.504639E+03	9.170377E-02	6.502912E-04
4.514583E+03	9.278960E-02	6.621571E-04
4.524527E+03	9.364712E-02	6.725844E-04
4.534471E+03	9.425642E-02	6.813864E-04
4.544415E+03	9.460144E-02	6.883994E-04
4.554359E+03	9.466448E-02	6.934436E-04
4.564303E+03	9.443465E-02	6.963854E-04
4.574247E+03	9.391297E-02	6.971769E-04
4.584191E+03	9.311454E-02	6.958756E-04
4.594135E+03	9.207030E-02	6.926617E-04
4.604079E+03	9.081525E-02	6.877527E-04
4.614023E+03	8.939117E-02	6.814260E-04
4.623967E+03	8.784199E-02	6.739847E-04
4.633911E+03	8.621306E-02	6.657526E-04
4.643855E+03	8.455500E-02	6.571048E-04
4.653799E+03	8.292141E-02	6.484508E-04
4.663743E+03	8.137073E-02	6.402493E-04
4.673687E+03	7.996499E-02	6.329994E-04
4.683631E+03	7.876248E-02	6.271830E-04
4.693575E+03	7.781561E-02	6.232453E-04
4.703519E+03	7.715882E-02	6.214964E-04
4.713463E+03	7.680992E-02	6.221172E-04
4.723407E+03	7.676542E-02	6.251169E-04
4.733351E+03	7.699830E-02	6.303106E-04
4.743295E+03	7.746096E-02	6.373375E-04
4.753239E+03	7.808982E-02	6.456960E-04
4.763183E+03	7.880871E-02	6.547682E-04
4.773127E+03	7.953503E-02	6.638701E-04
4.783071E+03	8.018590E-02	6.723021E-04
4.793015E+03	8.068673E-02	6.794230E-04
4.802959E+03	8.097830E-02	6.847113E-04
4.812903E+03	8.102387E-02	6.878303E-04
4.822847E+03	8.081709E-02	6.886984E-04
4.832791E+03	8.038162E-02	6.874928E-04
4.842735E+03	7.976620E-02	6.846105E-04
4.852679E+03	7.904132E-02	6.806435E-04
4.862623E+03	7.828196E-02	6.762321E-04
4.872567E+03	7.755348E-02	6.719419E-04
4.882511E+03	7.690039E-02	6.681643E-04
4.892455E+03	7.634158E-02	6.650717E-04
4.902399E+03	7.587123E-02	6.626216E-04
4.912344E+03	7.545804E-02	6.605477E-04
4.922288E+03	7.506059E-02	6.584917E-04
4.932232E+03	7.463239E-02	6.560477E-04
4.942176E+03	7.413718E-02	6.528969E-04
4.952120E+03	7.355094E-02	6.488266E-04
4.962064E+03	7.286957E-02	6.437995E-04
4.972008E+03	7.210817E-02	6.379490E-04
4.981952E+03	7.129571E-02	6.315326E-04
4.991896E+03	7.047274E-02	6.249126E-04
5.001840E+03	6.968178E-02	6.184705E-04
5.011784E+03	6.896407E-02	6.125776E-04
5.021728E+03	6.835375E-02	6.075432E-04
5.031672E+03	6.787083E-02	6.035508E-04
5.041616E+03	6.752438E-02	6.006862E-04
5.051560E+03	6.731251E-02	5.989369E-04
5.061504E+03	6.722687E-02	5.982321E-04
5.071448E+03	6.725145E-02	5.984318E-04
5.081392E+03	6.736651E-02	5.993625E-04
5.091336E+03	6.755012E-02	6.008305E-04
5.101280E+03	6.778284E-02	6.026643E-04
5.111224E+03	6.804545E-02	6.046944E-04
5.121168E+03	6.832121E-02	6.067735E-04
5.131112E+03	6.859593E-02	6.087775E-04
5.141056E+03	6.886123E-02	6.106343E-04
5.151000E+03	6.911066E-02	6.122892E-04
5.160944E+03	6.933889E-02	6.136980E-04
5.170888E+03	6.954235E-02	6.148325E-04
5.180832E+03	6.971487E-02	6.156418E-04
5.190776E+03	6.984921E-02	6.160663E-04
5.200720E+03	6.993584E-02	6.160265E-04
5.210664E+03	6.996542E-02	6.154456E-04
5.220608E+03	6.992649E-02	6.142289E-04
5.230552E+03	6.981208E-02	6.123218E-04
5.240496E+03	6.961832E-02	6.096974E-04
5.250440E+03	6.934730E-02	6.063817E-04
5.260384E+03	6.900643E-02	6.024467E-04
5.270328E+03	6.861006E-02	5.980250E-04
5.280272E+03	6.817883E-02	5.933032E-04
5.290216E+03	6.773384E-02	5.884704E-04
5.300160E+03	6.730232E-02	5.837679E-04
5.310104E+03	6.690781E-02	5.794033E-04
5.320048E+03	6.656830E-02	5.755351E-04
5.329992E+03	6.629556E-02	5.722666E-04
5.339936E+03	6.609129E-02	5.696142E-04
5.349880E+03	6.594812E-02	5.675159E-04
5.359824E+03	6.584994E-02	5.658354E-04
5.369768E+03	6.577321E-02	5.643732E-04
5.379712E+03	6.569343E-02	5.629230E-04
5.389656E+03	6.559200E-02	5.613299E-04
5.399600E+03	6.545278E-02	5.594610E-04
5.409544E+03	6.526453E-02	5.572254E-04
5.419488E+03	6.502188E-02	5.545827E-04
5.429432E+03	6.472820E-02	5.515662E-04
5.439376E+03	6.439593E-02	5.482821E-04
5.449320E+03	6.404851E-02	5.449266E-04
5.459264E+03	6.371257E-02	5.417219E-04
5.469208E+03	6.341668E-02	5.389059E-04
5.479152E+03	6.318446E-02	5.366746E-04
5.489096E+03	6.303016E-02	5.351439E-04
5.499040E+03	6.295918E-02	5.343548E-04
5.508984E+03	6.296168E-02	5.342193E-04
5.518928E+03	6.302003E-02	5.345835E-04
5.528872E+03	6.311010E-02	5.352386E-04
5.538816E+03	6.320593E-02	5.359608E-04
5.548760E+03	6.328011E-02	5.365141E-04
5.558704E+03	6.331190E-02	5.367190E-04
5.568649E+03	6.328199E-02	5.364084E-04
5.578593E+03	6.317973E-02	5.354888E-04
5.588537E+03	6.299618E-02	5.338809E-04
5.598481E+03	6.272710E-02	5.315458E-04
5.608425E+03	6.237436E-02	5.284961E-04
5.618369E+03	6.194111E-02	5.247559E-04
5.628313E+03	6.143600E-02	5.203958E-04
5.638257E+03	6.087193E-02	5.155226E-04
5.648201E+03	6.026917E-02	5.103059E-04
5.658145E+03	5.965332E-02	5.049606E-04
5.668089E+03	5.905399E-02	4.997354E-04
5.678033E+03	5.850360E-02	4.949026E-04
5.687977E+03	5.803214E-02	4.907139E-04
5.697921E+03	5.766402E-02	4.873732E-04
5.707865E+03	5.741394E-02	4.850023E-04
5.717809E+03	5.728468E-02	4.836213E-04
5.727753E+03	5.726594E-02	4.831401E-04
5.737697E+03	5.734043E-02	4.834094E-04
5.747641E+03	5.748554E-02	4.842354E-04
5.757585E+03	5.767556E-02	4.853986E-04
5.767529E+03	5.788407E-02	4.866744E-04
5.777473E+03	5.808726E-02	4.878605E-04
5.787417E+03	5.826554E-02	4.887916E-04
5.797361E+03	5.839851E-02	4.892962E-04
5.807305E+03	5.847221E-02	4.892579E-04
5.817249E+03	5.847505E-02	4.885814E-04
5.827193E+03	5.840443E-02	4.872469E-04
5.837137E+03	5.826518E-02	4.852975E-04
5.847081E+03	5.806977E-02	4.828400E-04
5.857025E+03	5.783452E-02	4.800127E-04
5.866969E+03	5.757856E-02	4.769768E-04
5.876913E+03	5.731985E-02	4.738828E-04
5.886857E+03	5.707184E-02	4.708430E-04
5.896801E+03	5.684105E-02	4.679117E-04
5.906745E+03	5.662943E-02	4.651054E-04
5.916689E+03	5.643305E-02	4.623926E-04
5.926633E+03	5.624774E-02	4.597398E-04
5.936577E+03	5.606828E-02	4.571056E-04
5.946521E+03	5.589077E-02	4.544599E-04
5.956465E+03	5.571535E-02	4.518057E-04
5.966409E+03	5.554391E-02	4.491606E-04
5.976353E+03	5.537836E-02	4.465420E-04
5.986297E+03	5.521980E-02	4.439610E-04
5.996241E+03	5.506726E-02	4.414120E-04
6.006185E+03	5.491991E-02	4.388907E-04
6.016129E+03	5.477522E-02	4.363797E-04
6.026073E+03	5.463033E-02	4.338592E-04
6.036017E+03	5.447914E-02	4.312844E-04
6.045961E+03	5.431205E-02	4.285833E-04
6.055905E+03	5.411788E-02	4.256731E-04
6.065849E+03	5.388051E-02	4.224331E-04
6.075793E+03	5.358583E-02	4.187603E-04
6.085737E+03	5.321980E-02	4.145539E-04
6.095681E+03	5.277421E-02	4.097596E-04
6.105625E+03	5.224902E-02	4.043872E-04
6.115569E+03	5.165641E-02	3.985406E-04
6.125513E+03	5.101923E-02	3.924046E-04
6.135457E+03	5.037337E-02	3.862613E-04
6.145401E+03	4.976054E-02	3.804341E-04
6.155345E+03	4.922348E-02	3.752501E-04
6.165289E+03	4.879860E-02	3.709852E-04
6.175233E+03	4.851128E-02	3.678287E-04
6.185177E+03	4.837132E-02	3.658510E-04
6.195121E+03	4.837032E-02	3.649853E-04
6.205065E+03	4.848450E-02	3.650507E-04
6.215009E+03	4.868400E-02	3.658231E-04
6.224954E+03	4.893581E-02	3.670580E-04
6.234898E+03	4.920963E-02	3.685332E-04
6.244842E+03	4.947932E-02	3.700597E-04
6.254786E+03	4.972807E-02	3.715196E-04
6.264730E+03	4.994412E-02	3.728331E-04
6.274674E+03	5.011231E-02	3.738949E-04
6.284618E+03	5.021788E-02	3.746026E-04
6.294562E+03	5.024542E-02	3.748481E-04
6.304506E+03	5.018888E-02	3.745922E-04
6.314450E+03	5.005859E-02	3.739164E-04
6.324394E+03	4.988222E-02	3.730307E-04
6.334338E+03	4.969948E-02	3.722353E-04
6.344282E+03	4.956663E-02	3.719556E-04
6.354226E+03	4.954020E-02	3.726227E-04
6.364170E+03	4.965755E-02	3.745281E-04
6.374114E+03	4.993158E-02	3.777787E-04
6.384058E+03	5.034427E-02	3.822468E-04
6.394002E+03	5.085005E-02	3.875947E-04
6.403946E+03	5.137712E-02	3.932801E-04
6.413890E+03	5.183971E-02	3.986441E-04
6.423834E+03	5.215766E-02	4.030584E-04
6.433778E+03	5.227475E-02	4.060664E-04
6.443722E+03	5.216772E-02	4.074568E-04
6.453666E+03	5.185398E-02	4.073308E-04
6.463610E+03	5.139065E-02	4.061038E-04
6.473554E+03	5.086524E-02	4.044415E-04
6.483498E+03	5.036591E-02	4.030310E-04
6.493442E+03	4.996665E-02	4.024634E-04
6.503386E+03	4.970102E-02	4.030188E-04
6.513330E+03	4.956151E-02	4.046502E-04
6.523274E+03	4.951240E-02	4.070788E-04
6.533218E+03	4.950511E-02	4.099120E-04
6.543162E+03	4.949291E-02	4.127615E-04
6.553106E+03	4.944072E-02	4.153265E-04
6.563050E+03	4.932268E-02	4.173752E-04
6.572994E+03	4.912848E-02	4.188021E-04
6.582938E+03	4.885909E-02	4.195955E-04
6.592882E+03	4.852168E-02	4.197979E-04
6.602826E+03	4.813101E-02	4.195194E-04
6.612770E+03	4.770277E-02	4.188822E-04
6.622714E+03	4.725346E-02	4.180202E-04
6.632658E+03	4.679562E-02	4.170361E-04
6.642602E+03	4.634007E-02	4.160210E-04
6.652546E+03	4.589183E-02	4.150167E-04
6.662490E+03	4.545498E-02	4.140579E-04
6.672434E+03	4.503084E-02	4.131554E-04
6.682378E+03	4.461927E-02	4.123071E-04
6.692322E+03	4.421862E-02	4.114970E-04
6.702266E+03	4.382877E-02	4.107233E-04
6.712210E+03	4.344851E-02	4.099740E-04
6.722154E+03	4.307726E-02	4.092429E-04
6.732098E+03	4.271734E-02	4.085520E-04
6.742042E+03	4.236977E-02	4.079109E-04
6.751986E+03	4.203675E-02	4.073416E-04
6.761930E+03	4.172022E-02	4.068639E-04
6.771874E+03	4.142261E-02	4.065031E-04
6.781818E+03	4.114641E-02	4.062856E-04
6.791762E+03	4.089183E-02	4.062163E-04
6.801706E+03	4.065859E-02	4.062947E-04
6.811650E+03	4.044496E-02	4.065061E-04
6.821594E+03	4.024743E-02	4.068170E-04
6.831538E+03	4.006372E-02	4.072062E-04
6.841482E+03	3.988855E-02	4.076208E-04
6.851426E+03	3.971794E-02	4.080203E-04
6.861370E+03	3.954854E-02	4.083701E-04
6.871314E+03	3.937860E-02	4.086513E-04
6.881259E+03	3.920585E-02	4.088394E-04
6.891203E+03	3.902871E-02	4.089170E-04
6.901147E+03	3.884743E-02	4.088854E-04
6.911091E+03	3.866174E-02	4.087407E-04
6.921035E+03	3.847073E-02	4.084723E-04
6.930979E+03	3.827480E-02	4.080836E-04
6.940923E+03	3.807324E-02	4.075662E-04
6.950867E+03	3.786618E-02	4.069206E-04
6.960811E+03	3.765400E-02	4.061503E-04
6.970755E+03	3.743746E-02	4.052630E-04
6.980699E+03	3.721765E-02	4.042704E-04
6.990643E+03	3.699530E-02	4.031803E-04
7.000587E+03	3.677265E-02	4.020174E-04
7.010531E+03	3.655091E-02	4.007951E-04
7.020475E+03	3.633281E-02	3.995442E-04
7.030419E+03	3.611999E-02	3.982837E-04
7.040363E+03	3.591459E-02	3.970382E-04
7.050307E+03	3.571832E-02	3.958279E-04
7.060251E+03	3.553213E-02	3.946647E-04
7.070195E+03	3.535613E-02	3.935510E-04
7.080139E+03	3.518953E-02	3.924795E-04
7.090083E+03	3.503025E-02	3.914282E-04
7.100027E+03	3.487710E-02	3.903848E-04
7.109971E+03	3.472833E-02	3.893305E-04
7.119915E+03	3.458141E-02	3.882379E-04
7.129859E+03	3.443750E-02	3.871209E-04
7.139803E+03	3.429435E-02	3.859549E-04
7.149747E+03	3.415307E-02	3.847532E-04
7.159691E+03	3.401308E-02	3.835100E-04
7.169635E+03	3.387456E-02	3.822283E-04
7.179579E+03	3.373763E-02	3.809103E-04
7.189523E+03	3.360235E-02	3.795576E-04
7.199467E+03	3.346874E-02	3.781713E-04
7.209411E+03	3.333598E-02	3.767431E-04
7.219355E+03	3.320488E-02	3.752832E-04
7.229299E+03	3.307410E-02	3.737774E-04
7.239243E+03	3.294197E-02	3.722078E-04
7.249187E+03	3.280838E-02	3.705744E-04
7.259131E+03	3.267077E-02	3.688494E-04
7.269075E+03	3.252859E-02	3.670276E-04
7.279019E+03	3.238094E-02	3.651006E-04
7.288963E+03	3.222742E-02	3.630650E-04
7.298907E+03	3.206820E-02	3.609243E-04
7.308851E+03	3.190340E-02	3.586816E-04
7.318795E+03	3.173545E-02	3.563657E-04
7.328739E+03	3.156527E-02	3.539886E-04
7.338683E+03	3.139440E-02	3.515693E-04
7.348627E+03	3.122474E-02	3.491307E-04
7.358571E+03	3.105657E-02	3.466774E-04
7.368515E+03	3.089027E-02	3.442153E-04
7.378459E+03	3.072694E-02	3.417581E-04
7.388403E+03	3.056548E-02	3.392953E-04
7.398347E+03	3.040513E-02	3.368201E-04
7.408291E+03	3.024560E-02	3.343309E-04
7.418235E+03	3.008597E-02	3.318194E-04
7.428179E+03	2.992542E-02	3.292783E-04
7.438123E+03	2.976325E-02	3.267020E-04
7.448067E+03	2.959917E-02	3.240895E-04
7.458011E+03	2.943271E-02	3.214377E-04
7.467955E+03	2.926447E-02	3.187552E-04
7.477899E+03	2.909625E-02	3.160641E-04
7.487843E+03	2.892874E-02	3.133737E-04
7.497787E+03	2.876561E-02	3.107259E-04
7.507731E+03	2.860876E-02	3.081428E-04
7.517675E+03	2.846217E-02	3.056688E-04
7.527620E+03	2.832918E-02	3.033410E-04
7.537564E+03	2.821220E-02	3.011858E-04
7.547508E+03	2.811385E-02	2.992320E-04
7.557452E+03	2.803526E-02	2.974922E-04
7.567396E+03	2.797401E-02	2.959411E-04
7.577340E+03	2.792766E-02	2.945538E-04
7.587284E+03	2.789171E-02	2.932840E-04
7.597228E+03	2.786073E-02	2.920765E-04
7.607172E+03	2.782988E-02	2.908827E-04
7.617116E+03	2.779345E-02	2.896458E-04
7.627060E+03	2.774972E-02	2.883514E-04
7.637004E+03	2.769759E-02	2.869915E-04
7.646948E+03	2.763710E-02	2.855702E-04
7.656892E+03	2.757026E-02	2.841117E-04
7.666836E+03	2.750098E-02	2.826600E-04
7.676780E+03	2.743088E-02	2.812346E-04
7.686724E+03	2.736319E-02	2.798719E-04
7.696668E+03	2.729933E-02	2.785891E-04
7.706612E+03	2.724199E-02	2.774165E-04
7.716556E+03	2.719146E-02	2.763598E-04
7.726500E+03	2.714851E-02	2.754298E-04
7.736444E+03	2.711127E-02	2.746103E-04
7.746388E+03	2.707952E-02	2.739024E-04
7.756332E+03	2.705030E-02	2.732791E-04
7.766276E+03	2.702100E-02	2.727176E-04
7.776220E+03	2.698740E-02	2.721788E-04
7.786164E+03	2.694652E-02	2.716361E-04
7.796108E+03	2.689470E-02	2.710560E-04
7.806052E+03	2.683056E-02	2.704280E-04
7.815996E+03	2.675324E-02	2.697463E-04
7.825940E+03	2.666295E-02	2.690159E-04
7.835884E+03	2.656018E-02	2.682441E-04
7.845828E+03	2.644723E-02	2.674562E-04
7.855772E+03	2.632614E-02	2.666744E-04
7.865716E+03	2.619923E-02	2.659243E-04
7.875660E+03	2.606857E-02	2.652279E-04
7.885604E+03	2.593800E-02	2.646260E-04
7.895548E+03	2.581145E-02	2.641599E-04
7.905492E+03	2.569264E-02	2.638697E-04
7.915436E+03	2.558588E-02	2.638017E-04
7.925380E+03	2.549553E-02	2.640035E-04
7.935324E+03	2.542412E-02	2.645023E-04
7.945268E+03	2.537159E-02	2.652979E-04
7.955212E+03	2.533564E-02	2.663668E-04
7.965156E+03	2.531148E-02	2.676590E-04
7.975100E+03	2.528757E-02	2.690517E-04
7.985044E+03	2.525128E-02	2.704075E-04
7.994988E+03	2.519214E-02	2.716083E-04
8.004932E+03	2.511062E-02	2.726514E-04
8.014876E+03	2.501367E-02	2.736049E-04
8.024820E+03	2.491135E-02	2.745722E-04
8.034764E+03	2.480861E-02	2.756039E-04
8.044708E+03	2.470770E-02	2.767218E-04
8.054652E+03	2.460847E-02	2.779209E-04
8.064596E+03	2.450929E-02	2.791803E-04
8.074540E+03	2.440866E-02	2.804792E-04
8.084484E+03	2.430403E-02	2.817844E-04
8.094428E+03	2.419419E-02	2.830774E-04
8.104372E+03	2.407891E-02	2.843504E-04
8.114316E+03	2.395891E-02	2.856069E-04
8.124260E+03	2.383564E-02	2.868598E-04
8.134204E+03	2.371091E-02	2.881268E-04
8.144148E+03	2.358662E-02	2.894275E-04
8.154092E+03	2.346507E-02	2.907875E-04
8.164036E+03	2.334632E-02	2.922059E-04
8.173980E+03	2.323127E-02	2.936919E-04
8.183925E+03	2.312158E-02	2.952658E-04
8.193869E+03	2.301617E-02	2.969129E-04
8.203813E+03	2.291551E-02	2.986384E-04
8.213757E+03	2.281936E-02	3.004389E-04
8.223701E+03	2.272694E-02	3.023033E-04
8.233645E+03	2.263884E-02	3.042389E-04
8.243589E+03	2.255474E-02	3.062412E-04
8.253533E+03	2.247514E-02	3.083165E-04
8.263477E+03	2.240118E-02	3.104808E-04
8.273421E+03	2.233255E-02	3.127300E-04
8.283365E+03	2.226909E-02	3.150628E-04
8.293309E+03	2.221075E-02	3.174786E-04
8.303253E+03	2.215524E-02	3.199452E-04
8.313197E+03	2.210248E-02	3.224613E-04
8.323141E+03	2.205011E-02	3.249916E-04
8.333085E+03	2.199849E-02	3.275404E-04
8.343029E+03	2.194614E-02	3.300844E-04
8.352973E+03	2.189391E-02	3.326349E-04
8.362917E+03	2.184190E-02	3.351920E-04
8.372861E+03	2.179160E-02	3.377780E-04
8.382805E+03	2.174386E-02	3.404057E-04
8.392749E+03	2.169866E-02	3.430748E-04
8.402693E+03	2.165672E-02	3.457971E-04
8.412637E+03	2.161654E-02	3.485487E-04
8.422581E+03	2.157921E-02	3.513473E-04
8.432525E+03	2.154204E-02	3.541490E-04
8.442469E+03	2.150470E-02	3.569477E-04
8.452413E+03	2.146704E-02	3.597398E-04
8.462357E+03	2.142739E-02	3.624961E-04
8.472301E+03	2.138681E-02	3.652327E-04
8.482245E+03	2.134424E-02	3.679305E-04
8.492189E+03	2.130068E-02	3.706050E-04
8.502133E+03	2.125606E-02	3.732537E-04
8.512077E+03	2.121154E-02	3.758960E-04
8.522021E+03	2.116762E-02	3.785405E-04
8.531965E+03	2.112411E-02	3.811830E-04
8.541909E+03	2.108181E-02	3.838378E-04
8.551853E+03	2.103956E-02	3.864835E-04
8.561797E+03	2.099842E-02	3.891395E-04
8.571741E+03	2.095756E-02	3.917902E-04
8.581685E+03	2.091669E-02	3.944295E-04
8.591629E+03	2.087486E-02	3.970389E-04
8.601573E+03	2.083289E-02	3.996334E-04
8.611517E+03	2.078920E-02	4.021817E-04
8.621461E+03	2.074336E-02	4.046743E-04
8.631405E+03	2.069554E-02	4.071128E-04
8.641349E+03	2.064462E-02	4.094739E-04
8.651293E+03	2.059008E-02	4.117451E-04
8.661237E+03	2.053134E-02	4.139127E-04
8.671181E+03	2.046782E-02	4.159625E-04
8.681125E+03	2.039833E-02	4.178673E-04
8.691069E+03	2.032293E-02	4.196252E-04
8.701013E+03	2.024054E-02	4.212108E-04
8.710957E+03	2.015081E-02	4.226125E-04
8.720901E+03	2.005345E-02	4.238208E-04
8.730845E+03	1.994768E-02	4.248150E-04
8.740789E+03	1.983399E-02	4.256014E-04
8.750733E+03	1.971176E-02	4.261624E-04
8.760677E+03	1.958104E-02	4.264947E-04
8.770621E+03	1.944192E-02	4.265963E-04
8.780565E+03	1.929404E-02	4.264549E-04
8.790509E+03	1.913831E-02	4.260863E-04
8.800453E+03	1.897516E-02	4.254962E-04
8.810397E+03	1.880513E-02	4.246935E-04
8.820341E+03	1.862949E-02	4.237035E-04
8.830285E+03	1.844852E-02	4.225298E-04
8.840230E+03	1.826381E-02	4.212067E-04
8.850174E+03	1.807716E-02	4.197739E-04
8.860118E+03	1.788939E-02	4.182500E-04
8.870062E+03	1.770261E-02	4.166839E-04
8.880006E+03	1.751790E-02	4.151020E-04
8.889950E+03	1.733803E-02	4.135712E-04
8.899894E+03	1.716461E-02	4.121322E-04
8.909838E+03	1.699851E-02	4.108095E-04
8.919782E+03	1.684090E-02	4.096352E-04
8.929726E+03	1.669371E-02	4.086599E-04
8.939670E+03	1.655672E-02	4.078839E-04
8.949614E+03	1.642982E-02	4.073087E-04
8.989390E+03	1.600682E-02	4.066993E-04
9.029166E+03	1.564508E-02	4.070558E-04
9.068942E+03	1.525338E-02	4.060647E-04
9.108718E+03	1.479372E-02	4.026409E-04
9.148494E+03	1.426847E-02	3.967360E-04
9.188270E+03	1.370344E-02	3.889760E-04
9.228046E+03	1.314718E-02	3.807084E-04
9.267822E+03	1.266079E-02	3.737634E-04
9.307598E+03	1.226578E-02	3.689172E-04
9.347374E+03	1.193967E-02	3.656415E-04
9.387150E+03	1.165327E-02	3.631475E-04
9.426926E+03	1.139775E-02	3.612262E-04
9.466702E+03	1.114828E-02	3.591329E-04
9.506479E+03	1.087422E-02	3.558801E-04
9.546255E+03	1.058399E-02	3.517174E-04
9.586031E+03	1.029150E-02	3.470966E-04
9.625807E+03	9.958616E-03	3.407172E-04
9.665583E+03	9.566506E-03	3.318761E-04
9.705359E+03	9.169150E-03	3.223967E-04
9.745135E+03	8.818874E-03	3.141460E-04
9.784911E+03	8.502959E-03	3.067398E-04
9.824687E+03	8.186464E-03	2.989573E-04
9.864463E+03	7.860875E-03	2.904916E-04
9.904239E+03	7.533051E-03	2.815958E-04
9.944015E+03	7.213589E-03	2.726765E-04
9.983791E+03	6.919039E-03	2.643850E-04
1.002357E+04	6.658297E-03	2.571033E-04
1.006334E+04	6.429853E-03	2.508201E-04
1.010312E+04	6.228002E-03	2.453551E-04
1.014290E+04	6.047460E-03	2.405343E-04
1.018267E+04	5.884125E-03	2.362220E-04
1.022245E+04	5.734456E-03	2.322984E-04
1.026222E+04	5.596519E-03	2.287031E-04
