#wls	flux	fluxerr
1.575579E+03	1.851193E-18	1.026000E-19
1.614968E+03	1.915294E-18	1.058655E-19
1.654357E+03	1.971443E-18	1.086665E-19
1.693747E+03	2.018823E-18	1.109610E-19
1.733136E+03	2.056472E-18	1.126999E-19
1.772526E+03	2.082620E-18	1.137907E-19
1.811915E+03	2.093152E-18	1.140145E-19
1.851305E+03	2.084404E-18	1.131800E-19
1.890694E+03	2.051065E-18	1.110098E-19
1.930084E+03	1.989982E-18	1.073470E-19
1.969473E+03	1.901329E-18	1.022165E-19
2.008863E+03	1.791642E-18	9.598459E-20
2.048252E+03	1.676894E-18	8.951700E-20
2.087642E+03	1.583185E-18	8.420612E-20
2.127031E+03	1.539080E-18	8.155441E-20
2.166420E+03	1.566800E-18	8.270566E-20
2.205810E+03	1.676851E-18	8.816838E-20
2.245199E+03	1.865852E-18	9.771301E-20
2.284589E+03	2.121588E-18	1.106505E-19
2.323978E+03	2.428129E-18	1.261075E-19
2.363368E+03	2.769964E-18	1.432449E-19
2.402757E+03	3.137117E-18	1.615216E-19
2.442147E+03	3.521949E-18	1.805247E-19
2.481536E+03	3.922364E-18	2.001306E-19
2.520926E+03	4.338588E-18	2.203355E-19
2.560315E+03	4.771263E-18	2.411562E-19
2.599705E+03	5.224581E-18	2.627869E-19
2.639094E+03	5.701396E-18	2.853507E-19
2.678484E+03	6.204654E-18	3.089723E-19
2.717873E+03	6.739845E-18	3.338988E-19
2.757262E+03	7.309218E-18	3.602121E-19
2.796652E+03	7.918536E-18	3.881633E-19
2.836041E+03	8.572018E-18	4.179222E-19
2.875431E+03	9.274134E-18	4.496659E-19
2.914820E+03	1.003214E-17	4.837007E-19
2.954210E+03	1.085118E-17	5.202239E-19
2.964057E+03	1.106688E-17	5.298042E-19
2.973904E+03	1.128648E-17	5.395398E-19
2.983752E+03	1.151131E-17	5.494936E-19
2.993599E+03	1.174155E-17	5.596722E-19
3.003447E+03	1.197613E-17	5.700242E-19
3.013294E+03	1.221771E-17	5.806750E-19
3.023141E+03	1.246274E-17	5.914543E-19
3.032989E+03	1.271618E-17	6.025968E-19
3.042836E+03	1.297469E-17	6.139423E-19
3.052683E+03	1.324189E-17	6.256608E-19
3.062531E+03	1.352035E-17	6.378719E-19
3.072378E+03	1.380744E-17	6.504492E-19
3.082226E+03	1.410452E-17	6.634546E-19
3.092073E+03	1.441302E-17	6.769538E-19
3.101920E+03	1.473034E-17	6.908215E-19
3.111768E+03	1.505935E-17	7.051914E-19
3.121615E+03	1.539887E-17	7.200045E-19
3.131462E+03	1.574907E-17	7.352679E-19
3.141310E+03	1.611018E-17	7.509891E-19
3.151157E+03	1.648391E-17	7.672456E-19
3.161004E+03	1.686908E-17	7.839797E-19
3.170852E+03	1.726594E-17	8.012015E-19
3.180699E+03	1.767632E-17	8.189924E-19
3.190547E+03	1.810056E-17	8.373652E-19
3.200394E+03	1.853741E-17	8.562604E-19
3.210241E+03	1.898876E-17	8.757615E-19
3.220089E+03	1.945332E-17	8.958063E-19
3.229936E+03	1.993296E-17	9.164785E-19
3.239783E+03	2.042798E-17	9.377880E-19
3.249631E+03	2.093862E-17	9.597435E-19
3.259478E+03	2.146511E-17	9.823516E-19
3.269325E+03	2.200762E-17	1.005617E-18
3.279173E+03	2.256628E-17	1.029543E-18
3.289020E+03	2.314114E-17	1.054128E-18
3.298868E+03	2.373401E-17	1.079451E-18
3.308715E+03	2.434125E-17	1.105343E-18
3.318562E+03	2.496635E-17	1.131960E-18
3.328410E+03	2.560911E-17	1.159289E-18
3.338257E+03	2.626748E-17	1.187235E-18
3.348104E+03	2.694102E-17	1.215773E-18
3.357952E+03	2.763122E-17	1.244969E-18
3.367799E+03	2.833758E-17	1.274797E-18
3.377646E+03	2.905754E-17	1.305138E-18
3.387494E+03	2.979439E-17	1.336138E-18
3.397341E+03	3.054334E-17	1.367579E-18
3.407189E+03	3.130560E-17	1.399514E-18
3.417036E+03	3.208230E-17	1.431990E-18
3.426883E+03	3.287048E-17	1.464873E-18
3.436731E+03	3.366903E-17	1.498112E-18
3.446578E+03	3.447689E-17	1.531658E-18
3.456425E+03	3.529510E-17	1.565557E-18
3.466273E+03	3.612032E-17	1.599657E-18
3.476120E+03	3.695357E-17	1.634006E-18
3.485968E+03	3.779368E-17	1.668548E-18
3.495815E+03	3.863725E-17	1.703135E-18
3.505662E+03	3.948531E-17	1.737812E-18
3.515510E+03	4.033900E-17	1.772628E-18
3.525357E+03	4.119267E-17	1.807335E-18
3.535204E+03	4.204981E-17	1.842088E-18
3.545052E+03	4.290711E-17	1.876742E-18
3.554899E+03	4.376357E-17	1.911255E-18
3.564746E+03	4.462066E-17	1.945691E-18
3.574594E+03	4.547518E-17	1.979912E-18
3.584441E+03	4.632875E-17	2.013991E-18
3.594289E+03	4.718062E-17	2.047897E-18
3.604136E+03	4.803024E-17	2.081607E-18
3.613983E+03	4.887696E-17	2.115095E-18
3.623831E+03	4.972026E-17	2.148341E-18
3.633678E+03	5.055962E-17	2.181323E-18
3.643525E+03	5.139450E-17	2.214021E-18
3.653373E+03	5.222682E-17	2.246520E-18
3.663220E+03	5.305361E-17	2.278695E-18
3.673067E+03	5.387661E-17	2.310622E-18
3.682915E+03	5.469273E-17	2.342172E-18
3.692762E+03	5.550357E-17	2.373417E-18
3.702610E+03	5.631057E-17	2.404419E-18
3.712457E+03	5.710777E-17	2.434928E-18
3.722304E+03	5.789631E-17	2.464997E-18
3.732152E+03	5.867707E-17	2.494665E-18
3.741999E+03	5.944600E-17	2.523763E-18
3.751846E+03	6.020115E-17	2.552215E-18
3.761694E+03	6.094279E-17	2.580034E-18
3.771541E+03	6.166623E-17	2.607028E-18
3.781388E+03	6.237136E-17	2.633196E-18
3.791236E+03	6.305545E-17	2.658431E-18
3.801083E+03	6.371575E-17	2.682619E-18
3.810931E+03	6.434704E-17	2.705550E-18
3.820778E+03	6.495096E-17	2.727297E-18
3.830625E+03	6.551998E-17	2.747553E-18
3.840473E+03	6.605578E-17	2.766396E-18
3.850320E+03	6.655322E-17	2.783617E-18
3.860167E+03	6.700965E-17	2.799115E-18
3.870015E+03	6.742262E-17	2.812796E-18
3.879862E+03	6.779214E-17	2.824668E-18
3.889710E+03	6.811406E-17	2.834568E-18
3.899557E+03	6.838897E-17	2.842529E-18
3.909404E+03	6.861355E-17	2.848423E-18
3.919252E+03	6.878701E-17	2.852226E-18
3.929099E+03	6.891102E-17	2.854015E-18
3.938946E+03	6.898561E-17	2.853802E-18
3.948794E+03	6.900925E-17	2.851530E-18
3.958641E+03	6.898287E-17	2.847248E-18
3.968488E+03	6.890788E-17	2.841020E-18
3.978336E+03	6.878795E-17	2.833005E-18
3.988183E+03	6.862327E-17	2.823220E-18
3.998031E+03	6.841817E-17	2.811847E-18
4.007878E+03	6.817185E-17	2.798859E-18
4.017725E+03	6.789098E-17	2.784537E-18
4.027573E+03	6.757540E-17	2.768878E-18
4.037420E+03	6.723040E-17	2.752103E-18
4.047267E+03	6.685978E-17	2.734371E-18
4.057115E+03	6.646575E-17	2.715775E-18
4.066962E+03	6.605240E-17	2.696486E-18
4.076809E+03	6.562538E-17	2.676735E-18
4.086657E+03	6.518579E-17	2.656569E-18
4.096504E+03	6.473786E-17	2.636161E-18
4.106352E+03	6.428735E-17	2.615745E-18
4.116199E+03	6.383697E-17	2.595432E-18
4.126046E+03	6.339095E-17	2.575394E-18
4.135894E+03	6.295207E-17	2.555742E-18
4.145741E+03	6.252317E-17	2.536591E-18
4.155588E+03	6.211101E-17	2.518214E-18
4.165436E+03	6.171572E-17	2.500615E-18
4.175283E+03	6.134388E-17	2.484056E-18
4.185130E+03	6.099571E-17	2.468547E-18
4.194978E+03	6.067757E-17	2.454343E-18
4.204825E+03	6.038984E-17	2.441456E-18
4.214673E+03	6.013874E-17	2.430136E-18
4.224520E+03	5.992476E-17	2.420401E-18
4.234367E+03	5.975413E-17	2.412500E-18
4.244215E+03	5.962763E-17	2.406464E-18
4.254062E+03	5.955056E-17	2.402505E-18
4.263909E+03	5.952630E-17	2.400756E-18
4.273757E+03	5.955857E-17	2.401368E-18
4.283604E+03	5.965265E-17	2.404553E-18
4.293452E+03	5.981331E-17	2.410501E-18
4.303299E+03	6.004622E-17	2.419441E-18
4.313146E+03	6.035917E-17	2.431688E-18
4.322994E+03	6.076066E-17	2.447585E-18
4.332841E+03	6.124950E-17	2.467085E-18
4.342688E+03	6.181898E-17	2.489920E-18
4.352536E+03	6.246298E-17	2.515847E-18
4.362383E+03	6.317496E-17	2.544603E-18
4.372230E+03	6.394893E-17	2.575950E-18
4.382078E+03	6.478107E-17	2.609736E-18
4.391925E+03	6.566491E-17	2.645705E-18
4.401773E+03	6.659590E-17	2.683675E-18
4.411620E+03	6.756944E-17	2.723467E-18
4.421467E+03	6.858092E-17	2.764897E-18
4.431315E+03	6.962457E-17	2.807737E-18
4.441162E+03	7.069452E-17	2.851754E-18
4.451009E+03	7.178779E-17	2.896833E-18
4.460857E+03	7.289728E-17	2.942690E-18
4.470704E+03	7.401788E-17	2.989123E-18
4.480551E+03	7.514446E-17	3.035928E-18
4.490399E+03	7.627303E-17	3.082947E-18
4.500246E+03	7.739661E-17	3.129901E-18
4.510094E+03	7.851148E-17	3.176642E-18
4.519941E+03	7.961315E-17	3.222989E-18
4.529788E+03	8.069750E-17	3.268779E-18
4.539636E+03	8.175959E-17	3.313812E-18
4.549483E+03	8.279605E-17	3.357951E-18
4.559330E+03	8.380609E-17	3.401165E-18
4.569178E+03	8.478499E-17	3.443263E-18
4.579025E+03	8.573079E-17	3.484162E-18
4.588872E+03	8.664302E-17	3.523844E-18
4.598720E+03	8.752064E-17	3.562264E-18
4.608567E+03	8.836190E-17	3.599348E-18
4.618415E+03	8.916763E-17	3.635129E-18
4.628262E+03	8.993804E-17	3.669612E-18
4.638109E+03	9.067237E-17	3.702763E-18
4.647957E+03	9.137358E-17	3.734700E-18
4.657804E+03	9.204029E-17	3.765364E-18
4.667651E+03	9.267463E-17	3.794838E-18
4.677499E+03	9.327774E-17	3.823165E-18
4.687346E+03	9.385189E-17	3.850435E-18
4.697194E+03	9.439702E-17	3.876643E-18
4.707041E+03	9.491543E-17	3.901878E-18
4.716888E+03	9.540805E-17	3.926176E-18
4.726736E+03	9.587469E-17	3.949525E-18
4.736583E+03	9.631966E-17	3.972100E-18
4.746430E+03	9.674009E-17	3.993778E-18
4.756278E+03	9.714011E-17	4.014726E-18
4.766125E+03	9.751905E-17	4.034914E-18
4.775972E+03	9.787850E-17	4.054402E-18
4.785820E+03	9.821756E-17	4.073152E-18
4.795667E+03	9.853890E-17	4.091269E-18
4.805515E+03	9.884157E-17	4.108711E-18
4.815362E+03	9.912707E-17	4.125536E-18
4.825209E+03	9.939556E-17	4.141748E-18
4.835057E+03	9.964858E-17	4.157408E-18
4.844904E+03	9.988758E-17	4.172573E-18
4.854751E+03	1.001106E-16	4.187156E-18
4.864599E+03	1.003203E-16	4.201269E-18
4.874446E+03	1.005184E-16	4.214975E-18
4.884293E+03	1.007029E-16	4.228193E-18
4.894141E+03	1.008779E-16	4.241087E-18
4.903988E+03	1.010414E-16	4.253576E-18
4.913836E+03	1.011964E-16	4.265775E-18
4.923683E+03	1.013431E-16	4.277698E-18
4.933530E+03	1.014807E-16	4.289309E-18
4.943378E+03	1.016108E-16	4.300664E-18
4.953225E+03	1.017347E-16	4.311821E-18
4.963072E+03	1.018522E-16	4.322773E-18
4.972920E+03	1.019623E-16	4.333468E-18
4.982767E+03	1.020657E-16	4.343940E-18
4.992614E+03	1.021620E-16	4.354165E-18
5.002462E+03	1.022518E-16	4.364165E-18
5.012309E+03	1.023329E-16	4.373852E-18
5.022157E+03	1.024058E-16	4.383233E-18
5.032004E+03	1.024691E-16	4.392256E-18
5.041851E+03	1.025216E-16	4.400858E-18
5.051699E+03	1.025607E-16	4.408930E-18
5.061546E+03	1.025871E-16	4.416499E-18
5.071393E+03	1.025970E-16	4.423394E-18
5.081241E+03	1.025911E-16	4.429639E-18
5.091088E+03	1.025666E-16	4.435110E-18
5.100935E+03	1.025206E-16	4.439684E-18
5.110783E+03	1.024541E-16	4.443393E-18
5.120630E+03	1.023657E-16	4.446170E-18
5.130478E+03	1.022519E-16	4.447859E-18
5.140325E+03	1.021130E-16	4.448466E-18
5.150172E+03	1.019471E-16	4.447904E-18
5.160020E+03	1.017561E-16	4.446250E-18
5.169867E+03	1.015378E-16	4.443396E-18
5.179714E+03	1.012936E-16	4.439404E-18
5.189562E+03	1.010231E-16	4.434247E-18
5.199409E+03	1.007274E-16	4.427969E-18
5.209257E+03	1.004082E-16	4.420635E-18
5.219104E+03	1.000661E-16	4.412269E-18
5.228951E+03	9.970473E-17	4.403024E-18
5.238799E+03	9.932563E-17	4.392963E-18
5.248646E+03	9.893181E-17	4.382214E-18
5.258493E+03	9.852656E-17	4.370921E-18
5.268341E+03	9.811124E-17	4.359140E-18
5.278188E+03	9.769181E-17	4.347132E-18
5.288035E+03	9.726986E-17	4.334969E-18
5.297883E+03	9.684931E-17	4.322821E-18
5.307730E+03	9.643396E-17	4.310861E-18
5.317578E+03	9.602644E-17	4.299204E-18
5.327425E+03	9.563143E-17	4.288061E-18
5.337272E+03	9.525000E-17	4.277483E-18
5.347120E+03	9.488622E-17	4.267654E-18
5.356967E+03	9.454162E-17	4.258646E-18
5.366814E+03	9.421851E-17	4.250567E-18
5.376662E+03	9.391869E-17	4.243502E-18
5.386509E+03	9.364374E-17	4.237525E-18
5.396356E+03	9.339486E-17	4.232697E-18
5.406204E+03	9.317207E-17	4.229022E-18
5.416051E+03	9.297799E-17	4.226625E-18
5.425899E+03	9.281067E-17	4.225422E-18
5.435746E+03	9.267088E-17	4.225453E-18
5.445593E+03	9.255916E-17	4.226748E-18
5.455441E+03	9.247380E-17	4.229233E-18
5.465288E+03	9.241482E-17	4.232915E-18
5.475135E+03	9.238101E-17	4.237743E-18
5.484983E+03	9.237176E-17	4.243694E-18
5.494830E+03	9.238531E-17	4.250691E-18
5.504677E+03	9.242058E-17	4.258688E-18
5.514525E+03	9.247443E-17	4.267545E-18
5.524372E+03	9.254649E-17	4.277249E-18
5.534220E+03	9.263343E-17	4.287647E-18
5.544067E+03	9.273381E-17	4.298676E-18
5.553914E+03	9.284725E-17	4.310320E-18
5.563762E+03	9.296944E-17	4.322382E-18
5.573609E+03	9.309913E-17	4.334804E-18
5.583456E+03	9.323515E-17	4.347534E-18
5.593304E+03	9.337553E-17	4.360479E-18
5.603151E+03	9.351837E-17	4.373551E-18
5.612999E+03	9.366293E-17	4.386716E-18
5.622846E+03	9.380658E-17	4.399851E-18
5.632693E+03	9.394991E-17	4.412981E-18
5.642541E+03	9.408949E-17	4.425947E-18
5.652388E+03	9.422619E-17	4.438786E-18
5.662235E+03	9.435888E-17	4.451446E-18
5.672083E+03	9.448547E-17	4.463826E-18
5.681930E+03	9.460723E-17	4.475984E-18
5.691777E+03	9.472116E-17	4.487777E-18
5.701625E+03	9.482758E-17	4.499218E-18
5.711472E+03	9.492590E-17	4.510277E-18
5.721320E+03	9.501650E-17	4.520970E-18
5.731167E+03	9.509680E-17	4.531173E-18
5.741014E+03	9.516846E-17	4.540962E-18
5.750862E+03	9.522996E-17	4.550263E-18
5.760709E+03	9.528099E-17	4.559057E-18
5.770556E+03	9.532131E-17	4.567332E-18
5.780404E+03	9.535067E-17	4.575073E-18
5.790251E+03	9.536892E-17	4.582270E-18
5.800098E+03	9.537591E-17	4.588914E-18
5.809946E+03	9.537054E-17	4.594948E-18
5.819793E+03	9.535495E-17	4.600474E-18
5.829641E+03	9.532708E-17	4.605390E-18
5.839488E+03	9.528692E-17	4.609692E-18
5.849335E+03	9.523468E-17	4.613388E-18
5.859183E+03	9.517154E-17	4.616533E-18
5.869030E+03	9.509556E-17	4.619030E-18
5.878877E+03	9.500912E-17	4.620992E-18
5.888725E+03	9.490926E-17	4.622273E-18
5.898572E+03	9.479942E-17	4.623039E-18
5.908419E+03	9.467663E-17	4.623141E-18
5.918267E+03	9.454228E-17	4.622644E-18
5.928114E+03	9.439662E-17	4.621560E-18
5.937962E+03	9.423891E-17	4.619850E-18
5.947809E+03	9.407052E-17	4.617577E-18
5.957656E+03	9.389061E-17	4.614699E-18
5.967504E+03	9.369849E-17	4.611180E-18
5.977351E+03	9.349656E-17	4.607136E-18
5.987198E+03	9.328200E-17	4.602425E-18
5.997046E+03	9.305716E-17	4.597161E-18
6.006893E+03	9.282145E-17	4.591313E-18
6.016741E+03	9.257517E-17	4.584895E-18
6.026588E+03	9.231767E-17	4.577871E-18
6.036435E+03	9.205042E-17	4.570312E-18
6.046283E+03	9.177281E-17	4.562186E-18
6.056130E+03	9.148525E-17	4.553513E-18
6.065977E+03	9.118938E-17	4.544372E-18
6.075825E+03	9.088349E-17	4.534676E-18
6.085672E+03	9.056930E-17	4.524509E-18
6.095519E+03	9.024725E-17	4.513892E-18
6.105367E+03	8.991799E-17	4.502856E-18
6.115214E+03	8.958209E-17	4.491429E-18
6.125062E+03	8.923912E-17	4.479588E-18
6.134909E+03	8.889076E-17	4.467416E-18
6.144756E+03	8.853763E-17	4.454943E-18
6.154604E+03	8.817932E-17	4.442148E-18
6.164451E+03	8.781755E-17	4.429118E-18
6.174298E+03	8.745203E-17	4.415837E-18
6.184146E+03	8.708544E-17	4.402440E-18
6.193993E+03	8.671652E-17	4.388863E-18
6.203840E+03	8.634709E-17	4.375198E-18
6.213688E+03	8.597796E-17	4.361487E-18
6.223535E+03	8.560898E-17	4.347721E-18
6.233383E+03	8.524309E-17	4.334052E-18
6.243230E+03	8.488036E-17	4.320483E-18
6.253077E+03	8.452174E-17	4.307063E-18
6.262925E+03	8.416944E-17	4.293905E-18
6.272772E+03	8.382258E-17	4.280967E-18
6.282619E+03	8.348429E-17	4.268410E-18
6.292467E+03	8.315583E-17	4.256298E-18
6.302314E+03	8.283637E-17	4.244593E-18
6.312161E+03	8.253000E-17	4.233504E-18
6.322009E+03	8.223562E-17	4.222980E-18
6.331856E+03	8.195516E-17	4.213119E-18
6.341704E+03	8.168913E-17	4.203952E-18
6.351551E+03	8.143783E-17	4.195497E-18
6.361398E+03	8.120135E-17	4.187759E-18
6.371246E+03	8.097928E-17	4.180722E-18
6.381093E+03	8.077192E-17	4.174403E-18
6.390940E+03	8.057731E-17	4.168703E-18
6.400788E+03	8.039434E-17	4.163567E-18
6.410635E+03	8.022376E-17	4.159036E-18
6.420483E+03	8.006256E-17	4.154955E-18
6.430330E+03	7.991205E-17	4.151394E-18
6.440177E+03	7.977040E-17	4.148260E-18
6.450025E+03	7.964169E-17	4.145767E-18
6.459872E+03	7.952541E-17	4.143890E-18
6.469719E+03	7.942425E-17	4.142772E-18
6.479567E+03	7.934088E-17	4.142554E-18
6.489414E+03	7.927560E-17	4.143255E-18
6.499261E+03	7.922963E-17	4.144942E-18
6.509109E+03	7.920561E-17	4.147755E-18
6.518956E+03	7.920289E-17	4.151664E-18
6.528804E+03	7.922136E-17	4.156667E-18
6.538651E+03	7.926164E-17	4.162800E-18
6.548498E+03	7.932312E-17	4.170032E-18
6.558346E+03	7.940484E-17	4.178319E-18
6.568193E+03	7.950689E-17	4.187666E-18
6.578040E+03	7.962712E-17	4.197963E-18
6.587888E+03	7.976531E-17	4.209203E-18
6.597735E+03	7.992036E-17	4.221329E-18
6.607582E+03	8.009114E-17	4.234282E-18
6.617430E+03	8.027761E-17	4.248066E-18
6.627277E+03	8.047880E-17	4.262628E-18
6.637125E+03	8.069384E-17	4.277926E-18
6.646972E+03	8.092092E-17	4.293866E-18
6.656819E+03	8.116144E-17	4.310522E-18
6.666667E+03	8.141382E-17	4.327814E-18
6.676514E+03	8.167873E-17	4.345778E-18
6.686361E+03	8.195575E-17	4.364394E-18
6.696209E+03	8.224361E-17	4.383595E-18
6.706056E+03	8.254435E-17	4.403492E-18
6.715903E+03	8.285570E-17	4.423964E-18
6.725751E+03	8.317984E-17	4.445130E-18
6.735598E+03	8.351575E-17	4.466937E-18
6.745446E+03	8.386353E-17	4.489391E-18
6.755293E+03	8.422441E-17	4.512561E-18
6.765140E+03	8.459745E-17	4.536396E-18
6.774988E+03	8.498399E-17	4.560971E-18
6.784835E+03	8.538417E-17	4.586294E-18
6.794682E+03	8.579713E-17	4.612322E-18
6.804530E+03	8.622420E-17	4.639125E-18
6.814377E+03	8.666557E-17	4.666719E-18
6.824225E+03	8.712142E-17	4.695111E-18
6.834072E+03	8.759071E-17	4.724250E-18
6.843919E+03	8.807478E-17	4.754208E-18
6.853767E+03	8.857494E-17	4.785058E-18
6.863614E+03	8.908757E-17	4.816606E-18
6.873461E+03	8.961636E-17	4.849053E-18
6.883309E+03	9.016013E-17	4.882336E-18
6.893156E+03	9.071754E-17	4.916385E-18
6.903003E+03	9.128964E-17	4.951259E-18
6.912851E+03	9.187634E-17	4.986953E-18
6.922698E+03	9.247600E-17	5.023381E-18
6.932546E+03	9.308967E-17	5.060600E-18
6.942393E+03	9.371565E-17	5.098520E-18
6.952240E+03	9.435338E-17	5.137111E-18
6.962088E+03	9.500361E-17	5.176415E-18
6.971935E+03	9.566442E-17	5.216328E-18
6.981782E+03	9.633631E-17	5.256879E-18
6.991630E+03	9.701582E-17	5.297880E-18
7.001477E+03	9.770323E-17	5.339347E-18
7.011324E+03	9.839618E-17	5.381151E-18
7.021172E+03	9.909627E-17	5.423380E-18
7.031019E+03	9.979808E-17	5.465737E-18
7.040867E+03	1.005030E-16	5.508300E-18
7.050714E+03	1.012083E-16	5.550916E-18
7.060561E+03	1.019124E-16	5.593499E-18
7.070409E+03	1.026137E-16	5.635965E-18
7.080256E+03	1.033092E-16	5.678141E-18
7.090103E+03	1.039971E-16	5.719933E-18
7.099951E+03	1.046757E-16	5.761245E-18
7.109798E+03	1.053448E-16	5.802063E-18
7.119645E+03	1.059983E-16	5.842045E-18
7.129493E+03	1.066373E-16	5.881260E-18
7.139340E+03	1.072602E-16	5.919612E-18
7.149188E+03	1.078626E-16	5.956849E-18
7.159035E+03	1.084426E-16	5.992879E-18
7.168882E+03	1.090007E-16	6.027715E-18
7.178730E+03	1.095339E-16	6.061192E-18
7.188577E+03	1.100397E-16	6.093165E-18
7.198424E+03	1.105186E-16	6.123664E-18
7.208272E+03	1.109683E-16	6.152558E-18
7.218119E+03	1.113883E-16	6.179811E-18
7.227967E+03	1.117783E-16	6.205406E-18
7.237814E+03	1.121381E-16	6.229331E-18
7.247661E+03	1.124648E-16	6.251417E-18
7.257509E+03	1.127602E-16	6.271765E-18
7.267356E+03	1.130266E-16	6.290495E-18
7.277203E+03	1.132599E-16	6.307379E-18
7.287051E+03	1.134660E-16	6.322740E-18
7.296898E+03	1.136413E-16	6.336375E-18
7.306745E+03	1.137902E-16	6.348530E-18
7.316593E+03	1.139144E-16	6.359291E-18
7.326440E+03	1.140122E-16	6.368564E-18
7.336288E+03	1.140869E-16	6.376527E-18
7.346135E+03	1.141418E-16	6.383369E-18
7.355982E+03	1.141754E-16	6.389003E-18
7.365830E+03	1.141926E-16	6.393696E-18
7.375677E+03	1.141951E-16	6.397546E-18
7.385524E+03	1.141827E-16	6.400538E-18
7.395372E+03	1.141567E-16	6.402748E-18
7.405219E+03	1.141201E-16	6.404333E-18
7.415066E+03	1.140737E-16	6.405349E-18
7.424914E+03	1.140182E-16	6.405828E-18
7.434761E+03	1.139540E-16	6.405800E-18
7.444609E+03	1.138816E-16	6.405275E-18
7.454456E+03	1.138022E-16	6.404337E-18
7.464303E+03	1.137155E-16	6.402962E-18
7.474151E+03	1.136192E-16	6.401015E-18
7.483998E+03	1.135139E-16	6.398538E-18
7.493845E+03	1.133999E-16	6.395545E-18
7.503693E+03	1.132741E-16	6.391855E-18
7.513540E+03	1.131362E-16	6.387458E-18
7.523387E+03	1.129827E-16	6.382148E-18
7.533235E+03	1.128113E-16	6.375797E-18
7.543082E+03	1.126228E-16	6.368450E-18
7.552930E+03	1.124132E-16	6.359878E-18
7.562777E+03	1.121782E-16	6.349834E-18
7.572624E+03	1.119184E-16	6.338358E-18
7.582472E+03	1.116297E-16	6.325208E-18
7.592319E+03	1.113095E-16	6.310230E-18
7.602166E+03	1.109552E-16	6.293290E-18
7.612014E+03	1.105647E-16	6.274251E-18
7.621861E+03	1.101375E-16	6.253086E-18
7.631709E+03	1.096701E-16	6.229595E-18
7.641556E+03	1.091609E-16	6.203687E-18
7.651403E+03	1.086087E-16	6.175286E-18
7.661251E+03	1.080126E-16	6.144344E-18
7.671098E+03	1.073739E-16	6.110920E-18
7.680945E+03	1.066893E-16	6.074831E-18
7.690793E+03	1.059608E-16	6.036187E-18
7.700640E+03	1.051893E-16	5.995039E-18
7.710487E+03	1.043762E-16	5.951461E-18
7.720335E+03	1.035220E-16	5.905472E-18
7.730182E+03	1.026289E-16	5.857206E-18
7.740030E+03	1.017015E-16	5.806918E-18
7.749877E+03	1.007415E-16	5.754706E-18
7.759724E+03	9.975146E-17	5.700708E-18
7.769572E+03	9.873715E-17	5.645257E-18
7.779419E+03	9.770331E-17	5.588620E-18
7.789266E+03	9.665349E-17	5.531003E-18
7.799114E+03	9.559469E-17	5.472803E-18
7.808961E+03	9.452977E-17	5.414185E-18
7.818808E+03	9.346620E-17	5.355576E-18
7.828656E+03	9.241014E-17	5.297331E-18
7.838503E+03	9.136637E-17	5.239726E-18
7.848351E+03	9.034268E-17	5.183206E-18
7.858198E+03	8.934389E-17	5.128054E-18
7.868045E+03	8.837597E-17	5.074612E-18
7.877893E+03	8.744342E-17	5.023142E-18
7.887740E+03	8.655408E-17	4.974098E-18
7.897587E+03	8.571124E-17	4.927673E-18
7.907435E+03	8.491866E-17	4.884086E-18
7.917282E+03	8.417793E-17	4.843434E-18
7.927129E+03	8.349234E-17	4.805907E-18
7.936977E+03	8.286290E-17	4.771571E-18
7.946824E+03	8.229111E-17	4.740516E-18
7.956672E+03	8.177409E-17	4.712578E-18
7.966519E+03	8.131215E-17	4.687781E-18
7.976366E+03	8.090430E-17	4.666071E-18
7.986214E+03	8.055039E-17	4.647443E-18
7.996061E+03	8.024913E-17	4.631827E-18
8.005908E+03	7.999769E-17	4.619063E-18
8.015756E+03	7.979478E-17	4.609080E-18
8.025603E+03	7.964149E-17	4.601944E-18
8.035451E+03	7.953394E-17	4.597435E-18
8.045298E+03	7.947345E-17	4.595630E-18
8.055145E+03	7.945747E-17	4.596387E-18
8.064993E+03	7.948488E-17	4.599644E-18
8.074840E+03	7.955579E-17	4.605408E-18
8.084687E+03	7.966917E-17	4.613625E-18
8.094535E+03	7.982265E-17	4.624158E-18
8.104382E+03	8.001654E-17	4.637029E-18
8.114229E+03	8.024982E-17	4.652179E-18
8.124077E+03	8.052155E-17	4.669559E-18
8.133924E+03	8.083074E-17	4.689112E-18
8.143772E+03	8.117515E-17	4.710711E-18
8.153619E+03	8.155646E-17	4.734454E-18
8.163466E+03	8.197246E-17	4.760217E-18
8.173314E+03	8.242072E-17	4.787858E-18
8.183161E+03	8.290300E-17	4.817485E-18
8.193008E+03	8.341693E-17	4.848958E-18
8.202856E+03	8.396158E-17	4.882227E-18
8.212703E+03	8.453442E-17	4.917146E-18
8.222550E+03	8.513723E-17	4.953819E-18
8.232398E+03	8.576607E-17	4.992020E-18
8.242245E+03	8.642127E-17	5.031768E-18
8.252093E+03	8.710014E-17	5.072908E-18
8.261940E+03	8.780444E-17	5.115544E-18
8.271787E+03	8.852852E-17	5.159348E-18
8.281635E+03	8.927406E-17	5.204419E-18
8.291482E+03	9.003823E-17	5.250591E-18
8.301329E+03	9.082125E-17	5.297881E-18
8.311177E+03	9.161863E-17	5.346025E-18
8.321024E+03	9.243206E-17	5.395123E-18
8.330871E+03	9.325700E-17	5.444910E-18
8.340719E+03	9.409342E-17	5.495387E-18
8.350566E+03	9.493825E-17	5.546372E-18
8.360414E+03	9.579161E-17	5.597874E-18
8.370261E+03	9.665023E-17	5.649701E-18
8.380108E+03	9.751417E-17	5.701857E-18
8.389956E+03	9.837841E-17	5.754049E-18
8.399803E+03	9.924313E-17	5.806286E-18
8.409650E+03	1.001065E-16	5.858464E-18
8.419498E+03	1.009670E-16	5.910490E-18
8.429345E+03	1.018211E-16	5.962158E-18
8.439193E+03	1.026673E-16	6.013375E-18
8.449040E+03	1.035054E-16	6.064142E-18
8.458887E+03	1.043323E-16	6.114260E-18
8.468735E+03	1.051461E-16	6.163631E-18
8.478582E+03	1.059453E-16	6.212157E-18
8.488429E+03	1.067263E-16	6.259631E-18
8.498277E+03	1.074895E-16	6.306071E-18
8.508124E+03	1.082333E-16	6.351386E-18
8.517971E+03	1.089562E-16	6.395490E-18
8.527819E+03	1.096529E-16	6.438059E-18
8.537666E+03	1.103257E-16	6.479240E-18
8.547514E+03	1.109734E-16	6.518954E-18
8.557361E+03	1.115906E-16	6.556881E-18
8.567208E+03	1.121801E-16	6.593191E-18
8.577056E+03	1.127386E-16	6.627681E-18
8.586903E+03	1.132650E-16	6.660286E-18
8.596750E+03	1.137581E-16	6.690941E-18
8.606598E+03	1.142170E-16	6.719583E-18
8.616445E+03	1.146406E-16	6.746152E-18
8.626292E+03	1.150281E-16	6.770595E-18
8.636140E+03	1.153809E-16	6.792996E-18
8.645987E+03	1.156960E-16	6.813178E-18
8.655835E+03	1.159705E-16	6.830959E-18
8.665682E+03	1.162106E-16	6.846714E-18
8.675529E+03	1.164088E-16	6.859996E-18
8.685377E+03	1.165694E-16	6.871052E-18
8.695224E+03	1.166920E-16	6.879863E-18
8.705071E+03	1.167762E-16	6.886406E-18
8.714919E+03	1.168194E-16	6.890518E-18
8.724766E+03	1.168239E-16	6.892331E-18
8.734613E+03	1.167917E-16	6.891977E-18
8.744461E+03	1.167207E-16	6.889315E-18
8.754308E+03	1.166106E-16	6.884332E-18
8.764156E+03	1.164639E-16	6.877179E-18
8.774003E+03	1.162808E-16	6.867859E-18
8.783850E+03	1.160615E-16	6.856384E-18
8.793698E+03	1.158060E-16	6.842755E-18
8.803545E+03	1.155147E-16	6.826991E-18
8.813392E+03	1.151903E-16	6.809255E-18
8.823240E+03	1.148331E-16	6.789559E-18
8.833087E+03	1.144435E-16	6.767930E-18
8.842935E+03	1.140245E-16	6.744545E-18
8.852782E+03	1.135739E-16	6.719264E-18
8.862629E+03	1.130919E-16	6.692107E-18
8.902019E+03	1.108976E-16	6.567505E-18
8.941408E+03	1.083158E-16	6.419575E-18
8.980798E+03	1.054151E-16	6.252354E-18
9.020187E+03	1.022598E-16	6.069633E-18
9.059577E+03	9.891440E-17	5.875224E-18
9.098966E+03	9.545810E-17	5.673825E-18
9.138355E+03	9.190549E-17	5.466305E-18
9.177745E+03	8.832141E-17	5.256529E-18
9.217134E+03	8.473409E-17	5.046188E-18
9.256524E+03	8.118141E-17	4.837554E-18
9.295913E+03	7.768734E-17	4.632074E-18
9.335303E+03	7.427069E-17	4.430890E-18
9.374692E+03	7.095127E-17	4.235204E-18
9.414082E+03	6.773801E-17	4.045572E-18
9.453471E+03	6.464393E-17	3.862793E-18
9.492861E+03	6.167133E-17	3.687027E-18
9.532250E+03	5.882696E-17	3.518697E-18
9.571640E+03	5.610998E-17	3.357774E-18
9.611029E+03	5.352130E-17	3.204332E-18
9.650419E+03	5.106053E-17	3.058366E-18
9.689808E+03	4.872325E-17	2.919629E-18
9.729197E+03	4.650412E-17	2.787817E-18
9.768587E+03	4.440295E-17	2.662934E-18
9.807976E+03	4.241006E-17	2.544412E-18
9.847366E+03	4.052693E-17	2.432356E-18
9.886755E+03	3.874020E-17	2.325974E-18
9.926145E+03	3.705069E-17	2.225326E-18
9.965534E+03	3.545325E-17	2.130115E-18
1.000492E+04	3.393713E-17	2.039702E-18
1.004431E+04	3.250554E-17	1.954291E-18
1.008370E+04	3.114784E-17	1.873248E-18
1.012309E+04	2.986443E-17	1.796605E-18
1.016248E+04	2.865029E-17	1.724068E-18
