#wls	flux	fluxerr
1.600000E+03	2.623851E-16	2.505700E-16
1.640000E+03	2.635928E-16	2.488023E-16
1.680000E+03	2.650268E-16	2.470108E-16
1.720000E+03	2.666526E-16	2.451347E-16
1.760000E+03	2.686774E-16	2.433294E-16
1.800000E+03	2.710858E-16	2.415351E-16
1.840000E+03	2.739523E-16	2.397642E-16
1.880000E+03	2.773631E-16	2.380269E-16
1.920000E+03	2.814169E-16	2.363274E-16
1.960000E+03	2.862236E-16	2.346600E-16
2.000000E+03	2.919024E-16	2.330032E-16
2.040000E+03	2.986528E-16	2.313701E-16
2.080000E+03	3.064519E-16	2.295686E-16
2.120000E+03	3.155678E-16	2.275966E-16
2.160000E+03	3.260274E-16	2.252319E-16
2.200000E+03	3.379792E-16	2.223045E-16
2.240000E+03	3.512931E-16	2.184316E-16
2.280000E+03	3.660867E-16	2.133833E-16
2.320000E+03	3.821626E-16	2.067516E-16
2.360000E+03	3.993109E-16	1.982029E-16
2.400000E+03	4.172344E-16	1.875186E-16
2.440000E+03	4.356659E-16	1.747832E-16
2.480000E+03	4.540818E-16	1.604835E-16
2.520000E+03	4.724361E-16	1.461294E-16
2.560000E+03	4.906960E-16	1.344549E-16
2.600000E+03	5.093380E-16	1.296084E-16
2.640000E+03	5.290208E-16	1.354804E-16
2.680000E+03	5.493018E-16	1.522835E-16
2.720000E+03	5.685279E-16	1.765929E-16
2.760000E+03	5.854076E-16	2.043986E-16
2.800000E+03	5.988857E-16	2.323723E-16
2.840000E+03	6.086623E-16	2.582175E-16
2.880000E+03	6.145261E-16	2.803031E-16
2.920000E+03	6.167741E-16	2.977058E-16
2.960000E+03	6.159145E-16	3.100044E-16
3.000000E+03	6.125780E-16	3.171559E-16
3.010000E+03	6.113849E-16	3.181342E-16
3.020000E+03	6.101410E-16	3.188356E-16
3.030000E+03	6.087632E-16	3.192169E-16
3.040000E+03	6.073517E-16	3.193315E-16
3.050000E+03	6.058246E-16	3.191376E-16
3.060000E+03	6.042804E-16	3.186887E-16
3.070000E+03	6.027261E-16	3.179905E-16
3.080000E+03	6.010811E-16	3.170026E-16
3.090000E+03	5.993542E-16	3.157320E-16
3.100000E+03	5.977257E-16	3.142762E-16
3.110000E+03	5.960288E-16	3.125500E-16
3.120000E+03	5.942710E-16	3.105603E-16
3.130000E+03	5.925433E-16	3.083575E-16
3.140000E+03	5.909333E-16	3.059896E-16
3.150000E+03	5.891962E-16	3.033323E-16
3.160000E+03	5.875845E-16	3.005190E-16
3.170000E+03	5.860185E-16	2.975105E-16
3.180000E+03	5.844211E-16	2.942702E-16
3.190000E+03	5.828758E-16	2.908431E-16
3.200000E+03	5.814632E-16	2.872708E-16
3.210000E+03	5.800267E-16	2.834775E-16
3.220000E+03	5.786466E-16	2.795049E-16
3.230000E+03	5.773995E-16	2.753911E-16
3.240000E+03	5.761323E-16	2.710638E-16
3.250000E+03	5.749964E-16	2.665960E-16
3.260000E+03	5.739148E-16	2.619519E-16
3.270000E+03	5.728863E-16	2.571319E-16
3.280000E+03	5.719095E-16	2.521360E-16
3.290000E+03	5.710550E-16	2.469953E-16
3.300000E+03	5.702473E-16	2.416764E-16
3.310000E+03	5.694844E-16	2.361788E-16
3.320000E+03	5.688345E-16	2.305304E-16
3.330000E+03	5.682243E-16	2.247003E-16
3.340000E+03	5.677211E-16	2.187145E-16
3.350000E+03	5.673219E-16	2.125696E-16
3.360000E+03	5.669565E-16	2.062380E-16
3.370000E+03	5.666927E-16	1.997433E-16
3.380000E+03	5.665304E-16	1.930831E-16
3.390000E+03	5.664056E-16	1.862339E-16
3.400000E+03	5.664548E-16	1.792386E-16
3.410000E+03	5.665538E-16	1.720542E-16
3.420000E+03	5.667792E-16	1.647028E-16
3.430000E+03	5.672101E-16	1.572032E-16
3.440000E+03	5.677397E-16	1.495215E-16
3.450000E+03	5.685231E-16	1.416956E-16
3.460000E+03	5.695336E-16	1.337130E-16
3.470000E+03	5.708190E-16	1.255806E-16
3.480000E+03	5.725010E-16	1.173198E-16
3.490000E+03	5.745335E-16	1.089165E-16
3.500000E+03	5.771945E-16	1.004206E-16
3.510000E+03	5.804805E-16	9.182911E-17
3.520000E+03	5.845381E-16	8.317379E-17
3.530000E+03	5.896662E-16	7.451977E-17
3.540000E+03	5.959635E-16	6.593157E-17
3.550000E+03	6.036939E-16	5.755718E-17
3.560000E+03	6.132914E-16	4.968056E-17
3.570000E+03	6.250623E-16	4.280917E-17
3.580000E+03	6.394129E-16	3.786103E-17
3.590000E+03	6.566914E-16	3.614381E-17
3.600000E+03	6.773619E-16	3.869560E-17
3.610000E+03	7.016280E-16	4.540396E-17
3.620000E+03	7.294308E-16	5.536470E-17
3.630000E+03	7.609011E-16	6.776434E-17
3.640000E+03	7.960204E-16	8.211442E-17
3.650000E+03	8.346971E-16	9.816430E-17
3.660000E+03	8.769157E-16	1.158065E-16
3.670000E+03	9.228309E-16	1.350285E-16
3.680000E+03	9.723069E-16	1.558147E-16
3.690000E+03	1.025451E-15	1.781987E-16
3.700000E+03	1.082307E-15	2.022124E-16
3.710000E+03	1.143018E-15	2.279075E-16
3.720000E+03	1.207462E-15	2.552809E-16
3.730000E+03	1.275788E-15	2.843767E-16
3.740000E+03	1.348166E-15	3.152408E-16
3.750000E+03	1.424669E-15	3.478933E-16
3.760000E+03	1.505140E-15	3.822878E-16
3.770000E+03	1.589969E-15	4.185052E-16
3.780000E+03	1.678974E-15	4.564744E-16
3.790000E+03	1.772304E-15	4.961994E-16
3.800000E+03	1.869840E-15	5.376022E-16
3.810000E+03	1.971834E-15	5.807002E-16
3.820000E+03	2.078118E-15	6.253820E-16
3.830000E+03	2.188622E-15	6.715519E-16
3.840000E+03	2.303233E-15	7.190921E-16
3.850000E+03	2.421797E-15	7.678615E-16
3.860000E+03	2.544276E-15	8.177474E-16
3.870000E+03	2.670262E-15	8.685101E-16
3.880000E+03	2.799621E-15	9.199901E-16
3.890000E+03	2.932002E-15	9.719504E-16
3.900000E+03	3.066806E-15	1.024066E-15
3.910000E+03	3.203737E-15	1.076107E-15
3.920000E+03	3.342462E-15	1.127829E-15
3.930000E+03	3.482002E-15	1.178770E-15
3.940000E+03	3.621909E-15	1.228645E-15
3.950000E+03	3.761708E-15	1.277166E-15
3.960000E+03	3.900474E-15	1.323892E-15
3.970000E+03	4.037674E-15	1.368525E-15
3.980000E+03	4.172334E-15	1.410623E-15
3.990000E+03	4.303688E-15	1.449827E-15
4.000000E+03	4.431445E-15	1.485947E-15
4.010000E+03	4.554443E-15	1.518512E-15
4.020000E+03	4.672012E-15	1.547231E-15
4.030000E+03	4.784019E-15	1.572003E-15
4.040000E+03	4.889714E-15	1.592536E-15
4.050000E+03	4.988672E-15	1.608660E-15
4.060000E+03	5.080569E-15	1.620248E-15
4.070000E+03	5.165197E-15	1.627224E-15
4.080000E+03	5.242464E-15	1.629558E-15
4.090000E+03	5.312632E-15	1.627337E-15
4.100000E+03	5.375610E-15	1.620545E-15
4.110000E+03	5.431887E-15	1.609348E-15
4.120000E+03	5.481585E-15	1.593800E-15
4.130000E+03	5.525154E-15	1.574056E-15
4.140000E+03	5.563571E-15	1.550414E-15
4.150000E+03	5.596739E-15	1.522864E-15
4.160000E+03	5.625958E-15	1.491774E-15
4.170000E+03	5.651434E-15	1.457207E-15
4.180000E+03	5.673839E-15	1.419339E-15
4.190000E+03	5.694051E-15	1.378386E-15
4.200000E+03	5.712713E-15	1.334488E-15
4.210000E+03	5.730439E-15	1.287766E-15
4.220000E+03	5.747608E-15	1.238275E-15
4.230000E+03	5.764966E-15	1.186139E-15
4.240000E+03	5.782814E-15	1.131378E-15
4.250000E+03	5.801804E-15	1.074075E-15
4.260000E+03	5.822156E-15	1.014221E-15
4.270000E+03	5.844439E-15	9.518721E-16
4.280000E+03	5.868806E-15	8.870160E-16
4.290000E+03	5.895765E-15	8.197116E-16
4.300000E+03	5.925431E-15	7.499876E-16
4.310000E+03	5.958095E-15	6.779548E-16
4.320000E+03	5.994035E-15	6.038211E-16
4.330000E+03	6.033341E-15	5.279619E-16
4.340000E+03	6.076603E-15	4.511590E-16
4.350000E+03	6.123631E-15	3.748730E-16
4.360000E+03	6.174577E-15	3.022458E-16
4.370000E+03	6.229013E-15	2.401435E-16
4.380000E+03	6.285670E-15	2.025425E-16
4.390000E+03	6.343891E-15	2.062580E-16
4.400000E+03	6.403094E-15	2.498320E-16
4.410000E+03	6.464014E-15	3.159567E-16
4.420000E+03	6.527404E-15	3.915923E-16
4.430000E+03	6.593716E-15	4.703782E-16
4.440000E+03	6.663413E-15	5.493513E-16
4.450000E+03	6.736674E-15	6.270396E-16
4.460000E+03	6.814074E-15	7.027206E-16
4.470000E+03	6.895285E-15	7.759533E-16
4.480000E+03	6.980695E-15	8.465748E-16
4.490000E+03	7.070098E-15	9.144849E-16
4.500000E+03	7.163158E-15	9.796439E-16
4.510000E+03	7.259546E-15	1.042066E-15
4.520000E+03	7.358759E-15	1.101779E-15
4.530000E+03	7.460099E-15	1.158810E-15
4.540000E+03	7.562498E-15	1.213142E-15
4.550000E+03	7.664996E-15	1.264789E-15
4.560000E+03	7.765941E-15	1.313653E-15
4.570000E+03	7.863809E-15	1.359653E-15
4.580000E+03	7.957073E-15	1.402706E-15
4.590000E+03	8.043613E-15	1.442612E-15
4.600000E+03	8.121734E-15	1.479236E-15
4.610000E+03	8.189294E-15	1.512342E-15
4.620000E+03	8.244893E-15	1.541816E-15
4.630000E+03	8.286715E-15	1.567444E-15
4.640000E+03	8.313415E-15	1.589083E-15
4.650000E+03	8.324513E-15	1.606731E-15
4.660000E+03	8.319398E-15	1.620348E-15
4.670000E+03	8.298307E-15	1.630041E-15
4.680000E+03	8.261904E-15	1.635988E-15
4.690000E+03	8.211714E-15	1.638528E-15
4.700000E+03	8.149500E-15	1.638044E-15
4.710000E+03	8.077492E-15	1.635010E-15
4.720000E+03	7.998556E-15	1.630029E-15
4.730000E+03	7.915519E-15	1.623700E-15
4.740000E+03	7.831327E-15	1.616650E-15
4.750000E+03	7.749165E-15	1.609561E-15
4.760000E+03	7.671818E-15	1.603035E-15
4.770000E+03	7.601954E-15	1.597652E-15
4.780000E+03	7.541911E-15	1.593926E-15
4.790000E+03	7.493405E-15	1.592239E-15
4.800000E+03	7.458197E-15	1.592978E-15
4.810000E+03	7.437244E-15	1.596356E-15
4.820000E+03	7.431055E-15	1.602485E-15
4.830000E+03	7.439806E-15	1.611395E-15
4.840000E+03	7.463239E-15	1.623016E-15
4.850000E+03	7.500792E-15	1.637201E-15
4.860000E+03	7.551182E-15	1.653638E-15
4.870000E+03	7.612984E-15	1.671975E-15
4.880000E+03	7.684553E-15	1.691804E-15
4.890000E+03	7.763844E-15	1.712624E-15
4.900000E+03	7.848341E-15	1.733828E-15
4.910000E+03	7.935778E-15	1.754861E-15
4.920000E+03	8.023310E-15	1.775048E-15
4.930000E+03	8.108478E-15	1.793801E-15
4.940000E+03	8.188388E-15	1.810451E-15
4.950000E+03	8.260589E-15	1.824436E-15
4.960000E+03	8.322704E-15	1.835230E-15
4.970000E+03	8.372529E-15	1.842362E-15
4.980000E+03	8.408573E-15	1.845536E-15
4.990000E+03	8.429350E-15	1.844478E-15
5.000000E+03	8.434242E-15	1.839117E-15
5.010000E+03	8.423104E-15	1.829502E-15
5.020000E+03	8.396298E-15	1.815800E-15
5.030000E+03	8.355144E-15	1.798386E-15
5.040000E+03	8.301225E-15	1.777691E-15
5.050000E+03	8.236774E-15	1.754272E-15
5.060000E+03	8.164577E-15	1.728788E-15
5.070000E+03	8.087538E-15	1.701899E-15
5.080000E+03	8.008865E-15	1.674305E-15
5.090000E+03	7.932015E-15	1.646725E-15
5.100000E+03	7.859953E-15	1.619744E-15
5.110000E+03	7.795824E-15	1.593953E-15
5.120000E+03	7.742153E-15	1.569785E-15
5.130000E+03	7.701254E-15	1.547601E-15
5.140000E+03	7.674800E-15	1.527602E-15
5.150000E+03	7.664179E-15	1.509909E-15
5.160000E+03	7.670313E-15	1.494528E-15
5.170000E+03	7.693494E-15	1.481319E-15
5.180000E+03	7.733809E-15	1.470083E-15
5.190000E+03	7.790911E-15	1.460523E-15
5.200000E+03	7.864172E-15	1.452269E-15
5.210000E+03	7.952839E-15	1.444915E-15
5.220000E+03	8.055798E-15	1.437975E-15
5.230000E+03	8.172104E-15	1.430978E-15
5.240000E+03	8.300333E-15	1.423357E-15
5.250000E+03	8.439476E-15	1.414609E-15
5.260000E+03	8.587973E-15	1.404126E-15
5.270000E+03	8.744490E-15	1.391342E-15
5.280000E+03	8.907626E-15	1.375685E-15
5.290000E+03	9.075802E-15	1.356572E-15
5.300000E+03	9.247251E-15	1.333420E-15
5.310000E+03	9.420469E-15	1.305732E-15
5.320000E+03	9.593711E-15	1.273037E-15
5.330000E+03	9.765153E-15	1.234936E-15
5.340000E+03	9.933303E-15	1.191180E-15
5.350000E+03	1.009677E-14	1.141654E-15
5.360000E+03	1.025474E-14	1.086460E-15
5.370000E+03	1.040626E-14	1.025858E-15
5.380000E+03	1.055168E-14	9.604396E-16
5.390000E+03	1.069156E-14	8.910316E-16
5.400000E+03	1.082749E-14	8.187926E-16
5.410000E+03	1.096161E-14	7.451728E-16
5.420000E+03	1.109716E-14	6.718894E-16
5.430000E+03	1.123736E-14	6.005330E-16
5.440000E+03	1.138564E-14	5.318167E-16
5.450000E+03	1.154416E-14	4.651794E-16
5.460000E+03	1.171448E-14	4.005795E-16
5.470000E+03	1.189808E-14	3.420224E-16
5.480000E+03	1.209558E-14	3.022793E-16
5.490000E+03	1.230744E-14	3.031406E-16
5.500000E+03	1.253318E-14	3.566074E-16
5.510000E+03	1.277154E-14	4.511878E-16
5.520000E+03	1.301985E-14	5.698980E-16
5.530000E+03	1.327516E-14	7.017868E-16
5.540000E+03	1.353359E-14	8.407137E-16
5.550000E+03	1.379051E-14	9.829363E-16
5.560000E+03	1.404166E-14	1.125892E-15
5.570000E+03	1.428254E-14	1.267571E-15
5.580000E+03	1.450873E-14	1.406269E-15
5.590000E+03	1.471633E-14	1.540510E-15
5.600000E+03	1.490193E-14	1.668993E-15
5.610000E+03	1.506286E-14	1.790610E-15
5.620000E+03	1.519652E-14	1.904362E-15
5.630000E+03	1.530154E-14	2.009501E-15
5.640000E+03	1.537667E-14	2.105400E-15
5.650000E+03	1.542128E-14	2.191611E-15
5.660000E+03	1.543577E-14	2.267931E-15
5.670000E+03	1.542101E-14	2.334323E-15
5.680000E+03	1.537913E-14	2.391028E-15
5.690000E+03	1.531297E-14	2.438488E-15
5.700000E+03	1.522647E-14	2.477403E-15
5.710000E+03	1.512500E-14	2.508784E-15
5.720000E+03	1.501464E-14	2.533832E-15
5.730000E+03	1.490264E-14	2.554008E-15
5.740000E+03	1.479639E-14	2.570848E-15
5.750000E+03	1.470387E-14	2.586025E-15
5.760000E+03	1.463315E-14	2.601243E-15
5.770000E+03	1.459156E-14	2.618081E-15
5.780000E+03	1.458564E-14	2.637962E-15
5.790000E+03	1.462100E-14	2.662104E-15
5.800000E+03	1.470198E-14	2.691456E-15
5.810000E+03	1.483074E-14	2.726507E-15
5.820000E+03	1.500830E-14	2.767479E-15
5.830000E+03	1.523308E-14	2.814050E-15
5.840000E+03	1.550181E-14	2.865523E-15
5.850000E+03	1.580871E-14	2.920684E-15
5.860000E+03	1.614585E-14	2.977876E-15
5.870000E+03	1.650348E-14	3.035081E-15
5.880000E+03	1.687021E-14	3.089968E-15
5.890000E+03	1.723333E-14	3.139983E-15
5.900000E+03	1.757964E-14	3.182515E-15
5.910000E+03	1.789673E-14	3.215147E-15
5.920000E+03	1.817238E-14	3.235572E-15
5.930000E+03	1.839681E-14	3.242007E-15
5.940000E+03	1.856214E-14	3.233088E-15
5.950000E+03	1.866388E-14	3.208142E-15
5.960000E+03	1.869972E-14	3.166954E-15
5.970000E+03	1.867029E-14	3.109877E-15
5.980000E+03	1.857895E-14	3.037781E-15
5.990000E+03	1.843070E-14	2.951829E-15
6.000000E+03	1.823210E-14	2.853445E-15
6.010000E+03	1.799061E-14	2.744174E-15
6.020000E+03	1.771373E-14	2.625528E-15
6.030000E+03	1.740944E-14	2.499038E-15
6.040000E+03	1.708505E-14	2.366060E-15
6.050000E+03	1.674748E-14	2.227822E-15
6.060000E+03	1.640292E-14	2.085376E-15
6.070000E+03	1.605666E-14	1.939587E-15
6.080000E+03	1.571338E-14	1.791194E-15
6.090000E+03	1.537722E-14	1.640841E-15
6.100000E+03	1.505130E-14	1.489067E-15
6.110000E+03	1.473872E-14	1.336476E-15
6.120000E+03	1.444209E-14	1.183769E-15
6.130000E+03	1.416414E-14	1.031952E-15
6.140000E+03	1.390791E-14	8.826254E-16
6.150000E+03	1.367653E-14	7.385347E-16
6.160000E+03	1.347370E-14	6.048240E-16
6.170000E+03	1.330319E-14	4.914968E-16
6.180000E+03	1.316857E-14	4.166548E-16
6.190000E+03	1.307118E-14	4.018984E-16
6.200000E+03	1.300907E-14	4.499479E-16
6.210000E+03	1.297677E-14	5.391823E-16
6.220000E+03	1.296616E-14	6.472297E-16
6.230000E+03	1.296891E-14	7.607781E-16
6.240000E+03	1.297671E-14	8.726910E-16
6.250000E+03	1.298205E-14	9.788877E-16
6.260000E+03	1.297818E-14	1.076761E-15
6.270000E+03	1.295974E-14	1.164519E-15
6.280000E+03	1.292212E-14	1.240845E-15
6.290000E+03	1.286184E-14	1.304786E-15
6.300000E+03	1.277651E-14	1.355698E-15
6.310000E+03	1.266539E-14	1.393285E-15
6.320000E+03	1.252897E-14	1.417555E-15
6.330000E+03	1.236887E-14	1.428785E-15
6.340000E+03	1.218857E-14	1.427606E-15
6.350000E+03	1.199269E-14	1.414891E-15
6.360000E+03	1.178703E-14	1.391732E-15
6.370000E+03	1.157859E-14	1.359398E-15
6.380000E+03	1.137462E-14	1.319178E-15
6.390000E+03	1.118322E-14	1.272388E-15
6.400000E+03	1.101242E-14	1.220214E-15
6.410000E+03	1.086989E-14	1.163619E-15
6.420000E+03	1.076301E-14	1.103315E-15
6.430000E+03	1.069849E-14	1.039674E-15
6.440000E+03	1.068232E-14	9.727194E-16
6.450000E+03	1.071964E-14	9.021107E-16
6.460000E+03	1.081440E-14	8.271719E-16
6.470000E+03	1.096974E-14	7.470465E-16
6.480000E+03	1.118722E-14	6.609046E-16
6.490000E+03	1.146714E-14	5.685641E-16
6.500000E+03	1.180795E-14	4.718798E-16
6.510000E+03	1.220623E-14	3.784774E-16
6.520000E+03	1.265631E-14	3.107721E-16
6.530000E+03	1.314958E-14	3.109083E-16
6.540000E+03	1.367398E-14	3.963449E-16
6.550000E+03	1.421412E-14	5.369633E-16
6.560000E+03	1.475189E-14	7.048448E-16
6.570000E+03	1.526797E-14	8.855890E-16
6.580000E+03	1.574375E-14	1.071005E-15
6.590000E+03	1.616186E-14	1.255221E-15
6.600000E+03	1.650826E-14	1.433461E-15
6.610000E+03	1.677284E-14	1.601714E-15
6.620000E+03	1.695029E-14	1.756761E-15
6.630000E+03	1.704032E-14	1.896284E-15
6.640000E+03	1.704692E-14	2.018884E-15
6.650000E+03	1.697755E-14	2.124046E-15
6.660000E+03	1.684275E-14	2.212130E-15
6.670000E+03	1.665398E-14	2.284077E-15
6.680000E+03	1.642328E-14	2.341318E-15
6.690000E+03	1.616255E-14	2.385606E-15
6.700000E+03	1.588191E-14	2.418710E-15
6.710000E+03	1.559056E-14	2.442447E-15
6.720000E+03	1.529588E-14	2.458489E-15
6.730000E+03	1.500361E-14	2.468326E-15
6.740000E+03	1.471816E-14	2.473266E-15
6.750000E+03	1.444229E-14	2.474344E-15
6.760000E+03	1.417799E-14	2.472445E-15
6.770000E+03	1.392626E-14	2.468249E-15
6.780000E+03	1.368734E-14	2.462254E-15
6.790000E+03	1.346137E-14	2.454900E-15
6.800000E+03	1.324798E-14	2.446482E-15
6.810000E+03	1.304717E-14	2.437324E-15
6.820000E+03	1.285843E-14	2.427611E-15
6.830000E+03	1.268178E-14	2.417594E-15
6.840000E+03	1.251724E-14	2.407503E-15
6.850000E+03	1.236517E-14	2.397599E-15
6.860000E+03	1.222560E-14	2.388076E-15
6.870000E+03	1.209911E-14	2.379211E-15
6.880000E+03	1.198613E-14	2.371253E-15
6.890000E+03	1.188709E-14	2.364437E-15
6.900000E+03	1.180232E-14	2.358976E-15
6.910000E+03	1.173199E-14	2.355044E-15
6.920000E+03	1.167608E-14	2.352767E-15
6.930000E+03	1.163433E-14	2.352217E-15
6.940000E+03	1.160624E-14	2.353402E-15
6.950000E+03	1.159091E-14	2.356241E-15
6.960000E+03	1.158746E-14	2.360642E-15
6.970000E+03	1.159481E-14	2.366453E-15
6.980000E+03	1.161113E-14	2.373364E-15
6.990000E+03	1.163526E-14	2.381181E-15
7.000000E+03	1.166525E-14	2.389542E-15
7.010000E+03	1.169953E-14	2.398147E-15
7.020000E+03	1.173625E-14	2.406630E-15
7.030000E+03	1.177388E-14	2.414683E-15
7.040000E+03	1.181076E-14	2.421956E-15
7.050000E+03	1.184548E-14	2.428150E-15
7.060000E+03	1.187700E-14	2.433030E-15
7.070000E+03	1.190420E-14	2.436342E-15
7.080000E+03	1.192638E-14	2.437908E-15
7.090000E+03	1.194311E-14	2.437595E-15
7.100000E+03	1.195426E-14	2.435323E-15
7.110000E+03	1.195997E-14	2.431056E-15
7.120000E+03	1.196064E-14	2.424804E-15
7.130000E+03	1.195693E-14	2.416610E-15
7.140000E+03	1.194952E-14	2.406518E-15
7.150000E+03	1.193954E-14	2.394650E-15
7.160000E+03	1.192803E-14	2.381106E-15
7.170000E+03	1.191590E-14	2.365955E-15
7.180000E+03	1.190426E-14	2.349310E-15
7.190000E+03	1.189383E-14	2.331205E-15
7.200000E+03	1.188526E-14	2.311665E-15
7.210000E+03	1.187908E-14	2.290700E-15
7.220000E+03	1.187525E-14	2.268212E-15
7.230000E+03	1.187341E-14	2.244039E-15
7.240000E+03	1.187326E-14	2.218041E-15
7.250000E+03	1.187374E-14	2.189927E-15
7.260000E+03	1.187356E-14	2.159367E-15
7.270000E+03	1.187102E-14	2.125952E-15
7.280000E+03	1.186443E-14	2.089281E-15
7.290000E+03	1.185178E-14	2.048900E-15
7.300000E+03	1.183099E-14	2.004351E-15
7.310000E+03	1.179984E-14	1.955173E-15
7.320000E+03	1.175640E-14	1.900976E-15
7.330000E+03	1.169918E-14	1.841464E-15
7.340000E+03	1.162685E-14	1.776409E-15
7.350000E+03	1.153843E-14	1.705663E-15
7.360000E+03	1.143356E-14	1.629220E-15
7.370000E+03	1.131244E-14	1.547191E-15
7.380000E+03	1.117593E-14	1.459819E-15
7.390000E+03	1.102511E-14	1.367414E-15
7.400000E+03	1.086170E-14	1.270406E-15
7.410000E+03	1.068783E-14	1.169317E-15
7.420000E+03	1.050618E-14	1.064771E-15
7.430000E+03	1.031938E-14	9.574541E-16
7.440000E+03	1.013102E-14	8.482398E-16
7.450000E+03	9.944673E-15	7.381725E-16
7.460000E+03	9.764503E-15	6.286913E-16
7.470000E+03	9.595015E-15	5.219971E-16
7.480000E+03	9.441499E-15	4.219920E-16
7.490000E+03	9.309013E-15	3.363097E-16
7.500000E+03	9.202376E-15	2.796663E-16
7.510000E+03	9.124455E-15	2.708999E-16
7.520000E+03	9.075755E-15	3.122254E-16
7.530000E+03	9.054007E-15	3.850351E-16
7.540000E+03	9.055013E-15	4.721409E-16
7.550000E+03	9.074771E-15	5.644723E-16
7.560000E+03	9.109374E-15	6.576825E-16
7.570000E+03	9.155774E-15	7.495902E-16
7.580000E+03	9.211679E-15	8.390161E-16
7.590000E+03	9.275581E-15	9.253041E-16
7.600000E+03	9.346246E-15	1.008065E-15
7.610000E+03	9.422935E-15	1.087101E-15
7.620000E+03	9.505279E-15	1.162347E-15
7.630000E+03	9.592769E-15	1.233788E-15
7.640000E+03	9.685033E-15	1.301463E-15
7.650000E+03	9.781756E-15	1.365449E-15
7.660000E+03	9.882212E-15	1.425781E-15
7.670000E+03	9.985752E-15	1.482502E-15
7.680000E+03	1.009137E-14	1.535597E-15
7.690000E+03	1.019768E-14	1.584975E-15
7.700000E+03	1.030335E-14	1.630524E-15
7.710000E+03	1.040655E-14	1.672024E-15
7.720000E+03	1.050557E-14	1.709242E-15
7.730000E+03	1.059843E-14	1.741867E-15
7.740000E+03	1.068310E-14	1.769547E-15
7.750000E+03	1.075752E-14	1.791905E-15
7.760000E+03	1.081957E-14	1.808530E-15
7.770000E+03	1.086756E-14	1.819077E-15
7.780000E+03	1.090002E-14	1.823233E-15
7.790000E+03	1.091528E-14	1.820660E-15
7.800000E+03	1.091243E-14	1.811167E-15
7.810000E+03	1.089079E-14	1.794615E-15
7.820000E+03	1.085002E-14	1.770953E-15
7.830000E+03	1.079033E-14	1.740242E-15
7.840000E+03	1.071183E-14	1.702551E-15
7.850000E+03	1.061544E-14	1.658102E-15
7.860000E+03	1.050240E-14	1.607181E-15
7.870000E+03	1.037375E-14	1.550054E-15
7.880000E+03	1.023141E-14	1.487123E-15
7.890000E+03	1.007687E-14	1.418723E-15
7.900000E+03	9.912423E-15	1.345293E-15
7.910000E+03	9.740063E-15	1.267212E-15
7.920000E+03	9.562097E-15	1.184880E-15
7.930000E+03	9.381136E-15	1.098709E-15
7.940000E+03	9.199548E-15	1.009049E-15
7.950000E+03	9.020465E-15	9.163072E-16
7.960000E+03	8.846705E-15	8.208238E-16
7.970000E+03	8.681890E-15	7.230021E-16
7.980000E+03	8.529525E-15	6.232546E-16
7.990000E+03	8.393509E-15	5.221705E-16
8.000000E+03	8.277916E-15	4.208238E-16
8.010000E+03	8.186718E-15	3.217526E-16
8.020000E+03	8.123252E-15	2.322727E-16
8.030000E+03	8.089597E-15	1.748864E-16
8.040000E+03	8.085904E-15	1.884281E-16
8.050000E+03	8.111973E-15	2.647461E-16
8.060000E+03	8.166050E-15	3.676637E-16
8.070000E+03	8.245153E-15	4.813167E-16
8.080000E+03	8.345223E-15	6.006055E-16
8.090000E+03	8.461471E-15	7.236116E-16
8.100000E+03	8.589748E-15	8.494096E-16
8.110000E+03	8.725720E-15	9.772992E-16
8.120000E+03	8.865873E-15	1.106660E-15
8.130000E+03	9.007014E-15	1.236836E-15
8.140000E+03	9.146393E-15	1.367135E-15
8.150000E+03	9.281542E-15	1.496813E-15
8.160000E+03	9.410832E-15	1.625189E-15
8.170000E+03	9.532429E-15	1.751501E-15
8.180000E+03	9.645292E-15	1.875094E-15
8.190000E+03	9.748413E-15	1.995307E-15
8.200000E+03	9.841395E-15	2.111608E-15
8.210000E+03	9.923977E-15	2.223515E-15
8.220000E+03	9.996007E-15	2.330597E-15
8.230000E+03	1.005789E-14	2.432591E-15
8.240000E+03	1.010995E-14	2.529258E-15
8.250000E+03	1.015285E-14	2.620496E-15
8.260000E+03	1.018763E-14	2.706346E-15
8.270000E+03	1.021529E-14	2.786903E-15
8.280000E+03	1.023665E-14	2.862260E-15
8.290000E+03	1.025331E-14	2.932766E-15
8.300000E+03	1.026641E-14	2.998707E-15
8.310000E+03	1.027733E-14	3.060470E-15
8.320000E+03	1.028748E-14	3.118486E-15
8.330000E+03	1.029824E-14	3.173219E-15
8.340000E+03	1.031098E-14	3.225148E-15
8.350000E+03	1.032698E-14	3.274758E-15
8.360000E+03	1.034732E-14	3.322468E-15
8.370000E+03	1.037344E-14	3.368840E-15
8.380000E+03	1.040601E-14	3.414181E-15
8.390000E+03	1.044590E-14	3.458861E-15
8.400000E+03	1.049419E-14	3.503316E-15
8.410000E+03	1.055091E-14	3.547627E-15
8.420000E+03	1.061681E-14	3.592097E-15
8.430000E+03	1.069212E-14	3.636837E-15
8.440000E+03	1.077670E-14	3.681817E-15
8.450000E+03	1.087039E-14	3.726980E-15
8.460000E+03	1.097285E-14	3.772183E-15
8.470000E+03	1.108355E-14	3.817195E-15
8.480000E+03	1.120193E-14	3.861760E-15
8.490000E+03	1.132669E-14	3.905340E-15
8.500000E+03	1.145708E-14	3.947573E-15
8.510000E+03	1.159141E-14	3.987751E-15
8.520000E+03	1.172837E-14	4.025290E-15
8.530000E+03	1.186630E-14	4.059473E-15
8.540000E+03	1.200316E-14	4.089455E-15
8.550000E+03	1.213719E-14	4.114484E-15
8.560000E+03	1.226632E-14	4.133709E-15
8.570000E+03	1.238818E-14	4.146192E-15
8.580000E+03	1.250054E-14	4.151070E-15
8.590000E+03	1.260140E-14	4.147578E-15
8.600000E+03	1.268855E-14	4.134922E-15
8.610000E+03	1.275943E-14	4.112233E-15
8.620000E+03	1.281248E-14	4.079021E-15
8.630000E+03	1.284586E-14	4.034761E-15
8.640000E+03	1.285752E-14	3.978918E-15
8.650000E+03	1.284654E-14	3.911385E-15
8.660000E+03	1.281142E-14	3.831936E-15
8.670000E+03	1.275190E-14	3.740790E-15
8.680000E+03	1.266738E-14	3.638130E-15
8.690000E+03	1.255763E-14	3.524318E-15
8.700000E+03	1.242350E-14	3.400071E-15
8.710000E+03	1.226550E-14	3.266065E-15
8.720000E+03	1.208476E-14	3.123177E-15
8.730000E+03	1.188248E-14	2.972350E-15
8.740000E+03	1.166086E-14	2.814786E-15
8.750000E+03	1.142151E-14	2.651538E-15
8.760000E+03	1.116689E-14	2.483866E-15
8.770000E+03	1.089949E-14	2.312993E-15
8.780000E+03	1.062193E-14	2.140133E-15
8.790000E+03	1.033701E-14	1.966467E-15
8.800000E+03	1.004741E-14	1.793086E-15
8.810000E+03	9.756514E-15	1.621105E-15
8.820000E+03	9.466986E-15	1.451407E-15
8.830000E+03	9.182119E-15	1.284856E-15
8.840000E+03	8.905049E-15	1.122158E-15
8.850000E+03	8.638927E-15	9.638909E-16
8.860000E+03	8.386886E-15	8.105307E-16
8.870000E+03	8.151989E-15	6.625313E-16
8.880000E+03	7.936990E-15	5.205450E-16
8.890000E+03	7.744791E-15	3.861674E-16
8.900000E+03	7.577095E-15	2.643732E-16
8.910000E+03	7.435255E-15	1.740287E-16
8.920000E+03	7.318953E-15	1.661268E-16
8.930000E+03	7.227785E-15	2.427831E-16
8.940000E+03	7.160201E-15	3.482833E-16
8.950000E+03	7.114374E-15	4.605420E-16
8.960000E+03	7.087429E-15	5.739604E-16
8.970000E+03	7.076440E-15	6.870000E-16
8.980000E+03	7.078586E-15	7.992345E-16
8.990000E+03	7.091436E-15	9.105855E-16
9.000000E+03	7.112433E-15	1.021008E-15
9.040000E+03	7.245624E-15	1.453531E-15
9.080000E+03	7.403283E-15	1.869758E-15
9.120000E+03	7.547049E-15	2.267538E-15
9.160000E+03	7.659383E-15	2.645248E-15
9.200000E+03	7.731173E-15	3.000656E-15
9.240000E+03	7.757102E-15	3.329933E-15
9.280000E+03	7.734608E-15	3.627842E-15
9.320000E+03	7.663781E-15	3.888730E-15
9.360000E+03	7.546660E-15	4.107429E-15
9.400000E+03	7.388422E-15	4.280999E-15
9.440000E+03	7.194718E-15	4.408114E-15
9.480000E+03	6.973160E-15	4.490278E-15
9.520000E+03	6.731132E-15	4.530625E-15
9.560000E+03	6.475625E-15	4.533589E-15
9.600000E+03	6.213396E-15	4.504730E-15
9.640000E+03	5.949919E-15	4.449671E-15
9.680000E+03	5.689831E-15	4.374056E-15
9.720000E+03	5.436531E-15	4.282968E-15
9.760000E+03	5.192262E-15	4.180731E-15
9.800000E+03	4.958960E-15	4.071409E-15
9.840000E+03	4.736960E-15	3.957643E-15
9.880000E+03	4.526771E-15	3.842009E-15
9.920000E+03	4.328319E-15	3.726373E-15
9.960000E+03	4.140751E-15	3.611683E-15
1.000000E+04	3.963744E-15	3.499097E-15
1.004000E+04	3.796551E-15	3.389185E-15
1.008000E+04	3.638254E-15	3.282145E-15
1.012000E+04	3.488134E-15	3.178166E-15
1.016000E+04	3.345372E-15	3.077178E-15
1.020000E+04	3.209714E-15	2.979489E-15
1.024000E+04	3.080178E-15	2.884615E-15
1.028000E+04	2.956514E-15	2.792651E-15
1.032000E+04	2.838385E-15	2.703540E-15
