#wls	flux	fluxerr
1.600000E+03	8.829296E-19	1.637292E-19
1.640000E+03	8.626199E-19	1.593727E-19
1.680000E+03	8.431339E-19	1.551832E-19
1.720000E+03	8.247964E-19	1.512193E-19
1.760000E+03	8.074310E-19	1.474467E-19
1.800000E+03	7.913401E-19	1.439190E-19
1.840000E+03	7.763590E-19	1.406039E-19
1.880000E+03	7.627663E-19	1.375498E-19
1.920000E+03	7.506091E-19	1.347623E-19
1.960000E+03	7.397388E-19	1.322118E-19
2.000000E+03	7.305955E-19	1.299738E-19
2.040000E+03	7.228409E-19	1.279843E-19
2.080000E+03	7.167130E-19	1.262821E-19
2.120000E+03	7.122599E-19	1.248713E-19
2.160000E+03	7.095305E-19	1.237563E-19
2.200000E+03	7.087464E-19	1.229706E-19
2.240000E+03	7.097911E-19	1.224888E-19
2.280000E+03	7.127314E-19	1.223168E-19
2.320000E+03	7.178035E-19	1.224893E-19
2.360000E+03	7.249274E-19	1.229857E-19
2.400000E+03	7.343621E-19	1.238432E-19
2.440000E+03	7.462220E-19	1.250731E-19
2.480000E+03	7.606426E-19	1.266894E-19
2.520000E+03	7.777875E-19	1.287102E-19
2.560000E+03	7.978534E-19	1.311575E-19
2.600000E+03	8.212374E-19	1.340851E-19
2.640000E+03	8.482299E-19	1.375274E-19
2.680000E+03	8.790227E-19	1.415007E-19
2.720000E+03	9.143783E-19	1.461114E-19
2.760000E+03	9.546704E-19	1.514000E-19
2.800000E+03	1.000735E-18	1.574773E-19
2.840000E+03	1.053410E-18	1.644490E-19
2.880000E+03	1.113740E-18	1.724484E-19
2.920000E+03	1.183231E-18	1.816729E-19
2.960000E+03	1.263360E-18	1.923064E-19
3.000000E+03	1.356659E-18	2.046822E-19
3.010000E+03	1.382327E-18	2.080845E-19
3.020000E+03	1.409159E-18	2.116419E-19
3.030000E+03	1.436770E-18	2.152954E-19
3.040000E+03	1.465875E-18	2.191510E-19
3.050000E+03	1.495867E-18	2.231166E-19
3.060000E+03	1.527257E-18	2.272672E-19
3.070000E+03	1.560119E-18	2.316119E-19
3.080000E+03	1.594293E-18	2.361255E-19
3.090000E+03	1.629851E-18	2.408170E-19
3.100000E+03	1.667116E-18	2.457324E-19
3.110000E+03	1.706183E-18	2.508836E-19
3.120000E+03	1.746896E-18	2.562458E-19
3.130000E+03	1.789348E-18	2.618306E-19
3.140000E+03	1.833905E-18	2.676891E-19
3.150000E+03	1.880415E-18	2.737969E-19
3.160000E+03	1.929267E-18	2.802081E-19
3.170000E+03	1.980596E-18	2.869395E-19
3.180000E+03	2.034261E-18	2.939677E-19
3.190000E+03	2.090399E-18	3.013096E-19
3.200000E+03	2.149451E-18	3.090255E-19
3.210000E+03	2.211589E-18	3.171368E-19
3.220000E+03	2.276686E-18	3.256213E-19
3.230000E+03	2.345232E-18	3.345454E-19
3.240000E+03	2.417107E-18	3.438878E-19
3.250000E+03	2.492837E-18	3.537191E-19
3.260000E+03	2.572309E-18	3.640183E-19
3.270000E+03	2.656088E-18	3.748607E-19
3.280000E+03	2.744427E-18	3.862765E-19
3.290000E+03	2.837224E-18	3.982457E-19
3.300000E+03	2.935107E-18	4.108506E-19
3.310000E+03	3.037980E-18	4.240713E-19
3.320000E+03	3.146915E-18	4.380508E-19
3.330000E+03	3.261030E-18	4.526590E-19
3.340000E+03	3.381856E-18	4.681014E-19
3.350000E+03	3.508904E-18	4.843015E-19
3.360000E+03	3.642489E-18	5.012949E-19
3.370000E+03	3.783869E-18	5.192458E-19
3.380000E+03	3.932509E-18	5.380710E-19
3.390000E+03	4.089253E-18	5.578760E-19
3.400000E+03	4.253995E-18	5.786360E-19
3.410000E+03	4.427630E-18	6.004618E-19
3.420000E+03	4.610588E-18	6.233998E-19
3.430000E+03	4.802746E-18	6.474212E-19
3.440000E+03	5.005670E-18	6.727242E-19
3.450000E+03	5.218683E-18	6.992037E-19
3.460000E+03	5.442836E-18	7.269867E-19
3.470000E+03	5.677984E-18	7.560388E-19
3.480000E+03	5.925249E-18	7.864941E-19
3.490000E+03	6.185168E-18	8.184072E-19
3.500000E+03	6.458292E-18	8.518336E-19
3.510000E+03	6.745190E-18	8.868299E-19
3.520000E+03	7.045672E-18	9.233525E-19
3.530000E+03	7.361047E-18	9.615536E-19
3.540000E+03	7.691915E-18	1.001490E-18
3.550000E+03	8.038874E-18	1.043219E-18
3.560000E+03	8.402515E-18	1.086794E-18
3.570000E+03	8.782508E-18	1.132149E-18
3.580000E+03	9.181218E-18	1.179564E-18
3.590000E+03	9.597310E-18	1.228842E-18
3.600000E+03	1.003220E-17	1.280139E-18
3.610000E+03	1.048632E-17	1.333484E-18
3.620000E+03	1.095898E-17	1.388760E-18
3.630000E+03	1.145265E-17	1.446254E-18
3.640000E+03	1.196652E-17	1.505832E-18
3.650000E+03	1.249947E-17	1.567324E-18
3.660000E+03	1.305269E-17	1.630851E-18
3.670000E+03	1.362607E-17	1.696370E-18
3.680000E+03	1.422075E-17	1.763990E-18
3.690000E+03	1.483364E-17	1.833298E-18
3.700000E+03	1.546549E-17	1.904360E-18
3.710000E+03	1.611555E-17	1.977053E-18
3.720000E+03	1.678128E-17	2.051040E-18
3.730000E+03	1.746461E-17	2.126529E-18
3.740000E+03	1.816261E-17	2.203137E-18
3.750000E+03	1.887362E-17	2.280641E-18
3.760000E+03	1.959393E-17	2.358571E-18
3.770000E+03	2.032488E-17	2.437072E-18
3.780000E+03	2.106227E-17	2.515623E-18
3.790000E+03	2.180139E-17	2.593652E-18
3.800000E+03	2.254303E-17	2.671244E-18
3.810000E+03	2.327995E-17	2.747539E-18
3.820000E+03	2.401251E-17	2.822580E-18
3.830000E+03	2.473270E-17	2.895435E-18
3.840000E+03	2.544056E-17	2.966120E-18
3.850000E+03	2.612958E-17	3.033894E-18
3.860000E+03	2.679290E-17	3.097987E-18
3.870000E+03	2.743011E-17	3.158386E-18
3.880000E+03	2.803407E-17	3.214306E-18
3.890000E+03	2.859739E-17	3.264951E-18
3.900000E+03	2.911965E-17	3.310327E-18
3.910000E+03	2.959358E-17	3.349670E-18
3.920000E+03	3.001198E-17	3.382237E-18
3.930000E+03	3.037510E-17	3.408137E-18
3.940000E+03	3.067651E-17	3.426730E-18
3.950000E+03	3.091269E-17	3.437715E-18
3.960000E+03	3.108086E-17	3.440884E-18
3.970000E+03	3.117911E-17	3.436124E-18
3.980000E+03	3.120650E-17	3.423437E-18
3.990000E+03	3.116312E-17	3.402941E-18
4.000000E+03	3.105018E-17	3.374876E-18
4.010000E+03	3.086993E-17	3.339589E-18
4.020000E+03	3.062786E-17	3.297776E-18
4.030000E+03	3.032364E-17	3.249498E-18
4.040000E+03	2.996454E-17	3.195627E-18
4.050000E+03	2.955630E-17	3.136860E-18
4.060000E+03	2.910747E-17	3.074175E-18
4.070000E+03	2.862105E-17	3.007955E-18
4.080000E+03	2.810883E-17	2.939494E-18
4.090000E+03	2.757516E-17	2.869288E-18
4.100000E+03	2.703256E-17	2.798668E-18
4.110000E+03	2.648616E-17	2.728181E-18
4.120000E+03	2.594841E-17	2.659110E-18
4.130000E+03	2.542607E-17	2.592135E-18
4.140000E+03	2.492562E-17	2.527890E-18
4.150000E+03	2.445784E-17	2.467431E-18
4.160000E+03	2.402775E-17	2.411213E-18
4.170000E+03	2.363971E-17	2.359611E-18
4.180000E+03	2.330173E-17	2.313356E-18
4.190000E+03	2.301635E-17	2.272621E-18
4.200000E+03	2.278541E-17	2.237502E-18
4.210000E+03	2.261426E-17	2.208433E-18
4.220000E+03	2.250321E-17	2.185351E-18
4.230000E+03	2.245205E-17	2.168136E-18
4.240000E+03	2.246421E-17	2.157020E-18
4.250000E+03	2.253719E-17	2.151661E-18
4.260000E+03	2.267235E-17	2.152088E-18
4.270000E+03	2.287089E-17	2.158311E-18
4.280000E+03	2.313002E-17	2.169963E-18
4.290000E+03	2.345121E-17	2.187077E-18
4.300000E+03	2.383491E-17	2.209593E-18
4.310000E+03	2.428217E-17	2.237500E-18
4.320000E+03	2.479476E-17	2.270852E-18
4.330000E+03	2.537528E-17	2.309775E-18
4.340000E+03	2.602596E-17	2.354353E-18
4.350000E+03	2.675446E-17	2.405152E-18
4.360000E+03	2.756398E-17	2.462326E-18
4.370000E+03	2.846362E-17	2.526539E-18
4.380000E+03	2.946276E-17	2.598463E-18
4.390000E+03	3.057124E-17	2.678784E-18
4.400000E+03	3.180606E-17	2.768791E-18
4.410000E+03	3.318033E-17	2.869398E-18
4.420000E+03	3.471481E-17	2.982141E-18
4.430000E+03	3.642963E-17	3.108454E-18
4.440000E+03	3.835331E-17	3.250437E-18
4.450000E+03	4.050978E-17	3.409733E-18
4.460000E+03	4.292937E-17	3.588466E-18
4.470000E+03	4.564953E-17	3.789275E-18
4.480000E+03	4.870124E-17	4.014179E-18
4.490000E+03	5.212353E-17	4.265780E-18
4.500000E+03	5.595084E-17	4.546213E-18
4.510000E+03	6.022133E-17	4.857828E-18
4.520000E+03	6.496417E-17	5.202166E-18
4.530000E+03	7.020821E-17	5.580666E-18
4.540000E+03	7.597063E-17	5.993778E-18
4.550000E+03	8.225286E-17	6.440673E-18
4.560000E+03	8.904485E-17	6.919625E-18
4.570000E+03	9.632888E-17	7.428332E-18
4.580000E+03	1.040484E-16	7.961564E-18
4.590000E+03	1.121507E-16	8.514518E-18
4.600000E+03	1.205585E-16	9.080662E-18
4.610000E+03	1.291690E-16	9.651726E-18
4.620000E+03	1.378950E-16	1.022086E-17
4.630000E+03	1.466069E-16	1.077832E-17
4.640000E+03	1.552004E-16	1.131647E-17
4.650000E+03	1.635588E-16	1.182708E-17
4.660000E+03	1.715533E-16	1.230131E-17
4.670000E+03	1.790902E-16	1.273314E-17
4.680000E+03	1.860639E-16	1.311594E-17
4.690000E+03	1.923971E-16	1.344531E-17
4.700000E+03	1.980032E-16	1.371642E-17
4.710000E+03	2.028456E-16	1.392806E-17
4.720000E+03	2.068812E-16	1.407870E-17
4.730000E+03	2.100933E-16	1.416868E-17
4.740000E+03	2.124915E-16	1.420015E-17
4.750000E+03	2.140755E-16	1.417459E-17
4.760000E+03	2.148937E-16	1.409668E-17
4.770000E+03	2.149712E-16	1.396946E-17
4.780000E+03	2.143767E-16	1.379872E-17
4.790000E+03	2.131585E-16	1.358880E-17
4.800000E+03	2.113773E-16	1.334470E-17
4.810000E+03	2.090868E-16	1.307082E-17
4.820000E+03	2.063646E-16	1.277294E-17
4.830000E+03	2.032613E-16	1.245493E-17
4.840000E+03	1.998241E-16	1.212042E-17
4.850000E+03	1.961192E-16	1.177399E-17
4.860000E+03	1.921767E-16	1.141796E-17
4.870000E+03	1.880510E-16	1.105597E-17
4.880000E+03	1.837624E-16	1.068955E-17
4.890000E+03	1.793473E-16	1.032113E-17
4.900000E+03	1.748244E-16	9.952010E-18
4.910000E+03	1.702285E-16	9.584360E-18
4.920000E+03	1.655657E-16	9.218680E-18
4.930000E+03	1.608600E-16	8.856414E-18
4.940000E+03	1.561280E-16	8.498567E-18
4.950000E+03	1.513865E-16	8.146089E-18
4.960000E+03	1.466473E-16	7.799646E-18
4.970000E+03	1.419341E-16	7.460486E-18
4.980000E+03	1.372613E-16	7.129306E-18
4.990000E+03	1.326536E-16	6.807314E-18
5.000000E+03	1.281316E-16	6.495439E-18
5.010000E+03	1.237122E-16	6.194363E-18
5.020000E+03	1.194210E-16	5.905171E-18
5.030000E+03	1.152793E-16	5.628663E-18
5.040000E+03	1.113038E-16	5.365373E-18
5.050000E+03	1.075151E-16	5.115966E-18
5.060000E+03	1.039355E-16	4.881151E-18
5.070000E+03	1.005828E-16	4.661361E-18
5.080000E+03	9.746967E-17	4.456753E-18
5.090000E+03	9.461059E-17	4.267538E-18
5.100000E+03	9.202122E-17	4.093941E-18
5.110000E+03	8.970890E-17	3.935786E-18
5.120000E+03	8.768490E-17	3.793048E-18
5.130000E+03	8.595241E-17	3.665334E-18
5.140000E+03	8.451529E-17	3.552271E-18
5.150000E+03	8.337770E-17	3.453491E-18
5.160000E+03	8.253594E-17	3.368297E-18
5.170000E+03	8.198674E-17	3.296022E-18
5.180000E+03	8.172718E-17	3.236024E-18
5.190000E+03	8.174722E-17	3.187393E-18
5.200000E+03	8.203784E-17	3.149284E-18
5.210000E+03	8.259141E-17	3.120934E-18
5.220000E+03	8.339199E-17	3.101289E-18
5.230000E+03	8.443380E-17	3.089713E-18
5.240000E+03	8.570388E-17	3.085327E-18
5.250000E+03	8.719557E-17	3.087512E-18
5.260000E+03	8.889593E-17	3.095450E-18
5.270000E+03	9.080490E-17	3.108801E-18
5.280000E+03	9.291710E-17	3.127050E-18
5.290000E+03	9.523291E-17	3.149892E-18
5.300000E+03	9.775604E-17	3.177137E-18
5.310000E+03	1.004938E-16	3.208704E-18
5.320000E+03	1.034568E-16	3.244613E-18
5.330000E+03	1.066592E-16	3.284975E-18
5.340000E+03	1.101213E-16	3.330058E-18
5.350000E+03	1.138563E-16	3.379893E-18
5.360000E+03	1.178919E-16	3.434915E-18
5.370000E+03	1.222436E-16	3.495162E-18
5.380000E+03	1.269407E-16	3.561036E-18
5.390000E+03	1.319972E-16	3.632480E-18
5.400000E+03	1.374406E-16	3.709784E-18
5.410000E+03	1.432808E-16	3.792738E-18
5.420000E+03	1.495419E-16	3.881502E-18
5.430000E+03	1.562295E-16	3.975746E-18
5.440000E+03	1.633649E-16	4.075545E-18
5.450000E+03	1.709513E-16	4.180517E-18
5.460000E+03	1.790036E-16	4.290591E-18
5.470000E+03	1.875272E-16	4.405484E-18
5.480000E+03	1.965142E-16	4.524629E-18
5.490000E+03	2.059276E-16	4.646860E-18
5.500000E+03	2.156817E-16	4.770043E-18
5.510000E+03	2.256302E-16	4.890928E-18
5.520000E+03	2.355656E-16	5.005255E-18
5.530000E+03	2.452578E-16	5.108671E-18
5.540000E+03	2.544599E-16	5.196876E-18
5.550000E+03	2.629382E-16	5.266224E-18
5.560000E+03	2.704913E-16	5.314049E-18
5.570000E+03	2.769654E-16	5.338861E-18
5.580000E+03	2.822567E-16	5.340274E-18
5.590000E+03	2.863382E-16	5.319397E-18
5.600000E+03	2.892349E-16	5.278233E-18
5.610000E+03	2.910252E-16	5.219606E-18
5.620000E+03	2.918232E-16	5.146770E-18
5.630000E+03	2.917893E-16	5.063552E-18
5.640000E+03	2.910947E-16	4.973683E-18
5.650000E+03	2.899181E-16	4.880753E-18
5.660000E+03	2.884280E-16	4.787782E-18
5.670000E+03	2.868005E-16	4.697576E-18
5.680000E+03	2.851835E-16	4.612309E-18
5.690000E+03	2.837341E-16	4.534165E-18
5.700000E+03	2.825663E-16	4.464533E-18
5.710000E+03	2.817980E-16	4.404799E-18
5.720000E+03	2.815453E-16	4.356262E-18
5.730000E+03	2.819098E-16	4.319956E-18
5.740000E+03	2.829871E-16	4.296796E-18
5.750000E+03	2.848585E-16	4.287461E-18
5.760000E+03	2.876112E-16	4.292702E-18
5.770000E+03	2.913042E-16	4.312847E-18
5.780000E+03	2.959936E-16	4.348172E-18
5.790000E+03	3.017035E-16	4.398483E-18
5.800000E+03	3.084189E-16	4.463022E-18
5.810000E+03	3.160929E-16	4.540591E-18
5.820000E+03	3.246489E-16	4.629584E-18
5.830000E+03	3.339173E-16	4.727110E-18
5.840000E+03	3.437212E-16	4.830232E-18
5.850000E+03	3.537756E-16	4.934570E-18
5.860000E+03	3.637946E-16	5.035839E-18
5.870000E+03	3.734053E-16	5.128666E-18
5.880000E+03	3.822271E-16	5.207739E-18
5.890000E+03	3.898879E-16	5.268031E-18
5.900000E+03	3.960344E-16	5.304960E-18
5.910000E+03	4.003616E-16	5.314787E-18
5.920000E+03	4.026612E-16	5.295236E-18
5.930000E+03	4.028424E-16	5.245734E-18
5.940000E+03	4.009213E-16	5.167207E-18
5.950000E+03	3.970189E-16	5.061984E-18
5.960000E+03	3.913648E-16	4.933787E-18
5.970000E+03	3.842733E-16	4.787334E-18
5.980000E+03	3.760845E-16	4.627546E-18
5.990000E+03	3.671728E-16	4.459613E-18
6.000000E+03	3.578831E-16	4.288177E-18
6.010000E+03	3.485462E-16	4.117528E-18
6.020000E+03	3.394294E-16	3.951011E-18
6.030000E+03	3.307640E-16	3.791385E-18
6.040000E+03	3.227092E-16	3.640439E-18
6.050000E+03	3.153869E-16	3.499432E-18
6.060000E+03	3.088554E-16	3.368839E-18
6.070000E+03	3.031394E-16	3.248730E-18
6.080000E+03	2.982357E-16	3.138869E-18
6.090000E+03	2.941067E-16	3.038674E-18
6.100000E+03	2.906873E-16	2.947332E-18
6.110000E+03	2.879055E-16	2.864037E-18
6.120000E+03	2.856896E-16	2.788069E-18
6.130000E+03	2.839522E-16	2.718653E-18
6.140000E+03	2.826246E-16	2.655299E-18
6.150000E+03	2.816343E-16	2.597581E-18
6.160000E+03	2.809299E-16	2.545367E-18
6.170000E+03	2.804849E-16	2.498833E-18
6.180000E+03	2.802872E-16	2.458349E-18
6.190000E+03	2.803411E-16	2.424486E-18
6.200000E+03	2.806841E-16	2.398138E-18
6.210000E+03	2.813898E-16	2.380536E-18
6.220000E+03	2.825590E-16	2.373152E-18
6.230000E+03	2.843155E-16	2.377670E-18
6.240000E+03	2.867793E-16	2.395772E-18
6.250000E+03	2.899729E-16	2.428377E-18
6.260000E+03	2.937694E-16	2.475196E-18
6.270000E+03	2.980050E-16	2.535345E-18
6.280000E+03	3.025157E-16	2.607501E-18
6.290000E+03	3.071818E-16	2.690577E-18
6.300000E+03	3.119076E-16	2.783565E-18
6.310000E+03	3.166182E-16	2.885516E-18
6.320000E+03	3.212730E-16	2.995682E-18
6.330000E+03	3.258657E-16	3.113559E-18
6.340000E+03	3.304066E-16	3.238763E-18
6.350000E+03	3.349204E-16	3.371050E-18
6.360000E+03	3.394672E-16	3.510558E-18
6.370000E+03	3.441047E-16	3.657472E-18
6.380000E+03	3.489150E-16	3.812327E-18
6.390000E+03	3.539741E-16	3.975707E-18
6.400000E+03	3.593443E-16	4.148154E-18
6.410000E+03	3.650926E-16	4.330371E-18
6.420000E+03	3.712512E-16	4.522746E-18
6.430000E+03	3.778462E-16	4.725650E-18
6.440000E+03	3.848675E-16	4.939043E-18
6.450000E+03	3.922637E-16	5.162338E-18
6.460000E+03	3.999681E-16	5.394687E-18
6.470000E+03	4.078696E-16	5.634537E-18
6.480000E+03	4.158118E-16	5.879562E-18
6.490000E+03	4.236253E-16	6.127039E-18
6.500000E+03	4.311023E-16	6.373466E-18
6.510000E+03	4.380133E-16	6.614754E-18
6.520000E+03	4.441055E-16	6.846173E-18
6.530000E+03	4.491461E-16	7.063013E-18
6.540000E+03	4.529041E-16	7.260336E-18
6.550000E+03	4.551763E-16	7.433414E-18
6.560000E+03	4.557900E-16	7.577834E-18
6.570000E+03	4.546610E-16	7.690536E-18
6.580000E+03	4.517266E-16	7.768805E-18
6.590000E+03	4.470281E-16	7.811748E-18
6.600000E+03	4.406675E-16	7.819672E-18
6.610000E+03	4.328015E-16	7.794066E-18
6.620000E+03	4.236724E-16	7.738225E-18
6.630000E+03	4.135204E-16	7.655720E-18
6.640000E+03	4.026480E-16	7.551602E-18
6.650000E+03	3.913224E-16	7.430585E-18
6.660000E+03	3.798293E-16	7.298035E-18
6.670000E+03	3.684296E-16	7.159114E-18
6.680000E+03	3.573244E-16	7.018052E-18
6.690000E+03	3.467040E-16	6.879027E-18
6.700000E+03	3.367088E-16	6.745366E-18
6.710000E+03	3.274396E-16	6.619675E-18
6.720000E+03	3.189592E-16	6.503838E-18
6.730000E+03	3.112974E-16	6.399064E-18
6.740000E+03	3.044623E-16	6.306100E-18
6.750000E+03	2.984180E-16	6.224733E-18
6.760000E+03	2.931338E-16	6.154808E-18
6.770000E+03	2.885690E-16	6.095898E-18
6.780000E+03	2.846570E-16	6.046965E-18
6.790000E+03	2.813602E-16	6.007525E-18
6.800000E+03	2.786238E-16	5.976676E-18
6.810000E+03	2.764072E-16	5.953769E-18
6.820000E+03	2.746783E-16	5.938291E-18
6.830000E+03	2.734126E-16	5.929864E-18
6.840000E+03	2.726004E-16	5.928388E-18
6.850000E+03	2.722167E-16	5.933412E-18
6.860000E+03	2.722669E-16	5.945113E-18
6.870000E+03	2.727373E-16	5.963223E-18
6.880000E+03	2.736254E-16	5.987704E-18
6.890000E+03	2.749054E-16	6.017970E-18
6.900000E+03	2.765731E-16	6.053892E-18
6.910000E+03	2.785981E-16	6.094743E-18
6.920000E+03	2.809507E-16	6.139789E-18
6.930000E+03	2.836023E-16	6.188307E-18
6.940000E+03	2.865058E-16	6.239153E-18
6.950000E+03	2.896175E-16	6.291251E-18
6.960000E+03	2.928982E-16	6.343622E-18
6.970000E+03	2.962939E-16	6.394963E-18
6.980000E+03	2.997577E-16	6.444137E-18
6.990000E+03	3.032516E-16	6.490209E-18
7.000000E+03	3.067252E-16	6.531995E-18
7.010000E+03	3.101397E-16	6.568578E-18
7.020000E+03	3.134695E-16	6.599346E-18
7.030000E+03	3.166801E-16	6.623519E-18
7.040000E+03	3.197621E-16	6.640867E-18
7.050000E+03	3.227007E-16	6.651068E-18
7.060000E+03	3.255094E-16	6.654396E-18
7.070000E+03	3.281986E-16	6.651069E-18
7.080000E+03	3.308003E-16	6.641739E-18
7.090000E+03	3.333673E-16	6.627462E-18
7.100000E+03	3.359462E-16	6.609138E-18
7.110000E+03	3.386081E-16	6.588110E-18
7.120000E+03	3.414110E-16	6.565411E-18
7.130000E+03	3.444304E-16	6.542357E-18
7.140000E+03	3.477292E-16	6.519951E-18
7.150000E+03	3.513452E-16	6.498663E-18
7.160000E+03	3.553493E-16	6.479531E-18
7.170000E+03	3.597538E-16	6.462454E-18
7.180000E+03	3.645722E-16	6.447333E-18
7.190000E+03	3.698081E-16	6.433881E-18
7.200000E+03	3.754352E-16	6.421296E-18
7.210000E+03	3.813951E-16	6.408268E-18
7.220000E+03	3.876258E-16	6.393515E-18
7.230000E+03	3.940231E-16	6.375164E-18
7.240000E+03	4.004828E-16	6.351501E-18
7.250000E+03	4.068734E-16	6.320561E-18
7.260000E+03	4.130411E-16	6.280256E-18
7.270000E+03	4.188370E-16	6.228830E-18
7.280000E+03	4.241377E-16	6.165167E-18
7.290000E+03	4.287866E-16	6.087912E-18
7.300000E+03	4.326672E-16	5.996560E-18
7.310000E+03	4.357000E-16	5.891348E-18
7.320000E+03	4.378236E-16	5.772937E-18
7.330000E+03	4.390068E-16	5.642547E-18
7.340000E+03	4.392369E-16	5.501744E-18
7.350000E+03	4.385514E-16	5.352792E-18
7.360000E+03	4.369859E-16	5.197949E-18
7.370000E+03	4.346157E-16	5.039934E-18
7.380000E+03	4.315141E-16	4.881391E-18
7.390000E+03	4.277590E-16	4.724944E-18
7.400000E+03	4.234157E-16	4.572995E-18
7.410000E+03	4.185691E-16	4.428052E-18
7.420000E+03	4.132858E-16	4.292290E-18
7.430000E+03	4.076146E-16	4.167539E-18
7.440000E+03	4.016193E-16	4.055587E-18
7.450000E+03	3.953356E-16	3.957701E-18
7.460000E+03	3.888272E-16	3.875147E-18
7.470000E+03	3.821112E-16	3.808408E-18
7.480000E+03	3.752358E-16	3.757933E-18
7.490000E+03	3.682277E-16	3.723466E-18
7.500000E+03	3.611457E-16	3.704279E-18
7.510000E+03	3.540081E-16	3.698927E-18
7.520000E+03	3.468655E-16	3.706166E-18
7.530000E+03	3.397505E-16	3.724529E-18
7.540000E+03	3.327181E-16	3.752827E-18
7.550000E+03	3.258190E-16	3.789947E-18
7.560000E+03	3.191130E-16	3.835062E-18
7.570000E+03	3.126764E-16	3.887772E-18
7.580000E+03	3.066014E-16	3.948174E-18
7.590000E+03	3.010318E-16	4.017388E-18
7.600000E+03	2.961373E-16	4.097348E-18
7.610000E+03	2.920827E-16	4.190443E-18
7.620000E+03	2.889595E-16	4.298495E-18
7.630000E+03	2.866464E-16	4.420427E-18
7.640000E+03	2.849489E-16	4.553878E-18
7.650000E+03	2.836667E-16	4.696075E-18
7.660000E+03	2.826679E-16	4.845054E-18
7.670000E+03	2.818276E-16	4.998730E-18
7.680000E+03	2.810738E-16	5.155745E-18
7.690000E+03	2.803446E-16	5.314795E-18
7.700000E+03	2.795899E-16	5.474691E-18
7.710000E+03	2.787594E-16	5.634140E-18
7.720000E+03	2.778251E-16	5.792209E-18
7.730000E+03	2.767565E-16	5.947856E-18
7.740000E+03	2.755291E-16	6.100105E-18
7.750000E+03	2.741231E-16	6.248044E-18
7.760000E+03	2.725170E-16	6.390669E-18
7.770000E+03	2.707102E-16	6.527444E-18
7.780000E+03	2.686995E-16	6.657762E-18
7.790000E+03	2.664854E-16	6.781121E-18
7.800000E+03	2.640726E-16	6.897127E-18
7.810000E+03	2.614606E-16	7.005273E-18
7.820000E+03	2.586754E-16	7.105777E-18
7.830000E+03	2.557132E-16	7.198099E-18
7.840000E+03	2.525951E-16	7.282409E-18
7.850000E+03	2.493353E-16	7.358741E-18
7.860000E+03	2.459411E-16	7.426956E-18
7.870000E+03	2.424427E-16	7.487651E-18
7.880000E+03	2.388398E-16	7.540552E-18
7.890000E+03	2.351550E-16	7.586117E-18
7.900000E+03	2.314024E-16	7.624600E-18
7.910000E+03	2.275958E-16	7.656281E-18
7.920000E+03	2.237412E-16	7.681218E-18
7.930000E+03	2.198650E-16	7.700200E-18
7.940000E+03	2.159650E-16	7.713074E-18
7.950000E+03	2.120587E-16	7.720400E-18
7.960000E+03	2.081562E-16	7.722513E-18
7.970000E+03	2.042664E-16	7.719734E-18
7.980000E+03	2.003911E-16	7.712145E-18
7.990000E+03	1.965507E-16	7.700550E-18
8.000000E+03	1.927391E-16	7.684771E-18
8.010000E+03	1.889688E-16	7.665353E-18
8.020000E+03	1.852450E-16	7.642594E-18
8.030000E+03	1.815723E-16	7.616766E-18
8.040000E+03	1.779550E-16	7.588149E-18
8.050000E+03	1.743907E-16	7.556757E-18
8.060000E+03	1.708885E-16	7.523083E-18
8.070000E+03	1.674563E-16	7.487613E-18
8.080000E+03	1.640854E-16	7.450091E-18
8.090000E+03	1.607832E-16	7.410983E-18
8.100000E+03	1.575514E-16	7.370507E-18
8.110000E+03	1.543862E-16	7.328626E-18
8.120000E+03	1.512989E-16	7.286028E-18
8.130000E+03	1.482803E-16	7.242420E-18
8.140000E+03	1.453363E-16	7.198237E-18
8.150000E+03	1.424676E-16	7.153673E-18
8.160000E+03	1.396746E-16	7.108905E-18
8.170000E+03	1.369581E-16	7.064126E-18
8.180000E+03	1.343185E-16	7.019524E-18
8.190000E+03	1.317518E-16	6.975045E-18
8.200000E+03	1.292677E-16	6.931358E-18
8.210000E+03	1.268578E-16	6.888185E-18
8.220000E+03	1.245271E-16	6.845959E-18
8.230000E+03	1.222766E-16	6.804887E-18
8.240000E+03	1.201066E-16	6.765170E-18
8.250000E+03	1.180184E-16	6.727038E-18
8.260000E+03	1.160085E-16	6.690463E-18
8.270000E+03	1.140861E-16	6.656145E-18
8.280000E+03	1.122441E-16	6.623845E-18
8.290000E+03	1.104876E-16	6.594029E-18
8.300000E+03	1.088171E-16	6.566914E-18
8.310000E+03	1.072339E-16	6.542745E-18
8.320000E+03	1.057386E-16	6.521741E-18
8.330000E+03	1.043316E-16	6.504110E-18
8.340000E+03	1.030099E-16	6.489838E-18
8.350000E+03	1.017809E-16	6.479574E-18
8.360000E+03	1.006374E-16	6.473035E-18
8.370000E+03	9.958617E-17	6.470833E-18
8.380000E+03	9.861922E-17	6.472635E-18
8.390000E+03	9.773903E-17	6.478770E-18
8.400000E+03	9.694396E-17	6.489301E-18
8.410000E+03	9.622843E-17	6.504020E-18
8.420000E+03	9.559682E-17	6.523384E-18
8.430000E+03	9.504244E-17	6.547095E-18
8.440000E+03	9.455811E-17	6.574806E-18
8.450000E+03	9.414296E-17	6.606593E-18
8.460000E+03	9.379555E-17	6.642489E-18
8.470000E+03	9.350340E-17	6.681732E-18
8.480000E+03	9.326391E-17	6.724241E-18
8.490000E+03	9.307041E-17	6.769633E-18
8.500000E+03	9.291224E-17	6.817213E-18
8.510000E+03	9.278871E-17	6.866997E-18
8.520000E+03	9.268827E-17	6.918189E-18
8.530000E+03	9.259902E-17	6.969935E-18
8.540000E+03	9.251933E-17	7.022134E-18
8.550000E+03	9.243336E-17	7.073590E-18
8.560000E+03	9.233937E-17	7.124157E-18
8.570000E+03	9.222155E-17	7.172590E-18
8.580000E+03	9.207495E-17	7.218456E-18
8.590000E+03	9.189147E-17	7.261061E-18
8.600000E+03	9.166348E-17	7.299730E-18
8.610000E+03	9.138402E-17	7.333820E-18
8.620000E+03	9.104330E-17	7.362447E-18
8.630000E+03	9.064316E-17	7.385649E-18
8.640000E+03	9.017568E-17	7.402667E-18
8.650000E+03	8.963403E-17	7.412815E-18
8.660000E+03	8.902317E-17	7.416373E-18
8.670000E+03	8.833498E-17	7.412537E-18
8.680000E+03	8.757669E-17	7.401780E-18
8.690000E+03	8.674249E-17	7.383485E-18
8.700000E+03	8.584174E-17	7.358320E-18
8.710000E+03	8.487077E-17	7.325854E-18
8.720000E+03	8.383731E-17	7.286638E-18
8.730000E+03	8.274638E-17	7.241005E-18
8.740000E+03	8.160362E-17	7.189354E-18
8.750000E+03	8.041520E-17	7.132147E-18
8.760000E+03	7.918765E-17	7.069893E-18
8.770000E+03	7.792773E-17	7.003136E-18
8.780000E+03	7.664229E-17	6.932446E-18
8.790000E+03	7.533814E-17	6.858406E-18
8.800000E+03	7.402195E-17	6.781600E-18
8.810000E+03	7.270011E-17	6.702603E-18
8.820000E+03	7.137869E-17	6.621978E-18
8.830000E+03	7.006333E-17	6.540259E-18
8.840000E+03	6.875921E-17	6.457950E-18
8.850000E+03	6.747105E-17	6.375522E-18
8.860000E+03	6.620298E-17	6.293405E-18
8.870000E+03	6.495867E-17	6.211989E-18
8.880000E+03	6.373843E-17	6.131353E-18
8.890000E+03	6.255049E-17	6.052340E-18
8.900000E+03	6.139412E-17	5.974942E-18
8.910000E+03	6.027101E-17	5.899383E-18
8.920000E+03	5.918236E-17	5.825844E-18
8.930000E+03	5.812904E-17	5.754475E-18
8.940000E+03	5.711155E-17	5.685389E-18
8.950000E+03	5.613008E-17	5.618673E-18
8.960000E+03	5.518454E-17	5.554383E-18
8.970000E+03	5.427464E-17	5.492552E-18
8.980000E+03	5.340233E-17	5.433445E-18
8.990000E+03	5.256201E-17	5.376555E-18
9.000000E+03	5.175536E-17	5.322111E-18
9.040000E+03	4.885134E-17	5.128505E-18
9.080000E+03	4.640787E-17	4.970301E-18
9.120000E+03	4.436025E-17	4.843594E-18
9.160000E+03	4.264634E-17	4.744144E-18
9.200000E+03	4.122039E-17	4.668988E-18
9.240000E+03	4.003989E-17	4.615114E-18
9.280000E+03	3.907528E-17	4.580641E-18
9.320000E+03	3.830240E-17	4.564053E-18
9.360000E+03	3.770317E-17	4.564353E-18
9.400000E+03	3.726558E-17	4.581114E-18
9.440000E+03	3.697670E-17	4.613678E-18
9.480000E+03	3.682157E-17	4.661006E-18
9.520000E+03	3.677996E-17	4.721251E-18
9.560000E+03	3.682830E-17	4.791963E-18
9.600000E+03	3.692507E-17	4.868147E-18
9.640000E+03	3.702810E-17	4.944422E-18
9.680000E+03	3.708990E-17	5.014400E-18
9.720000E+03	3.706869E-17	5.072162E-18
9.760000E+03	3.692930E-17	5.112445E-18
9.800000E+03	3.664654E-17	5.131174E-18
9.840000E+03	3.621369E-17	5.126752E-18
9.880000E+03	3.563584E-17	5.099255E-18
9.920000E+03	3.492166E-17	5.049335E-18
9.960000E+03	3.408830E-17	4.978949E-18
1.000000E+04	3.315609E-17	4.890649E-18
1.004000E+04	3.214642E-17	4.787279E-18
1.008000E+04	3.108287E-17	4.672141E-18
1.012000E+04	2.998478E-17	4.548034E-18
1.016000E+04	2.886679E-17	4.417156E-18
1.020000E+04	2.774381E-17	4.281816E-18
1.024000E+04	2.663069E-17	4.144401E-18
1.028000E+04	2.553489E-17	4.006211E-18
1.032000E+04	2.446663E-17	3.869014E-18
