#wls	flux	fluxerr
1.573796E+03	6.843426E-18	3.469668E-20
1.613141E+03	7.150601E-18	3.625408E-20
1.652486E+03	7.452620E-18	3.778534E-20
1.691831E+03	7.752542E-18	3.930596E-20
1.731176E+03	8.041046E-18	4.076870E-20
1.770521E+03	8.310147E-18	4.213306E-20
1.809866E+03	8.554246E-18	4.337066E-20
1.849211E+03	8.752927E-18	4.437798E-20
1.888556E+03	8.892881E-18	4.508756E-20
1.927900E+03	8.959497E-18	4.542531E-20
1.967245E+03	8.947467E-18	4.536432E-20
2.006590E+03	8.872798E-18	4.498574E-20
2.045935E+03	8.784014E-18	4.453560E-20
2.085280E+03	8.760280E-18	4.441526E-20
2.124625E+03	8.886708E-18	4.505626E-20
2.163970E+03	9.217010E-18	4.673091E-20
2.203315E+03	9.750193E-18	4.943419E-20
2.242660E+03	1.043644E-17	5.291350E-20
2.282005E+03	1.120270E-17	5.679853E-20
2.321350E+03	1.197836E-17	6.073114E-20
2.360694E+03	1.270895E-17	6.443531E-20
2.400039E+03	1.335501E-17	6.771089E-20
2.439384E+03	1.390294E-17	7.048893E-20
2.478729E+03	1.433918E-17	7.270068E-20
2.518074E+03	1.465704E-17	7.431225E-20
2.557419E+03	1.486578E-17	7.537058E-20
2.596764E+03	1.496318E-17	7.586441E-20
2.636109E+03	1.496068E-17	7.585173E-20
2.675454E+03	1.486787E-17	7.538118E-20
2.714799E+03	1.469914E-17	7.452570E-20
2.754144E+03	1.446285E-17	7.332767E-20
2.793488E+03	1.417152E-17	7.185064E-20
2.832833E+03	1.384394E-17	7.018979E-20
2.872178E+03	1.348921E-17	6.839126E-20
2.911523E+03	1.312225E-17	6.653074E-20
2.950868E+03	1.275730E-17	6.468040E-20
2.960704E+03	1.266824E-17	6.422890E-20
2.970541E+03	1.258191E-17	6.379120E-20
2.980377E+03	1.249345E-17	6.334268E-20
2.990213E+03	1.241063E-17	6.292277E-20
3.000049E+03	1.232659E-17	6.249669E-20
3.009885E+03	1.224921E-17	6.210436E-20
3.019722E+03	1.217127E-17	6.170921E-20
3.029558E+03	1.209762E-17	6.133582E-20
3.039394E+03	1.202836E-17	6.098465E-20
3.049230E+03	1.196372E-17	6.065692E-20
3.059067E+03	1.189953E-17	6.033149E-20
3.068903E+03	1.184265E-17	6.004307E-20
3.078739E+03	1.178860E-17	5.976905E-20
3.088575E+03	1.173972E-17	5.952119E-20
3.098411E+03	1.169608E-17	5.929997E-20
3.108248E+03	1.165569E-17	5.909519E-20
3.118084E+03	1.162300E-17	5.892942E-20
3.127920E+03	1.159393E-17	5.878203E-20
3.137756E+03	1.157084E-17	5.866496E-20
3.147593E+03	1.155192E-17	5.856904E-20
3.157429E+03	1.154159E-17	5.851667E-20
3.167265E+03	1.153809E-17	5.849895E-20
3.177101E+03	1.153977E-17	5.850747E-20
3.186937E+03	1.155106E-17	5.856472E-20
3.196774E+03	1.157037E-17	5.866259E-20
3.206610E+03	1.159817E-17	5.880354E-20
3.216446E+03	1.163498E-17	5.899019E-20
3.226282E+03	1.168335E-17	5.923541E-20
3.236119E+03	1.173996E-17	5.952243E-20
3.245955E+03	1.180941E-17	5.987456E-20
3.255791E+03	1.189244E-17	6.029549E-20
3.265627E+03	1.198594E-17	6.076958E-20
3.275464E+03	1.209664E-17	6.133081E-20
3.285300E+03	1.221963E-17	6.195438E-20
3.295136E+03	1.236178E-17	6.267510E-20
3.304972E+03	1.252029E-17	6.347874E-20
3.314808E+03	1.269631E-17	6.437118E-20
3.324645E+03	1.289502E-17	6.537864E-20
3.334481E+03	1.311377E-17	6.648776E-20
3.344317E+03	1.335589E-17	6.771531E-20
3.354153E+03	1.362272E-17	6.906817E-20
3.363990E+03	1.391766E-17	7.056351E-20
3.373826E+03	1.423786E-17	7.218698E-20
3.383662E+03	1.458646E-17	7.395438E-20
3.393498E+03	1.496641E-17	7.588074E-20
3.403334E+03	1.537611E-17	7.795795E-20
3.413171E+03	1.581553E-17	8.018585E-20
3.423007E+03	1.628621E-17	8.257221E-20
3.432843E+03	1.678429E-17	8.509755E-20
3.442679E+03	1.730946E-17	8.776019E-20
3.452516E+03	1.785580E-17	9.053014E-20
3.462352E+03	1.842175E-17	9.339959E-20
3.472188E+03	1.900831E-17	9.637348E-20
3.482024E+03	1.960931E-17	9.942058E-20
3.491861E+03	2.022615E-17	1.025480E-19
3.501697E+03	2.086082E-17	1.057658E-19
3.511533E+03	2.151615E-17	1.090884E-19
3.521369E+03	2.219805E-17	1.125457E-19
3.531205E+03	2.290827E-17	1.161466E-19
3.541042E+03	2.365193E-17	1.199169E-19
3.550878E+03	2.442601E-17	1.238416E-19
3.560714E+03	2.523226E-17	1.279293E-19
3.570550E+03	2.606655E-17	1.321592E-19
3.580387E+03	2.693344E-17	1.365544E-19
3.590223E+03	2.782594E-17	1.410795E-19
3.600059E+03	2.874603E-17	1.457444E-19
3.609895E+03	2.969607E-17	1.505612E-19
3.619731E+03	3.067237E-17	1.555111E-19
3.629568E+03	3.167454E-17	1.605921E-19
3.639404E+03	3.270557E-17	1.658196E-19
3.649240E+03	3.376100E-17	1.711706E-19
3.659076E+03	3.484288E-17	1.766559E-19
3.668913E+03	3.595028E-17	1.822705E-19
3.678749E+03	3.708238E-17	1.880103E-19
3.688585E+03	3.823868E-17	1.938728E-19
3.698421E+03	3.941505E-17	1.998371E-19
3.708258E+03	4.062091E-17	2.059509E-19
3.718094E+03	4.184411E-17	2.121526E-19
3.727930E+03	4.309495E-17	2.184944E-19
3.737766E+03	4.436306E-17	2.249238E-19
3.747602E+03	4.566123E-17	2.315056E-19
3.757439E+03	4.698816E-17	2.382333E-19
3.767275E+03	4.834469E-17	2.451110E-19
3.777111E+03	4.974371E-17	2.522041E-19
3.786947E+03	5.118586E-17	2.595159E-19
3.796784E+03	5.267738E-17	2.670780E-19
3.806620E+03	5.421519E-17	2.748748E-19
3.816456E+03	5.579969E-17	2.829083E-19
3.826292E+03	5.744048E-17	2.912272E-19
3.836128E+03	5.913494E-17	2.998183E-19
3.845965E+03	6.088019E-17	3.086668E-19
3.855801E+03	6.268624E-17	3.178236E-19
3.865637E+03	6.455499E-17	3.272983E-19
3.875473E+03	6.648397E-17	3.370784E-19
3.885310E+03	6.847528E-17	3.471745E-19
3.895146E+03	7.053961E-17	3.576408E-19
3.904982E+03	7.266854E-17	3.684346E-19
3.914818E+03	7.486097E-17	3.795504E-19
3.924655E+03	7.711282E-17	3.909674E-19
3.934491E+03	7.940830E-17	4.026056E-19
3.944327E+03	8.173471E-17	4.144007E-19
3.954163E+03	8.406738E-17	4.262275E-19
3.963999E+03	8.639084E-17	4.380076E-19
3.973836E+03	8.869065E-17	4.496678E-19
3.983672E+03	9.095626E-17	4.611546E-19
3.993508E+03	9.318478E-17	4.724533E-19
4.003344E+03	9.535885E-17	4.834760E-19
4.013181E+03	9.748424E-17	4.942519E-19
4.023017E+03	9.955672E-17	5.047595E-19
4.032853E+03	1.015520E-16	5.148756E-19
4.042689E+03	1.034365E-16	5.244300E-19
4.052525E+03	1.051870E-16	5.333052E-19
4.062362E+03	1.067760E-16	5.413619E-19
4.072198E+03	1.081808E-16	5.484840E-19
4.082034E+03	1.093704E-16	5.545156E-19
4.091870E+03	1.103623E-16	5.595448E-19
4.101707E+03	1.111530E-16	5.635537E-19
4.111543E+03	1.117701E-16	5.666820E-19
4.121379E+03	1.122301E-16	5.690143E-19
4.131215E+03	1.125795E-16	5.707858E-19
4.141051E+03	1.128501E-16	5.721576E-19
4.150888E+03	1.130907E-16	5.733780E-19
4.160724E+03	1.133486E-16	5.746851E-19
4.170560E+03	1.136800E-16	5.763655E-19
4.180396E+03	1.141262E-16	5.786275E-19
4.190233E+03	1.147301E-16	5.816893E-19
4.200069E+03	1.155348E-16	5.857697E-19
4.209905E+03	1.165648E-16	5.909919E-19
4.219741E+03	1.178491E-16	5.975031E-19
4.229578E+03	1.194051E-16	6.053923E-19
4.239414E+03	1.212378E-16	6.146840E-19
4.249250E+03	1.233542E-16	6.254142E-19
4.259086E+03	1.257379E-16	6.375000E-19
4.268922E+03	1.283483E-16	6.507349E-19
4.278759E+03	1.311418E-16	6.648981E-19
4.288595E+03	1.340550E-16	6.796681E-19
4.298431E+03	1.369937E-16	6.945674E-19
4.308267E+03	1.398675E-16	7.091379E-19
4.318104E+03	1.425723E-16	7.228516E-19
4.327940E+03	1.450552E-16	7.354399E-19
4.337776E+03	1.473420E-16	7.470344E-19
4.347612E+03	1.494758E-16	7.578524E-19
4.357448E+03	1.514891E-16	7.680603E-19
4.367285E+03	1.534121E-16	7.778100E-19
4.377121E+03	1.552971E-16	7.873671E-19
4.386957E+03	1.571785E-16	7.969060E-19
4.396793E+03	1.590903E-16	8.065989E-19
4.406630E+03	1.610738E-16	8.166553E-19
4.416466E+03	1.631745E-16	8.273059E-19
4.426302E+03	1.654279E-16	8.387309E-19
4.436138E+03	1.678891E-16	8.512094E-19
4.445975E+03	1.706426E-16	8.651698E-19
4.455811E+03	1.737915E-16	8.811350E-19
4.465647E+03	1.774367E-16	8.996166E-19
4.475483E+03	1.816934E-16	9.211984E-19
4.485319E+03	1.866769E-16	9.464649E-19
4.495156E+03	1.925033E-16	9.760050E-19
4.504992E+03	1.992294E-16	1.010107E-18
4.514828E+03	2.069042E-16	1.049019E-18
4.524664E+03	2.155350E-16	1.092777E-18
4.534501E+03	2.250295E-16	1.140915E-18
4.544337E+03	2.352327E-16	1.192646E-18
4.554173E+03	2.459365E-16	1.246915E-18
4.564009E+03	2.569052E-16	1.302527E-18
4.573845E+03	2.678492E-16	1.358014E-18
4.583682E+03	2.784194E-16	1.411605E-18
4.593518E+03	2.882892E-16	1.461646E-18
4.603354E+03	2.970986E-16	1.506310E-18
4.613190E+03	3.044626E-16	1.543647E-18
4.623027E+03	3.100736E-16	1.572095E-18
4.632863E+03	3.136484E-16	1.590219E-18
4.642699E+03	3.149328E-16	1.596731E-18
4.652535E+03	3.138387E-16	1.591184E-18
4.662372E+03	3.103378E-16	1.573434E-18
4.672208E+03	3.045140E-16	1.543907E-18
4.682044E+03	2.967124E-16	1.504352E-18
4.691880E+03	2.873540E-16	1.456905E-18
4.701716E+03	2.768804E-16	1.403803E-18
4.711553E+03	2.658462E-16	1.347859E-18
4.721389E+03	2.547683E-16	1.291693E-18
4.731225E+03	2.441113E-16	1.237661E-18
4.741061E+03	2.343131E-16	1.187984E-18
4.750898E+03	2.257485E-16	1.144560E-18
4.760734E+03	2.187007E-16	1.108828E-18
4.770570E+03	2.133018E-16	1.081455E-18
4.780406E+03	2.096449E-16	1.062914E-18
4.790242E+03	2.077771E-16	1.053444E-18
4.800079E+03	2.075763E-16	1.052426E-18
4.809915E+03	2.089011E-16	1.059143E-18
4.819751E+03	2.116024E-16	1.072839E-18
4.829587E+03	2.154612E-16	1.092403E-18
4.839424E+03	2.202519E-16	1.116692E-18
4.849260E+03	2.257692E-16	1.144665E-18
4.859096E+03	2.318041E-16	1.175263E-18
4.868932E+03	2.381749E-16	1.207563E-18
4.878769E+03	2.447296E-16	1.240796E-18
4.888605E+03	2.513000E-16	1.274108E-18
4.898441E+03	2.577381E-16	1.306750E-18
4.908277E+03	2.639392E-16	1.338190E-18
4.918113E+03	2.697929E-16	1.367869E-18
4.927950E+03	2.752240E-16	1.395405E-18
4.937786E+03	2.801863E-16	1.420564E-18
4.947622E+03	2.846679E-16	1.443286E-18
4.957458E+03	2.886416E-16	1.463433E-18
4.967295E+03	2.920758E-16	1.480844E-18
4.977131E+03	2.948957E-16	1.495141E-18
4.986967E+03	2.970025E-16	1.505823E-18
4.996803E+03	2.982872E-16	1.512336E-18
5.006639E+03	2.986769E-16	1.514312E-18
5.016476E+03	2.981393E-16	1.511587E-18
5.026312E+03	2.967245E-16	1.504414E-18
5.036148E+03	2.945730E-16	1.493505E-18
5.045984E+03	2.919025E-16	1.479966E-18
5.055821E+03	2.889980E-16	1.465240E-18
5.065657E+03	2.861815E-16	1.450960E-18
5.075493E+03	2.837748E-16	1.438758E-18
5.085329E+03	2.820625E-16	1.430076E-18
5.095165E+03	2.812610E-16	1.426013E-18
5.105002E+03	2.815124E-16	1.427287E-18
5.114838E+03	2.828694E-16	1.434167E-18
5.124674E+03	2.853008E-16	1.446494E-18
5.134510E+03	2.887050E-16	1.463754E-18
5.144347E+03	2.929290E-16	1.485170E-18
5.154183E+03	2.977995E-16	1.509864E-18
5.164019E+03	3.031336E-16	1.536908E-18
5.173855E+03	3.087763E-16	1.565517E-18
5.183692E+03	3.145937E-16	1.595011E-18
5.193528E+03	3.204945E-16	1.624929E-18
5.203364E+03	3.264217E-16	1.654981E-18
5.213200E+03	3.323390E-16	1.684982E-18
5.223036E+03	3.382245E-16	1.714821E-18
5.232873E+03	3.440713E-16	1.744465E-18
5.242709E+03	3.498834E-16	1.773933E-18
5.252545E+03	3.556565E-16	1.803203E-18
5.262381E+03	3.613802E-16	1.832223E-18
5.272218E+03	3.670210E-16	1.860822E-18
5.282054E+03	3.725249E-16	1.888727E-18
5.291890E+03	3.778009E-16	1.915477E-18
5.301726E+03	3.827258E-16	1.940446E-18
5.311562E+03	3.871657E-16	1.962956E-18
5.321399E+03	3.910117E-16	1.982456E-18
5.331235E+03	3.941909E-16	1.998575E-18
5.341071E+03	3.966729E-16	2.011159E-18
5.350907E+03	3.984904E-16	2.020374E-18
5.360744E+03	3.997181E-16	2.026598E-18
5.370580E+03	4.004829E-16	2.030476E-18
5.380416E+03	4.009583E-16	2.032886E-18
5.390252E+03	4.013776E-16	2.035012E-18
5.400089E+03	4.020360E-16	2.038350E-18
5.409925E+03	4.031448E-16	2.043972E-18
5.419761E+03	4.045001E-16	2.050843E-18
5.429597E+03	4.058839E-16	2.057859E-18
5.439433E+03	4.071376E-16	2.064215E-18
5.449270E+03	4.081525E-16	2.069361E-18
5.459106E+03	4.088103E-16	2.072696E-18
5.468942E+03	4.089797E-16	2.073555E-18
5.478778E+03	4.084989E-16	2.071117E-18
5.488615E+03	4.071719E-16	2.064390E-18
5.498451E+03	4.048066E-16	2.052397E-18
5.508287E+03	4.012462E-16	2.034346E-18
5.518123E+03	3.964045E-16	2.009798E-18
5.527959E+03	3.903151E-16	1.978924E-18
5.537796E+03	3.831345E-16	1.942518E-18
5.547632E+03	3.751491E-16	1.902032E-18
5.557468E+03	3.667452E-16	1.859423E-18
5.560419E+03	3.793662E-16	1.923413E-18
5.564009E+03	3.744998E-16	1.898740E-18
5.567599E+03	3.687092E-16	1.869381E-18
5.571190E+03	3.621153E-16	1.835949E-18
5.574780E+03	3.549588E-16	1.799666E-18
5.578370E+03	3.469425E-16	1.759022E-18
5.581960E+03	3.386644E-16	1.717052E-18
5.585551E+03	3.305125E-16	1.675721E-18
5.589141E+03	3.224273E-16	1.634729E-18
5.592731E+03	3.147066E-16	1.595584E-18
5.596321E+03	3.077662E-16	1.560395E-18
5.599911E+03	3.023479E-16	1.532925E-18
5.603502E+03	2.986870E-16	1.514364E-18
5.607091E+03	2.959728E-16	1.500602E-18
5.610681E+03	2.943638E-16	1.492444E-18
5.614271E+03	2.944184E-16	1.492722E-18
5.617862E+03	2.959588E-16	1.500531E-18
5.621452E+03	2.987542E-16	1.514704E-18
5.625042E+03	3.029708E-16	1.536082E-18
5.628632E+03	3.081861E-16	1.562525E-18
5.632222E+03	3.140139E-16	1.592072E-18
5.635813E+03	3.203054E-16	1.623970E-18
5.639403E+03	3.262628E-16	1.654175E-18
5.642993E+03	3.313854E-16	1.680147E-18
5.646583E+03	3.362350E-16	1.704734E-18
5.650174E+03	3.407825E-16	1.727791E-18
5.653764E+03	3.447048E-16	1.747677E-18
5.657354E+03	3.477680E-16	1.763208E-18
5.660944E+03	3.502090E-16	1.775583E-18
5.664535E+03	3.524109E-16	1.786747E-18
5.668125E+03	3.536991E-16	1.793278E-18
5.671715E+03	3.536355E-16	1.792956E-18
5.675305E+03	3.530144E-16	1.789807E-18
5.678895E+03	3.522473E-16	1.785918E-18
5.682486E+03	3.512757E-16	1.780992E-18
5.686075E+03	3.497493E-16	1.773253E-18
5.689665E+03	3.477569E-16	1.763151E-18
5.693255E+03	3.458837E-16	1.753654E-18
5.696846E+03	3.444216E-16	1.746241E-18
5.700436E+03	3.425821E-16	1.736915E-18
5.704026E+03	3.400745E-16	1.724201E-18
5.707616E+03	3.373663E-16	1.710470E-18
5.711206E+03	3.335845E-16	1.691296E-18
5.714797E+03	3.282658E-16	1.664330E-18
5.718387E+03	3.223148E-16	1.634158E-18
5.721977E+03	3.166045E-16	1.605206E-18
5.725567E+03	3.096825E-16	1.570111E-18
5.729158E+03	3.007099E-16	1.524620E-18
5.732748E+03	2.911118E-16	1.475957E-18
5.736338E+03	2.798345E-16	1.418780E-18
5.739928E+03	2.686219E-16	1.361931E-18
5.743518E+03	2.581337E-16	1.308756E-18
5.747109E+03	2.480534E-16	1.257647E-18
5.750699E+03	2.385358E-16	1.209393E-18
5.754289E+03	2.300769E-16	1.166506E-18
5.757879E+03	2.223974E-16	1.127570E-18
5.761470E+03	2.155187E-16	1.092695E-18
5.765059E+03	2.096153E-16	1.062764E-18
5.768649E+03	2.052639E-16	1.040702E-18
5.772239E+03	2.020730E-16	1.024524E-18
5.775829E+03	2.000491E-16	1.014262E-18
5.779420E+03	1.987154E-16	1.007501E-18
5.783010E+03	1.977890E-16	1.002804E-18
5.786600E+03	1.980847E-16	1.004303E-18
5.790190E+03	1.994480E-16	1.011215E-18
5.793781E+03	2.013549E-16	1.020883E-18
5.797371E+03	2.035496E-16	1.032010E-18
5.800961E+03	2.059053E-16	1.043954E-18
5.804551E+03	2.082645E-16	1.055915E-18
5.808141E+03	2.110190E-16	1.069881E-18
5.811732E+03	2.136450E-16	1.083195E-18
5.815322E+03	2.159456E-16	1.094859E-18
5.818912E+03	2.193720E-16	1.112231E-18
5.822502E+03	2.237910E-16	1.134635E-18
5.826093E+03	2.291522E-16	1.161817E-18
5.829683E+03	2.354683E-16	1.193840E-18
5.833273E+03	2.429314E-16	1.231679E-18
5.836863E+03	2.513119E-16	1.274168E-18
5.840453E+03	2.604061E-16	1.320277E-18
5.844043E+03	2.698519E-16	1.368167E-18
5.847634E+03	2.795947E-16	1.417564E-18
5.851223E+03	2.901852E-16	1.471259E-18
5.854813E+03	3.007223E-16	1.524683E-18
5.858404E+03	3.112203E-16	1.577908E-18
5.861994E+03	3.226435E-16	1.635824E-18
5.865584E+03	3.347070E-16	1.696988E-18
5.869174E+03	3.450028E-16	1.749188E-18
5.872764E+03	3.535901E-16	1.792726E-18
5.876355E+03	3.614624E-16	1.832639E-18
5.879945E+03	3.673484E-16	1.862481E-18
5.883535E+03	3.726078E-16	1.889147E-18
5.887125E+03	3.767052E-16	1.909921E-18
5.890716E+03	3.801788E-16	1.927533E-18
5.894306E+03	3.832554E-16	1.943131E-18
5.897896E+03	3.847794E-16	1.950858E-18
5.901486E+03	3.848375E-16	1.951153E-18
5.905076E+03	3.846157E-16	1.950028E-18
5.908667E+03	3.840578E-16	1.947199E-18
5.912257E+03	3.836429E-16	1.945096E-18
5.915847E+03	3.830895E-16	1.942290E-18
5.919437E+03	3.823132E-16	1.938354E-18
5.923028E+03	3.813147E-16	1.933291E-18
5.926618E+03	3.803468E-16	1.928384E-18
5.930207E+03	3.797747E-16	1.925484E-18
5.933797E+03	3.790364E-16	1.921740E-18
5.937387E+03	3.777113E-16	1.915022E-18
5.940978E+03	3.766976E-16	1.909882E-18
5.944568E+03	3.756023E-16	1.904329E-18
5.948158E+03	3.742015E-16	1.897227E-18
5.951748E+03	3.727476E-16	1.889856E-18
5.955339E+03	3.709607E-16	1.880796E-18
5.958929E+03	3.691210E-16	1.871468E-18
5.962519E+03	3.683752E-16	1.867687E-18
5.966109E+03	3.676874E-16	1.864200E-18
5.969700E+03	3.663871E-16	1.857608E-18
5.973290E+03	3.649776E-16	1.850462E-18
5.976880E+03	3.635430E-16	1.843188E-18
5.980470E+03	3.616087E-16	1.833381E-18
5.984060E+03	3.594263E-16	1.822316E-18
5.987651E+03	3.570241E-16	1.810136E-18
5.991241E+03	3.545973E-16	1.797832E-18
5.994831E+03	3.523967E-16	1.786675E-18
5.998421E+03	3.503385E-16	1.776240E-18
6.002012E+03	3.485060E-16	1.766949E-18
6.005602E+03	3.466761E-16	1.757672E-18
6.009191E+03	3.452941E-16	1.750664E-18
6.012782E+03	3.443037E-16	1.745643E-18
6.016371E+03	3.432319E-16	1.740209E-18
6.019962E+03	3.427179E-16	1.737603E-18
6.023552E+03	3.427889E-16	1.737963E-18
6.027142E+03	3.422778E-16	1.735372E-18
6.030732E+03	3.414351E-16	1.731099E-18
6.034323E+03	3.414543E-16	1.731197E-18
6.037913E+03	3.415578E-16	1.731722E-18
6.041503E+03	3.407472E-16	1.727611E-18
6.045093E+03	3.394945E-16	1.721260E-18
6.048683E+03	3.382714E-16	1.715059E-18
6.052274E+03	3.368284E-16	1.707743E-18
6.055864E+03	3.350550E-16	1.698752E-18
6.059454E+03	3.332005E-16	1.689349E-18
6.063044E+03	3.317356E-16	1.681922E-18
6.066635E+03	3.302447E-16	1.674363E-18
6.070225E+03	3.286449E-16	1.666252E-18
6.073815E+03	3.274617E-16	1.660253E-18
6.077405E+03	3.265562E-16	1.655662E-18
6.080995E+03	3.255967E-16	1.650798E-18
6.084586E+03	3.251909E-16	1.648740E-18
6.088175E+03	3.252001E-16	1.648787E-18
6.091766E+03	3.257620E-16	1.651636E-18
6.095355E+03	3.273175E-16	1.659522E-18
6.098946E+03	3.298934E-16	1.672582E-18
6.102536E+03	3.333231E-16	1.689971E-18
6.106126E+03	3.379091E-16	1.713222E-18
6.109716E+03	3.433747E-16	1.740933E-18
6.113306E+03	3.486444E-16	1.767651E-18
6.116897E+03	3.534702E-16	1.792118E-18
6.120487E+03	3.584036E-16	1.817130E-18
6.124077E+03	3.635817E-16	1.843384E-18
6.127667E+03	3.685367E-16	1.868506E-18
6.131258E+03	3.722505E-16	1.887336E-18
6.134848E+03	3.739266E-16	1.895833E-18
6.138438E+03	3.744740E-16	1.898609E-18
6.142028E+03	3.740312E-16	1.896363E-18
6.145618E+03	3.727914E-16	1.890078E-18
6.149209E+03	3.707553E-16	1.879755E-18
6.152799E+03	3.682532E-16	1.867069E-18
6.156389E+03	3.653951E-16	1.852578E-18
6.159979E+03	3.620442E-16	1.835589E-18
6.163570E+03	3.584477E-16	1.817354E-18
6.167160E+03	3.547980E-16	1.798850E-18
6.170750E+03	3.508207E-16	1.778685E-18
6.174339E+03	3.472562E-16	1.760613E-18
6.177929E+03	3.449538E-16	1.748939E-18
6.181520E+03	3.433643E-16	1.740880E-18
6.185110E+03	3.428154E-16	1.738097E-18
6.188700E+03	3.437170E-16	1.742668E-18
6.192290E+03	3.454378E-16	1.751393E-18
6.195881E+03	3.475666E-16	1.762186E-18
6.199471E+03	3.504859E-16	1.776987E-18
6.203061E+03	3.548508E-16	1.799118E-18
6.206651E+03	3.600585E-16	1.825521E-18
6.210241E+03	3.656434E-16	1.853837E-18
6.213832E+03	3.718509E-16	1.885309E-18
6.217422E+03	3.785979E-16	1.919517E-18
6.221012E+03	3.849832E-16	1.951891E-18
6.224602E+03	3.903794E-16	1.979250E-18
6.228193E+03	3.952508E-16	2.003948E-18
6.231783E+03	4.000070E-16	2.028063E-18
6.235373E+03	4.040756E-16	2.048691E-18
6.238963E+03	4.071578E-16	2.064318E-18
6.242553E+03	4.093093E-16	2.075226E-18
6.246144E+03	4.109668E-16	2.083630E-18
6.249734E+03	4.124846E-16	2.091325E-18
6.253323E+03	4.139175E-16	2.098590E-18
6.256914E+03	4.149392E-16	2.103770E-18
6.260504E+03	4.148983E-16	2.103563E-18
6.264094E+03	4.146111E-16	2.102106E-18
6.267684E+03	4.146208E-16	2.102156E-18
6.271274E+03	4.141947E-16	2.099995E-18
6.274865E+03	4.126822E-16	2.092327E-18
6.278455E+03	4.102475E-16	2.079983E-18
6.282045E+03	4.082201E-16	2.069704E-18
6.285635E+03	4.065996E-16	2.061487E-18
6.289225E+03	4.059539E-16	2.058214E-18
6.292816E+03	4.056053E-16	2.056446E-18
6.296406E+03	4.046607E-16	2.051657E-18
6.299996E+03	4.037700E-16	2.047141E-18
6.303586E+03	4.032575E-16	2.044543E-18
6.307177E+03	4.030687E-16	2.043586E-18
6.310767E+03	4.024742E-16	2.040572E-18
6.314357E+03	4.013397E-16	2.034820E-18
6.317947E+03	3.999088E-16	2.027565E-18
6.321537E+03	3.981281E-16	2.018537E-18
6.325128E+03	3.966449E-16	2.011017E-18
6.328718E+03	3.957014E-16	2.006233E-18
6.332307E+03	3.949200E-16	2.002271E-18
6.335898E+03	3.934661E-16	1.994900E-18
6.339488E+03	3.917174E-16	1.986034E-18
6.343078E+03	3.907498E-16	1.981128E-18
6.346668E+03	3.903204E-16	1.978951E-18
6.350258E+03	3.898376E-16	1.976503E-18
6.353848E+03	3.894893E-16	1.974737E-18
6.357439E+03	3.892219E-16	1.973382E-18
6.361029E+03	3.884452E-16	1.969444E-18
6.364619E+03	3.866505E-16	1.960344E-18
6.368209E+03	3.842949E-16	1.948401E-18
6.371800E+03	3.818882E-16	1.936199E-18
6.375390E+03	3.789218E-16	1.921160E-18
6.378980E+03	3.742996E-16	1.897724E-18
6.382570E+03	3.685052E-16	1.868346E-18
6.386160E+03	3.617008E-16	1.833848E-18
6.389751E+03	3.542619E-16	1.796132E-18
6.393341E+03	3.466703E-16	1.757642E-18
6.396931E+03	3.388460E-16	1.717972E-18
6.400521E+03	3.304425E-16	1.675366E-18
6.404112E+03	3.211939E-16	1.628475E-18
6.407702E+03	3.113413E-16	1.578521E-18
6.411292E+03	3.022711E-16	1.532535E-18
6.414882E+03	2.941953E-16	1.491590E-18
6.418472E+03	2.869528E-16	1.454870E-18
6.422062E+03	2.803561E-16	1.421424E-18
6.425652E+03	2.750959E-16	1.394755E-18
6.429242E+03	2.717818E-16	1.377952E-18
6.432832E+03	2.708896E-16	1.373429E-18
6.436423E+03	2.709550E-16	1.373760E-18
6.440013E+03	2.720565E-16	1.379345E-18
6.443603E+03	2.752543E-16	1.395558E-18
6.447193E+03	2.807579E-16	1.423462E-18
6.450783E+03	2.881402E-16	1.460890E-18
6.454374E+03	2.968420E-16	1.505009E-18
6.457964E+03	3.072859E-16	1.557961E-18
6.461554E+03	3.198139E-16	1.621478E-18
6.465144E+03	3.340794E-16	1.693805E-18
6.468735E+03	3.505302E-16	1.777212E-18
6.472325E+03	3.697192E-16	1.874501E-18
6.475915E+03	3.911673E-16	1.983245E-18
6.479505E+03	4.129957E-16	2.093917E-18
6.483095E+03	4.370270E-16	2.215757E-18
6.486686E+03	4.693849E-16	2.379813E-18
6.490276E+03	5.055727E-16	2.563288E-18
6.493866E+03	5.330006E-16	2.702349E-18
6.497456E+03	5.481189E-16	2.779000E-18
6.501046E+03	5.592730E-16	2.835552E-18
6.504636E+03	5.781693E-16	2.931357E-18
6.508226E+03	6.077761E-16	3.081466E-18
6.511816E+03	6.431573E-16	3.260851E-18
6.515406E+03	6.788311E-16	3.441720E-18
6.518997E+03	7.132191E-16	3.616069E-18
6.522587E+03	7.479013E-16	3.791911E-18
6.526177E+03	7.849551E-16	3.979776E-18
6.529767E+03	8.233015E-16	4.174195E-18
6.533358E+03	8.617304E-16	4.369032E-18
6.536948E+03	8.989288E-16	4.557630E-18
6.540538E+03	9.332441E-16	4.731611E-18
6.544128E+03	9.631307E-16	4.883138E-18
6.547718E+03	9.884877E-16	5.011700E-18
6.551309E+03	1.008692E-15	5.114137E-18
6.554899E+03	1.023799E-15	5.190732E-18
6.558489E+03	1.033213E-15	5.238462E-18
6.562079E+03	1.036362E-15	5.254424E-18
6.565670E+03	1.033643E-15	5.240640E-18
6.569260E+03	1.026112E-15	5.202457E-18
6.572850E+03	1.013980E-15	5.140950E-18
6.576440E+03	9.970174E-16	5.054946E-18
6.580030E+03	9.757238E-16	4.946986E-18
6.583621E+03	9.506272E-16	4.819745E-18
6.587210E+03	9.216507E-16	4.672832E-18
6.590800E+03	8.901044E-16	4.512890E-18
6.594390E+03	8.565141E-16	4.342585E-18
6.597981E+03	8.221613E-16	4.168414E-18
6.601571E+03	7.888489E-16	3.999518E-18
6.605161E+03	7.563406E-16	3.834698E-18
6.608751E+03	7.252625E-16	3.677130E-18
6.612342E+03	6.981461E-16	3.539648E-18
6.615932E+03	6.757979E-16	3.426341E-18
6.619522E+03	6.583972E-16	3.338119E-18
6.623112E+03	6.467494E-16	3.279064E-18
6.626702E+03	6.436691E-16	3.263446E-18
6.630293E+03	6.483944E-16	3.287404E-18
6.633883E+03	6.492611E-16	3.291798E-18
6.637473E+03	6.386824E-16	3.238163E-18
6.641063E+03	6.225574E-16	3.156409E-18
6.644654E+03	6.103001E-16	3.094263E-18
6.648244E+03	6.045149E-16	3.064931E-18
6.651834E+03	6.000903E-16	3.042498E-18
6.655424E+03	5.926219E-16	3.004634E-18
6.659013E+03	5.813034E-16	2.947248E-18
6.662605E+03	5.678818E-16	2.879199E-18
6.666194E+03	5.550403E-16	2.814092E-18
6.669784E+03	5.444974E-16	2.760639E-18
6.673374E+03	5.362259E-16	2.718702E-18
6.676965E+03	5.300164E-16	2.687219E-18
6.680555E+03	5.245667E-16	2.659589E-18
6.684145E+03	5.209694E-16	2.641351E-18
6.687735E+03	5.196405E-16	2.634613E-18
6.691325E+03	5.201107E-16	2.636996E-18
6.694916E+03	5.205839E-16	2.639396E-18
6.698506E+03	5.189006E-16	2.630861E-18
6.702096E+03	5.156856E-16	2.614561E-18
6.705686E+03	5.125002E-16	2.598411E-18
6.709277E+03	5.102289E-16	2.586895E-18
6.712867E+03	5.084293E-16	2.577771E-18
6.716457E+03	5.054885E-16	2.562861E-18
6.720047E+03	5.015627E-16	2.542957E-18
6.723637E+03	4.976403E-16	2.523070E-18
6.727228E+03	4.925248E-16	2.497134E-18
6.730818E+03	4.859564E-16	2.463832E-18
6.734408E+03	4.789491E-16	2.428304E-18
6.737998E+03	4.716589E-16	2.391343E-18
6.741589E+03	4.646060E-16	2.355584E-18
6.745178E+03	4.576079E-16	2.320103E-18
6.748768E+03	4.495725E-16	2.279363E-18
6.752358E+03	4.414358E-16	2.238109E-18
6.755948E+03	4.342118E-16	2.201483E-18
6.759539E+03	4.269643E-16	2.164738E-18
6.763129E+03	4.203953E-16	2.131433E-18
6.766719E+03	4.147128E-16	2.102622E-18
6.770309E+03	4.096306E-16	2.076855E-18
6.773900E+03	4.061372E-16	2.059143E-18
6.777490E+03	4.053253E-16	2.055027E-18
6.781080E+03	4.072212E-16	2.064639E-18
6.784670E+03	4.101604E-16	2.079541E-18
6.788260E+03	4.121139E-16	2.089446E-18
6.791851E+03	4.121447E-16	2.089602E-18
6.795441E+03	4.125424E-16	2.091618E-18
6.799031E+03	4.139574E-16	2.098792E-18
6.802621E+03	4.151671E-16	2.104925E-18
6.806212E+03	4.148959E-16	2.103551E-18
6.809802E+03	4.131954E-16	2.094929E-18
6.813392E+03	4.112627E-16	2.085130E-18
6.816982E+03	4.099048E-16	2.078245E-18
6.820572E+03	4.087053E-16	2.072164E-18
6.824162E+03	4.070652E-16	2.063848E-18
6.827753E+03	4.067816E-16	2.062410E-18
6.831342E+03	4.075944E-16	2.066531E-18
6.834932E+03	4.071592E-16	2.064325E-18
6.838523E+03	4.046938E-16	2.051825E-18
6.842113E+03	4.008224E-16	2.032197E-18
6.845703E+03	3.973693E-16	2.014690E-18
6.849293E+03	3.945952E-16	2.000625E-18
6.852883E+03	3.925787E-16	1.990401E-18
6.856474E+03	3.906419E-16	1.980581E-18
6.860064E+03	3.882632E-16	1.968521E-18
6.863654E+03	3.864076E-16	1.959113E-18
6.867244E+03	3.846317E-16	1.950109E-18
6.870835E+03	3.830401E-16	1.942039E-18
6.874425E+03	3.818937E-16	1.936227E-18
6.878015E+03	3.808274E-16	1.930821E-18
6.881605E+03	3.798149E-16	1.925687E-18
6.885195E+03	3.790654E-16	1.921887E-18
6.888786E+03	3.784220E-16	1.918626E-18
6.892376E+03	3.780942E-16	1.916963E-18
6.895966E+03	3.778727E-16	1.915840E-18
6.899556E+03	3.776009E-16	1.914462E-18
6.903146E+03	3.774094E-16	1.913491E-18
6.906737E+03	3.769059E-16	1.910939E-18
6.910326E+03	3.760377E-16	1.906537E-18
6.913916E+03	3.749617E-16	1.901081E-18
6.917507E+03	3.746987E-16	1.899748E-18
6.921097E+03	3.746995E-16	1.899752E-18
6.924687E+03	3.737328E-16	1.894851E-18
6.928277E+03	3.723219E-16	1.887697E-18
6.931867E+03	3.708333E-16	1.880150E-18
6.935458E+03	3.692410E-16	1.872077E-18
6.939048E+03	3.682527E-16	1.867066E-18
6.942638E+03	3.676854E-16	1.864190E-18
6.946228E+03	3.680382E-16	1.865979E-18
6.949819E+03	3.688919E-16	1.870307E-18
6.953409E+03	3.698530E-16	1.875180E-18
6.956999E+03	3.713156E-16	1.882595E-18
6.960589E+03	3.730174E-16	1.891224E-18
6.964179E+03	3.747484E-16	1.900000E-18
6.967770E+03	3.768505E-16	1.910658E-18
6.971360E+03	3.789294E-16	1.921198E-18
6.974950E+03	3.805377E-16	1.929352E-18
6.978540E+03	3.810958E-16	1.932182E-18
6.982131E+03	3.817349E-16	1.935422E-18
6.985721E+03	3.828504E-16	1.941078E-18
6.989310E+03	3.837046E-16	1.945409E-18
6.992900E+03	3.837702E-16	1.945741E-18
6.996490E+03	3.834944E-16	1.944343E-18
7.000081E+03	3.829033E-16	1.941346E-18
7.003671E+03	3.822077E-16	1.937819E-18
7.007261E+03	3.811433E-16	1.932422E-18
7.010851E+03	3.791813E-16	1.922475E-18
7.014442E+03	3.774833E-16	1.913866E-18
7.018032E+03	3.765787E-16	1.909280E-18
7.021622E+03	3.752250E-16	1.902416E-18
7.025212E+03	3.731834E-16	1.892065E-18
7.028802E+03	3.714592E-16	1.883323E-18
7.032393E+03	3.701585E-16	1.876729E-18
7.035983E+03	3.690963E-16	1.871344E-18
7.039573E+03	3.683790E-16	1.867707E-18
7.043163E+03	3.679540E-16	1.865552E-18
7.046754E+03	3.677685E-16	1.864611E-18
7.050344E+03	3.672123E-16	1.861791E-18
7.053934E+03	3.663645E-16	1.857493E-18
7.057524E+03	3.658891E-16	1.855083E-18
7.061114E+03	3.655736E-16	1.853483E-18
7.064705E+03	3.648333E-16	1.849730E-18
7.068294E+03	3.634283E-16	1.842606E-18
7.071885E+03	3.615174E-16	1.832918E-18
7.075474E+03	3.592061E-16	1.821199E-18
7.079065E+03	3.569203E-16	1.809610E-18
7.082655E+03	3.550861E-16	1.800311E-18
7.086245E+03	3.535975E-16	1.792763E-18
7.089835E+03	3.524549E-16	1.786971E-18
7.093425E+03	3.511519E-16	1.780364E-18
7.097016E+03	3.489138E-16	1.769017E-18
7.100606E+03	3.459530E-16	1.754005E-18
7.104196E+03	3.428296E-16	1.738170E-18
7.107786E+03	3.403187E-16	1.725439E-18
7.111377E+03	3.379395E-16	1.713376E-18
7.114967E+03	3.355050E-16	1.701033E-18
7.118557E+03	3.330952E-16	1.688816E-18
7.122147E+03	3.312997E-16	1.679712E-18
7.125737E+03	3.304138E-16	1.675220E-18
7.129328E+03	3.305193E-16	1.675755E-18
7.132918E+03	3.307325E-16	1.676836E-18
7.136508E+03	3.306508E-16	1.676422E-18
7.140098E+03	3.309183E-16	1.677778E-18
7.143689E+03	3.318577E-16	1.682541E-18
7.147278E+03	3.330130E-16	1.688398E-18
7.150869E+03	3.338468E-16	1.692626E-18
7.154459E+03	3.344392E-16	1.695630E-18
7.158048E+03	3.356242E-16	1.701638E-18
7.161639E+03	3.374027E-16	1.710654E-18
7.165229E+03	3.388055E-16	1.717767E-18
7.168819E+03	3.398321E-16	1.722972E-18
7.172409E+03	3.413447E-16	1.730641E-18
7.176000E+03	3.430475E-16	1.739274E-18
7.179590E+03	3.444004E-16	1.746134E-18
7.183180E+03	3.458353E-16	1.753409E-18
7.186770E+03	3.471899E-16	1.760276E-18
7.190360E+03	3.479776E-16	1.764270E-18
7.193951E+03	3.478998E-16	1.763876E-18
7.197541E+03	3.474967E-16	1.761832E-18
7.201131E+03	3.473090E-16	1.760880E-18
7.204721E+03	3.469578E-16	1.759100E-18
7.208312E+03	3.462261E-16	1.755390E-18
7.211902E+03	3.449505E-16	1.748923E-18
7.215492E+03	3.436728E-16	1.742444E-18
7.219082E+03	3.426913E-16	1.737468E-18
7.222673E+03	3.423323E-16	1.735648E-18
7.226263E+03	3.426780E-16	1.737401E-18
7.229853E+03	3.433487E-16	1.740801E-18
7.233443E+03	3.439644E-16	1.743923E-18
7.237032E+03	3.443618E-16	1.745938E-18
7.240623E+03	3.441050E-16	1.744636E-18
7.244213E+03	3.436288E-16	1.742221E-18
7.247803E+03	3.434502E-16	1.741316E-18
7.251393E+03	3.432425E-16	1.740263E-18
7.254984E+03	3.427876E-16	1.737957E-18
7.258574E+03	3.424396E-16	1.736192E-18
7.262164E+03	3.422259E-16	1.735109E-18
7.265754E+03	3.428560E-16	1.738303E-18
7.269344E+03	3.444128E-16	1.746196E-18
7.272935E+03	3.461326E-16	1.754916E-18
7.276525E+03	3.471685E-16	1.760168E-18
7.280115E+03	3.478203E-16	1.763472E-18
7.283705E+03	3.486068E-16	1.767460E-18
7.287296E+03	3.494735E-16	1.771855E-18
7.290886E+03	3.501742E-16	1.775407E-18
7.294476E+03	3.503527E-16	1.776312E-18
7.298066E+03	3.498713E-16	1.773871E-18
7.301656E+03	3.494963E-16	1.771970E-18
7.305247E+03	3.495018E-16	1.771998E-18
7.308837E+03	3.496411E-16	1.772704E-18
7.312426E+03	3.493936E-16	1.771450E-18
7.316016E+03	3.485669E-16	1.767258E-18
7.319607E+03	3.475717E-16	1.762212E-18
7.323197E+03	3.466274E-16	1.757425E-18
7.326787E+03	3.453497E-16	1.750947E-18
7.330377E+03	3.440128E-16	1.744168E-18
7.333967E+03	3.421222E-16	1.734583E-18
7.337558E+03	3.397050E-16	1.722327E-18
7.341148E+03	3.377498E-16	1.712415E-18
7.344738E+03	3.363669E-16	1.705403E-18
7.348328E+03	3.346770E-16	1.696835E-18
7.351919E+03	3.321574E-16	1.684061E-18
7.355509E+03	3.293303E-16	1.669727E-18
7.359099E+03	3.266902E-16	1.656342E-18
7.362689E+03	3.237973E-16	1.641675E-18
7.366279E+03	3.213118E-16	1.629073E-18
7.369870E+03	3.190136E-16	1.617421E-18
7.373460E+03	3.166000E-16	1.605184E-18
7.377050E+03	3.143739E-16	1.593897E-18
7.380640E+03	3.125002E-16	1.584397E-18
7.384231E+03	3.107038E-16	1.575289E-18
7.387821E+03	3.091774E-16	1.567551E-18
7.391411E+03	3.078935E-16	1.561041E-18
7.395000E+03	3.070721E-16	1.556877E-18
7.398591E+03	3.066312E-16	1.554641E-18
7.402181E+03	3.062402E-16	1.552659E-18
7.405771E+03	3.061747E-16	1.552326E-18
7.409361E+03	3.066550E-16	1.554762E-18
7.412951E+03	3.075709E-16	1.559406E-18
7.416542E+03	3.085373E-16	1.564305E-18
7.420132E+03	3.091964E-16	1.567647E-18
7.423722E+03	3.096035E-16	1.569711E-18
7.427312E+03	3.103088E-16	1.573287E-18
7.430902E+03	3.112024E-16	1.577817E-18
7.434493E+03	3.120917E-16	1.582326E-18
7.438083E+03	3.124544E-16	1.584165E-18
7.441673E+03	3.126206E-16	1.585008E-18
7.445263E+03	3.132504E-16	1.588201E-18
7.448854E+03	3.134091E-16	1.589005E-18
7.452444E+03	3.131795E-16	1.587841E-18
7.456034E+03	3.123146E-16	1.583456E-18
7.459624E+03	3.109799E-16	1.576690E-18
7.463214E+03	3.102467E-16	1.572972E-18
7.466805E+03	3.099772E-16	1.571606E-18
7.470395E+03	3.093755E-16	1.568555E-18
7.473984E+03	3.086888E-16	1.565073E-18
7.477575E+03	3.076705E-16	1.559910E-18
7.481165E+03	3.070063E-16	1.556543E-18
7.484755E+03	3.073815E-16	1.558445E-18
7.488345E+03	3.082471E-16	1.562834E-18
7.491935E+03	3.084794E-16	1.564012E-18
7.495526E+03	3.087639E-16	1.565454E-18
7.499116E+03	3.096206E-16	1.569798E-18
7.502706E+03	3.100364E-16	1.571906E-18
7.506296E+03	3.101487E-16	1.572475E-18
7.509886E+03	3.097390E-16	1.570398E-18
7.513477E+03	3.087533E-16	1.565400E-18
7.517067E+03	3.079574E-16	1.561365E-18
7.520657E+03	3.068869E-16	1.555938E-18
7.524247E+03	3.051598E-16	1.547181E-18
7.527838E+03	3.031317E-16	1.536898E-18
7.531428E+03	3.012398E-16	1.527306E-18
7.535018E+03	2.995659E-16	1.518820E-18
7.538608E+03	2.980006E-16	1.510884E-18
7.542198E+03	2.962170E-16	1.501840E-18
7.545789E+03	2.941063E-16	1.491139E-18
7.549379E+03	2.915056E-16	1.477953E-18
7.552969E+03	2.887151E-16	1.463805E-18
7.556559E+03	2.862248E-16	1.451179E-18
7.560149E+03	2.843610E-16	1.441730E-18
7.563739E+03	2.822800E-16	1.431179E-18
7.567329E+03	2.799550E-16	1.419391E-18
7.570919E+03	2.782013E-16	1.410500E-18
7.574509E+03	2.768282E-16	1.403538E-18
7.578100E+03	2.756452E-16	1.397540E-18
7.581690E+03	2.743537E-16	1.390992E-18
7.585280E+03	2.727914E-16	1.383071E-18
7.588870E+03	2.710669E-16	1.374328E-18
7.592461E+03	2.690099E-16	1.363899E-18
7.596051E+03	2.671246E-16	1.354340E-18
7.599641E+03	2.648883E-16	1.343002E-18
7.603231E+03	2.627374E-16	1.332096E-18
7.606821E+03	2.610960E-16	1.323775E-18
7.610412E+03	2.595014E-16	1.315690E-18
7.614002E+03	2.576701E-16	1.306405E-18
7.617592E+03	2.550839E-16	1.293293E-18
7.621182E+03	2.526480E-16	1.280943E-18
7.624773E+03	2.507238E-16	1.271187E-18
7.628363E+03	2.486311E-16	1.260577E-18
7.631953E+03	2.462543E-16	1.248526E-18
7.635543E+03	2.441056E-16	1.237632E-18
7.639132E+03	2.429763E-16	1.231907E-18
7.642724E+03	2.420979E-16	1.227453E-18
7.646313E+03	2.407682E-16	1.220711E-18
7.649903E+03	2.394879E-16	1.214220E-18
7.653493E+03	2.383805E-16	1.208605E-18
7.657084E+03	2.374726E-16	1.204003E-18
7.660674E+03	2.365118E-16	1.199131E-18
7.664264E+03	2.349587E-16	1.191257E-18
7.667854E+03	2.333963E-16	1.183335E-18
7.671444E+03	2.322641E-16	1.177595E-18
7.675035E+03	2.315078E-16	1.173760E-18
7.678625E+03	2.309851E-16	1.171110E-18
7.682215E+03	2.304147E-16	1.168218E-18
7.685805E+03	2.300747E-16	1.166495E-18
7.689396E+03	2.298874E-16	1.165545E-18
7.692986E+03	2.295613E-16	1.163891E-18
7.696576E+03	2.301087E-16	1.166667E-18
7.700166E+03	2.317794E-16	1.175137E-18
7.703756E+03	2.336645E-16	1.184695E-18
7.707347E+03	2.349344E-16	1.191134E-18
7.710937E+03	2.365442E-16	1.199295E-18
7.714527E+03	2.398415E-16	1.216013E-18
7.718116E+03	2.438358E-16	1.236264E-18
7.721708E+03	2.475707E-16	1.255200E-18
7.725297E+03	2.508577E-16	1.271866E-18
7.728887E+03	2.539476E-16	1.287532E-18
7.732477E+03	2.572472E-16	1.304261E-18
7.736067E+03	2.609181E-16	1.322872E-18
7.739658E+03	2.644156E-16	1.340605E-18
7.743248E+03	2.677852E-16	1.357689E-18
7.746838E+03	2.712073E-16	1.375040E-18
7.750428E+03	2.738841E-16	1.388611E-18
7.754019E+03	2.763201E-16	1.400962E-18
7.757609E+03	2.784626E-16	1.411824E-18
7.761199E+03	2.795974E-16	1.417578E-18
7.764789E+03	2.804934E-16	1.422121E-18
7.768379E+03	2.810715E-16	1.425052E-18
7.771970E+03	2.808563E-16	1.423961E-18
7.775560E+03	2.800606E-16	1.419926E-18
7.779150E+03	2.793716E-16	1.416433E-18
7.782740E+03	2.785253E-16	1.412142E-18
7.786331E+03	2.772052E-16	1.405450E-18
7.789921E+03	2.758605E-16	1.398632E-18
7.793511E+03	2.751764E-16	1.395163E-18
7.797101E+03	2.747303E-16	1.392902E-18
7.800691E+03	2.734689E-16	1.386506E-18
7.804281E+03	2.713932E-16	1.375982E-18
7.807871E+03	2.694514E-16	1.366137E-18
7.811461E+03	2.682743E-16	1.360169E-18
7.815051E+03	2.672040E-16	1.354743E-18
7.818642E+03	2.651368E-16	1.344262E-18
7.822232E+03	2.627307E-16	1.332063E-18
7.825822E+03	2.608101E-16	1.322325E-18
7.829412E+03	2.590991E-16	1.313650E-18
7.833003E+03	2.573454E-16	1.304759E-18
7.836593E+03	2.554890E-16	1.295347E-18
7.840183E+03	2.542006E-16	1.288814E-18
7.843773E+03	2.531234E-16	1.283353E-18
7.847363E+03	2.515529E-16	1.275391E-18
7.850954E+03	2.497070E-16	1.266031E-18
7.854544E+03	2.487341E-16	1.261099E-18
7.858134E+03	2.484395E-16	1.259605E-18
7.861724E+03	2.476624E-16	1.255665E-18
7.865315E+03	2.467950E-16	1.251267E-18
7.868905E+03	2.460046E-16	1.247260E-18
7.872495E+03	2.454634E-16	1.244516E-18
7.876085E+03	2.453196E-16	1.243787E-18
7.879675E+03	2.452702E-16	1.243537E-18
7.883265E+03	2.449609E-16	1.241969E-18
7.886856E+03	2.447331E-16	1.240814E-18
7.890445E+03	2.446337E-16	1.240310E-18
7.894035E+03	2.441731E-16	1.237974E-18
7.897626E+03	2.439294E-16	1.236739E-18
7.901216E+03	2.434004E-16	1.234057E-18
7.904806E+03	2.424642E-16	1.229310E-18
7.908396E+03	2.418126E-16	1.226006E-18
7.911986E+03	2.415283E-16	1.224565E-18
7.915577E+03	2.410450E-16	1.222114E-18
7.919167E+03	2.400928E-16	1.217287E-18
7.922757E+03	2.393079E-16	1.213308E-18
7.926347E+03	2.386203E-16	1.209821E-18
7.929938E+03	2.380892E-16	1.207129E-18
7.933528E+03	2.381863E-16	1.207621E-18
7.937118E+03	2.389135E-16	1.211308E-18
7.940708E+03	2.387782E-16	1.210622E-18
7.944298E+03	2.381105E-16	1.207237E-18
7.947889E+03	2.378605E-16	1.205969E-18
7.951479E+03	2.378026E-16	1.205676E-18
7.955069E+03	2.376058E-16	1.204678E-18
7.958659E+03	2.372547E-16	1.202897E-18
7.962250E+03	2.364961E-16	1.199052E-18
7.965840E+03	2.355141E-16	1.194072E-18
7.969429E+03	2.347191E-16	1.190042E-18
7.973019E+03	2.337705E-16	1.185233E-18
7.976609E+03	2.327820E-16	1.180221E-18
7.980200E+03	2.312324E-16	1.172364E-18
7.983790E+03	2.294241E-16	1.163196E-18
7.987380E+03	2.269708E-16	1.150757E-18
7.990970E+03	2.249526E-16	1.140525E-18
7.994561E+03	2.229286E-16	1.130263E-18
7.998151E+03	2.203092E-16	1.116983E-18
8.001741E+03	2.174837E-16	1.102657E-18
8.005331E+03	2.144240E-16	1.087144E-18
8.008921E+03	2.114619E-16	1.072127E-18
8.012512E+03	2.083918E-16	1.056561E-18
8.016102E+03	2.054168E-16	1.041478E-18
8.019692E+03	2.029120E-16	1.028778E-18
8.023282E+03	2.015728E-16	1.021988E-18
8.026873E+03	2.017656E-16	1.022965E-18
8.030463E+03	2.028803E-16	1.028617E-18
8.034053E+03	2.042284E-16	1.035452E-18
8.037643E+03	2.054069E-16	1.041427E-18
8.041233E+03	2.062928E-16	1.045919E-18
8.044824E+03	2.070326E-16	1.049669E-18
8.048413E+03	2.077801E-16	1.053459E-18
8.052003E+03	2.083893E-16	1.056548E-18
8.055593E+03	2.089577E-16	1.059430E-18
8.059184E+03	2.093701E-16	1.061521E-18
8.062774E+03	2.096701E-16	1.063042E-18
8.066364E+03	2.102034E-16	1.065746E-18
8.069954E+03	2.105016E-16	1.067257E-18
8.073544E+03	2.105417E-16	1.067461E-18
8.077135E+03	2.105670E-16	1.067589E-18
8.080725E+03	2.105264E-16	1.067383E-18
8.084315E+03	2.103150E-16	1.066312E-18
8.087905E+03	2.106691E-16	1.068107E-18
8.091496E+03	2.110439E-16	1.070007E-18
8.095086E+03	2.110971E-16	1.070277E-18
8.098676E+03	2.111127E-16	1.070356E-18
8.102266E+03	2.110445E-16	1.070010E-18
8.105856E+03	2.109820E-16	1.069693E-18
8.109447E+03	2.104380E-16	1.066935E-18
8.113037E+03	2.101140E-16	1.065292E-18
8.116627E+03	2.109126E-16	1.069341E-18
8.120217E+03	2.120147E-16	1.074929E-18
8.123808E+03	2.122171E-16	1.075955E-18
8.127398E+03	2.128379E-16	1.079103E-18
8.130988E+03	2.145618E-16	1.087843E-18
8.134577E+03	2.168533E-16	1.099461E-18
8.138168E+03	2.183550E-16	1.107075E-18
8.141758E+03	2.187772E-16	1.109215E-18
8.145348E+03	2.189656E-16	1.110171E-18
8.148938E+03	2.186939E-16	1.108793E-18
8.152528E+03	2.182729E-16	1.106658E-18
8.156119E+03	2.175091E-16	1.102786E-18
8.159709E+03	2.162479E-16	1.096392E-18
8.163299E+03	2.156817E-16	1.093521E-18
8.166889E+03	2.167861E-16	1.099120E-18
8.170480E+03	2.190924E-16	1.110813E-18
8.174070E+03	2.219011E-16	1.125054E-18
8.177660E+03	2.248819E-16	1.140167E-18
8.181250E+03	2.276461E-16	1.154181E-18
8.184840E+03	2.298944E-16	1.165580E-18
8.188431E+03	2.330027E-16	1.181340E-18
8.192021E+03	2.359961E-16	1.196516E-18
8.195611E+03	2.379358E-16	1.206351E-18
8.199201E+03	2.395177E-16	1.214371E-18
8.202792E+03	2.410970E-16	1.222378E-18
8.206382E+03	2.423389E-16	1.228675E-18
8.209971E+03	2.429825E-16	1.231938E-18
8.213561E+03	2.424655E-16	1.229317E-18
8.217151E+03	2.417110E-16	1.225491E-18
8.220742E+03	2.410840E-16	1.222312E-18
8.224332E+03	2.404223E-16	1.218957E-18
8.227922E+03	2.395967E-16	1.214772E-18
8.231512E+03	2.383464E-16	1.208433E-18
8.235103E+03	2.368287E-16	1.200738E-18
8.238693E+03	2.352943E-16	1.192958E-18
8.242283E+03	2.332015E-16	1.182348E-18
8.245873E+03	2.304975E-16	1.168638E-18
8.249463E+03	2.284122E-16	1.158066E-18
8.253054E+03	2.267254E-16	1.149513E-18
8.256644E+03	2.255278E-16	1.143441E-18
8.260234E+03	2.242273E-16	1.136848E-18
8.263824E+03	2.226824E-16	1.129015E-18
8.267415E+03	2.210601E-16	1.120790E-18
8.271005E+03	2.204398E-16	1.117645E-18
8.274595E+03	2.204419E-16	1.117656E-18
8.278185E+03	2.196913E-16	1.113850E-18
8.281775E+03	2.185448E-16	1.108037E-18
8.285366E+03	2.170376E-16	1.100396E-18
8.288956E+03	2.151954E-16	1.091056E-18
8.292546E+03	2.139376E-16	1.084678E-18
8.296135E+03	2.124305E-16	1.077037E-18
8.299726E+03	2.100202E-16	1.064817E-18
8.303316E+03	2.065532E-16	1.047239E-18
8.306906E+03	2.029864E-16	1.029155E-18
8.310496E+03	1.996634E-16	1.012307E-18
8.314086E+03	1.961321E-16	9.944032E-19
8.317677E+03	1.923876E-16	9.754184E-19
8.321267E+03	1.885258E-16	9.558388E-19
8.324857E+03	1.841582E-16	9.336946E-19
8.328447E+03	1.799207E-16	9.122103E-19
8.332038E+03	1.764336E-16	8.945304E-19
8.335628E+03	1.723525E-16	8.738390E-19
8.339218E+03	1.676902E-16	8.502007E-19
8.342808E+03	1.634150E-16	8.285253E-19
8.346398E+03	1.593856E-16	8.080958E-19
8.349989E+03	1.554986E-16	7.883885E-19
8.353579E+03	1.517336E-16	7.692998E-19
8.357169E+03	1.482545E-16	7.516608E-19
8.360759E+03	1.457341E-16	7.388819E-19
8.364350E+03	1.437510E-16	7.288276E-19
8.367940E+03	1.420609E-16	7.202588E-19
8.371529E+03	1.404017E-16	7.118460E-19
8.375120E+03	1.388235E-16	7.038448E-19
8.378710E+03	1.377069E-16	6.981832E-19
8.382300E+03	1.372077E-16	6.956523E-19
8.385890E+03	1.374290E-16	6.967743E-19
8.389480E+03	1.382548E-16	7.009611E-19
8.393070E+03	1.397378E-16	7.084801E-19
8.396661E+03	1.418728E-16	7.193048E-19
8.400251E+03	1.441058E-16	7.306265E-19
8.403841E+03	1.463387E-16	7.419475E-19
8.407431E+03	1.493642E-16	7.572869E-19
8.411021E+03	1.532225E-16	7.768487E-19
8.414612E+03	1.580618E-16	8.013844E-19
8.418202E+03	1.632026E-16	8.274484E-19
8.421792E+03	1.689994E-16	8.568387E-19
8.425382E+03	1.750925E-16	8.877311E-19
8.428973E+03	1.817057E-16	9.212605E-19
8.432563E+03	1.889596E-16	9.580383E-19
8.436153E+03	1.970579E-16	9.990970E-19
8.439743E+03	2.044585E-16	1.036619E-18
8.443333E+03	2.113631E-16	1.071625E-18
8.446924E+03	2.176106E-16	1.103301E-18
8.450514E+03	2.235055E-16	1.133188E-18
8.454103E+03	2.292691E-16	1.162410E-18
8.457693E+03	2.346427E-16	1.189655E-18
8.461284E+03	2.387111E-16	1.210282E-18
8.464874E+03	2.415700E-16	1.224776E-18
8.468464E+03	2.430312E-16	1.232185E-18
8.472054E+03	2.434469E-16	1.234293E-18
8.475645E+03	2.430811E-16	1.232438E-18
8.479235E+03	2.420622E-16	1.227272E-18
8.482825E+03	2.402973E-16	1.218324E-18
8.486415E+03	2.374773E-16	1.204026E-18
8.490005E+03	2.341126E-16	1.186967E-18
8.493596E+03	2.305903E-16	1.169109E-18
8.497186E+03	2.263424E-16	1.147571E-18
8.500776E+03	2.214067E-16	1.122547E-18
8.504366E+03	2.167632E-16	1.099005E-18
8.507957E+03	2.127786E-16	1.078802E-18
8.511547E+03	2.093977E-16	1.061661E-18
8.515137E+03	2.062107E-16	1.045502E-18
8.518727E+03	2.035442E-16	1.031983E-18
8.522317E+03	2.018780E-16	1.023535E-18
8.525908E+03	2.018925E-16	1.023609E-18
8.529498E+03	2.029673E-16	1.029058E-18
8.533088E+03	2.043010E-16	1.035820E-18
8.536678E+03	2.060868E-16	1.044874E-18
8.540268E+03	2.085809E-16	1.057520E-18
8.543858E+03	2.119994E-16	1.074852E-18
8.547448E+03	2.166534E-16	1.098448E-18
8.551038E+03	2.222843E-16	1.126997E-18
8.554628E+03	2.287687E-16	1.159873E-18
8.558219E+03	2.356172E-16	1.194596E-18
8.561809E+03	2.426488E-16	1.230246E-18
8.565399E+03	2.506897E-16	1.271014E-18
8.568989E+03	2.591999E-16	1.314161E-18
8.572580E+03	2.679058E-16	1.358301E-18
8.576170E+03	2.768625E-16	1.403712E-18
8.579760E+03	2.857438E-16	1.448741E-18
8.583350E+03	2.942232E-16	1.491732E-18
8.586940E+03	3.031294E-16	1.536887E-18
8.590531E+03	3.126128E-16	1.584969E-18
8.594121E+03	3.226485E-16	1.635850E-18
8.597711E+03	3.325836E-16	1.686222E-18
8.601301E+03	3.419915E-16	1.733921E-18
8.604892E+03	3.500689E-16	1.774873E-18
8.608482E+03	3.573932E-16	1.812008E-18
8.612072E+03	3.638641E-16	1.844816E-18
8.615661E+03	3.700590E-16	1.876225E-18
8.619252E+03	3.760282E-16	1.906489E-18
8.622843E+03	3.808930E-16	1.931154E-18
8.626432E+03	3.848292E-16	1.951110E-18
8.630022E+03	3.885147E-16	1.969796E-18
8.633612E+03	3.923008E-16	1.988992E-18
8.637203E+03	3.946313E-16	2.000808E-18
8.640793E+03	3.951800E-16	2.003590E-18
8.644383E+03	3.950512E-16	2.002937E-18
8.647973E+03	3.948977E-16	2.002159E-18
8.651563E+03	3.950205E-16	2.002781E-18
8.655154E+03	3.950433E-16	2.002897E-18
8.658744E+03	3.939871E-16	1.997542E-18
8.662334E+03	3.918519E-16	1.986716E-18
8.665924E+03	3.899178E-16	1.976910E-18
8.669515E+03	3.890632E-16	1.972577E-18
8.673105E+03	3.892631E-16	1.973591E-18
8.676695E+03	3.885597E-16	1.970025E-18
8.680285E+03	3.862252E-16	1.958188E-18
8.683875E+03	3.832383E-16	1.943045E-18
8.687466E+03	3.807035E-16	1.930193E-18
8.691056E+03	3.785956E-16	1.919506E-18
8.694646E+03	3.765129E-16	1.908947E-18
8.698235E+03	3.747318E-16	1.899916E-18
8.701826E+03	3.714198E-16	1.883124E-18
8.705416E+03	3.670790E-16	1.861116E-18
8.709006E+03	3.624873E-16	1.837836E-18
8.712596E+03	3.581719E-16	1.815956E-18
8.716186E+03	3.541580E-16	1.795605E-18
8.719777E+03	3.504955E-16	1.777036E-18
8.723367E+03	3.472347E-16	1.760504E-18
8.726957E+03	3.440495E-16	1.744355E-18
8.730547E+03	3.409146E-16	1.728461E-18
8.734138E+03	3.387337E-16	1.717403E-18
8.737728E+03	3.373562E-16	1.710419E-18
8.741318E+03	3.362297E-16	1.704708E-18
8.744908E+03	3.344509E-16	1.695689E-18
8.748498E+03	3.321701E-16	1.684125E-18
8.752089E+03	3.296635E-16	1.671417E-18
8.755679E+03	3.271570E-16	1.658709E-18
8.759269E+03	3.253034E-16	1.649311E-18
8.762859E+03	3.227468E-16	1.636349E-18
8.766450E+03	3.191362E-16	1.618042E-18
8.770040E+03	3.154251E-16	1.599227E-18
8.773630E+03	3.121659E-16	1.582703E-18
8.777220E+03	3.085052E-16	1.564142E-18
8.780811E+03	3.039155E-16	1.540873E-18
8.784400E+03	2.990999E-16	1.516457E-18
8.787990E+03	2.936567E-16	1.488860E-18
8.791580E+03	2.873599E-16	1.456934E-18
8.795170E+03	2.805608E-16	1.422463E-18
8.798761E+03	2.728076E-16	1.383153E-18
8.802351E+03	2.639997E-16	1.338497E-18
8.805941E+03	2.552418E-16	1.294094E-18
8.809531E+03	2.480655E-16	1.257709E-18
8.813122E+03	2.421244E-16	1.227587E-18
8.816712E+03	2.362961E-16	1.198038E-18
8.820302E+03	2.290139E-16	1.161116E-18
8.823892E+03	2.213398E-16	1.122208E-18
8.827482E+03	2.151117E-16	1.090631E-18
8.831073E+03	2.104479E-16	1.066985E-18
8.834663E+03	2.072078E-16	1.050558E-18
8.838253E+03	2.046055E-16	1.037364E-18
8.841843E+03	2.022442E-16	1.025392E-18
8.845434E+03	1.984740E-16	1.006277E-18
8.849024E+03	1.949473E-16	9.883964E-19
8.852614E+03	1.930906E-16	9.789826E-19
8.856204E+03	1.934691E-16	9.809018E-19
8.859794E+03	1.947894E-16	9.875958E-19
8.863385E+03	1.962581E-16	9.950420E-19
8.866975E+03	1.978675E-16	1.003202E-18
8.870564E+03	1.989370E-16	1.008624E-18
8.874154E+03	1.999739E-16	1.013882E-18
8.877745E+03	2.020107E-16	1.024208E-18
8.881335E+03	2.045826E-16	1.037248E-18
8.884925E+03	2.072150E-16	1.050594E-18
8.888515E+03	2.087699E-16	1.058478E-18
8.892105E+03	2.095989E-16	1.062681E-18
8.895696E+03	2.099859E-16	1.064643E-18
8.899286E+03	2.104935E-16	1.067217E-18
8.902876E+03	2.106973E-16	1.068250E-18
8.906466E+03	2.099338E-16	1.064379E-18
8.910057E+03	2.086352E-16	1.057795E-18
8.913647E+03	2.073618E-16	1.051339E-18
8.917237E+03	2.069475E-16	1.049238E-18
8.920827E+03	2.069277E-16	1.049138E-18
8.924417E+03	2.065964E-16	1.047458E-18
8.928008E+03	2.053807E-16	1.041294E-18
8.931598E+03	2.034186E-16	1.031346E-18
8.935188E+03	2.015343E-16	1.021793E-18
8.938778E+03	2.000646E-16	1.014342E-18
8.942368E+03	1.987747E-16	1.007802E-18
8.945958E+03	1.973911E-16	1.000787E-18
8.949548E+03	1.961833E-16	9.946631E-19
8.953138E+03	1.953726E-16	9.905527E-19
8.956728E+03	1.944614E-16	9.859327E-19
8.960319E+03	1.926629E-16	9.768142E-19
8.963909E+03	1.901455E-16	9.640507E-19
8.967499E+03	1.876580E-16	9.514393E-19
8.971089E+03	1.856809E-16	9.414149E-19
8.974680E+03	1.838267E-16	9.320142E-19
8.978270E+03	1.815301E-16	9.203701E-19
8.981860E+03	1.782277E-16	9.036270E-19
8.985450E+03	1.741458E-16	8.829312E-19
8.989040E+03	1.700712E-16	8.622727E-19
8.992631E+03	1.674471E-16	8.489683E-19
8.996221E+03	1.660247E-16	8.417568E-19
8.999811E+03	1.650373E-16	8.367504E-19
9.003401E+03	1.638008E-16	8.304813E-19
9.006992E+03	1.626749E-16	8.247732E-19
9.010582E+03	1.621224E-16	8.219718E-19
9.014172E+03	1.621860E-16	8.222942E-19
9.017762E+03	1.629965E-16	8.264037E-19
9.021352E+03	1.642297E-16	8.326558E-19
9.024943E+03	1.661847E-16	8.425681E-19
9.028533E+03	1.688442E-16	8.560519E-19
9.032122E+03	1.715291E-16	8.696643E-19
9.035712E+03	1.744204E-16	8.843236E-19
9.039303E+03	1.774050E-16	8.994557E-19
9.042893E+03	1.799422E-16	9.123195E-19
9.046483E+03	1.815588E-16	9.205158E-19
9.050073E+03	1.833265E-16	9.294781E-19
9.053664E+03	1.855624E-16	9.408141E-19
9.057254E+03	1.880424E-16	9.533881E-19
9.060844E+03	1.911014E-16	9.688972E-19
9.064434E+03	1.939618E-16	9.833996E-19
9.068024E+03	1.960475E-16	9.939743E-19
9.071615E+03	1.973231E-16	1.000442E-18
9.075205E+03	1.981258E-16	1.004512E-18
9.078795E+03	1.980427E-16	1.004090E-18
9.082385E+03	1.970236E-16	9.989232E-19
9.085976E+03	1.960144E-16	9.938068E-19
9.089566E+03	1.956193E-16	9.918035E-19
9.093156E+03	1.958097E-16	9.927686E-19
9.096746E+03	1.954955E-16	9.911758E-19
9.100336E+03	1.934773E-16	9.809436E-19
9.103927E+03	1.900669E-16	9.636524E-19
9.107516E+03	1.854882E-16	9.404382E-19
9.111107E+03	1.802596E-16	9.139289E-19
9.114696E+03	1.753278E-16	8.889239E-19
9.118287E+03	1.708184E-16	8.660612E-19
9.121877E+03	1.660545E-16	8.419079E-19
9.125467E+03	1.608671E-16	8.156076E-19
9.129057E+03	1.551783E-16	7.867645E-19
9.132647E+03	1.495745E-16	7.583534E-19
9.136238E+03	1.446126E-16	7.331957E-19
9.139828E+03	1.392069E-16	7.057889E-19
9.143418E+03	1.330226E-16	6.744338E-19
9.147008E+03	1.272937E-16	6.453879E-19
9.150599E+03	1.221964E-16	6.195444E-19
9.154189E+03	1.170307E-16	5.933539E-19
9.157779E+03	1.115095E-16	5.653607E-19
9.161369E+03	1.061690E-16	5.382843E-19
9.164959E+03	1.015058E-16	5.146414E-19
9.168550E+03	9.721000E-17	4.928615E-19
9.172140E+03	9.356636E-17	4.743880E-19
9.175730E+03	9.121234E-17	4.624529E-19
9.179320E+03	8.977026E-17	4.551415E-19
9.182911E+03	8.881681E-17	4.503074E-19
9.186501E+03	8.797922E-17	4.460608E-19
9.190090E+03	8.758008E-17	4.440371E-19
9.193680E+03	8.836523E-17	4.480179E-19
9.197270E+03	8.962182E-17	4.543889E-19
9.200861E+03	9.153632E-17	4.640955E-19
9.204451E+03	9.509173E-17	4.821217E-19
9.208041E+03	9.987752E-17	5.063860E-19
9.211631E+03	1.040437E-16	5.275087E-19
9.215222E+03	1.068642E-16	5.418087E-19
9.218812E+03	1.089665E-16	5.524679E-19
9.222402E+03	1.096699E-16	5.560342E-19
9.225992E+03	1.102045E-16	5.587443E-19
9.229582E+03	1.119038E-16	5.673602E-19
9.233173E+03	1.151061E-16	5.835961E-19
9.236763E+03	1.187399E-16	6.020197E-19
9.240353E+03	1.206064E-16	6.114829E-19
9.243943E+03	1.208012E-16	6.124706E-19
9.247534E+03	1.203883E-16	6.103770E-19
9.251124E+03	1.190246E-16	6.034629E-19
9.254714E+03	1.169420E-16	5.929039E-19
9.258304E+03	1.154796E-16	5.854899E-19
9.261894E+03	1.142795E-16	5.794050E-19
9.265485E+03	1.120500E-16	5.681014E-19
9.269075E+03	1.089249E-16	5.522569E-19
9.272665E+03	1.057970E-16	5.363984E-19
9.276254E+03	1.032920E-16	5.236974E-19
9.279845E+03	1.015006E-16	5.146150E-19
9.283435E+03	9.949712E-17	5.044574E-19
9.287025E+03	9.719575E-17	4.927892E-19
9.290615E+03	9.577982E-17	4.856104E-19
9.294205E+03	9.506278E-17	4.819750E-19
9.297796E+03	9.416140E-17	4.774049E-19
9.301386E+03	9.276535E-17	4.703268E-19
9.304976E+03	9.140699E-17	4.634398E-19
9.308566E+03	9.012424E-17	4.569362E-19
9.312157E+03	8.829622E-17	4.476680E-19
9.315747E+03	8.691220E-17	4.406509E-19
9.319337E+03	8.633839E-17	4.377417E-19
9.322927E+03	8.575944E-17	4.348064E-19
9.326517E+03	8.506684E-17	4.312948E-19
9.330108E+03	8.432870E-17	4.275524E-19
9.333698E+03	8.378745E-17	4.248082E-19
9.337288E+03	8.365016E-17	4.241121E-19
9.340878E+03	8.385370E-17	4.251441E-19
9.344469E+03	8.483752E-17	4.301322E-19
9.348059E+03	8.709160E-17	4.415605E-19
9.351648E+03	8.928526E-17	4.526825E-19
9.355239E+03	9.010284E-17	4.568277E-19
9.358829E+03	9.076885E-17	4.602044E-19
9.362419E+03	9.181639E-17	4.655155E-19
9.366009E+03	9.228061E-17	4.678691E-19
9.369599E+03	9.262104E-17	4.695952E-19
9.373189E+03	9.267103E-17	4.698486E-19
9.376780E+03	9.326664E-17	4.728684E-19
9.380370E+03	9.406192E-17	4.769005E-19
9.383960E+03	9.359157E-17	4.745158E-19
9.387550E+03	9.309584E-17	4.720024E-19
9.391141E+03	9.265570E-17	4.697709E-19
9.394731E+03	9.205130E-17	4.667065E-19
9.398321E+03	9.156297E-17	4.642307E-19
9.401911E+03	9.119344E-17	4.623571E-19
9.405501E+03	9.010617E-17	4.568446E-19
9.409092E+03	8.840970E-17	4.482434E-19
9.412682E+03	8.697589E-17	4.409738E-19
9.416272E+03	8.671729E-17	4.396627E-19
9.419862E+03	8.700711E-17	4.411321E-19
9.423453E+03	8.727426E-17	4.424866E-19
9.427043E+03	8.702321E-17	4.412138E-19
9.430633E+03	8.630697E-17	4.375824E-19
9.434222E+03	8.593192E-17	4.356809E-19
9.437812E+03	8.607008E-17	4.363814E-19
9.441403E+03	8.656476E-17	4.388894E-19
9.444993E+03	8.654373E-17	4.387828E-19
9.448583E+03	8.600170E-17	4.360346E-19
9.452173E+03	8.565443E-17	4.342739E-19
9.455764E+03	8.562062E-17	4.341026E-19
9.459354E+03	8.590550E-17	4.355469E-19
9.462944E+03	8.614996E-17	4.367863E-19
9.466534E+03	8.518285E-17	4.318830E-19
9.470124E+03	8.374527E-17	4.245944E-19
9.473715E+03	8.330412E-17	4.223577E-19
9.477305E+03	8.384445E-17	4.250972E-19
9.480895E+03	8.507030E-17	4.313124E-19
9.484485E+03	8.702749E-17	4.412355E-19
9.488076E+03	8.865596E-17	4.494919E-19
9.491666E+03	9.055023E-17	4.590960E-19
9.495256E+03	9.130603E-17	4.629280E-19
9.498846E+03	9.117128E-17	4.622448E-19
9.502436E+03	9.160583E-17	4.644480E-19
9.506027E+03	9.247065E-17	4.688327E-19
9.509617E+03	9.316344E-17	4.723452E-19
9.513207E+03	9.402839E-17	4.767305E-19
9.516797E+03	9.518194E-17	4.825791E-19
9.520387E+03	9.686716E-17	4.911233E-19
9.523977E+03	9.833731E-17	4.985771E-19
9.527567E+03	9.901034E-17	5.019894E-19
9.531157E+03	9.932890E-17	5.036045E-19
9.534747E+03	9.931845E-17	5.035515E-19
9.538338E+03	9.869281E-17	5.003794E-19
9.541928E+03	9.759113E-17	4.947939E-19
9.545518E+03	9.582338E-17	4.858313E-19
9.549108E+03	9.351113E-17	4.741080E-19
9.552699E+03	9.141635E-17	4.634873E-19
9.556289E+03	9.014186E-17	4.570256E-19
9.559879E+03	8.917371E-17	4.521170E-19
9.563469E+03	8.641493E-17	4.381298E-19
9.567059E+03	8.322282E-17	4.219455E-19
9.570650E+03	8.011900E-17	4.062089E-19
9.574240E+03	7.732395E-17	3.920378E-19
9.577830E+03	7.508587E-17	3.806906E-19
9.581420E+03	7.361005E-17	3.732081E-19
9.585011E+03	7.306883E-17	3.704641E-19
9.588601E+03	7.290504E-17	3.696337E-19
9.592191E+03	7.304272E-17	3.703317E-19
9.595780E+03	7.397849E-17	3.750761E-19
9.599371E+03	7.537798E-17	3.821716E-19
9.602961E+03	7.648117E-17	3.877649E-19
9.606551E+03	7.711318E-17	3.909692E-19
9.610141E+03	7.717248E-17	3.912699E-19
9.613731E+03	7.798697E-17	3.953994E-19
9.617322E+03	7.975447E-17	4.043608E-19
9.620912E+03	8.176794E-17	4.145692E-19
9.624502E+03	8.405532E-17	4.261664E-19
9.628092E+03	8.666228E-17	4.393838E-19
9.631682E+03	8.875487E-17	4.499934E-19
9.635273E+03	9.059171E-17	4.593063E-19
9.638863E+03	9.124985E-17	4.626432E-19
9.642453E+03	9.138075E-17	4.633068E-19
9.678847E+03	7.777646E-17	3.943321E-19
9.718192E+03	7.580129E-17	3.843179E-19
9.757537E+03	7.391501E-17	3.747543E-19
9.796882E+03	7.210266E-17	3.655656E-19
9.836227E+03	7.035293E-17	3.566943E-19
9.875572E+03	6.865485E-17	3.480849E-19
9.914917E+03	6.700701E-17	3.397303E-19
9.954262E+03	6.539794E-17	3.315722E-19
9.993606E+03	6.382740E-17	3.236095E-19
1.003295E+04	6.229169E-17	3.158233E-19
1.007230E+04	6.078566E-17	3.081876E-19
1.011164E+04	5.931011E-17	3.007064E-19
1.015099E+04	5.786411E-17	2.933751E-19
