#wls	flux	fluxerr
1.600000E+03	1.002807E-17	3.622281E-19
1.640000E+03	1.016019E-17	3.665083E-19
1.680000E+03	1.030145E-17	3.710944E-19
1.720000E+03	1.045604E-17	3.761359E-19
1.760000E+03	1.062293E-17	3.815928E-19
1.800000E+03	1.080104E-17	3.874237E-19
1.840000E+03	1.099485E-17	3.937873E-19
1.880000E+03	1.120535E-17	4.007154E-19
1.920000E+03	1.143168E-17	4.081738E-19
1.960000E+03	1.167488E-17	4.161963E-19
2.000000E+03	1.194003E-17	4.249605E-19
2.040000E+03	1.222655E-17	4.344406E-19
2.080000E+03	1.253588E-17	4.446832E-19
2.120000E+03	1.286956E-17	4.557377E-19
2.160000E+03	1.323348E-17	4.678072E-19
2.200000E+03	1.362536E-17	4.808044E-19
2.240000E+03	1.404933E-17	4.948683E-19
2.280000E+03	1.450984E-17	5.101482E-19
2.320000E+03	1.500709E-17	5.266424E-19
2.360000E+03	1.554831E-17	5.445961E-19
2.400000E+03	1.613169E-17	5.639359E-19
2.440000E+03	1.676752E-17	5.850103E-19
2.480000E+03	1.745433E-17	6.077560E-19
2.520000E+03	1.820073E-17	6.324604E-19
2.560000E+03	1.901080E-17	6.592498E-19
2.600000E+03	1.988881E-17	6.882578E-19
2.640000E+03	2.084217E-17	7.197232E-19
2.680000E+03	2.187307E-17	7.537036E-19
2.720000E+03	2.299577E-17	7.906697E-19
2.760000E+03	2.421361E-17	8.307148E-19
2.800000E+03	2.553659E-17	8.741578E-19
2.840000E+03	2.697251E-17	9.212396E-19
2.880000E+03	2.853356E-17	9.723480E-19
2.920000E+03	3.023357E-17	1.027923E-18
2.960000E+03	3.208837E-17	1.088470E-18
3.000000E+03	3.411616E-17	1.154565E-18
3.010000E+03	3.465037E-17	1.171959E-18
3.020000E+03	3.519716E-17	1.189757E-18
3.030000E+03	3.575685E-17	1.207968E-18
3.040000E+03	3.632976E-17	1.226602E-18
3.050000E+03	3.691619E-17	1.245670E-18
3.060000E+03	3.751650E-17	1.265182E-18
3.070000E+03	3.813102E-17	1.285148E-18
3.080000E+03	3.876009E-17	1.305579E-18
3.090000E+03	3.940407E-17	1.326487E-18
3.100000E+03	4.006331E-17	1.347882E-18
3.110000E+03	4.073819E-17	1.369777E-18
3.120000E+03	4.142907E-17	1.392181E-18
3.130000E+03	4.213632E-17	1.415108E-18
3.140000E+03	4.286031E-17	1.438569E-18
3.150000E+03	4.360143E-17	1.462575E-18
3.160000E+03	4.436004E-17	1.487137E-18
3.170000E+03	4.514104E-17	1.512420E-18
3.180000E+03	4.593578E-17	1.538131E-18
3.190000E+03	4.675371E-17	1.564587E-18
3.200000E+03	4.759066E-17	1.591647E-18
3.210000E+03	4.844697E-17	1.619320E-18
3.220000E+03	4.932770E-17	1.647776E-18
3.230000E+03	5.022372E-17	1.676707E-18
3.240000E+03	5.114484E-17	1.706440E-18
3.250000E+03	5.208658E-17	1.736825E-18
3.260000E+03	5.305411E-17	1.768033E-18
3.270000E+03	5.403780E-17	1.799741E-18
3.280000E+03	5.504776E-17	1.832285E-18
3.290000E+03	5.608430E-17	1.865674E-18
3.300000E+03	5.713732E-17	1.899571E-18
3.310000E+03	5.821717E-17	1.934319E-18
3.320000E+03	5.932400E-17	1.969922E-18
3.330000E+03	6.045261E-17	2.006205E-18
3.340000E+03	6.160291E-17	2.043165E-18
3.350000E+03	6.277475E-17	2.080795E-18
3.360000E+03	6.397890E-17	2.119451E-18
3.370000E+03	6.519879E-17	2.158583E-18
3.380000E+03	6.644515E-17	2.198545E-18
3.390000E+03	6.771775E-17	2.239329E-18
3.400000E+03	6.901057E-17	2.280733E-18
3.410000E+03	7.032889E-17	2.322932E-18
3.420000E+03	7.166645E-17	2.365718E-18
3.430000E+03	7.302850E-17	2.409263E-18
3.440000E+03	7.441449E-17	2.453548E-18
3.450000E+03	7.581778E-17	2.498353E-18
3.460000E+03	7.723751E-17	2.543649E-18
3.470000E+03	7.868506E-17	2.589810E-18
3.480000E+03	8.014738E-17	2.636406E-18
3.490000E+03	8.162968E-17	2.683608E-18
3.500000E+03	8.312472E-17	2.731176E-18
3.510000E+03	8.463770E-17	2.779281E-18
3.520000E+03	8.616757E-17	2.827889E-18
3.530000E+03	8.771322E-17	2.876963E-18
3.540000E+03	8.927350E-17	2.926463E-18
3.550000E+03	9.084059E-17	2.976135E-18
3.560000E+03	9.241976E-17	3.026150E-18
3.570000E+03	9.400966E-17	3.076465E-18
3.580000E+03	9.560898E-17	3.127036E-18
3.590000E+03	9.720954E-17	3.177596E-18
3.600000E+03	9.882346E-17	3.228542E-18
3.610000E+03	1.004357E-16	3.279383E-18
3.620000E+03	1.020584E-16	3.330514E-18
3.630000E+03	1.036762E-16	3.381439E-18
3.640000E+03	1.052946E-16	3.432333E-18
3.650000E+03	1.069119E-16	3.483143E-18
3.660000E+03	1.085266E-16	3.533820E-18
3.670000E+03	1.101371E-16	3.584314E-18
3.680000E+03	1.117415E-16	3.634566E-18
3.690000E+03	1.133383E-16	3.684525E-18
3.700000E+03	1.149258E-16	3.734142E-18
3.710000E+03	1.165022E-16	3.783354E-18
3.720000E+03	1.180658E-16	3.832111E-18
3.730000E+03	1.196223E-16	3.880594E-18
3.740000E+03	1.211550E-16	3.928271E-18
3.750000E+03	1.226696E-16	3.975324E-18
3.760000E+03	1.241643E-16	4.021696E-18
3.770000E+03	1.256371E-16	4.067329E-18
3.780000E+03	1.270864E-16	4.112165E-18
3.790000E+03	1.285102E-16	4.156151E-18
3.800000E+03	1.299142E-16	4.199466E-18
3.810000E+03	1.312819E-16	4.241582E-18
3.820000E+03	1.326188E-16	4.282679E-18
3.830000E+03	1.339306E-16	4.322943E-18
3.840000E+03	1.352009E-16	4.361847E-18
3.850000E+03	1.364428E-16	4.399817E-18
3.860000E+03	1.376400E-16	4.436330E-18
3.870000E+03	1.388057E-16	4.471814E-18
3.880000E+03	1.399241E-16	4.505764E-18
3.890000E+03	1.410011E-16	4.538370E-18
3.900000E+03	1.420429E-16	4.569835E-18
3.910000E+03	1.430340E-16	4.599667E-18
3.920000E+03	1.439808E-16	4.628072E-18
3.930000E+03	1.448899E-16	4.655262E-18
3.940000E+03	1.457465E-16	4.680769E-18
3.950000E+03	1.465574E-16	4.704811E-18
3.960000E+03	1.473225E-16	4.727393E-18
3.970000E+03	1.480351E-16	4.748295E-18
3.980000E+03	1.487094E-16	4.767984E-18
3.990000E+03	1.493321E-16	4.786029E-18
4.000000E+03	1.499110E-16	4.802686E-18
4.010000E+03	1.504402E-16	4.817768E-18
4.020000E+03	1.509348E-16	4.831760E-18
4.030000E+03	1.513824E-16	4.844271E-18
4.040000E+03	1.517851E-16	4.855366E-18
4.050000E+03	1.521515E-16	4.865324E-18
4.060000E+03	1.524837E-16	4.874216E-18
4.070000E+03	1.527773E-16	4.881903E-18
4.080000E+03	1.530416E-16	4.888684E-18
4.090000E+03	1.532728E-16	4.894437E-18
4.100000E+03	1.534737E-16	4.899256E-18
4.110000E+03	1.536475E-16	4.903244E-18
4.120000E+03	1.538038E-16	4.906707E-18
4.130000E+03	1.539393E-16	4.909544E-18
4.140000E+03	1.540575E-16	4.911864E-18
4.150000E+03	1.541620E-16	4.913786E-18
4.160000E+03	1.542560E-16	4.915413E-18
4.170000E+03	1.543431E-16	4.916861E-18
4.180000E+03	1.544269E-16	4.918243E-18
4.190000E+03	1.545108E-16	4.919670E-18
4.200000E+03	1.545922E-16	4.921061E-18
4.210000E+03	1.546804E-16	4.922707E-18
4.220000E+03	1.547785E-16	4.924716E-18
4.230000E+03	1.548838E-16	4.926994E-18
4.240000E+03	1.550048E-16	4.929816E-18
4.250000E+03	1.551382E-16	4.933079E-18
4.260000E+03	1.552862E-16	4.936851E-18
4.270000E+03	1.554563E-16	4.941372E-18
4.280000E+03	1.556443E-16	4.946508E-18
4.290000E+03	1.558508E-16	4.952279E-18
4.300000E+03	1.560706E-16	4.958521E-18
4.310000E+03	1.563141E-16	4.965563E-18
4.320000E+03	1.565743E-16	4.973184E-18
4.330000E+03	1.568437E-16	4.981150E-18
4.340000E+03	1.571243E-16	4.989519E-18
4.350000E+03	1.574118E-16	4.998161E-18
4.360000E+03	1.576960E-16	5.006748E-18
4.370000E+03	1.579765E-16	5.015272E-18
4.380000E+03	1.582425E-16	5.023393E-18
4.390000E+03	1.584908E-16	5.031004E-18
4.400000E+03	1.587264E-16	5.038270E-18
4.410000E+03	1.589480E-16	5.045146E-18
4.420000E+03	1.591609E-16	5.051804E-18
4.430000E+03	1.593660E-16	5.058274E-18
4.440000E+03	1.595786E-16	5.065036E-18
4.450000E+03	1.597983E-16	5.072081E-18
4.460000E+03	1.600240E-16	5.079371E-18
4.470000E+03	1.602633E-16	5.087148E-18
4.480000E+03	1.605183E-16	5.095479E-18
4.490000E+03	1.607854E-16	5.104249E-18
4.500000E+03	1.610701E-16	5.113632E-18
4.510000E+03	1.613680E-16	5.123485E-18
4.520000E+03	1.616784E-16	5.133792E-18
4.530000E+03	1.620056E-16	5.144687E-18
4.540000E+03	1.623439E-16	5.155985E-18
4.550000E+03	1.626920E-16	5.167648E-18
4.560000E+03	1.630486E-16	5.179636E-18
4.570000E+03	1.634168E-16	5.192046E-18
4.580000E+03	1.637860E-16	5.204537E-18
4.590000E+03	1.641589E-16	5.217200E-18
4.600000E+03	1.645387E-16	5.230132E-18
4.610000E+03	1.649145E-16	5.242990E-18
4.620000E+03	1.652895E-16	5.255875E-18
4.630000E+03	1.656622E-16	5.268737E-18
4.640000E+03	1.660267E-16	5.281388E-18
4.650000E+03	1.663861E-16	5.293929E-18
4.660000E+03	1.667395E-16	5.306326E-18
4.670000E+03	1.670856E-16	5.318542E-18
4.680000E+03	1.674190E-16	5.330403E-18
4.690000E+03	1.677432E-16	5.342021E-18
4.700000E+03	1.680533E-16	5.353235E-18
4.710000E+03	1.683530E-16	5.364164E-18
4.720000E+03	1.686372E-16	5.374649E-18
4.730000E+03	1.689102E-16	5.384820E-18
4.740000E+03	1.691669E-16	5.394521E-18
4.750000E+03	1.694118E-16	5.403887E-18
4.760000E+03	1.696446E-16	5.412911E-18
4.770000E+03	1.698564E-16	5.421310E-18
4.780000E+03	1.700604E-16	5.429501E-18
4.790000E+03	1.702436E-16	5.437073E-18
4.800000E+03	1.704148E-16	5.444299E-18
4.810000E+03	1.705740E-16	5.451185E-18
4.820000E+03	1.707172E-16	5.457597E-18
4.830000E+03	1.708447E-16	5.463544E-18
4.840000E+03	1.709609E-16	5.469171E-18
4.850000E+03	1.710619E-16	5.474347E-18
4.860000E+03	1.711520E-16	5.479213E-18
4.870000E+03	1.712276E-16	5.483649E-18
4.880000E+03	1.712930E-16	5.487793E-18
4.890000E+03	1.713444E-16	5.491519E-18
4.900000E+03	1.713861E-16	5.494972E-18
4.910000E+03	1.714144E-16	5.498024E-18
4.920000E+03	1.714295E-16	5.500686E-18
4.930000E+03	1.714401E-16	5.503232E-18
4.940000E+03	1.714337E-16	5.505265E-18
4.950000E+03	1.714233E-16	5.507198E-18
4.960000E+03	1.713965E-16	5.508630E-18
4.970000E+03	1.713660E-16	5.509970E-18
4.980000E+03	1.713236E-16	5.510955E-18
4.990000E+03	1.712734E-16	5.511718E-18
5.000000E+03	1.712118E-16	5.512133E-18
5.010000E+03	1.711426E-16	5.512332E-18
5.020000E+03	1.710659E-16	5.512312E-18
5.030000E+03	1.709779E-16	5.511950E-18
5.040000E+03	1.708823E-16	5.511364E-18
5.050000E+03	1.707793E-16	5.510560E-18
5.060000E+03	1.706686E-16	5.509530E-18
5.070000E+03	1.705461E-16	5.508139E-18
5.080000E+03	1.704159E-16	5.506515E-18
5.090000E+03	1.702776E-16	5.504649E-18
5.100000E+03	1.701312E-16	5.502535E-18
5.110000E+03	1.699723E-16	5.500038E-18
5.120000E+03	1.698088E-16	5.497405E-18
5.130000E+03	1.696325E-16	5.494372E-18
5.140000E+03	1.694470E-16	5.491055E-18
5.150000E+03	1.692521E-16	5.487448E-18
5.160000E+03	1.690477E-16	5.483544E-18
5.170000E+03	1.688335E-16	5.479332E-18
5.180000E+03	1.686091E-16	5.474801E-18
5.190000E+03	1.683706E-16	5.469822E-18
5.200000E+03	1.681253E-16	5.464632E-18
5.210000E+03	1.678694E-16	5.459105E-18
5.220000E+03	1.676025E-16	5.453226E-18
5.230000E+03	1.673207E-16	5.446869E-18
5.240000E+03	1.670315E-16	5.440278E-18
5.250000E+03	1.667309E-16	5.433320E-18
5.260000E+03	1.664150E-16	5.425869E-18
5.270000E+03	1.660913E-16	5.418164E-18
5.280000E+03	1.657560E-16	5.410083E-18
5.290000E+03	1.654089E-16	5.401618E-18
5.300000E+03	1.650499E-16	5.392768E-18
5.310000E+03	1.646791E-16	5.383529E-18
5.320000E+03	1.642963E-16	5.373896E-18
5.330000E+03	1.639014E-16	5.363870E-18
5.340000E+03	1.634981E-16	5.353561E-18
5.350000E+03	1.630788E-16	5.342727E-18
5.360000E+03	1.626509E-16	5.331605E-18
5.370000E+03	1.622106E-16	5.320073E-18
5.380000E+03	1.617540E-16	5.308002E-18
5.390000E+03	1.612921E-16	5.295748E-18
5.400000E+03	1.608139E-16	5.282950E-18
5.410000E+03	1.603229E-16	5.269725E-18
5.420000E+03	1.598228E-16	5.256190E-18
5.430000E+03	1.593102E-16	5.242233E-18
5.440000E+03	1.587852E-16	5.227857E-18
5.450000E+03	1.582482E-16	5.213076E-18
5.460000E+03	1.577034E-16	5.198025E-18
5.470000E+03	1.571480E-16	5.182612E-18
5.480000E+03	1.565830E-16	5.166866E-18
5.490000E+03	1.560128E-16	5.150937E-18
5.500000E+03	1.554347E-16	5.134728E-18
5.510000E+03	1.548486E-16	5.118243E-18
5.520000E+03	1.542548E-16	5.101484E-18
5.530000E+03	1.536566E-16	5.084564E-18
5.540000E+03	1.530543E-16	5.067491E-18
5.550000E+03	1.524413E-16	5.050046E-18
5.560000E+03	1.518284E-16	5.032585E-18
5.570000E+03	1.512063E-16	5.014796E-18
5.580000E+03	1.505854E-16	4.997033E-18
5.590000E+03	1.499567E-16	4.978987E-18
5.600000E+03	1.493308E-16	4.961019E-18
5.610000E+03	1.486986E-16	4.942817E-18
5.620000E+03	1.480707E-16	4.924737E-18
5.630000E+03	1.474410E-16	4.906574E-18
5.640000E+03	1.468102E-16	4.888356E-18
5.650000E+03	1.461853E-16	4.870311E-18
5.660000E+03	1.455570E-16	4.852134E-18
5.670000E+03	1.449354E-16	4.834155E-18
5.680000E+03	1.443142E-16	4.816168E-18
5.690000E+03	1.437002E-16	4.798401E-18
5.700000E+03	1.430840E-16	4.780534E-18
5.710000E+03	1.424751E-16	4.762891E-18
5.720000E+03	1.418706E-16	4.745373E-18
5.730000E+03	1.412672E-16	4.727870E-18
5.740000E+03	1.406681E-16	4.710489E-18
5.750000E+03	1.400733E-16	4.693225E-18
5.760000E+03	1.394826E-16	4.676080E-18
5.770000E+03	1.388961E-16	4.659050E-18
5.780000E+03	1.383134E-16	4.642128E-18
5.790000E+03	1.377345E-16	4.625308E-18
5.800000E+03	1.371593E-16	4.608589E-18
5.810000E+03	1.365876E-16	4.591966E-18
5.820000E+03	1.360161E-16	4.575329E-18
5.830000E+03	1.354508E-16	4.558877E-18
5.840000E+03	1.348915E-16	4.542603E-18
5.850000E+03	1.343321E-16	4.526302E-18
5.860000E+03	1.337753E-16	4.510069E-18
5.870000E+03	1.332210E-16	4.493896E-18
5.880000E+03	1.326722E-16	4.477884E-18
5.890000E+03	1.321256E-16	4.461926E-18
5.900000E+03	1.315813E-16	4.446019E-18
5.910000E+03	1.310388E-16	4.430155E-18
5.920000E+03	1.304984E-16	4.414337E-18
5.930000E+03	1.299627E-16	4.398655E-18
5.940000E+03	1.294288E-16	4.383012E-18
5.950000E+03	1.288966E-16	4.367402E-18
5.960000E+03	1.283661E-16	4.351828E-18
5.970000E+03	1.278372E-16	4.336287E-18
5.980000E+03	1.273127E-16	4.320871E-18
5.990000E+03	1.267926E-16	4.305583E-18
6.000000E+03	1.262712E-16	4.290227E-18
6.010000E+03	1.257541E-16	4.274995E-18
6.020000E+03	1.252385E-16	4.259792E-18
6.030000E+03	1.247274E-16	4.244716E-18
6.040000E+03	1.242148E-16	4.229569E-18
6.050000E+03	1.237094E-16	4.214647E-18
6.060000E+03	1.232027E-16	4.199657E-18
6.070000E+03	1.227004E-16	4.184792E-18
6.080000E+03	1.221996E-16	4.169960E-18
6.090000E+03	1.217034E-16	4.155259E-18
6.100000E+03	1.212087E-16	4.140589E-18
6.110000E+03	1.207184E-16	4.126047E-18
6.120000E+03	1.202298E-16	4.111542E-18
6.130000E+03	1.197430E-16	4.097075E-18
6.140000E+03	1.192607E-16	4.082739E-18
6.150000E+03	1.187801E-16	4.068445E-18
6.160000E+03	1.183041E-16	4.054282E-18
6.170000E+03	1.178299E-16	4.040162E-18
6.180000E+03	1.173576E-16	4.026082E-18
6.190000E+03	1.168926E-16	4.012233E-18
6.200000E+03	1.164267E-16	3.998332E-18
6.210000E+03	1.159652E-16	3.984563E-18
6.220000E+03	1.155084E-16	3.970932E-18
6.230000E+03	1.150534E-16	3.957342E-18
6.240000E+03	1.146002E-16	3.943795E-18
6.250000E+03	1.141540E-16	3.930466E-18
6.260000E+03	1.137069E-16	3.917089E-18
6.270000E+03	1.132667E-16	3.903927E-18
6.280000E+03	1.128254E-16	3.890706E-18
6.290000E+03	1.123909E-16	3.877701E-18
6.300000E+03	1.119579E-16	3.864726E-18
6.310000E+03	1.115286E-16	3.851862E-18
6.320000E+03	1.111007E-16	3.839025E-18
6.330000E+03	1.106764E-16	3.826292E-18
6.340000E+03	1.102532E-16	3.813576E-18
6.350000E+03	1.098361E-16	3.801054E-18
6.360000E+03	1.094199E-16	3.788544E-18
6.370000E+03	1.090045E-16	3.776042E-18
6.380000E+03	1.085951E-16	3.763727E-18
6.390000E+03	1.081866E-16	3.751425E-18
6.400000E+03	1.077816E-16	3.739226E-18
6.410000E+03	1.073777E-16	3.727048E-18
6.420000E+03	1.069805E-16	3.715083E-18
6.430000E+03	1.065850E-16	3.703159E-18
6.440000E+03	1.061945E-16	3.691389E-18
6.450000E+03	1.058095E-16	3.679792E-18
6.460000E+03	1.054309E-16	3.668402E-18
6.470000E+03	1.050597E-16	3.657250E-18
6.480000E+03	1.046971E-16	3.646380E-18
6.490000E+03	1.043443E-16	3.635835E-18
6.500000E+03	1.040004E-16	3.625584E-18
6.510000E+03	1.036722E-16	3.615862E-18
6.520000E+03	1.033584E-16	3.606630E-18
6.530000E+03	1.030578E-16	3.597842E-18
6.540000E+03	1.027756E-16	3.589681E-18
6.550000E+03	1.025083E-16	3.582026E-18
6.560000E+03	1.022544E-16	3.574827E-18
6.570000E+03	1.020126E-16	3.568037E-18
6.580000E+03	1.017814E-16	3.561603E-18
6.590000E+03	1.015618E-16	3.555565E-18
6.600000E+03	1.013505E-16	3.549802E-18
6.610000E+03	1.011440E-16	3.544197E-18
6.620000E+03	1.009464E-16	3.538896E-18
6.630000E+03	1.007575E-16	3.533885E-18
6.640000E+03	1.005718E-16	3.528974E-18
6.650000E+03	1.003940E-16	3.524329E-18
6.660000E+03	1.002240E-16	3.519948E-18
6.670000E+03	1.000568E-16	3.515654E-18
6.680000E+03	9.989714E-17	3.511617E-18
6.690000E+03	9.974543E-17	3.507847E-18
6.700000E+03	9.959670E-17	3.504172E-18
6.710000E+03	9.945597E-17	3.500769E-18
6.720000E+03	9.932354E-17	3.497648E-18
6.730000E+03	9.919704E-17	3.494726E-18
6.740000E+03	9.907902E-17	3.492094E-18
6.750000E+03	9.896744E-17	3.489680E-18
6.760000E+03	9.886227E-17	3.487483E-18
6.770000E+03	9.876628E-17	3.485601E-18
6.780000E+03	9.867956E-17	3.484039E-18
6.790000E+03	9.859965E-17	3.482709E-18
6.800000E+03	9.852695E-17	3.481625E-18
6.810000E+03	9.846627E-17	3.480959E-18
6.820000E+03	9.841049E-17	3.480459E-18
6.830000E+03	9.836700E-17	3.480386E-18
6.840000E+03	9.833093E-17	3.480569E-18
6.850000E+03	9.830234E-17	3.481010E-18
6.860000E+03	9.828373E-17	3.481798E-18
6.870000E+03	9.827515E-17	3.482936E-18
6.880000E+03	9.827409E-17	3.484335E-18
6.890000E+03	9.828304E-17	3.486082E-18
6.900000E+03	9.830196E-17	3.488179E-18
6.910000E+03	9.832831E-17	3.490533E-18
6.920000E+03	9.836451E-17	3.493233E-18
6.930000E+03	9.840796E-17	3.496186E-18
6.940000E+03	9.846109E-17	3.499478E-18
6.950000E+03	9.852122E-17	3.503015E-18
6.960000E+03	9.859326E-17	3.506972E-18
6.970000E+03	9.866954E-17	3.511076E-18
6.980000E+03	9.875743E-17	3.515589E-18
6.990000E+03	9.884906E-17	3.520233E-18
7.000000E+03	9.895180E-17	3.525269E-18
7.010000E+03	9.906046E-17	3.530513E-18
7.020000E+03	9.917462E-17	3.535951E-18
7.030000E+03	9.929656E-17	3.541663E-18
7.040000E+03	9.942606E-17	3.547643E-18
7.050000E+03	9.956020E-17	3.553786E-18
7.060000E+03	9.969856E-17	3.560078E-18
7.070000E+03	9.984342E-17	3.566599E-18
7.080000E+03	9.999437E-17	3.573337E-18
7.090000E+03	1.001484E-16	3.580182E-18
7.100000E+03	1.003050E-16	3.587119E-18
7.110000E+03	1.004639E-16	3.594137E-18
7.120000E+03	1.006297E-16	3.601398E-18
7.130000E+03	1.007943E-16	3.608613E-18
7.140000E+03	1.009622E-16	3.615949E-18
7.150000E+03	1.011305E-16	3.623294E-18
7.160000E+03	1.012985E-16	3.630631E-18
7.170000E+03	1.014658E-16	3.637938E-18
7.180000E+03	1.016346E-16	3.645299E-18
7.190000E+03	1.018018E-16	3.652600E-18
7.200000E+03	1.019694E-16	3.659912E-18
7.210000E+03	1.021316E-16	3.667033E-18
7.220000E+03	1.022907E-16	3.674035E-18
7.230000E+03	1.024488E-16	3.681003E-18
7.240000E+03	1.026028E-16	3.687822E-18
7.250000E+03	1.027523E-16	3.694475E-18
7.260000E+03	1.028940E-16	3.700848E-18
7.270000E+03	1.030332E-16	3.707126E-18
7.280000E+03	1.031665E-16	3.713189E-18
7.290000E+03	1.032937E-16	3.719031E-18
7.300000E+03	1.034117E-16	3.724537E-18
7.310000E+03	1.035255E-16	3.729892E-18
7.320000E+03	1.036323E-16	3.734989E-18
7.330000E+03	1.037290E-16	3.739721E-18
7.340000E+03	1.038181E-16	3.744171E-18
7.350000E+03	1.038994E-16	3.748340E-18
7.360000E+03	1.039726E-16	3.752211E-18
7.370000E+03	1.040378E-16	3.755788E-18
7.380000E+03	1.040918E-16	3.758956E-18
7.390000E+03	1.041373E-16	3.761814E-18
7.400000E+03	1.041743E-16	3.764360E-18
7.410000E+03	1.041998E-16	3.766485E-18
7.420000E+03	1.042166E-16	3.768290E-18
7.430000E+03	1.042246E-16	3.769770E-18
7.440000E+03	1.042209E-16	3.770821E-18
7.450000E+03	1.042082E-16	3.771541E-18
7.460000E+03	1.041836E-16	3.771824E-18
7.470000E+03	1.041499E-16	3.771771E-18
7.480000E+03	1.041041E-16	3.771275E-18
7.490000E+03	1.040490E-16	3.770434E-18
7.500000E+03	1.039845E-16	3.769242E-18
7.510000E+03	1.039047E-16	3.767491E-18
7.520000E+03	1.038180E-16	3.765484E-18
7.530000E+03	1.037158E-16	3.762904E-18
7.540000E+03	1.036062E-16	3.760050E-18
7.550000E+03	1.034807E-16	3.756607E-18
7.560000E+03	1.033445E-16	3.752772E-18
7.570000E+03	1.031948E-16	3.748434E-18
7.580000E+03	1.030338E-16	3.743677E-18
7.590000E+03	1.028585E-16	3.738395E-18
7.600000E+03	1.026687E-16	3.732573E-18
7.610000E+03	1.024667E-16	3.726299E-18
7.620000E+03	1.022496E-16	3.719464E-18
7.630000E+03	1.020167E-16	3.712044E-18
7.640000E+03	1.017679E-16	3.704037E-18
7.650000E+03	1.015055E-16	3.695527E-18
7.660000E+03	1.012265E-16	3.686396E-18
7.670000E+03	1.009306E-16	3.676641E-18
7.680000E+03	1.006202E-16	3.666346E-18
7.690000E+03	1.002895E-16	3.655301E-18
7.700000E+03	9.994383E-17	3.643697E-18
7.710000E+03	9.958035E-17	3.631432E-18
7.720000E+03	9.919885E-17	3.618497E-18
7.730000E+03	9.880208E-17	3.604992E-18
7.740000E+03	9.838455E-17	3.590716E-18
7.750000E+03	9.795185E-17	3.575873E-18
7.760000E+03	9.750135E-17	3.560368E-18
7.770000E+03	9.703335E-17	3.544209E-18
7.780000E+03	9.654817E-17	3.527408E-18
7.790000E+03	9.604623E-17	3.509981E-18
7.800000E+03	9.553075E-17	3.492044E-18
7.810000E+03	9.499695E-17	3.473423E-18
7.820000E+03	9.445092E-17	3.454340E-18
7.830000E+03	9.388806E-17	3.434626E-18
7.840000E+03	9.331465E-17	3.414511E-18
7.850000E+03	9.272896E-17	3.393932E-18
7.860000E+03	9.213205E-17	3.372926E-18
7.870000E+03	9.152507E-17	3.351536E-18
7.880000E+03	9.090923E-17	3.329806E-18
7.890000E+03	9.028581E-17	3.307782E-18
7.900000E+03	8.965614E-17	3.285514E-18
7.910000E+03	8.902421E-17	3.263147E-18
7.920000E+03	8.838627E-17	3.240545E-18
7.930000E+03	8.774639E-17	3.217856E-18
7.940000E+03	8.710860E-17	3.195228E-18
7.950000E+03	8.646931E-17	3.172529E-18
7.960000E+03	8.583510E-17	3.150002E-18
7.970000E+03	8.520491E-17	3.127607E-18
7.980000E+03	8.457771E-17	3.105307E-18
7.990000E+03	8.395990E-17	3.083338E-18
8.000000E+03	8.335032E-17	3.061656E-18
8.010000E+03	8.274775E-17	3.040217E-18
8.020000E+03	8.215823E-17	3.019244E-18
8.030000E+03	8.158032E-17	2.998684E-18
8.040000E+03	8.101491E-17	2.978571E-18
8.050000E+03	8.046278E-17	2.958932E-18
8.060000E+03	7.992460E-17	2.939794E-18
8.070000E+03	7.940091E-17	2.921176E-18
8.080000E+03	7.889215E-17	2.903096E-18
8.090000E+03	7.840098E-17	2.885651E-18
8.100000E+03	7.792287E-17	2.868676E-18
8.110000E+03	7.746034E-17	2.852263E-18
8.120000E+03	7.701582E-17	2.836502E-18
8.130000E+03	7.658460E-17	2.821221E-18
8.140000E+03	7.617135E-17	2.806592E-18
8.150000E+03	7.577365E-17	2.792526E-18
8.160000E+03	7.539138E-17	2.779020E-18
8.170000E+03	7.502440E-17	2.766068E-18
8.180000E+03	7.467252E-17	2.753663E-18
8.190000E+03	7.433556E-17	2.741801E-18
8.200000E+03	7.401328E-17	2.730471E-18
8.210000E+03	7.370541E-17	2.719665E-18
8.220000E+03	7.341397E-17	2.709458E-18
8.230000E+03	7.313636E-17	2.699754E-18
8.240000E+03	7.286992E-17	2.690455E-18
8.250000E+03	7.261895E-17	2.681720E-18
8.260000E+03	7.238304E-17	2.673535E-18
8.270000E+03	7.215723E-17	2.665716E-18
8.280000E+03	7.194339E-17	2.658333E-18
8.290000E+03	7.174343E-17	2.651457E-18
8.300000E+03	7.155461E-17	2.644987E-18
8.310000E+03	7.137648E-17	2.638906E-18
8.320000E+03	7.120859E-17	2.633199E-18
8.330000E+03	7.105278E-17	2.627933E-18
8.340000E+03	7.090394E-17	2.622920E-18
8.350000E+03	7.076624E-17	2.618314E-18
8.360000E+03	7.063684E-17	2.614010E-18
8.370000E+03	7.051525E-17	2.609991E-18
8.380000E+03	7.040331E-17	2.606324E-18
8.390000E+03	7.029817E-17	2.602905E-18
8.400000E+03	7.019930E-17	2.599714E-18
8.410000E+03	7.010620E-17	2.596732E-18
8.420000E+03	7.002069E-17	2.594028E-18
8.430000E+03	6.993990E-17	2.591494E-18
8.440000E+03	6.986331E-17	2.589113E-18
8.450000E+03	6.979038E-17	2.586863E-18
8.460000E+03	6.972299E-17	2.584814E-18
8.470000E+03	6.965821E-17	2.582860E-18
8.480000E+03	6.959554E-17	2.580979E-18
8.490000E+03	6.953689E-17	2.579245E-18
8.500000E+03	6.947930E-17	2.577546E-18
8.510000E+03	6.942231E-17	2.575866E-18
8.520000E+03	6.936782E-17	2.574276E-18
8.530000E+03	6.931293E-17	2.572667E-18
8.540000E+03	6.925714E-17	2.571022E-18
8.550000E+03	6.920244E-17	2.569413E-18
8.560000E+03	6.914590E-17	2.567734E-18
8.570000E+03	6.908957E-17	2.566058E-18
8.580000E+03	6.902799E-17	2.564185E-18
8.590000E+03	6.896824E-17	2.562376E-18
8.600000E+03	6.890241E-17	2.560338E-18
8.610000E+03	6.883507E-17	2.558241E-18
8.620000E+03	6.876587E-17	2.556071E-18
8.630000E+03	6.869190E-17	2.553720E-18
8.640000E+03	6.861279E-17	2.551175E-18
8.650000E+03	6.853073E-17	2.548518E-18
8.660000E+03	6.844284E-17	2.545639E-18
8.670000E+03	6.835137E-17	2.542624E-18
8.680000E+03	6.825343E-17	2.539365E-18
8.690000E+03	6.814874E-17	2.535852E-18
8.700000E+03	6.804223E-17	2.532266E-18
8.710000E+03	6.792583E-17	2.528310E-18
8.720000E+03	6.780714E-17	2.524264E-18
8.730000E+03	6.767808E-17	2.519829E-18
8.740000E+03	6.754635E-17	2.515290E-18
8.750000E+03	6.740646E-17	2.510444E-18
8.760000E+03	6.725826E-17	2.505285E-18
8.770000E+03	6.710691E-17	2.500004E-18
8.780000E+03	6.694427E-17	2.494299E-18
8.790000E+03	6.677824E-17	2.488463E-18
8.800000E+03	6.660335E-17	2.482294E-18
8.810000E+03	6.642220E-17	2.475887E-18
8.820000E+03	6.623200E-17	2.469139E-18
8.830000E+03	6.603541E-17	2.462148E-18
8.840000E+03	6.583238E-17	2.454912E-18
8.850000E+03	6.562288E-17	2.447432E-18
8.860000E+03	6.540414E-17	2.439602E-18
8.870000E+03	6.518165E-17	2.431628E-18
8.880000E+03	6.494990E-17	2.423305E-18
8.890000E+03	6.471166E-17	2.414735E-18
8.900000E+03	6.446421E-17	2.405817E-18
8.910000E+03	6.421308E-17	2.396757E-18
8.920000E+03	6.395557E-17	2.387454E-18
8.930000E+03	6.368896E-17	2.377807E-18
8.940000E+03	6.341607E-17	2.367921E-18
8.950000E+03	6.313975E-17	2.357903E-18
8.960000E+03	6.285453E-17	2.347547E-18
8.970000E+03	6.256605E-17	2.337066E-18
8.980000E+03	6.226882E-17	2.326253E-18
8.990000E+03	6.196573E-17	2.315216E-18
9.000000E+03	6.165968E-17	2.304064E-18
9.040000E+03	6.037715E-17	2.257228E-18
9.080000E+03	5.902260E-17	2.207626E-18
9.120000E+03	5.760381E-17	2.155545E-18
9.160000E+03	5.613447E-17	2.101498E-18
9.200000E+03	5.462536E-17	2.045889E-18
9.240000E+03	5.308982E-17	1.989218E-18
9.280000E+03	5.153795E-17	1.931864E-18
9.320000E+03	4.997642E-17	1.874080E-18
9.360000E+03	4.841992E-17	1.816419E-18
9.400000E+03	4.687115E-17	1.758984E-18
9.440000E+03	4.534074E-17	1.702177E-18
9.480000E+03	4.383031E-17	1.646062E-18
9.520000E+03	4.234934E-17	1.590998E-18
9.560000E+03	4.090121E-17	1.537115E-18
9.600000E+03	3.948607E-17	1.484421E-18
9.640000E+03	3.811195E-17	1.433222E-18
9.680000E+03	3.677815E-17	1.383494E-18
9.720000E+03	3.548372E-17	1.335206E-18
9.760000E+03	3.423546E-17	1.288615E-18
9.800000E+03	3.302911E-17	1.243564E-18
9.840000E+03	3.186818E-17	1.200188E-18
9.880000E+03	3.074803E-17	1.158315E-18
9.920000E+03	2.967433E-17	1.118161E-18
9.960000E+03	2.863959E-17	1.079447E-18
1.000000E+04	2.764911E-17	1.042374E-18
1.004000E+04	2.669784E-17	1.006753E-18
1.008000E+04	2.578826E-17	9.726815E-19
1.012000E+04	2.491533E-17	9.399701E-19
1.016000E+04	2.407897E-17	9.086181E-19
1.020000E+04	2.327909E-17	8.786235E-19
1.024000E+04	2.251316E-17	8.498921E-19
1.028000E+04	2.178343E-17	8.225108E-19
1.032000E+04	2.108274E-17	7.962104E-19
