#wls	flux	fluxerr
1.595708E+03	3.100770E-06	1.059012E-07
1.635600E+03	3.152100E-06	1.075138E-07
1.675493E+03	3.207065E-06	1.092418E-07
1.715386E+03	3.265829E-06	1.110899E-07
1.755278E+03	3.327233E-06	1.130180E-07
1.795171E+03	3.391422E-06	1.150302E-07
1.835064E+03	3.458541E-06	1.171308E-07
1.874956E+03	3.530120E-06	1.193705E-07
1.914849E+03	3.606377E-06	1.217557E-07
1.954742E+03	3.684723E-06	1.241980E-07
1.994634E+03	3.768147E-06	1.267970E-07
2.034527E+03	3.856910E-06	1.295603E-07
2.074420E+03	3.949815E-06	1.324463E-07
2.114312E+03	4.047088E-06	1.354611E-07
2.154205E+03	4.150492E-06	1.386623E-07
2.194098E+03	4.258806E-06	1.420075E-07
2.233991E+03	4.373880E-06	1.455566E-07
2.273883E+03	4.494481E-06	1.492666E-07
2.313776E+03	4.622552E-06	1.531999E-07
2.353669E+03	4.756847E-06	1.573131E-07
2.393561E+03	4.897716E-06	1.616154E-07
2.433454E+03	5.047264E-06	1.661738E-07
2.473347E+03	5.205994E-06	1.710018E-07
2.513239E+03	5.372629E-06	1.760546E-07
2.553132E+03	5.547616E-06	1.813436E-07
2.593025E+03	5.733328E-06	1.869430E-07
2.632917E+03	5.930405E-06	1.928696E-07
2.672810E+03	6.137535E-06	1.990767E-07
2.712703E+03	6.355293E-06	2.055788E-07
2.752596E+03	6.586383E-06	2.124587E-07
2.792488E+03	6.831616E-06	2.197370E-07
2.832381E+03	7.089644E-06	2.273649E-07
2.872274E+03	7.363472E-06	2.354329E-07
2.912166E+03	7.651735E-06	2.438908E-07
2.952059E+03	7.955262E-06	2.527583E-07
2.991952E+03	8.279886E-06	2.622131E-07
3.001925E+03	8.361843E-06	2.645886E-07
3.011898E+03	8.447389E-06	2.670720E-07
3.021871E+03	8.534061E-06	2.695852E-07
3.031844E+03	8.619318E-06	2.720478E-07
3.041818E+03	8.708267E-06	2.746210E-07
3.051791E+03	8.798391E-06	2.772251E-07
3.061764E+03	8.889704E-06	2.798604E-07
3.071737E+03	8.982223E-06	2.825274E-07
3.081710E+03	9.073310E-06	2.851429E-07
3.091683E+03	9.168272E-06	2.878736E-07
3.101657E+03	9.264493E-06	2.906372E-07
3.111630E+03	9.361989E-06	2.934340E-07
3.121603E+03	9.460778E-06	2.962644E-07
3.131576E+03	9.563640E-06	2.992152E-07
3.141549E+03	9.665093E-06	3.021146E-07
3.151522E+03	9.767894E-06	3.050488E-07
3.161496E+03	9.872064E-06	3.080184E-07
3.171469E+03	9.977620E-06	3.110236E-07
3.181442E+03	1.008458E-05	3.140649E-07
3.191415E+03	1.019587E-05	3.172331E-07
3.201388E+03	1.030573E-05	3.203486E-07
3.211361E+03	1.041705E-05	3.235017E-07
3.221335E+03	1.053284E-05	3.267848E-07
3.231308E+03	1.064718E-05	3.300147E-07
3.241281E+03	1.076608E-05	3.333771E-07
3.251254E+03	1.088353E-05	3.366858E-07
3.261227E+03	1.100255E-05	3.400344E-07
3.271200E+03	1.112627E-05	3.435188E-07
3.281174E+03	1.125165E-05	3.470453E-07
3.291147E+03	1.137558E-05	3.505174E-07
3.301120E+03	1.150435E-05	3.541291E-07
3.311093E+03	1.163486E-05	3.577844E-07
3.321066E+03	1.176390E-05	3.613846E-07
3.331040E+03	1.189794E-05	3.651281E-07
3.341013E+03	1.203379E-05	3.689169E-07
3.350986E+03	1.217149E-05	3.727514E-07
3.360959E+03	1.230770E-05	3.765300E-07
3.370932E+03	1.244913E-05	3.804570E-07
3.380905E+03	1.259247E-05	3.844314E-07
3.390879E+03	1.273777E-05	3.884539E-07
3.400852E+03	1.288503E-05	3.925250E-07
3.410825E+03	1.303430E-05	3.966452E-07
3.420798E+03	1.318560E-05	4.008151E-07
3.430771E+03	1.333896E-05	4.050354E-07
3.440744E+03	1.349440E-05	4.093065E-07
3.450718E+03	1.365197E-05	4.136295E-07
3.460691E+03	1.381168E-05	4.180043E-07
3.470664E+03	1.397725E-05	4.225434E-07
3.480637E+03	1.414139E-05	4.270255E-07
3.490610E+03	1.430777E-05	4.315615E-07
3.500583E+03	1.447641E-05	4.361521E-07
3.510557E+03	1.465120E-05	4.409135E-07
3.520530E+03	1.482452E-05	4.456163E-07
3.530503E+03	1.500022E-05	4.503761E-07
3.540476E+03	1.518225E-05	4.553108E-07
3.550449E+03	1.536283E-05	4.601866E-07
3.560422E+03	1.554988E-05	4.652408E-07
3.570396E+03	1.573549E-05	4.702359E-07
3.580369E+03	1.592771E-05	4.754127E-07
3.590342E+03	1.611848E-05	4.805295E-07
3.600315E+03	1.631603E-05	4.858320E-07
3.610288E+03	1.651212E-05	4.910737E-07
3.620261E+03	1.671513E-05	4.965043E-07
3.630235E+03	1.692097E-05	5.020008E-07
3.640208E+03	1.712534E-05	5.074360E-07
3.650181E+03	1.733690E-05	5.130658E-07
3.660154E+03	1.755139E-05	5.187637E-07
3.670127E+03	1.776887E-05	5.245308E-07
3.680101E+03	1.798488E-05	5.302355E-07
3.690074E+03	1.820841E-05	5.361421E-07
3.700047E+03	1.843506E-05	5.421207E-07
3.710020E+03	1.866486E-05	5.481713E-07
3.719993E+03	1.889788E-05	5.542956E-07
3.729966E+03	1.913416E-05	5.604944E-07
3.739940E+03	1.937373E-05	5.667683E-07
3.749913E+03	1.961666E-05	5.731183E-07
3.759886E+03	1.986300E-05	5.795454E-07
3.769859E+03	2.011278E-05	5.860506E-07
3.779832E+03	2.036608E-05	5.926349E-07
3.789805E+03	2.062292E-05	5.992988E-07
3.799779E+03	2.088339E-05	6.060442E-07
3.809752E+03	2.114753E-05	6.128716E-07
3.819725E+03	2.141538E-05	6.197818E-07
3.829698E+03	2.169219E-05	6.269262E-07
3.839671E+03	2.196771E-05	6.340071E-07
3.849644E+03	2.224712E-05	6.411740E-07
3.859618E+03	2.253047E-05	6.484283E-07
3.869591E+03	2.282326E-05	6.559265E-07
3.879564E+03	2.311476E-05	6.633603E-07
3.889537E+03	2.341040E-05	6.708848E-07
3.899510E+03	2.371581E-05	6.786604E-07
3.909483E+03	2.401998E-05	6.863713E-07
3.919457E+03	2.432848E-05	6.941764E-07
3.929430E+03	2.464714E-05	7.022412E-07
3.939403E+03	2.496456E-05	7.102398E-07
3.949376E+03	2.529241E-05	7.185036E-07
3.959349E+03	2.561905E-05	7.267013E-07
3.969323E+03	2.595637E-05	7.351696E-07
3.979296E+03	2.629252E-05	7.435715E-07
3.989269E+03	2.663961E-05	7.522494E-07
3.999242E+03	2.698558E-05	7.608613E-07
4.009215E+03	2.734277E-05	7.697548E-07
4.019188E+03	2.769886E-05	7.785818E-07
4.029162E+03	2.806647E-05	7.876968E-07
4.039135E+03	2.843300E-05	7.967448E-07
4.049108E+03	2.881136E-05	8.060872E-07
4.059081E+03	2.919528E-05	8.155465E-07
4.069054E+03	2.957816E-05	8.249385E-07
4.079027E+03	2.997335E-05	8.346345E-07
4.089001E+03	3.037436E-05	8.444522E-07
4.098974E+03	3.077443E-05	8.542032E-07
4.108947E+03	3.118728E-05	8.642675E-07
4.118920E+03	3.160624E-05	8.744590E-07
4.128893E+03	3.203141E-05	8.847790E-07
4.138866E+03	3.245572E-05	8.950316E-07
4.148840E+03	3.289352E-05	9.056122E-07
4.158813E+03	3.333786E-05	9.163273E-07
4.168786E+03	3.378881E-05	9.271779E-07
4.178759E+03	3.424650E-05	9.381665E-07
4.188732E+03	3.470348E-05	9.490881E-07
4.198705E+03	3.517490E-05	9.603564E-07
4.208679E+03	3.565338E-05	9.717682E-07
4.218652E+03	3.613908E-05	9.833262E-07
4.228625E+03	3.663207E-05	9.950316E-07
4.238598E+03	3.713251E-05	1.006887E-06
4.248571E+03	3.763244E-05	1.018677E-06
4.258545E+03	3.814803E-05	1.030836E-06
4.268518E+03	3.867144E-05	1.043153E-06
4.278491E+03	3.920279E-05	1.055628E-06
4.288464E+03	3.974223E-05	1.068263E-06
4.298437E+03	4.028987E-05	1.081062E-06
4.308410E+03	4.084587E-05	1.094027E-06
4.318384E+03	4.141035E-05	1.107159E-06
4.328357E+03	4.198348E-05	1.120462E-06
4.338330E+03	4.256536E-05	1.133936E-06
4.348303E+03	4.315619E-05	1.147586E-06
4.358276E+03	4.374694E-05	1.161172E-06
4.368249E+03	4.435594E-05	1.175177E-06
4.378223E+03	4.497432E-05	1.189364E-06
4.388196E+03	4.560222E-05	1.203737E-06
4.398169E+03	4.623980E-05	1.218297E-06
4.408142E+03	4.688722E-05	1.233047E-06
4.418115E+03	4.754465E-05	1.247989E-06
4.428088E+03	4.821224E-05	1.263127E-06
4.438062E+03	4.889017E-05	1.278463E-06
4.448035E+03	4.957859E-05	1.294000E-06
4.458008E+03	5.027767E-05	1.309739E-06
4.467981E+03	5.098760E-05	1.325685E-06
4.477954E+03	5.170854E-05	1.341839E-06
4.487927E+03	5.243007E-05	1.357930E-06
4.497901E+03	5.317342E-05	1.374507E-06
4.507874E+03	5.392831E-05	1.391301E-06
4.517847E+03	5.469491E-05	1.408314E-06
4.527820E+03	5.547342E-05	1.425549E-06
4.537793E+03	5.626400E-05	1.443009E-06
4.547767E+03	5.706684E-05	1.460696E-06
4.557740E+03	5.788211E-05	1.478614E-06
4.567713E+03	5.871002E-05	1.496765E-06
4.577686E+03	5.953896E-05	1.514852E-06
4.587659E+03	6.039253E-05	1.533474E-06
4.597632E+03	6.125928E-05	1.552336E-06
4.607606E+03	6.213940E-05	1.571442E-06
4.617579E+03	6.303309E-05	1.590794E-06
4.627552E+03	6.392801E-05	1.610080E-06
4.637525E+03	6.484919E-05	1.629928E-06
4.647498E+03	6.578449E-05	1.650030E-06
4.657471E+03	6.673409E-05	1.670388E-06
4.667445E+03	6.769814E-05	1.691004E-06
4.677418E+03	6.866359E-05	1.711550E-06
4.687391E+03	6.965698E-05	1.732685E-06
4.697364E+03	7.066539E-05	1.754085E-06
4.707337E+03	7.167522E-05	1.775411E-06
4.717310E+03	7.271400E-05	1.797343E-06
4.727284E+03	7.376831E-05	1.819545E-06
4.737257E+03	7.482403E-05	1.841668E-06
4.747230E+03	7.590971E-05	1.864413E-06
4.757203E+03	7.699678E-05	1.887075E-06
4.767176E+03	7.811445E-05	1.910367E-06
4.777149E+03	7.924843E-05	1.933938E-06
4.787123E+03	8.038370E-05	1.957418E-06
4.797096E+03	8.155052E-05	1.981543E-06
4.807069E+03	8.271853E-05	2.005572E-06
4.817042E+03	8.390301E-05	2.029874E-06
4.827015E+03	8.511995E-05	2.054834E-06
4.836989E+03	8.633785E-05	2.079688E-06
4.846962E+03	8.758882E-05	2.105207E-06
4.856935E+03	8.884050E-05	2.130611E-06
4.866908E+03	9.010912E-05	2.156288E-06
4.876881E+03	9.141163E-05	2.182641E-06
4.886854E+03	9.271446E-05	2.208865E-06
4.896828E+03	9.403435E-05	2.235358E-06
4.906801E+03	9.537133E-05	2.262119E-06
4.916774E+03	9.674318E-05	2.289567E-06
4.926747E+03	9.811460E-05	2.316862E-06
4.936720E+03	9.950313E-05	2.344419E-06
4.946693E+03	1.009087E-04	2.372235E-06
4.956667E+03	1.023313E-04	2.400306E-06
4.966640E+03	1.037709E-04	2.428629E-06
4.976613E+03	1.052273E-04	2.457200E-06
4.986586E+03	1.067005E-04	2.486016E-06
4.996559E+03	1.081904E-04	2.515070E-06
5.006532E+03	1.096968E-04	2.544360E-06
5.016506E+03	1.112196E-04	2.573879E-06
5.026479E+03	1.127586E-04	2.603621E-06
5.036452E+03	1.142931E-04	2.633109E-06
5.046425E+03	1.158636E-04	2.663276E-06
5.056398E+03	1.174496E-04	2.693646E-06
5.066371E+03	1.190297E-04	2.723728E-06
5.076345E+03	1.206458E-04	2.754480E-06
5.086318E+03	1.222765E-04	2.785413E-06
5.096291E+03	1.238997E-04	2.816019E-06
5.106264E+03	1.255585E-04	2.847284E-06
5.116237E+03	1.272085E-04	2.878194E-06
5.126210E+03	1.288939E-04	2.909752E-06
5.136184E+03	1.305691E-04	2.940927E-06
5.146157E+03	1.322561E-04	2.972217E-06
5.156130E+03	1.339780E-04	3.004138E-06
5.166103E+03	1.356875E-04	3.035629E-06
5.176076E+03	1.374074E-04	3.067202E-06
5.186050E+03	1.391369E-04	3.098842E-06
5.196023E+03	1.409004E-04	3.131088E-06
5.205996E+03	1.426483E-04	3.162839E-06
5.215969E+03	1.444042E-04	3.194623E-06
5.225942E+03	1.461675E-04	3.226425E-06
5.235915E+03	1.479380E-04	3.258242E-06
5.245889E+03	1.497145E-04	3.290050E-06
5.255862E+03	1.514709E-04	3.321277E-06
5.265835E+03	1.532580E-04	3.353040E-06
5.275808E+03	1.550495E-04	3.384763E-06
5.285781E+03	1.568450E-04	3.416439E-06
5.295754E+03	1.586167E-04	3.447465E-06
5.305728E+03	1.604179E-04	3.479004E-06
5.315701E+03	1.621936E-04	3.509864E-06
5.325674E+03	1.639983E-04	3.541229E-06
5.335647E+03	1.657761E-04	3.571891E-06
5.345620E+03	1.675826E-04	3.603054E-06
5.355593E+03	1.693608E-04	3.633492E-06
5.365567E+03	1.711385E-04	3.663809E-06
5.375540E+03	1.729445E-04	3.694625E-06
5.385513E+03	1.747208E-04	3.724698E-06
5.395486E+03	1.764960E-04	3.754648E-06
5.405459E+03	1.782701E-04	3.784474E-06
5.415432E+03	1.800430E-04	3.814182E-06
5.425406E+03	1.818147E-04	3.843773E-06
5.435379E+03	1.835855E-04	3.873259E-06
5.445352E+03	1.853556E-04	3.902644E-06
5.455325E+03	1.870936E-04	3.931275E-06
5.465298E+03	1.888622E-04	3.960475E-06
5.475272E+03	1.906304E-04	3.989593E-06
5.485245E+03	1.923662E-04	4.017965E-06
5.495218E+03	1.941325E-04	4.046911E-06
5.505191E+03	1.958640E-04	4.075073E-06
5.515164E+03	1.976245E-04	4.103781E-06
5.525137E+03	1.993475E-04	4.131660E-06
5.535111E+03	2.010646E-04	4.159371E-06
5.545084E+03	2.028080E-04	4.187585E-06
5.555057E+03	2.045100E-04	4.214908E-06
5.565030E+03	2.062027E-04	4.242007E-06
5.575003E+03	2.078853E-04	4.268872E-06
5.584976E+03	2.095566E-04	4.295484E-06
5.594950E+03	2.112157E-04	4.321829E-06
5.604923E+03	2.128621E-04	4.347896E-06
5.614896E+03	2.144599E-04	4.372959E-06
5.624869E+03	2.160782E-04	4.398427E-06
5.634842E+03	2.176815E-04	4.423581E-06
5.644815E+03	2.192339E-04	4.447694E-06
5.654789E+03	2.208058E-04	4.472199E-06
5.664762E+03	2.223255E-04	4.495642E-06
5.674735E+03	2.238642E-04	4.519470E-06
5.684708E+03	2.253497E-04	4.542224E-06
5.694681E+03	2.268176E-04	4.564629E-06
5.704654E+03	2.282678E-04	4.586681E-06
5.714628E+03	2.297373E-04	4.609129E-06
5.724601E+03	2.311519E-04	4.630483E-06
5.734574E+03	2.325485E-04	4.651489E-06
5.744547E+03	2.338895E-04	4.671395E-06
5.754520E+03	2.352500E-04	4.691706E-06
5.764494E+03	2.365927E-04	4.711678E-06
5.774467E+03	2.379176E-04	4.731309E-06
5.784440E+03	2.391865E-04	4.749849E-06
5.794413E+03	2.404759E-04	4.768816E-06
5.804386E+03	2.417095E-04	4.786698E-06
5.814359E+03	2.429644E-04	4.805023E-06
5.824333E+03	2.441635E-04	4.822270E-06
5.834306E+03	2.453455E-04	4.839205E-06
5.844279E+03	2.465501E-04	4.856613E-06
5.854252E+03	2.476991E-04	4.872952E-06
5.864225E+03	2.488320E-04	4.889002E-06
5.874198E+03	2.499489E-04	4.904769E-06
5.884172E+03	2.510503E-04	4.920263E-06
5.894145E+03	2.520965E-04	4.934706E-06
5.904118E+03	2.531675E-04	4.949669E-06
5.914091E+03	2.542240E-04	4.964380E-06
5.924064E+03	2.552259E-04	4.978062E-06
5.934037E+03	2.562540E-04	4.992288E-06
5.944011E+03	2.572280E-04	5.005497E-06
5.953984E+03	2.582291E-04	5.019269E-06
5.963957E+03	2.591766E-04	5.032036E-06
5.973930E+03	2.601112E-04	5.044592E-06
5.983903E+03	2.610335E-04	5.056949E-06
5.993876E+03	2.619435E-04	5.069107E-06
6.003850E+03	2.628418E-04	5.081080E-06
6.013823E+03	2.637288E-04	5.092873E-06
6.023796E+03	2.646047E-04	5.104493E-06
6.033769E+03	2.654699E-04	5.115949E-06
6.043742E+03	2.663246E-04	5.127246E-06
6.053716E+03	2.671277E-04	5.137591E-06
6.063689E+03	2.679627E-04	5.148594E-06
6.073662E+03	2.687465E-04	5.158657E-06
6.083635E+03	2.695210E-04	5.168589E-06
6.093608E+03	2.703287E-04	5.179202E-06
6.103581E+03	2.710861E-04	5.188896E-06
6.113555E+03	2.718351E-04	5.198476E-06
6.123528E+03	2.725764E-04	5.207958E-06
6.133501E+03	2.733102E-04	5.217343E-06
6.143474E+03	2.740368E-04	5.226639E-06
6.153447E+03	2.747567E-04	5.235857E-06
6.163420E+03	2.754702E-04	5.245001E-06
6.173394E+03	2.761347E-04	5.253264E-06
6.183367E+03	2.768364E-04	5.262285E-06
6.193340E+03	2.774897E-04	5.270439E-06
6.203313E+03	2.781811E-04	5.279368E-06
6.213286E+03	2.788248E-04	5.287444E-06
6.223259E+03	2.794644E-04	5.295496E-06
6.233233E+03	2.801434E-04	5.304350E-06
6.243206E+03	2.807759E-04	5.312379E-06
6.253179E+03	2.814058E-04	5.320413E-06
6.263152E+03	2.820333E-04	5.328459E-06
6.273125E+03	2.826590E-04	5.336528E-06
6.283098E+03	2.832400E-04	5.343813E-06
6.293072E+03	2.838642E-04	5.351971E-06
6.303045E+03	2.844885E-04	5.360192E-06
6.313018E+03	2.850698E-04	5.367662E-06
6.322991E+03	2.856968E-04	5.376055E-06
6.332964E+03	2.862822E-04	5.383728E-06
6.342937E+03	2.869150E-04	5.392356E-06
6.352911E+03	2.875080E-04	5.400299E-06
6.362884E+03	2.881063E-04	5.408409E-06
6.372857E+03	2.887111E-04	5.416706E-06
6.382830E+03	2.893234E-04	5.425213E-06
6.392803E+03	2.899447E-04	5.433955E-06
6.402777E+03	2.905762E-04	5.442959E-06
6.412750E+03	2.912193E-04	5.452250E-06
6.422723E+03	2.918307E-04	5.461021E-06
6.432696E+03	2.925017E-04	5.470979E-06
6.442669E+03	2.931440E-04	5.480475E-06
6.452642E+03	2.938494E-04	5.491225E-06
6.462616E+03	2.945295E-04	5.501579E-06
6.472589E+03	2.952761E-04	5.513254E-06
6.482562E+03	2.960007E-04	5.524595E-06
6.492535E+03	2.967501E-04	5.536480E-06
6.502508E+03	2.975257E-04	5.548937E-06
6.512481E+03	2.983291E-04	5.561996E-06
6.522455E+03	2.991610E-04	5.575669E-06
6.532428E+03	3.000210E-04	5.589953E-06
6.542401E+03	3.008626E-04	5.603983E-06
6.552374E+03	3.017771E-04	5.619459E-06
6.562347E+03	3.027179E-04	5.635518E-06
6.572320E+03	3.036376E-04	5.651276E-06
6.582294E+03	3.046284E-04	5.668454E-06
6.592267E+03	3.055963E-04	5.685304E-06
6.602240E+03	3.065870E-04	5.702678E-06
6.612213E+03	3.076467E-04	5.721438E-06
6.622186E+03	3.086808E-04	5.739826E-06
6.632159E+03	3.097356E-04	5.758705E-06
6.642133E+03	3.108103E-04	5.778066E-06
6.652106E+03	3.119045E-04	5.797897E-06
6.662079E+03	3.129697E-04	5.817304E-06
6.672052E+03	3.141009E-04	5.838048E-06
6.682025E+03	3.152500E-04	5.859235E-06
6.691999E+03	3.163682E-04	5.879955E-06
6.701972E+03	3.175521E-04	5.902005E-06
6.711945E+03	3.187039E-04	5.923567E-06
6.721918E+03	3.199214E-04	5.946454E-06
6.731891E+03	3.211062E-04	5.968841E-06
6.741864E+03	3.223071E-04	5.991632E-06
6.751838E+03	3.235242E-04	6.014826E-06
6.761811E+03	3.248071E-04	6.039348E-06
6.771784E+03	3.260564E-04	6.063348E-06
6.781757E+03	3.272717E-04	6.086817E-06
6.791730E+03	3.285529E-04	6.111614E-06
6.801703E+03	3.298505E-04	6.136814E-06
6.811677E+03	3.311644E-04	6.162418E-06
6.821650E+03	3.324435E-04	6.187475E-06
6.831623E+03	3.337902E-04	6.213887E-06
6.841596E+03	3.351020E-04	6.239748E-06
6.851569E+03	3.364820E-04	6.266975E-06
6.861542E+03	3.378269E-04	6.293645E-06
6.871516E+03	3.391886E-04	6.320726E-06
6.881489E+03	3.406196E-04	6.349193E-06
6.891462E+03	3.420154E-04	6.377100E-06
6.901435E+03	3.434284E-04	6.405423E-06
6.911408E+03	3.448586E-04	6.434161E-06
6.921381E+03	3.463064E-04	6.463323E-06
6.931355E+03	3.477182E-04	6.491905E-06
6.941328E+03	3.492011E-04	6.521910E-06
6.951301E+03	3.507017E-04	6.552339E-06
6.961274E+03	3.521661E-04	6.582184E-06
6.971247E+03	3.537024E-04	6.613468E-06
6.981221E+03	3.552021E-04	6.644161E-06
6.991194E+03	3.567745E-04	6.676306E-06
7.001167E+03	3.583098E-04	6.707851E-06
7.011140E+03	3.598628E-04	6.739821E-06
7.021113E+03	3.614893E-04	6.773262E-06
7.031086E+03	3.630778E-04	6.806085E-06
7.041060E+03	3.646841E-04	6.839336E-06
7.051033E+03	3.663078E-04	6.873009E-06
7.061006E+03	3.679490E-04	6.907104E-06
7.070979E+03	3.696075E-04	6.941621E-06
7.080952E+03	3.712256E-04	6.975474E-06
7.090925E+03	3.729181E-04	7.010819E-06
7.100899E+03	3.746273E-04	7.046577E-06
7.110872E+03	3.762948E-04	7.081648E-06
7.120845E+03	3.780366E-04	7.118216E-06
7.130818E+03	3.797353E-04	7.154072E-06
7.140791E+03	3.815086E-04	7.191433E-06
7.150764E+03	3.832376E-04	7.228059E-06
7.160738E+03	3.849809E-04	7.265058E-06
7.170711E+03	3.867983E-04	7.303556E-06
7.180684E+03	3.885692E-04	7.341283E-06
7.190657E+03	3.903530E-04	7.379356E-06
7.200630E+03	3.921493E-04	7.417773E-06
7.210603E+03	3.939573E-04	7.456518E-06
7.220577E+03	3.957765E-04	7.495585E-06
7.230550E+03	3.975442E-04	7.533785E-06
7.240523E+03	3.993836E-04	7.573453E-06
7.250496E+03	4.012320E-04	7.613407E-06
7.260469E+03	4.030258E-04	7.652438E-06
7.270443E+03	4.048897E-04	7.692916E-06
7.280416E+03	4.066965E-04	7.732428E-06
7.290389E+03	4.085726E-04	7.773375E-06
7.300362E+03	4.103891E-04	7.813309E-06
7.310335E+03	4.122734E-04	7.854659E-06
7.320308E+03	4.140955E-04	7.894946E-06
7.330282E+03	4.159186E-04	7.935380E-06
7.340255E+03	4.177418E-04	7.975942E-06
7.350228E+03	4.195637E-04	8.016611E-06
7.360201E+03	4.213830E-04	8.057362E-06
7.370174E+03	4.231988E-04	8.098181E-06
7.380147E+03	4.250096E-04	8.139039E-06
7.390121E+03	4.268139E-04	8.179914E-06
7.400094E+03	4.286106E-04	8.220783E-06
7.410067E+03	4.303983E-04	8.261623E-06
7.420040E+03	4.321068E-04	8.301088E-06
7.430013E+03	4.338714E-04	8.341777E-06
7.439986E+03	4.355532E-04	8.381024E-06
7.449960E+03	4.372887E-04	8.421455E-06
7.459933E+03	4.389375E-04	8.460372E-06
7.469906E+03	4.406372E-04	8.500427E-06
7.479879E+03	4.422462E-04	8.538892E-06
7.489852E+03	4.438326E-04	8.577080E-06
7.499825E+03	4.454659E-04	8.616338E-06
7.509799E+03	4.470020E-04	8.653885E-06
7.519772E+03	4.485104E-04	8.691061E-06
7.529745E+03	4.499887E-04	8.727825E-06
7.539718E+03	4.514355E-04	8.764151E-06
7.549691E+03	4.528486E-04	8.799997E-06
7.559665E+03	4.542262E-04	8.835330E-06
7.569638E+03	4.555665E-04	8.870117E-06
7.579611E+03	4.567938E-04	8.902885E-06
7.589584E+03	4.580530E-04	8.936456E-06
7.599557E+03	4.592687E-04	8.969365E-06
7.609530E+03	4.604393E-04	9.001581E-06
7.619504E+03	4.614883E-04	9.031607E-06
7.629477E+03	4.625622E-04	9.062312E-06
7.639450E+03	4.635098E-04	9.090735E-06
7.649423E+03	4.644794E-04	9.119782E-06
7.659396E+03	4.653183E-04	9.146458E-06
7.669369E+03	4.661001E-04	9.172207E-06
7.679343E+03	4.668984E-04	9.198480E-06
7.689316E+03	4.675603E-04	9.222263E-06
7.699289E+03	4.681593E-04	9.245005E-06
7.709262E+03	4.686941E-04	9.266678E-06
7.719235E+03	4.691627E-04	9.287243E-06
7.729208E+03	4.695638E-04	9.306671E-06
7.739182E+03	4.698958E-04	9.324932E-06
7.749155E+03	4.701572E-04	9.341992E-06
7.759128E+03	4.703466E-04	9.357825E-06
7.769101E+03	4.704631E-04	9.372407E-06
7.779074E+03	4.705053E-04	9.385709E-06
7.789047E+03	4.704723E-04	9.397712E-06
7.799021E+03	4.703632E-04	9.408395E-06
7.808994E+03	4.700997E-04	9.416187E-06
7.818967E+03	4.698362E-04	9.424172E-06
7.828940E+03	4.694950E-04	9.430797E-06
7.838913E+03	4.689978E-04	9.434482E-06
7.848886E+03	4.685002E-04	9.438347E-06
7.858860E+03	4.678467E-04	9.439262E-06
7.868833E+03	4.671931E-04	9.440361E-06
7.878806E+03	4.663845E-04	9.438514E-06
7.888779E+03	4.654995E-04	9.435300E-06
7.898752E+03	4.646164E-04	9.432303E-06
7.908726E+03	4.635811E-04	9.426396E-06
7.918699E+03	4.624727E-04	9.419171E-06
7.928672E+03	4.612927E-04	9.410656E-06
7.938645E+03	4.600428E-04	9.400881E-06
7.948618E+03	4.588022E-04	9.391454E-06
7.958591E+03	4.574186E-04	9.379249E-06
7.968565E+03	4.559715E-04	9.365875E-06
7.978538E+03	4.544629E-04	9.351363E-06
7.988511E+03	4.528951E-04	9.335745E-06
7.998484E+03	4.512703E-04	9.319055E-06
8.008457E+03	4.495142E-04	9.299745E-06
8.018430E+03	4.477810E-04	9.280987E-06
8.028404E+03	4.459947E-04	9.261198E-06
8.038377E+03	4.441544E-04	9.240349E-06
8.048350E+03	4.422588E-04	9.218400E-06
8.058323E+03	4.402323E-04	9.193760E-06
8.068296E+03	4.382239E-04	9.169523E-06
8.078269E+03	4.361574E-04	9.144088E-06
8.088243E+03	4.339576E-04	9.115861E-06
8.098216E+03	4.317727E-04	9.087938E-06
8.108189E+03	4.294537E-04	9.057174E-06
8.118162E+03	4.271479E-04	9.026659E-06
8.128135E+03	4.247081E-04	8.993268E-06
8.138108E+03	4.222808E-04	8.960088E-06
8.148082E+03	4.197202E-04	8.924017E-06
8.158055E+03	4.171723E-04	8.888135E-06
8.168028E+03	4.144928E-04	8.849365E-06
8.178001E+03	4.117553E-04	8.809254E-06
8.187974E+03	4.089607E-04	8.767805E-06
8.197948E+03	4.061808E-04	8.726551E-06
8.207921E+03	4.032751E-04	8.682462E-06
8.217894E+03	4.003163E-04	8.637085E-06
8.227867E+03	3.973061E-04	8.590439E-06
8.237840E+03	3.942460E-04	8.542546E-06
8.247813E+03	3.911379E-04	8.493436E-06
8.257787E+03	3.880520E-04	8.444624E-06
8.267760E+03	3.848533E-04	8.393162E-06
8.277733E+03	3.816124E-04	8.340574E-06
8.287706E+03	3.783316E-04	8.286896E-06
8.297679E+03	3.749469E-04	8.230714E-06
8.307652E+03	3.715932E-04	8.174977E-06
8.317626E+03	3.682062E-04	8.118263E-06
8.327599E+03	3.647878E-04	8.060609E-06
8.337572E+03	3.613407E-04	8.002061E-06
8.347545E+03	3.578669E-04	7.942656E-06
8.357518E+03	3.543687E-04	7.882438E-06
8.367491E+03	3.507855E-04	7.820047E-06
8.377465E+03	3.472455E-04	7.758331E-06
8.387438E+03	3.436880E-04	7.695931E-06
8.397411E+03	3.401148E-04	7.632880E-06
8.407384E+03	3.364676E-04	7.567866E-06
8.417357E+03	3.328702E-04	7.503660E-06
8.427330E+03	3.292042E-04	7.437590E-06
8.437304E+03	3.255910E-04	7.372395E-06
8.447277E+03	3.219727E-04	7.306759E-06
8.457250E+03	3.182934E-04	7.239413E-06
8.467223E+03	3.146711E-04	7.173033E-06
8.477196E+03	3.109928E-04	7.105040E-06
8.487170E+03	3.073741E-04	7.038071E-06
8.497143E+03	3.037042E-04	6.969587E-06
8.507116E+03	3.000962E-04	6.902182E-06
8.517089E+03	2.964415E-04	6.833360E-06
8.527062E+03	2.928509E-04	6.765666E-06
8.537035E+03	2.892178E-04	6.696643E-06
8.547009E+03	2.855980E-04	6.627577E-06
8.556982E+03	2.820452E-04	6.559714E-06
8.566955E+03	2.784560E-04	6.490654E-06
8.576928E+03	2.748841E-04	6.421644E-06
8.586901E+03	2.713816E-04	6.353903E-06
8.596874E+03	2.678481E-04	6.285084E-06
8.606848E+03	2.643359E-04	6.216411E-06
8.616821E+03	2.608459E-04	6.147909E-06
8.626794E+03	2.574274E-04	6.080738E-06
8.636767E+03	2.539845E-04	6.012645E-06
8.646740E+03	2.505668E-04	5.944797E-06
8.656713E+03	2.471754E-04	5.877221E-06
8.666687E+03	2.438110E-04	5.809941E-06
8.676660E+03	2.404744E-04	5.742976E-06
8.686633E+03	2.372112E-04	5.677423E-06
8.696606E+03	2.339318E-04	5.611140E-06
8.706579E+03	2.306823E-04	5.545236E-06
8.716552E+03	2.274633E-04	5.479724E-06
8.726526E+03	2.242752E-04	5.414621E-06
8.736499E+03	2.211187E-04	5.349947E-06
8.746472E+03	2.179940E-04	5.285713E-06
8.756445E+03	2.149020E-04	5.221940E-06
8.766418E+03	2.118426E-04	5.158637E-06
8.776392E+03	2.088164E-04	5.095819E-06
8.786365E+03	2.058236E-04	5.033494E-06
8.796338E+03	2.028645E-04	4.971678E-06
8.806311E+03	1.999394E-04	4.910381E-06
8.816284E+03	1.970485E-04	4.849612E-06
8.826257E+03	1.941918E-04	4.789378E-06
8.836231E+03	1.913695E-04	4.729690E-06
8.846204E+03	1.885819E-04	4.670557E-06
8.856177E+03	1.858288E-04	4.611984E-06
8.866150E+03	1.831104E-04	4.553976E-06
8.876123E+03	1.804266E-04	4.496540E-06
8.886096E+03	1.777777E-04	4.439686E-06
8.896070E+03	1.751633E-04	4.383410E-06
8.906043E+03	1.725495E-04	4.326870E-06
8.916016E+03	1.700046E-04	4.271778E-06
8.925989E+03	1.674943E-04	4.217284E-06
8.935962E+03	1.650183E-04	4.163385E-06
8.945935E+03	1.625766E-04	4.110085E-06
8.955909E+03	1.601688E-04	4.057382E-06
8.965882E+03	1.577948E-04	4.005278E-06
8.975855E+03	1.554234E-04	3.952984E-06
9.015748E+03	1.463967E-04	3.753023E-06
9.055640E+03	1.378624E-04	3.561910E-06
9.095533E+03	1.298339E-04	3.380310E-06
9.135426E+03	1.222911E-04	3.208028E-06
9.175318E+03	1.152126E-04	3.044815E-06
9.215211E+03	1.085762E-04	2.890381E-06
9.255104E+03	1.023809E-04	2.744985E-06
9.294996E+03	9.655917E-05	2.607095E-06
9.334889E+03	9.111132E-05	2.476960E-06
9.374782E+03	8.601513E-05	2.354214E-06
9.414675E+03	8.126687E-05	2.238981E-06
9.454567E+03	7.680919E-05	2.129890E-06
9.494460E+03	7.265710E-05	2.027548E-06
9.534353E+03	6.875832E-05	1.930676E-06
9.574245E+03	6.512667E-05	1.839826E-06
9.614138E+03	6.172889E-05	1.754217E-06
9.654031E+03	5.854902E-05	1.673537E-06
9.693923E+03	5.558503E-05	1.597860E-06
9.733816E+03	5.279624E-05	1.526139E-06
9.773709E+03	5.019507E-05	1.458842E-06
9.813601E+03	4.775626E-05	1.395340E-06
9.853494E+03	4.546844E-05	1.335395E-06
9.893387E+03	4.333166E-05	1.279096E-06
9.933279E+03	4.131438E-05	1.225593E-06
9.973172E+03	3.942839E-05	1.175306E-06
1.001306E+04	3.765463E-05	1.127737E-06
1.005296E+04	3.599447E-05	1.082989E-06
1.009285E+04	3.443085E-05	1.040609E-06
1.013274E+04	3.295710E-05	1.000446E-06
1.017264E+04	3.156707E-05	9.623603E-07
1.021253E+04	3.026306E-05	9.264675E-07
1.025242E+04	2.903127E-05	8.923868E-07
1.029231E+04	2.787436E-05	8.602377E-07
