#wls	flux	fluxerr
1.600000E+03	5.214629E-13	5.081242E-15
1.640000E+03	5.488370E-13	5.329687E-15
1.680000E+03	5.771042E-13	5.584489E-15
1.720000E+03	6.061785E-13	5.844653E-15
1.760000E+03	6.359462E-13	6.108923E-15
1.800000E+03	6.662620E-13	6.375750E-15
1.840000E+03	6.969387E-13	6.643204E-15
1.880000E+03	7.277426E-13	6.908936E-15
1.920000E+03	7.583834E-13	7.170098E-15
1.960000E+03	7.885050E-13	7.423263E-15
2.000000E+03	8.176702E-13	7.664305E-15
2.040000E+03	8.453492E-13	7.888306E-15
2.080000E+03	8.709313E-13	8.089693E-15
2.120000E+03	8.937884E-13	8.262845E-15
2.160000E+03	9.132033E-13	8.401444E-15
2.200000E+03	9.283372E-13	8.498209E-15
2.240000E+03	9.382662E-13	8.545254E-15
2.280000E+03	9.423987E-13	8.537910E-15
2.320000E+03	9.412857E-13	8.481949E-15
2.360000E+03	9.357779E-13	8.385754E-15
2.400000E+03	9.267578E-13	8.257851E-15
2.440000E+03	9.150957E-13	8.106503E-15
2.480000E+03	9.016049E-13	7.939312E-15
2.520000E+03	8.869951E-13	7.762812E-15
2.560000E+03	8.718140E-13	7.581988E-15
2.600000E+03	8.563902E-13	7.399816E-15
2.640000E+03	8.408327E-13	7.217316E-15
2.680000E+03	8.251032E-13	7.034229E-15
2.720000E+03	8.090946E-13	6.849727E-15
2.760000E+03	7.926767E-13	6.662817E-15
2.800000E+03	7.757162E-13	6.472509E-15
2.840000E+03	7.581005E-13	6.278028E-15
2.880000E+03	7.397467E-13	6.078874E-15
2.920000E+03	7.205908E-13	5.874727E-15
2.960000E+03	7.006044E-13	5.665580E-15
3.000000E+03	6.797832E-13	5.451631E-15
3.010000E+03	6.744492E-13	5.397435E-15
3.020000E+03	6.690646E-13	5.342971E-15
3.030000E+03	6.636317E-13	5.288259E-15
3.040000E+03	6.581489E-13	5.233292E-15
3.050000E+03	6.526169E-13	5.178079E-15
3.060000E+03	6.470390E-13	5.122649E-15
3.070000E+03	6.414144E-13	5.067000E-15
3.080000E+03	6.357452E-13	5.011151E-15
3.090000E+03	6.300336E-13	4.955124E-15
3.100000E+03	6.242772E-13	4.898904E-15
3.110000E+03	6.184817E-13	4.842539E-15
3.120000E+03	6.126461E-13	4.786024E-15
3.130000E+03	6.067718E-13	4.729374E-15
3.140000E+03	6.008628E-13	4.672622E-15
3.150000E+03	5.949187E-13	4.615769E-15
3.160000E+03	5.889423E-13	4.558840E-15
3.170000E+03	5.829347E-13	4.501848E-15
3.180000E+03	5.768991E-13	4.444818E-15
3.190000E+03	5.708367E-13	4.387763E-15
3.200000E+03	5.647490E-13	4.330698E-15
3.210000E+03	5.586392E-13	4.273649E-15
3.220000E+03	5.525086E-13	4.216629E-15
3.230000E+03	5.463620E-13	4.159678E-15
3.240000E+03	5.401977E-13	4.102784E-15
3.250000E+03	5.340191E-13	4.045976E-15
3.260000E+03	5.278306E-13	3.989289E-15
3.270000E+03	5.216321E-13	3.932724E-15
3.280000E+03	5.154253E-13	3.876295E-15
3.290000E+03	5.092142E-13	3.820036E-15
3.300000E+03	5.029986E-13	3.763945E-15
3.310000E+03	4.967813E-13	3.708044E-15
3.320000E+03	4.905630E-13	3.652342E-15
3.330000E+03	4.843458E-13	3.596855E-15
3.340000E+03	4.781305E-13	3.541589E-15
3.350000E+03	4.719201E-13	3.486569E-15
3.360000E+03	4.657119E-13	3.431776E-15
3.370000E+03	4.595090E-13	3.377232E-15
3.380000E+03	4.533125E-13	3.322948E-15
3.390000E+03	4.471221E-13	3.268923E-15
3.400000E+03	4.409408E-13	3.215179E-15
3.410000E+03	4.347688E-13	3.161717E-15
3.420000E+03	4.286093E-13	3.108563E-15
3.430000E+03	4.224681E-13	3.055758E-15
3.440000E+03	4.163502E-13	3.003340E-15
3.450000E+03	4.102664E-13	2.951384E-15
3.460000E+03	4.042249E-13	2.899950E-15
3.470000E+03	3.982417E-13	2.849151E-15
3.480000E+03	3.923296E-13	2.799075E-15
3.490000E+03	3.865060E-13	2.749844E-15
3.500000E+03	3.807910E-13	2.701596E-15
3.510000E+03	3.752003E-13	2.654436E-15
3.520000E+03	3.697462E-13	2.608445E-15
3.530000E+03	3.644308E-13	2.563631E-15
3.540000E+03	3.592354E-13	2.519854E-15
3.550000E+03	3.541084E-13	2.476750E-15
3.560000E+03	3.489477E-13	2.433600E-15
3.570000E+03	3.435940E-13	2.389301E-15
3.580000E+03	3.378452E-13	2.342466E-15
3.590000E+03	3.315059E-13	2.291767E-15
3.600000E+03	3.244903E-13	2.236650E-15
3.610000E+03	3.168703E-13	2.177652E-15
3.620000E+03	3.088298E-13	2.116072E-15
3.630000E+03	3.005675E-13	2.053295E-15
3.640000E+03	2.922343E-13	1.990361E-15
3.650000E+03	2.839215E-13	1.927898E-15
3.660000E+03	2.756839E-13	1.866276E-15
3.670000E+03	2.675499E-13	1.805683E-15
3.680000E+03	2.595417E-13	1.746264E-15
3.690000E+03	2.516853E-13	1.688186E-15
3.700000E+03	2.440111E-13	1.631644E-15
3.710000E+03	2.365571E-13	1.576881E-15
3.720000E+03	2.293659E-13	1.524167E-15
3.730000E+03	2.224878E-13	1.473820E-15
3.740000E+03	2.159709E-13	1.426139E-15
3.750000E+03	2.098665E-13	1.381440E-15
3.760000E+03	2.042189E-13	1.339988E-15
3.770000E+03	1.990735E-13	1.302052E-15
3.780000E+03	1.944661E-13	1.267835E-15
3.790000E+03	1.904286E-13	1.237511E-15
3.800000E+03	1.869849E-13	1.211198E-15
3.810000E+03	1.841520E-13	1.188970E-15
3.820000E+03	1.819370E-13	1.170834E-15
3.830000E+03	1.803396E-13	1.156750E-15
3.840000E+03	1.793500E-13	1.146617E-15
3.850000E+03	1.789484E-13	1.140269E-15
3.860000E+03	1.791069E-13	1.137493E-15
3.870000E+03	1.797882E-13	1.138017E-15
3.880000E+03	1.809469E-13	1.141522E-15
3.890000E+03	1.825309E-13	1.147650E-15
3.900000E+03	1.844839E-13	1.156022E-15
3.910000E+03	1.867474E-13	1.166250E-15
3.920000E+03	1.892620E-13	1.177943E-15
3.930000E+03	1.919729E-13	1.190746E-15
3.940000E+03	1.948280E-13	1.204326E-15
3.950000E+03	1.977794E-13	1.218379E-15
3.960000E+03	2.007877E-13	1.232655E-15
3.970000E+03	2.038140E-13	1.246915E-15
3.980000E+03	2.068223E-13	1.260938E-15
3.990000E+03	2.097742E-13	1.274492E-15
4.000000E+03	2.126271E-13	1.287323E-15
4.010000E+03	2.153293E-13	1.299126E-15
4.020000E+03	2.178250E-13	1.309577E-15
4.030000E+03	2.200553E-13	1.318335E-15
4.040000E+03	2.219629E-13	1.325075E-15
4.050000E+03	2.234962E-13	1.329513E-15
4.060000E+03	2.246095E-13	1.331400E-15
4.070000E+03	2.252703E-13	1.330572E-15
4.080000E+03	2.254578E-13	1.326937E-15
4.090000E+03	2.251676E-13	1.320497E-15
4.100000E+03	2.244111E-13	1.311351E-15
4.110000E+03	2.232191E-13	1.299707E-15
4.120000E+03	2.216401E-13	1.285875E-15
4.130000E+03	2.197430E-13	1.270278E-15
4.140000E+03	2.176122E-13	1.253421E-15
4.150000E+03	2.153455E-13	1.235882E-15
4.160000E+03	2.130509E-13	1.218285E-15
4.170000E+03	2.108348E-13	1.201240E-15
4.180000E+03	2.087912E-13	1.185275E-15
4.190000E+03	2.069979E-13	1.170820E-15
4.200000E+03	2.055054E-13	1.158145E-15
4.210000E+03	2.043319E-13	1.147332E-15
4.220000E+03	2.034646E-13	1.138291E-15
4.230000E+03	2.028605E-13	1.130764E-15
4.240000E+03	2.024552E-13	1.124377E-15
4.250000E+03	2.021773E-13	1.118723E-15
4.260000E+03	2.019521E-13	1.113384E-15
4.270000E+03	2.017191E-13	1.108024E-15
4.280000E+03	2.014352E-13	1.102408E-15
4.290000E+03	2.010832E-13	1.096446E-15
4.300000E+03	2.006658E-13	1.090157E-15
4.310000E+03	2.002026E-13	1.083651E-15
4.320000E+03	1.997291E-13	1.077124E-15
4.330000E+03	1.992858E-13	1.070792E-15
4.340000E+03	1.989131E-13	1.064873E-15
4.350000E+03	1.986391E-13	1.059510E-15
4.360000E+03	1.984594E-13	1.054676E-15
4.370000E+03	1.982923E-13	1.049930E-15
4.380000E+03	1.978573E-13	1.043792E-15
4.390000E+03	1.965750E-13	1.033233E-15
4.400000E+03	1.944767E-13	1.018463E-15
4.410000E+03	1.921339E-13	1.002512E-15
4.420000E+03	1.897974E-13	9.866970E-16
4.430000E+03	1.875366E-13	9.713753E-16
4.440000E+03	1.853589E-13	9.565804E-16
4.450000E+03	1.832465E-13	9.422153E-16
4.460000E+03	1.811831E-13	9.281923E-16
4.470000E+03	1.791577E-13	9.144512E-16
4.480000E+03	1.771842E-13	9.010604E-16
4.490000E+03	1.752916E-13	8.881632E-16
4.500000E+03	1.735196E-13	8.759550E-16
4.510000E+03	1.718933E-13	8.645546E-16
4.520000E+03	1.704160E-13	8.539697E-16
4.530000E+03	1.690751E-13	8.441288E-16
4.540000E+03	1.678511E-13	8.349267E-16
4.550000E+03	1.667273E-13	8.262741E-16
4.560000E+03	1.656902E-13	8.180981E-16
4.570000E+03	1.647224E-13	8.103079E-16
4.580000E+03	1.637954E-13	8.027600E-16
4.590000E+03	1.628772E-13	7.952955E-16
4.600000E+03	1.619266E-13	7.877135E-16
4.610000E+03	1.609076E-13	7.798399E-16
4.620000E+03	1.597925E-13	7.715452E-16
4.630000E+03	1.585763E-13	7.628099E-16
4.640000E+03	1.572845E-13	7.537619E-16
4.650000E+03	1.559690E-13	7.446522E-16
4.660000E+03	1.546988E-13	7.358102E-16
4.670000E+03	1.535538E-13	7.276114E-16
4.680000E+03	1.526140E-13	7.204274E-16
4.690000E+03	1.519488E-13	7.145721E-16
4.700000E+03	1.516095E-13	7.102722E-16
4.710000E+03	1.516268E-13	7.076523E-16
4.720000E+03	1.520032E-13	7.067054E-16
4.730000E+03	1.527165E-13	7.073092E-16
4.740000E+03	1.537159E-13	7.092116E-16
4.750000E+03	1.549291E-13	7.120649E-16
4.760000E+03	1.562646E-13	7.154388E-16
4.770000E+03	1.576213E-13	7.188659E-16
4.780000E+03	1.588911E-13	7.218539E-16
4.790000E+03	1.599738E-13	7.239538E-16
4.800000E+03	1.607830E-13	7.247861E-16
4.810000E+03	1.612522E-13	7.240667E-16
4.820000E+03	1.613456E-13	7.216537E-16
4.830000E+03	1.610540E-13	7.175258E-16
4.840000E+03	1.604000E-13	7.118031E-16
4.850000E+03	1.594308E-13	7.047132E-16
4.860000E+03	1.582085E-13	6.965471E-16
4.870000E+03	1.568076E-13	6.876430E-16
4.880000E+03	1.553004E-13	6.783277E-16
4.890000E+03	1.537523E-13	6.688901E-16
4.900000E+03	1.522173E-13	6.595667E-16
4.910000E+03	1.507291E-13	6.505018E-16
4.920000E+03	1.493070E-13	6.417768E-16
4.930000E+03	1.479602E-13	6.334267E-16
4.940000E+03	1.466895E-13	6.254515E-16
4.950000E+03	1.454871E-13	6.178141E-16
4.960000E+03	1.443441E-13	6.104733E-16
4.970000E+03	1.432488E-13	6.033767E-16
4.980000E+03	1.421861E-13	5.964583E-16
4.990000E+03	1.411440E-13	5.896672E-16
5.000000E+03	1.401081E-13	5.829418E-16
5.010000E+03	1.390680E-13	5.762389E-16
5.020000E+03	1.380153E-13	5.695242E-16
5.030000E+03	1.369429E-13	5.627694E-16
5.040000E+03	1.358459E-13	5.559550E-16
5.050000E+03	1.347221E-13	5.490739E-16
5.060000E+03	1.335697E-13	5.421203E-16
5.070000E+03	1.323890E-13	5.350966E-16
5.080000E+03	1.311806E-13	5.280069E-16
5.090000E+03	1.299473E-13	5.208639E-16
5.100000E+03	1.286931E-13	5.136851E-16
5.110000E+03	1.274205E-13	5.064811E-16
5.120000E+03	1.261348E-13	4.992741E-16
5.130000E+03	1.248429E-13	4.920925E-16
5.140000E+03	1.235489E-13	4.849522E-16
5.150000E+03	1.222580E-13	4.778737E-16
5.160000E+03	1.209787E-13	4.708902E-16
5.170000E+03	1.197125E-13	4.640070E-16
5.180000E+03	1.184655E-13	4.572469E-16
5.190000E+03	1.172374E-13	4.506081E-16
5.200000E+03	1.160338E-13	4.441112E-16
5.210000E+03	1.148580E-13	4.377678E-16
5.220000E+03	1.137141E-13	4.315916E-16
5.230000E+03	1.126116E-13	4.256174E-16
5.240000E+03	1.115575E-13	4.198699E-16
5.250000E+03	1.105580E-13	4.143697E-16
5.260000E+03	1.096163E-13	4.091263E-16
5.270000E+03	1.087301E-13	4.041286E-16
5.280000E+03	1.078936E-13	3.993528E-16
5.290000E+03	1.070933E-13	3.947469E-16
5.300000E+03	1.063199E-13	3.902751E-16
5.310000E+03	1.055586E-13	3.858823E-16
5.320000E+03	1.047973E-13	3.815241E-16
5.330000E+03	1.040252E-13	3.771612E-16
5.340000E+03	1.032268E-13	3.727382E-16
5.350000E+03	1.023826E-13	3.681865E-16
5.360000E+03	1.014638E-13	3.634050E-16
5.370000E+03	1.004450E-13	3.583059E-16
5.380000E+03	9.930627E-14	3.528233E-16
5.390000E+03	9.804136E-14	3.469399E-16
5.400000E+03	9.666309E-14	3.407057E-16
5.410000E+03	9.519766E-14	3.342169E-16
5.420000E+03	9.368401E-14	3.276119E-16
5.430000E+03	9.217089E-14	3.210617E-16
5.440000E+03	9.069946E-14	3.147079E-16
5.450000E+03	8.930053E-14	3.086544E-16
5.460000E+03	8.798119E-14	3.029219E-16
5.470000E+03	8.671407E-14	2.974123E-16
5.480000E+03	8.542782E-14	2.918790E-16
5.490000E+03	8.401257E-14	2.859481E-16
5.500000E+03	8.239605E-14	2.793787E-16
5.510000E+03	8.071072E-14	2.726254E-16
5.520000E+03	7.907252E-14	2.660801E-16
5.530000E+03	7.754996E-14	2.599699E-16
5.540000E+03	7.616910E-14	2.543768E-16
5.550000E+03	7.492532E-14	2.492795E-16
5.560000E+03	7.379586E-14	2.445968E-16
5.570000E+03	7.274561E-14	2.402078E-16
5.580000E+03	7.173938E-14	2.359936E-16
5.590000E+03	7.074957E-14	2.318614E-16
5.600000E+03	6.976193E-14	2.277639E-16
5.610000E+03	6.877411E-14	2.236928E-16
5.620000E+03	6.779323E-14	2.196710E-16
5.630000E+03	6.683622E-14	2.157525E-16
5.640000E+03	6.592327E-14	2.120009E-16
5.650000E+03	6.507577E-14	2.084831E-16
5.660000E+03	6.431640E-14	2.052687E-16
5.670000E+03	6.366552E-14	2.024191E-16
5.680000E+03	6.313708E-14	1.999742E-16
5.690000E+03	6.274319E-14	1.979676E-16
5.700000E+03	6.248635E-14	1.964023E-16
5.710000E+03	6.236588E-14	1.952708E-16
5.720000E+03	6.237292E-14	1.945408E-16
5.730000E+03	6.249496E-14	1.941684E-16
5.740000E+03	6.271397E-14	1.940937E-16
5.750000E+03	6.301106E-14	1.942549E-16
5.760000E+03	6.336278E-14	1.945771E-16
5.770000E+03	6.374550E-14	1.949861E-16
5.780000E+03	6.413318E-14	1.954014E-16
5.790000E+03	6.450095E-14	1.957474E-16
5.800000E+03	6.482437E-14	1.959510E-16
5.810000E+03	6.507911E-14	1.959404E-16
5.820000E+03	6.524560E-14	1.956596E-16
5.830000E+03	6.530795E-14	1.950644E-16
5.840000E+03	6.525979E-14	1.941397E-16
5.850000E+03	6.510043E-14	1.928875E-16
5.860000E+03	6.483848E-14	1.913373E-16
5.870000E+03	6.449016E-14	1.895406E-16
5.880000E+03	6.407768E-14	1.875657E-16
5.890000E+03	6.362011E-14	1.854707E-16
5.900000E+03	6.313585E-14	1.833108E-16
5.910000E+03	6.263792E-14	1.811247E-16
5.920000E+03	6.213432E-14	1.789362E-16
5.930000E+03	6.162876E-14	1.767563E-16
5.940000E+03	6.112347E-14	1.745918E-16
5.950000E+03	6.061926E-14	1.724452E-16
5.960000E+03	6.011956E-14	1.703265E-16
5.970000E+03	5.963028E-14	1.682524E-16
5.980000E+03	5.915645E-14	1.662369E-16
5.990000E+03	5.870449E-14	1.642980E-16
6.000000E+03	5.827847E-14	1.624464E-16
6.010000E+03	5.788226E-14	1.606923E-16
6.020000E+03	5.751852E-14	1.590425E-16
6.030000E+03	5.718797E-14	1.574984E-16
6.040000E+03	5.689198E-14	1.560628E-16
6.050000E+03	5.663024E-14	1.547343E-16
6.060000E+03	5.640023E-14	1.535054E-16
6.070000E+03	5.620048E-14	1.523715E-16
6.080000E+03	5.602990E-14	1.513293E-16
6.090000E+03	5.588463E-14	1.503681E-16
6.100000E+03	5.576197E-14	1.494803E-16
6.110000E+03	5.565812E-14	1.486558E-16
6.120000E+03	5.557018E-14	1.478870E-16
6.130000E+03	5.549498E-14	1.471656E-16
6.140000E+03	5.543175E-14	1.464899E-16
6.150000E+03	5.537830E-14	1.458546E-16
6.160000E+03	5.533561E-14	1.452627E-16
6.170000E+03	5.530423E-14	1.447162E-16
6.180000E+03	5.528509E-14	1.442180E-16
6.190000E+03	5.527703E-14	1.437656E-16
6.200000E+03	5.527616E-14	1.433496E-16
6.210000E+03	5.527941E-14	1.429627E-16
6.220000E+03	5.528046E-14	1.425895E-16
6.230000E+03	5.527529E-14	1.422206E-16
6.240000E+03	5.525975E-14	1.418465E-16
6.250000E+03	5.523858E-14	1.414803E-16
6.260000E+03	5.521821E-14	1.411396E-16
6.270000E+03	5.521280E-14	1.408614E-16
6.280000E+03	5.523895E-14	1.406889E-16
6.290000E+03	5.531392E-14	1.406665E-16
6.300000E+03	5.545762E-14	1.408453E-16
6.310000E+03	5.568484E-14	1.412635E-16
6.320000E+03	5.601017E-14	1.419586E-16
6.330000E+03	5.644427E-14	1.429586E-16
6.340000E+03	5.699381E-14	1.442815E-16
6.350000E+03	5.766434E-14	1.459429E-16
6.360000E+03	5.845311E-14	1.479379E-16
6.370000E+03	5.935528E-14	1.502568E-16
6.380000E+03	6.035611E-14	1.528650E-16
6.390000E+03	6.143329E-14	1.557095E-16
6.400000E+03	6.255594E-14	1.587155E-16
6.410000E+03	6.368072E-14	1.617766E-16
6.420000E+03	6.475392E-14	1.647595E-16
6.430000E+03	6.570975E-14	1.674993E-16
6.440000E+03	6.647262E-14	1.698042E-16
6.450000E+03	6.696022E-14	1.714631E-16
6.460000E+03	6.709214E-14	1.722664E-16
6.470000E+03	6.680669E-14	1.720491E-16
6.480000E+03	6.608630E-14	1.707562E-16
6.490000E+03	6.497974E-14	1.685019E-16
6.500000E+03	6.362655E-14	1.656355E-16
6.510000E+03	6.227406E-14	1.627920E-16
6.520000E+03	6.132111E-14	1.610149E-16
6.530000E+03	6.124064E-14	1.615625E-16
6.540000E+03	6.212495E-14	1.647112E-16
6.550000E+03	6.366028E-14	1.696634E-16
6.560000E+03	6.545615E-14	1.754024E-16
6.570000E+03	6.726089E-14	1.812639E-16
6.580000E+03	6.890604E-14	1.867943E-16
6.590000E+03	7.027901E-14	1.916810E-16
6.600000E+03	7.131883E-14	1.957447E-16
6.610000E+03	7.200481E-14	1.989118E-16
6.620000E+03	7.234678E-14	2.011908E-16
6.630000E+03	7.237592E-14	2.026493E-16
6.640000E+03	7.213575E-14	2.033910E-16
6.650000E+03	7.167482E-14	2.035363E-16
6.660000E+03	7.104058E-14	2.032055E-16
6.670000E+03	7.028128E-14	2.025249E-16
6.680000E+03	6.943607E-14	2.015977E-16
6.690000E+03	6.853821E-14	2.005132E-16
6.700000E+03	6.761759E-14	1.993536E-16
6.710000E+03	6.669572E-14	1.981790E-16
6.720000E+03	6.579136E-14	1.970430E-16
6.730000E+03	6.491608E-14	1.959797E-16
6.740000E+03	6.407981E-14	1.950192E-16
6.750000E+03	6.328569E-14	1.941721E-16
6.760000E+03	6.253946E-14	1.934574E-16
6.770000E+03	6.184173E-14	1.928788E-16
6.780000E+03	6.119351E-14	1.924416E-16
6.790000E+03	6.059431E-14	1.921466E-16
6.800000E+03	6.004587E-14	1.920018E-16
6.810000E+03	5.954880E-14	1.920118E-16
6.820000E+03	5.910241E-14	1.921774E-16
6.830000E+03	5.870689E-14	1.925021E-16
6.840000E+03	5.836307E-14	1.929917E-16
6.850000E+03	5.806879E-14	1.936425E-16
6.860000E+03	5.782212E-14	1.944512E-16
6.870000E+03	5.761900E-14	1.954071E-16
6.880000E+03	5.745784E-14	1.965078E-16
6.890000E+03	5.733153E-14	1.977316E-16
6.900000E+03	5.723568E-14	1.990656E-16
6.910000E+03	5.716324E-14	2.004871E-16
6.920000E+03	5.710825E-14	2.019765E-16
6.930000E+03	5.706610E-14	2.035182E-16
6.940000E+03	5.702935E-14	2.050862E-16
6.950000E+03	5.699590E-14	2.066726E-16
6.960000E+03	5.696000E-14	2.082563E-16
6.970000E+03	5.692019E-14	2.098312E-16
6.980000E+03	5.687479E-14	2.113902E-16
6.990000E+03	5.682180E-14	2.129249E-16
7.000000E+03	5.676112E-14	2.144335E-16
7.010000E+03	5.669448E-14	2.159217E-16
7.020000E+03	5.662077E-14	2.173842E-16
7.030000E+03	5.654400E-14	2.188353E-16
7.040000E+03	5.646512E-14	2.202782E-16
7.050000E+03	5.638528E-14	2.217167E-16
7.060000E+03	5.630786E-14	2.231638E-16
7.070000E+03	5.623370E-14	2.246226E-16
7.080000E+03	5.616555E-14	2.261043E-16
7.090000E+03	5.610339E-14	2.276090E-16
7.100000E+03	5.604777E-14	2.291390E-16
7.110000E+03	5.599860E-14	2.306944E-16
7.120000E+03	5.595515E-14	2.322724E-16
7.130000E+03	5.591591E-14	2.338670E-16
7.140000E+03	5.587866E-14	2.354690E-16
7.150000E+03	5.583930E-14	2.370607E-16
7.160000E+03	5.579551E-14	2.386319E-16
7.170000E+03	5.574125E-14	2.401558E-16
7.180000E+03	5.567659E-14	2.416315E-16
7.190000E+03	5.559508E-14	2.430297E-16
7.200000E+03	5.549581E-14	2.443444E-16
7.210000E+03	5.537859E-14	2.455730E-16
7.220000E+03	5.524050E-14	2.467004E-16
7.230000E+03	5.508158E-14	2.477247E-16
7.240000E+03	5.490453E-14	2.486561E-16
7.250000E+03	5.470640E-14	2.494790E-16
7.260000E+03	5.449153E-14	2.502113E-16
7.270000E+03	5.425743E-14	2.508397E-16
7.280000E+03	5.400793E-14	2.513802E-16
7.290000E+03	5.374247E-14	2.518284E-16
7.300000E+03	5.346554E-14	2.522040E-16
7.310000E+03	5.317838E-14	2.525115E-16
7.320000E+03	5.288241E-14	2.527569E-16
7.330000E+03	5.258153E-14	2.529578E-16
7.340000E+03	5.227730E-14	2.531212E-16
7.350000E+03	5.197354E-14	2.532655E-16
7.360000E+03	5.167268E-14	2.534024E-16
7.370000E+03	5.137445E-14	2.535309E-16
7.380000E+03	5.108293E-14	2.536713E-16
7.390000E+03	5.079817E-14	2.538245E-16
7.400000E+03	5.052095E-14	2.539950E-16
7.410000E+03	5.025042E-14	2.541791E-16
7.420000E+03	4.998888E-14	2.543891E-16
7.430000E+03	4.973374E-14	2.546125E-16
7.440000E+03	4.948680E-14	2.548592E-16
7.450000E+03	4.924505E-14	2.551142E-16
7.460000E+03	4.900766E-14	2.553736E-16
7.470000E+03	4.877606E-14	2.556454E-16
7.480000E+03	4.854814E-14	2.559190E-16
7.490000E+03	4.832304E-14	2.561899E-16
7.500000E+03	4.810113E-14	2.564606E-16
7.510000E+03	4.788181E-14	2.567280E-16
7.520000E+03	4.766468E-14	2.569902E-16
7.530000E+03	4.745078E-14	2.572529E-16
7.540000E+03	4.724027E-14	2.575174E-16
7.550000E+03	4.703477E-14	2.577929E-16
7.560000E+03	4.683372E-14	2.580767E-16
7.570000E+03	4.663788E-14	2.583734E-16
7.580000E+03	4.645034E-14	2.587006E-16
7.590000E+03	4.627044E-14	2.590554E-16
7.600000E+03	4.609966E-14	2.594469E-16
7.610000E+03	4.593790E-14	2.598752E-16
7.620000E+03	4.578468E-14	2.603384E-16
7.630000E+03	4.563908E-14	2.608320E-16
7.640000E+03	4.549979E-14	2.613491E-16
7.650000E+03	4.536751E-14	2.618944E-16
7.660000E+03	4.523758E-14	2.624412E-16
7.670000E+03	4.510973E-14	2.629885E-16
7.680000E+03	4.497972E-14	2.635114E-16
7.690000E+03	4.484432E-14	2.639908E-16
7.700000E+03	4.470275E-14	2.644215E-16
7.710000E+03	4.454945E-14	2.647701E-16
7.720000E+03	4.438287E-14	2.650263E-16
7.730000E+03	4.420065E-14	2.651750E-16
7.740000E+03	4.400225E-14	2.652113E-16
7.750000E+03	4.378520E-14	2.651193E-16
7.760000E+03	4.355022E-14	2.649017E-16
7.770000E+03	4.329734E-14	2.645572E-16
7.780000E+03	4.302592E-14	2.640805E-16
7.790000E+03	4.273956E-14	2.634924E-16
7.800000E+03	4.243848E-14	2.627931E-16
7.810000E+03	4.212441E-14	2.619921E-16
7.820000E+03	4.179935E-14	2.611010E-16
7.830000E+03	4.146660E-14	2.601397E-16
7.840000E+03	4.112701E-14	2.591130E-16
7.850000E+03	4.078394E-14	2.580418E-16
7.860000E+03	4.043945E-14	2.569389E-16
7.870000E+03	4.009423E-14	2.558087E-16
7.880000E+03	3.975277E-14	2.546800E-16
7.890000E+03	3.941461E-14	2.535503E-16
7.900000E+03	3.908439E-14	2.524499E-16
7.910000E+03	3.876203E-14	2.513790E-16
7.920000E+03	3.845150E-14	2.503641E-16
7.930000E+03	3.815703E-14	2.494340E-16
7.940000E+03	3.788062E-14	2.486030E-16
7.950000E+03	3.762561E-14	2.478948E-16
7.960000E+03	3.739528E-14	2.473325E-16
7.970000E+03	3.719262E-14	2.469382E-16
7.980000E+03	3.702017E-14	2.467310E-16
7.990000E+03	3.688106E-14	2.467339E-16
8.000000E+03	3.677403E-14	2.469413E-16
8.010000E+03	3.670204E-14	2.473755E-16
8.020000E+03	3.666373E-14	2.480299E-16
8.030000E+03	3.665842E-14	2.489025E-16
8.040000E+03	3.668622E-14	2.499964E-16
8.050000E+03	3.674299E-14	2.512858E-16
8.060000E+03	3.682800E-14	2.527678E-16
8.070000E+03	3.693891E-14	2.544283E-16
8.080000E+03	3.707302E-14	2.562506E-16
8.090000E+03	3.722748E-14	2.582163E-16
8.100000E+03	3.739919E-14	2.603056E-16
8.110000E+03	3.758366E-14	2.624881E-16
8.120000E+03	3.777907E-14	2.647519E-16
8.130000E+03	3.798098E-14	2.670666E-16
8.140000E+03	3.818787E-14	2.694218E-16
8.150000E+03	3.839573E-14	2.717894E-16
8.160000E+03	3.860219E-14	2.741527E-16
8.170000E+03	3.880654E-14	2.765063E-16
8.180000E+03	3.900420E-14	2.788174E-16
8.190000E+03	3.919634E-14	2.810937E-16
8.200000E+03	3.938013E-14	2.833146E-16
8.210000E+03	3.955287E-14	2.854599E-16
8.220000E+03	3.971631E-14	2.875414E-16
8.230000E+03	3.986661E-14	2.895305E-16
8.240000E+03	4.000305E-14	2.914212E-16
8.250000E+03	4.012816E-14	2.932309E-16
8.260000E+03	4.023896E-14	2.949370E-16
8.270000E+03	4.033575E-14	2.965406E-16
8.280000E+03	4.042063E-14	2.980564E-16
8.290000E+03	4.049144E-14	2.994675E-16
8.300000E+03	4.055358E-14	3.008130E-16
8.310000E+03	4.060343E-14	3.020655E-16
8.320000E+03	4.064474E-14	3.032521E-16
8.330000E+03	4.067501E-14	3.043536E-16
8.340000E+03	4.069747E-14	3.053934E-16
8.350000E+03	4.070891E-14	3.063469E-16
8.360000E+03	4.071039E-14	3.072214E-16
8.370000E+03	4.070104E-14	3.080098E-16
8.380000E+03	4.067979E-14	3.087031E-16
8.390000E+03	4.064389E-14	3.092798E-16
8.400000E+03	4.059358E-14	3.097408E-16
8.410000E+03	4.052777E-14	3.100769E-16
8.420000E+03	4.044407E-14	3.102687E-16
8.430000E+03	4.034198E-14	3.103115E-16
8.440000E+03	4.022299E-14	3.102155E-16
8.450000E+03	4.008597E-14	3.099711E-16
8.460000E+03	3.993185E-14	3.095844E-16
8.470000E+03	3.976200E-14	3.090651E-16
8.480000E+03	3.957822E-14	3.084264E-16
8.490000E+03	3.938411E-14	3.076956E-16
8.500000E+03	3.917903E-14	3.068672E-16
8.510000E+03	3.896836E-14	3.059828E-16
8.520000E+03	3.875155E-14	3.050378E-16
8.530000E+03	3.853239E-14	3.040619E-16
8.540000E+03	3.831157E-14	3.030604E-16
8.550000E+03	3.809387E-14	3.020713E-16
8.560000E+03	3.787804E-14	3.010848E-16
8.570000E+03	3.766543E-14	3.001120E-16
8.580000E+03	3.745858E-14	2.991734E-16
8.590000E+03	3.725694E-14	2.982648E-16
8.600000E+03	3.706260E-14	2.974036E-16
8.610000E+03	3.687475E-14	2.965836E-16
8.620000E+03	3.669388E-14	2.958093E-16
8.630000E+03	3.652051E-14	2.950852E-16
8.640000E+03	3.635513E-14	2.944159E-16
8.650000E+03	3.619831E-14	2.938064E-16
8.660000E+03	3.605057E-14	2.932616E-16
8.670000E+03	3.591254E-14	2.927870E-16
8.680000E+03	3.578475E-14	2.923877E-16
8.690000E+03	3.566644E-14	2.920580E-16
8.700000E+03	3.555949E-14	2.918138E-16
8.710000E+03	3.546434E-14	2.916595E-16
8.720000E+03	3.537996E-14	2.915871E-16
8.730000E+03	3.530656E-14	2.915992E-16
8.740000E+03	3.524422E-14	2.916968E-16
8.750000E+03	3.519286E-14	2.918800E-16
8.760000E+03	3.515367E-14	2.921593E-16
8.770000E+03	3.512372E-14	2.925108E-16
8.780000E+03	3.510399E-14	2.929434E-16
8.790000E+03	3.509410E-14	2.934543E-16
8.800000E+03	3.509217E-14	2.940282E-16
8.810000E+03	3.509891E-14	2.946716E-16
8.820000E+03	3.511090E-14	2.953562E-16
8.830000E+03	3.513003E-14	2.960981E-16
8.840000E+03	3.515405E-14	2.968787E-16
8.850000E+03	3.518072E-14	2.976793E-16
8.860000E+03	3.521189E-14	2.985157E-16
8.870000E+03	3.524404E-14	2.993583E-16
8.880000E+03	3.527914E-14	3.002238E-16
8.890000E+03	3.531653E-14	3.011068E-16
8.900000E+03	3.535418E-14	3.019901E-16
8.910000E+03	3.539143E-14	3.028679E-16
8.920000E+03	3.542900E-14	3.037466E-16
8.930000E+03	3.546764E-14	3.046324E-16
8.940000E+03	3.550249E-14	3.054837E-16
8.950000E+03	3.553708E-14	3.063307E-16
8.960000E+03	3.556944E-14	3.071565E-16
8.970000E+03	3.559903E-14	3.079562E-16
8.980000E+03	3.562544E-14	3.087260E-16
8.990000E+03	3.564827E-14	3.094626E-16
9.000000E+03	3.566732E-14	3.101639E-16
9.040000E+03	3.571113E-14	3.126606E-16
9.080000E+03	3.571260E-14	3.147412E-16
9.120000E+03	3.566339E-14	3.163249E-16
9.160000E+03	3.553682E-14	3.171663E-16
9.200000E+03	3.532406E-14	3.171743E-16
9.240000E+03	3.506165E-14	3.166667E-16
9.280000E+03	3.479656E-14	3.160640E-16
9.320000E+03	3.451279E-14	3.152215E-16
9.360000E+03	3.413628E-14	3.134581E-16
9.400000E+03	3.362117E-14	3.103390E-16
9.440000E+03	3.299119E-14	3.060668E-16
9.480000E+03	3.226388E-14	3.007918E-16
9.520000E+03	3.141480E-14	2.942750E-16
9.560000E+03	3.041272E-14	2.862096E-16
9.600000E+03	2.927739E-14	2.767663E-16
9.640000E+03	2.807192E-14	2.665315E-16
9.680000E+03	2.688213E-14	2.563193E-16
9.720000E+03	2.578409E-14	2.468638E-16
9.760000E+03	2.482454E-14	2.386291E-16
9.800000E+03	2.401426E-14	2.317383E-16
9.840000E+03	2.335261E-14	2.262050E-16
9.880000E+03	2.282851E-14	2.219398E-16
9.920000E+03	2.242633E-14	2.188068E-16
9.960000E+03	2.211256E-14	2.164923E-16
1.000000E+04	2.185562E-14	2.146961E-16
1.004000E+04	2.164195E-14	2.132912E-16
1.008000E+04	2.146923E-14	2.122599E-16
1.012000E+04	2.133931E-14	2.116250E-16
1.016000E+04	2.124323E-14	2.113023E-16
1.020000E+04	2.117095E-14	2.111950E-16
1.024000E+04	2.111315E-14	2.112124E-16
1.028000E+04	2.106723E-14	2.113304E-16
1.032000E+04	2.102505E-14	2.114684E-16
