#wls	flux	fluxerr
1.600000E+03	9.421780E-16	4.905124E-17
1.640000E+03	9.566699E-16	4.950598E-17
1.680000E+03	9.725627E-16	5.001750E-17
1.720000E+03	9.888969E-16	5.053512E-17
1.760000E+03	1.005712E-15	5.106004E-17
1.800000E+03	1.023558E-15	5.161926E-17
1.840000E+03	1.041979E-15	5.218846E-17
1.880000E+03	1.061539E-15	5.279476E-17
1.920000E+03	1.082298E-15	5.343967E-17
1.960000E+03	1.103810E-15	5.409954E-17
2.000000E+03	1.127182E-15	5.482705E-17
2.040000E+03	1.151456E-15	5.557358E-17
2.080000E+03	1.177239E-15	5.636678E-17
2.120000E+03	1.204627E-15	5.720905E-17
2.160000E+03	1.233727E-15	5.810318E-17
2.200000E+03	1.264651E-15	5.905201E-17
2.240000E+03	1.298071E-15	6.008410E-17
2.280000E+03	1.334140E-15	6.120296E-17
2.320000E+03	1.372457E-15	6.238681E-17
2.360000E+03	1.414317E-15	6.369076E-17
2.400000E+03	1.458776E-15	6.506790E-17
2.440000E+03	1.507764E-15	6.659983E-17
2.480000E+03	1.560357E-15	6.824003E-17
2.520000E+03	1.617981E-15	7.004527E-17
2.560000E+03	1.680309E-15	7.199472E-17
2.600000E+03	1.748222E-15	7.411942E-17
2.640000E+03	1.822005E-15	7.642389E-17
2.680000E+03	1.901926E-15	7.891144E-17
2.720000E+03	1.989539E-15	8.163784E-17
2.760000E+03	2.085090E-15	8.460323E-17
2.800000E+03	2.188048E-15	8.777613E-17
2.840000E+03	2.299076E-15	9.117390E-17
2.880000E+03	2.419393E-15	9.483478E-17
2.920000E+03	2.548550E-15	9.873064E-17
2.960000E+03	2.685649E-15	1.028176E-16
3.000000E+03	2.829931E-15	1.070592E-16
3.010000E+03	2.867138E-15	1.081437E-16
3.020000E+03	2.904178E-15	1.092142E-16
3.030000E+03	2.942537E-15	1.103266E-16
3.040000E+03	2.980627E-15	1.114211E-16
3.050000E+03	3.018381E-15	1.124956E-16
3.060000E+03	3.057288E-15	1.136053E-16
3.070000E+03	3.095724E-15	1.146900E-16
3.080000E+03	3.134391E-15	1.157758E-16
3.090000E+03	3.172422E-15	1.168307E-16
3.100000E+03	3.211299E-15	1.179096E-16
3.110000E+03	3.249354E-15	1.189510E-16
3.120000E+03	3.287270E-15	1.199805E-16
3.130000E+03	3.324938E-15	1.209941E-16
3.140000E+03	3.362241E-15	1.219877E-16
3.150000E+03	3.399052E-15	1.229570E-16
3.160000E+03	3.435238E-15	1.238976E-16
3.170000E+03	3.470657E-15	1.248046E-16
3.180000E+03	3.505161E-15	1.256730E-16
3.190000E+03	3.537800E-15	1.264693E-16
3.200000E+03	3.569992E-15	1.272449E-16
3.210000E+03	3.600773E-15	1.279656E-16
3.220000E+03	3.629967E-15	1.286257E-16
3.230000E+03	3.658169E-15	1.292471E-16
3.240000E+03	3.683626E-15	1.297683E-16
3.250000E+03	3.707702E-15	1.302382E-16
3.260000E+03	3.728652E-15	1.305962E-16
3.270000E+03	3.747823E-15	1.308905E-16
3.280000E+03	3.765007E-15	1.311145E-16
3.290000E+03	3.779240E-15	1.312354E-16
3.300000E+03	3.790337E-15	1.312477E-16
3.310000E+03	3.798118E-15	1.311464E-16
3.320000E+03	3.803150E-15	1.309520E-16
3.330000E+03	3.805256E-15	1.306593E-16
3.340000E+03	3.803561E-15	1.302393E-16
3.350000E+03	3.798658E-15	1.297134E-16
3.360000E+03	3.789738E-15	1.290550E-16
3.370000E+03	3.777424E-15	1.282866E-16
3.380000E+03	3.760993E-15	1.273845E-16
3.390000E+03	3.741776E-15	1.263949E-16
3.400000E+03	3.718471E-15	1.252747E-16
3.410000E+03	3.691818E-15	1.240500E-16
3.420000E+03	3.661934E-15	1.227255E-16
3.430000E+03	3.628996E-15	1.213080E-16
3.440000E+03	3.593233E-15	1.198058E-16
3.450000E+03	3.554939E-15	1.182295E-16
3.460000E+03	3.514469E-15	1.165915E-16
3.470000E+03	3.472788E-15	1.149241E-16
3.480000E+03	3.429277E-15	1.132071E-16
3.490000E+03	3.385559E-15	1.114944E-16
3.500000E+03	3.341696E-15	1.097879E-16
3.510000E+03	3.298841E-15	1.081255E-16
3.520000E+03	3.257184E-15	1.065130E-16
3.530000E+03	3.217924E-15	1.049892E-16
3.540000E+03	3.181318E-15	1.035617E-16
3.550000E+03	3.148525E-15	1.022677E-16
3.560000E+03	3.120168E-15	1.011265E-16
3.570000E+03	3.096764E-15	1.001536E-16
3.580000E+03	3.078264E-15	9.934662E-17
3.590000E+03	3.065662E-15	9.873642E-17
3.600000E+03	3.058103E-15	9.829442E-17
3.610000E+03	3.056106E-15	9.803629E-17
3.620000E+03	3.058789E-15	9.793279E-17
3.630000E+03	3.065493E-15	9.796209E-17
3.640000E+03	3.075427E-15	9.809830E-17
3.650000E+03	3.088094E-15	9.832499E-17
3.660000E+03	3.102609E-15	9.861359E-17
3.670000E+03	3.117785E-15	9.892610E-17
3.680000E+03	3.133267E-15	9.925111E-17
3.690000E+03	3.148134E-15	9.955948E-17
3.700000E+03	3.162704E-15	9.986130E-17
3.710000E+03	3.176129E-15	1.001298E-16
3.720000E+03	3.189173E-15	1.003893E-16
3.730000E+03	3.201849E-15	1.006401E-16
3.740000E+03	3.214788E-15	1.009021E-16
3.750000E+03	3.228909E-15	1.012039E-16
3.760000E+03	3.245732E-15	1.015930E-16
3.770000E+03	3.266722E-15	1.021148E-16
3.780000E+03	3.293305E-15	1.028133E-16
3.790000E+03	3.327775E-15	1.037593E-16
3.800000E+03	3.372339E-15	1.050207E-16
3.810000E+03	3.429420E-15	1.066716E-16
3.820000E+03	3.501626E-15	1.087919E-16
3.830000E+03	3.591745E-15	1.114666E-16
3.840000E+03	3.702714E-15	1.147849E-16
3.850000E+03	3.837912E-15	1.188498E-16
3.860000E+03	4.000517E-15	1.237572E-16
3.870000E+03	4.193413E-15	1.295941E-16
3.880000E+03	4.420090E-15	1.364658E-16
3.890000E+03	4.683567E-15	1.444628E-16
3.900000E+03	4.986560E-15	1.536661E-16
3.910000E+03	5.331283E-15	1.641411E-16
3.920000E+03	5.719231E-15	1.759309E-16
3.930000E+03	6.151367E-15	1.890624E-16
3.940000E+03	6.626631E-15	2.035002E-16
3.950000E+03	7.143403E-15	2.191923E-16
3.960000E+03	7.698057E-15	2.360251E-16
3.970000E+03	8.284700E-15	2.538163E-16
3.980000E+03	8.897252E-15	2.723783E-16
3.990000E+03	9.525684E-15	2.914033E-16
4.000000E+03	1.016048E-14	3.106003E-16
4.010000E+03	1.078873E-14	3.295753E-16
4.020000E+03	1.139725E-14	3.479267E-16
4.030000E+03	1.197024E-14	3.651745E-16
4.040000E+03	1.249237E-14	3.808540E-16
4.050000E+03	1.294748E-14	3.944762E-16
4.060000E+03	1.332024E-14	4.055785E-16
4.070000E+03	1.359741E-14	4.137629E-16
4.080000E+03	1.376920E-14	4.187373E-16
4.090000E+03	1.383063E-14	4.203556E-16
4.100000E+03	1.378302E-14	4.186636E-16
4.110000E+03	1.363217E-14	4.138432E-16
4.120000E+03	1.339073E-14	4.062831E-16
4.130000E+03	1.307440E-14	3.964631E-16
4.140000E+03	1.270355E-14	3.850045E-16
4.150000E+03	1.229733E-14	3.724893E-16
4.160000E+03	1.187629E-14	3.595410E-16
4.170000E+03	1.145877E-14	3.467147E-16
4.180000E+03	1.106077E-14	3.344938E-16
4.190000E+03	1.069561E-14	3.232794E-16
4.200000E+03	1.037440E-14	3.134055E-16
4.210000E+03	1.010508E-14	3.051090E-16
4.220000E+03	9.894164E-15	2.985842E-16
4.230000E+03	9.747096E-15	2.939923E-16
4.240000E+03	9.667437E-15	2.914371E-16
4.250000E+03	9.658266E-15	2.910084E-16
4.260000E+03	9.722157E-15	2.927799E-16
4.270000E+03	9.860090E-15	2.967777E-16
4.280000E+03	1.007260E-14	3.030141E-16
4.290000E+03	1.035848E-14	3.114488E-16
4.300000E+03	1.071390E-14	3.219634E-16
4.310000E+03	1.113443E-14	3.344210E-16
4.320000E+03	1.161038E-14	3.485272E-16
4.330000E+03	1.213004E-14	3.639278E-16
4.340000E+03	1.267610E-14	3.801012E-16
4.350000E+03	1.322709E-14	3.964019E-16
4.360000E+03	1.375572E-14	4.120123E-16
4.370000E+03	1.423327E-14	4.260728E-16
4.380000E+03	1.463010E-14	4.376991E-16
4.390000E+03	1.492580E-14	4.462850E-16
4.400000E+03	1.511631E-14	4.517135E-16
4.410000E+03	1.521546E-14	4.544031E-16
4.420000E+03	1.524992E-14	4.551547E-16
4.430000E+03	1.525137E-14	4.549162E-16
4.440000E+03	1.525346E-14	4.546929E-16
4.450000E+03	1.529084E-14	4.555162E-16
4.460000E+03	1.539490E-14	4.583189E-16
4.470000E+03	1.559722E-14	4.640362E-16
4.480000E+03	1.592633E-14	4.735104E-16
4.490000E+03	1.640925E-14	4.875361E-16
4.500000E+03	1.707047E-14	5.068305E-16
4.510000E+03	1.793239E-14	5.320464E-16
4.520000E+03	1.901206E-14	5.636756E-16
4.530000E+03	2.032106E-14	6.020464E-16
4.540000E+03	2.186252E-14	6.472347E-16
4.550000E+03	2.362609E-14	6.989174E-16
4.560000E+03	2.558788E-14	7.563710E-16
4.570000E+03	2.770599E-14	8.183427E-16
4.580000E+03	2.992086E-14	8.830607E-16
4.590000E+03	3.215760E-14	9.483075E-16
4.600000E+03	3.432619E-14	1.011426E-15
4.610000E+03	3.633028E-14	1.069582E-15
4.620000E+03	3.807069E-14	1.119867E-15
4.630000E+03	3.945449E-14	1.159568E-15
4.640000E+03	4.040450E-14	1.186444E-15
4.650000E+03	4.086670E-14	1.198942E-15
4.660000E+03	4.081941E-14	1.196464E-15
4.670000E+03	4.027705E-14	1.179474E-15
4.680000E+03	3.928961E-14	1.149474E-15
4.690000E+03	3.793877E-14	1.108889E-15
4.700000E+03	3.632994E-14	1.060831E-15
4.710000E+03	3.457667E-14	1.008636E-15
4.720000E+03	3.279442E-14	9.556821E-16
4.730000E+03	3.108618E-14	9.049737E-16
4.740000E+03	2.953816E-14	8.590130E-16
4.750000E+03	2.821943E-14	8.197943E-16
4.760000E+03	2.717957E-14	7.887367E-16
4.770000E+03	2.645405E-14	7.668442E-16
4.780000E+03	2.606324E-14	7.546771E-16
4.790000E+03	2.601903E-14	7.525479E-16
4.800000E+03	2.632450E-14	7.605115E-16
4.810000E+03	2.697583E-14	7.784227E-16
4.820000E+03	2.796294E-14	8.059551E-16
4.830000E+03	2.926716E-14	8.425355E-16
4.840000E+03	3.086092E-14	8.873367E-16
4.850000E+03	3.270715E-14	9.392614E-16
4.860000E+03	3.475777E-14	9.969014E-16
4.870000E+03	3.695526E-14	1.058584E-15
4.880000E+03	3.923161E-14	1.122345E-15
4.890000E+03	4.151136E-14	1.186016E-15
4.900000E+03	4.371312E-14	1.247272E-15
4.910000E+03	4.575951E-14	1.303913E-15
4.920000E+03	4.758386E-14	1.354058E-15
4.930000E+03	4.914376E-14	1.396525E-15
4.940000E+03	5.042928E-14	1.431062E-15
4.950000E+03	5.145665E-14	1.458159E-15
4.960000E+03	5.225715E-14	1.478731E-15
4.970000E+03	5.285937E-14	1.493614E-15
4.980000E+03	5.327334E-14	1.503113E-15
4.990000E+03	5.348023E-14	1.506722E-15
5.000000E+03	5.343131E-14	1.503096E-15
5.010000E+03	5.306319E-14	1.490486E-15
5.020000E+03	5.231415E-14	1.467204E-15
5.030000E+03	5.115397E-14	1.432453E-15
5.040000E+03	4.959312E-14	1.386581E-15
5.050000E+03	4.769458E-14	1.331401E-15
5.060000E+03	4.556275E-14	1.269870E-15
5.070000E+03	4.333135E-14	1.205741E-15
5.080000E+03	4.114112E-14	1.142942E-15
5.090000E+03	3.912031E-14	1.085027E-15
5.100000E+03	3.737600E-14	1.034939E-15
5.110000E+03	3.598272E-14	9.947038E-16
5.120000E+03	3.498742E-14	9.655697E-16
5.130000E+03	3.440806E-14	9.479773E-16
5.140000E+03	3.423946E-14	9.417271E-16
5.150000E+03	3.445699E-14	9.460858E-16
5.160000E+03	3.501971E-14	9.598767E-16
5.170000E+03	3.587468E-14	9.816021E-16
5.180000E+03	3.696076E-14	1.009551E-15
5.190000E+03	3.821317E-14	1.041922E-15
5.200000E+03	3.956746E-14	1.076938E-15
5.210000E+03	4.096505E-14	1.112992E-15
5.220000E+03	4.235889E-14	1.148802E-15
5.230000E+03	4.371410E-14	1.183423E-15
5.240000E+03	4.501324E-14	1.216390E-15
5.250000E+03	4.625511E-14	1.247680E-15
5.260000E+03	4.744973E-14	1.277570E-15
5.270000E+03	4.861818E-14	1.306635E-15
5.280000E+03	4.978363E-14	1.335501E-15
5.290000E+03	5.096893E-14	1.364779E-15
5.300000E+03	5.218911E-14	1.394871E-15
5.310000E+03	5.344932E-14	1.425908E-15
5.320000E+03	5.474546E-14	1.457776E-15
5.330000E+03	5.606336E-14	1.490095E-15
5.340000E+03	5.737907E-14	1.522226E-15
5.350000E+03	5.866026E-14	1.553316E-15
5.360000E+03	5.986735E-14	1.582324E-15
5.370000E+03	6.095204E-14	1.607989E-15
5.380000E+03	6.185824E-14	1.628853E-15
5.390000E+03	6.252583E-14	1.643364E-15
5.400000E+03	6.289613E-14	1.650019E-15
5.410000E+03	6.292729E-14	1.647767E-15
5.420000E+03	6.260527E-14	1.636292E-15
5.430000E+03	6.196248E-14	1.616492E-15
5.440000E+03	6.108239E-14	1.590589E-15
5.450000E+03	6.010186E-14	1.562174E-15
5.460000E+03	5.919419E-14	1.535758E-15
5.470000E+03	5.854223E-14	1.516067E-15
5.480000E+03	5.831882E-14	1.507534E-15
5.490000E+03	5.864426E-14	1.513201E-15
5.500000E+03	5.952860E-14	1.533254E-15
5.510000E+03	6.084104E-14	1.564253E-15
5.520000E+03	6.235166E-14	1.600241E-15
5.530000E+03	6.379903E-14	1.634496E-15
5.540000E+03	6.494506E-14	1.660940E-15
5.550000E+03	6.562081E-14	1.675301E-15
5.560000E+03	6.576044E-14	1.675963E-15
5.570000E+03	6.540971E-14	1.664162E-15
5.580000E+03	6.471351E-14	1.643640E-15
5.590000E+03	6.387412E-14	1.619569E-15
5.600000E+03	6.310703E-14	1.597422E-15
5.610000E+03	6.260016E-14	1.581936E-15
5.620000E+03	6.248018E-14	1.576273E-15
5.630000E+03	6.278967E-14	1.581455E-15
5.640000E+03	6.347669E-14	1.596122E-15
5.650000E+03	6.439385E-14	1.616525E-15
5.660000E+03	6.530807E-14	1.636797E-15
5.670000E+03	6.592920E-14	1.649675E-15
5.680000E+03	6.596424E-14	1.647878E-15
5.690000E+03	6.517782E-14	1.625603E-15
5.700000E+03	6.344496E-14	1.579839E-15
5.710000E+03	6.077739E-14	1.510988E-15
5.720000E+03	5.732602E-14	1.422906E-15
5.730000E+03	5.334716E-14	1.322035E-15
5.740000E+03	4.915466E-14	1.216202E-15
5.750000E+03	4.506272E-14	1.113190E-15
5.760000E+03	4.134324E-14	1.019692E-15
5.770000E+03	3.820158E-14	9.407181E-16
5.780000E+03	3.577387E-14	8.795473E-16
5.790000E+03	3.414030E-14	8.380631E-16
5.800000E+03	3.334240E-14	8.171904E-16
5.810000E+03	3.340272E-14	8.173840E-16
5.820000E+03	3.433773E-14	8.389468E-16
5.830000E+03	3.616334E-14	8.821663E-16
5.840000E+03	3.888765E-14	9.471380E-16
5.850000E+03	4.249684E-14	1.033423E-15
5.860000E+03	4.693308E-14	1.139517E-15
5.870000E+03	5.207015E-14	1.262266E-15
5.880000E+03	5.769647E-14	1.396470E-15
5.890000E+03	6.351610E-14	1.534923E-15
5.900000E+03	6.916764E-14	1.668883E-15
5.910000E+03	7.427256E-14	1.789251E-15
5.920000E+03	7.849313E-14	1.887967E-15
5.930000E+03	8.158730E-14	1.959318E-15
5.940000E+03	8.343981E-14	2.000667E-15
5.950000E+03	8.406911E-14	2.012596E-15
5.960000E+03	8.359875E-14	1.998198E-15
5.970000E+03	8.222161E-14	1.962197E-15
5.980000E+03	8.016411E-14	1.910091E-15
5.990000E+03	7.764880E-14	1.847251E-15
6.000000E+03	7.487697E-14	1.778509E-15
6.010000E+03	7.202037E-14	1.707967E-15
6.020000E+03	6.921857E-14	1.638937E-15
6.030000E+03	6.658131E-14	1.574009E-15
6.040000E+03	6.419203E-14	1.515134E-15
6.050000E+03	6.211388E-14	1.463771E-15
6.060000E+03	6.038983E-14	1.420897E-15
6.070000E+03	5.904855E-14	1.387146E-15
6.080000E+03	5.809929E-14	1.362691E-15
6.090000E+03	5.753584E-14	1.347345E-15
6.100000E+03	5.733007E-14	1.340407E-15
6.110000E+03	5.743362E-14	1.340708E-15
6.120000E+03	5.778075E-14	1.346683E-15
6.130000E+03	5.829524E-14	1.356530E-15
6.140000E+03	5.889951E-14	1.368430E-15
6.150000E+03	5.952692E-14	1.380828E-15
6.160000E+03	6.013259E-14	1.392682E-15
6.170000E+03	6.069758E-14	1.403557E-15
6.180000E+03	6.122866E-14	1.413615E-15
6.190000E+03	6.174608E-14	1.423326E-15
6.200000E+03	6.227498E-14	1.433272E-15
6.210000E+03	6.282875E-14	1.443760E-15
6.220000E+03	6.340035E-14	1.454625E-15
6.230000E+03	6.395550E-14	1.465083E-15
6.240000E+03	6.442926E-14	1.473650E-15
6.250000E+03	6.473477E-14	1.478352E-15
6.260000E+03	6.476374E-14	1.476738E-15
6.270000E+03	6.440327E-14	1.466269E-15
6.280000E+03	6.354126E-14	1.444436E-15
6.290000E+03	6.208607E-14	1.409213E-15
6.300000E+03	5.998066E-14	1.359368E-15
6.310000E+03	5.721912E-14	1.294833E-15
6.320000E+03	5.385516E-14	1.216888E-15
6.330000E+03	5.000564E-14	1.128229E-15
6.340000E+03	4.583904E-14	1.032696E-15
6.350000E+03	4.155555E-14	9.348240E-16
6.360000E+03	3.735850E-14	8.391869E-16
6.370000E+03	3.343198E-14	7.499029E-16
6.380000E+03	2.991970E-14	6.701609E-16
6.390000E+03	2.692092E-14	6.021385E-16
6.400000E+03	2.449216E-14	5.470465E-16
6.410000E+03	2.265892E-14	5.053975E-16
6.420000E+03	2.143094E-14	4.773516E-16
6.430000E+03	2.081644E-14	4.630348E-16
6.440000E+03	2.083437E-14	4.628122E-16
6.450000E+03	2.152542E-14	4.775299E-16
6.460000E+03	2.295725E-14	5.086286E-16
6.470000E+03	2.523065E-14	5.582749E-16
6.480000E+03	2.847959E-14	6.293593E-16
6.490000E+03	3.287299E-14	7.255294E-16
6.500000E+03	3.861128E-14	8.511104E-16
6.510000E+03	4.592141E-14	1.010991E-15
6.520000E+03	5.503502E-14	1.210138E-15
6.530000E+03	6.609225E-14	1.451486E-15
6.540000E+03	7.886553E-14	1.729891E-15
6.550000E+03	9.248741E-14	2.026211E-15
6.560000E+03	1.055316E-13	2.309172E-15
6.570000E+03	1.163757E-13	2.543359E-15
6.580000E+03	1.236850E-13	2.699814E-15
6.590000E+03	1.268104E-13	2.764663E-15
6.600000E+03	1.259060E-13	2.741588E-15
6.610000E+03	1.217439E-13	2.647701E-15
6.620000E+03	1.153906E-13	2.506426E-15
6.630000E+03	1.079003E-13	2.340811E-15
6.640000E+03	1.001274E-13	2.169460E-15
6.650000E+03	9.266138E-14	2.005150E-15
6.660000E+03	8.584608E-14	1.855292E-15
6.670000E+03	7.983825E-14	1.723218E-15
6.680000E+03	7.466657E-14	1.609480E-15
6.690000E+03	7.028655E-14	1.513054E-15
6.700000E+03	6.661476E-14	1.432078E-15
6.710000E+03	6.355551E-14	1.364441E-15
6.720000E+03	6.101270E-14	1.308029E-15
6.730000E+03	5.889793E-14	1.260905E-15
6.740000E+03	5.713354E-14	1.221372E-15
6.750000E+03	5.565293E-14	1.187976E-15
6.760000E+03	5.439956E-14	1.159488E-15
6.770000E+03	5.332563E-14	1.134867E-15
6.780000E+03	5.239148E-14	1.113255E-15
6.790000E+03	5.156298E-14	1.093914E-15
6.800000E+03	5.081266E-14	1.076251E-15
6.810000E+03	5.011938E-14	1.059813E-15
6.820000E+03	4.946673E-14	1.044246E-15
6.830000E+03	4.884466E-14	1.029335E-15
6.840000E+03	4.824954E-14	1.015000E-15
6.850000E+03	4.768285E-14	1.001270E-15
6.860000E+03	4.715036E-14	9.882629E-16
6.870000E+03	4.666184E-14	9.761790E-16
6.880000E+03	4.622695E-14	9.652153E-16
6.890000E+03	4.585535E-14	9.555668E-16
6.900000E+03	4.555393E-14	9.473689E-16
6.910000E+03	4.532607E-14	9.406830E-16
6.920000E+03	4.517285E-14	9.355219E-16
6.930000E+03	4.509186E-14	9.318255E-16
6.940000E+03	4.507746E-14	9.294673E-16
6.950000E+03	4.512259E-14	9.282923E-16
6.960000E+03	4.521724E-14	9.280858E-16
6.970000E+03	4.534845E-14	9.285748E-16
6.980000E+03	4.550202E-14	9.294627E-16
6.990000E+03	4.566176E-14	9.304152E-16
7.000000E+03	4.581065E-14	9.310848E-16
7.010000E+03	4.593366E-14	9.311669E-16
7.020000E+03	4.601739E-14	9.303947E-16
7.030000E+03	4.605116E-14	9.285578E-16
7.040000E+03	4.602924E-14	9.255488E-16
7.050000E+03	4.594903E-14	9.213250E-16
7.060000E+03	4.581369E-14	9.159590E-16
7.070000E+03	4.562759E-14	9.095482E-16
7.080000E+03	4.540144E-14	9.023145E-16
7.090000E+03	4.514548E-14	8.944685E-16
7.100000E+03	4.487482E-14	8.863150E-16
7.110000E+03	4.460331E-14	8.781299E-16
7.120000E+03	4.434626E-14	8.702151E-16
7.130000E+03	4.411939E-14	8.628759E-16
7.140000E+03	4.393649E-14	8.563757E-16
7.150000E+03	4.381005E-14	8.509494E-16
7.160000E+03	4.375053E-14	8.467883E-16
7.170000E+03	4.376462E-14	8.440081E-16
7.180000E+03	4.385461E-14	8.426377E-16
7.190000E+03	4.401928E-14	8.426374E-16
7.200000E+03	4.425348E-14	8.438928E-16
7.210000E+03	4.454876E-14	8.462281E-16
7.220000E+03	4.489451E-14	8.494282E-16
7.230000E+03	4.527689E-14	8.532204E-16
7.240000E+03	4.568084E-14	8.573132E-16
7.250000E+03	4.609041E-14	8.614029E-16
7.260000E+03	4.648677E-14	8.651375E-16
7.270000E+03	4.685226E-14	8.681921E-16
7.280000E+03	4.716668E-14	8.702016E-16
7.290000E+03	4.741282E-14	8.708622E-16
7.300000E+03	4.757424E-14	8.698902E-16
7.310000E+03	4.763838E-14	8.670790E-16
7.320000E+03	4.759974E-14	8.623541E-16
7.330000E+03	4.745716E-14	8.557221E-16
7.340000E+03	4.721625E-14	8.473119E-16
7.350000E+03	4.688748E-14	8.373380E-16
7.360000E+03	4.648713E-14	8.261147E-16
7.370000E+03	4.603196E-14	8.139594E-16
7.380000E+03	4.553900E-14	8.011891E-16
7.390000E+03	4.502520E-14	7.881133E-16
7.400000E+03	4.450197E-14	7.749389E-16
7.410000E+03	4.397799E-14	7.618216E-16
7.420000E+03	4.345703E-14	7.488290E-16
7.430000E+03	4.293653E-14	7.359197E-16
7.440000E+03	4.241170E-14	7.230144E-16
7.450000E+03	4.187466E-14	7.099834E-16
7.460000E+03	4.131641E-14	6.966814E-16
7.470000E+03	4.072834E-14	6.829724E-16
7.480000E+03	4.010396E-14	6.687594E-16
7.490000E+03	3.943794E-14	6.539670E-16
7.500000E+03	3.872975E-14	6.386009E-16
7.510000E+03	3.798198E-14	6.227180E-16
7.520000E+03	3.720136E-14	6.064416E-16
7.530000E+03	3.639656E-14	5.899242E-16
7.540000E+03	3.558117E-14	5.733938E-16
7.550000E+03	3.476995E-14	5.570920E-16
7.560000E+03	3.398051E-14	5.413003E-16
7.570000E+03	3.323046E-14	5.262936E-16
7.580000E+03	3.253961E-14	5.123745E-16
7.590000E+03	3.192604E-14	4.998120E-16
7.600000E+03	3.140505E-14	4.888247E-16
7.610000E+03	3.099112E-14	4.796138E-16
7.620000E+03	3.069336E-14	4.722925E-16
7.630000E+03	3.051805E-14	4.669288E-16
7.640000E+03	3.046795E-14	4.635355E-16
7.650000E+03	3.054109E-14	4.620533E-16
7.660000E+03	3.073045E-14	4.623493E-16
7.670000E+03	3.102582E-14	4.642458E-16
7.680000E+03	3.141188E-14	4.674941E-16
7.690000E+03	3.187262E-14	4.718412E-16
7.700000E+03	3.239038E-14	4.770160E-16
7.710000E+03	3.294828E-14	4.827651E-16
7.720000E+03	3.352716E-14	4.888083E-16
7.730000E+03	3.410611E-14	4.948460E-16
7.740000E+03	3.466322E-14	5.005708E-16
7.750000E+03	3.517280E-14	5.056270E-16
7.760000E+03	3.560810E-14	5.096502E-16
7.770000E+03	3.594340E-14	5.122966E-16
7.780000E+03	3.615738E-14	5.132901E-16
7.790000E+03	3.623650E-14	5.124675E-16
7.800000E+03	3.617767E-14	5.098132E-16
7.810000E+03	3.598748E-14	5.054456E-16
7.820000E+03	3.568283E-14	4.996234E-16
7.830000E+03	3.528795E-14	4.927021E-16
7.840000E+03	3.483162E-14	4.850941E-16
7.850000E+03	3.434257E-14	4.772051E-16
7.860000E+03	3.384837E-14	4.694198E-16
7.870000E+03	3.337360E-14	4.620776E-16
7.880000E+03	3.293720E-14	4.554377E-16
7.890000E+03	3.255374E-14	4.496984E-16
7.900000E+03	3.223076E-14	4.449607E-16
7.910000E+03	3.197254E-14	4.412819E-16
7.920000E+03	3.177557E-14	4.386134E-16
7.930000E+03	3.163427E-14	4.368794E-16
7.940000E+03	3.153819E-14	4.359385E-16
7.950000E+03	3.147524E-14	4.356273E-16
7.960000E+03	3.143076E-14	4.357466E-16
7.970000E+03	3.139015E-14	4.360978E-16
7.980000E+03	3.133749E-14	4.364615E-16
7.990000E+03	3.125989E-14	4.366559E-16
8.000000E+03	3.114324E-14	4.364762E-16
8.010000E+03	3.097802E-14	4.357786E-16
8.020000E+03	3.075711E-14	4.344490E-16
8.030000E+03	3.048028E-14	4.324676E-16
8.040000E+03	3.015351E-14	4.299015E-16
8.050000E+03	2.978663E-14	4.268727E-16
8.060000E+03	2.939344E-14	4.235618E-16
8.070000E+03	2.899102E-14	4.202006E-16
8.080000E+03	2.859788E-14	4.170472E-16
8.090000E+03	2.823124E-14	4.143475E-16
8.100000E+03	2.790637E-14	4.123257E-16
8.110000E+03	2.763488E-14	4.111587E-16
8.120000E+03	2.742561E-14	4.109882E-16
8.130000E+03	2.728388E-14	4.119083E-16
8.140000E+03	2.721142E-14	4.139623E-16
8.150000E+03	2.720454E-14	4.171134E-16
8.160000E+03	2.725463E-14	4.212482E-16
8.170000E+03	2.734705E-14	4.261566E-16
8.180000E+03	2.746091E-14	4.315242E-16
8.190000E+03	2.756948E-14	4.369333E-16
8.200000E+03	2.764181E-14	4.418845E-16
8.210000E+03	2.764275E-14	4.457935E-16
8.220000E+03	2.753825E-14	4.480725E-16
8.230000E+03	2.729481E-14	4.481215E-16
8.240000E+03	2.688559E-14	4.454296E-16
8.250000E+03	2.629248E-14	4.396127E-16
8.260000E+03	2.550772E-14	4.304482E-16
8.270000E+03	2.453840E-14	4.179583E-16
8.280000E+03	2.340558E-14	4.024085E-16
8.290000E+03	2.214173E-14	3.842731E-16
8.300000E+03	2.079149E-14	3.642595E-16
8.310000E+03	1.940387E-14	3.431811E-16
8.320000E+03	1.802909E-14	3.219056E-16
8.330000E+03	1.671470E-14	3.012866E-16
8.340000E+03	1.550068E-14	2.820738E-16
8.350000E+03	1.441876E-14	2.648940E-16
8.360000E+03	1.348987E-14	2.501978E-16
8.370000E+03	1.272766E-14	2.383156E-16
8.380000E+03	1.213761E-14	2.294352E-16
8.390000E+03	1.172063E-14	2.236626E-16
8.400000E+03	1.147489E-14	2.210534E-16
8.410000E+03	1.139674E-14	2.216281E-16
8.420000E+03	1.148230E-14	2.254011E-16
8.430000E+03	1.172790E-14	2.323893E-16
8.440000E+03	1.212935E-14	2.425977E-16
8.450000E+03	1.268239E-14	2.560276E-16
8.460000E+03	1.338126E-14	2.726473E-16
8.470000E+03	1.421993E-14	2.924159E-16
8.480000E+03	1.519066E-14	3.152531E-16
8.490000E+03	1.628505E-14	3.410593E-16
8.500000E+03	1.749556E-14	3.697472E-16
8.510000E+03	1.881498E-14	4.012310E-16
8.520000E+03	2.023817E-14	4.354636E-16
8.530000E+03	2.176207E-14	4.724401E-16
8.540000E+03	2.338507E-14	5.121848E-16
8.550000E+03	2.510757E-14	5.547646E-16
8.560000E+03	2.692758E-14	6.001941E-16
8.570000E+03	2.884137E-14	6.484472E-16
8.580000E+03	3.083923E-14	6.993586E-16
8.590000E+03	3.290599E-14	7.526312E-16
8.600000E+03	3.501588E-14	8.077113E-16
8.610000E+03	3.713506E-14	8.638366E-16
8.620000E+03	3.922179E-14	9.200336E-16
8.630000E+03	4.122690E-14	9.751197E-16
8.640000E+03	4.309641E-14	1.027759E-15
8.650000E+03	4.477751E-14	1.076602E-15
8.660000E+03	4.621985E-14	1.120316E-15
8.670000E+03	4.738186E-14	1.157745E-15
8.680000E+03	4.823427E-14	1.188001E-15
8.690000E+03	4.875983E-14	1.210474E-15
8.700000E+03	4.895753E-14	1.224945E-15
8.710000E+03	4.883763E-14	1.231479E-15
8.720000E+03	4.842593E-14	1.230545E-15
8.730000E+03	4.775509E-14	1.222808E-15
8.740000E+03	4.686584E-14	1.209166E-15
8.750000E+03	4.579966E-14	1.190570E-15
8.760000E+03	4.460184E-14	1.168101E-15
8.770000E+03	4.331333E-14	1.142764E-15
8.780000E+03	4.197236E-14	1.115521E-15
8.790000E+03	4.061242E-14	1.087239E-15
8.800000E+03	3.926174E-14	1.058669E-15
8.810000E+03	3.794318E-14	1.030437E-15
8.820000E+03	3.667518E-14	1.003067E-15
8.830000E+03	3.546961E-14	9.769160E-16
8.840000E+03	3.433634E-14	9.522938E-16
8.850000E+03	3.328115E-14	9.294049E-16
8.860000E+03	3.230752E-14	9.083922E-16
8.870000E+03	3.141474E-14	8.892834E-16
8.880000E+03	3.060191E-14	8.720997E-16
8.890000E+03	2.986654E-14	8.568158E-16
8.900000E+03	2.920333E-14	8.433235E-16
8.910000E+03	2.860805E-14	8.315414E-16
8.920000E+03	2.807570E-14	8.213623E-16
8.930000E+03	2.760152E-14	8.126818E-16
8.940000E+03	2.718121E-14	8.054061E-16
8.950000E+03	2.681158E-14	7.994704E-16
8.960000E+03	2.648853E-14	7.947807E-16
8.970000E+03	2.621014E-14	7.913054E-16
8.980000E+03	2.597450E-14	7.890111E-16
8.990000E+03	2.578008E-14	7.878755E-16
9.000000E+03	2.562562E-14	7.878827E-16
9.040000E+03	2.538197E-14	7.989801E-16
9.080000E+03	2.563818E-14	8.255831E-16
9.120000E+03	2.621050E-14	8.627101E-16
9.160000E+03	2.698492E-14	9.071787E-16
9.200000E+03	2.794698E-14	9.588881E-16
9.240000E+03	2.905665E-14	1.016791E-15
9.280000E+03	3.022420E-14	1.077948E-15
9.320000E+03	3.136714E-14	1.139437E-15
9.360000E+03	3.243693E-14	1.199373E-15
9.400000E+03	3.340416E-14	1.256469E-15
9.440000E+03	3.423034E-14	1.309022E-15
9.480000E+03	3.488134E-14	1.355412E-15
9.520000E+03	3.535027E-14	1.395019E-15
9.560000E+03	3.564978E-14	1.428006E-15
9.600000E+03	3.581107E-14	1.455328E-15
9.640000E+03	3.585962E-14	1.477791E-15
9.680000E+03	3.580411E-14	1.495563E-15
9.720000E+03	3.563957E-14	1.508263E-15
9.760000E+03	3.537827E-14	1.516247E-15
9.800000E+03	3.506538E-14	1.521329E-15
9.840000E+03	3.477592E-14	1.526734E-15
9.880000E+03	3.460657E-14	1.536805E-15
9.920000E+03	3.466029E-14	1.556357E-15
9.960000E+03	3.503405E-14	1.590125E-15
1.000000E+04	3.579772E-14	1.641771E-15
1.004000E+04	3.696452E-14	1.712443E-15
1.008000E+04	3.847346E-14	1.799820E-15
1.012000E+04	4.022323E-14	1.899543E-15
1.016000E+04	4.211438E-14	2.007145E-15
1.020000E+04	4.406171E-14	2.118667E-15
1.024000E+04	4.598971E-14	2.230465E-15
1.028000E+04	4.782812E-14	2.339034E-15
1.032000E+04	4.950683E-14	2.440762E-15
