#wls	flux	fluxerr
1.600000E+03	7.818671E-17	2.414867E-18
1.640000E+03	7.798337E-17	2.396119E-18
1.680000E+03	7.778872E-17	2.377412E-18
1.720000E+03	7.763120E-17	2.359605E-18
1.760000E+03	7.748169E-17	2.341795E-18
1.800000E+03	7.736853E-17	2.324827E-18
1.840000E+03	7.729125E-17	2.308666E-18
1.880000E+03	7.724942E-17	2.293275E-18
1.920000E+03	7.727097E-17	2.279455E-18
1.960000E+03	7.732699E-17	2.266318E-18
2.000000E+03	7.745941E-17	2.255061E-18
2.040000E+03	7.766750E-17	2.245612E-18
2.080000E+03	7.793661E-17	2.237498E-18
2.120000E+03	7.830814E-17	2.231855E-18
2.160000E+03	7.876738E-17	2.228193E-18
2.200000E+03	7.932759E-17	2.226820E-18
2.240000E+03	7.998820E-17	2.227642E-18
2.280000E+03	8.073496E-17	2.230187E-18
2.320000E+03	8.159521E-17	2.235133E-18
2.360000E+03	8.254145E-17	2.241638E-18
2.400000E+03	8.358756E-17	2.250001E-18
2.440000E+03	8.472063E-17	2.259787E-18
2.480000E+03	8.594171E-17	2.270944E-18
2.520000E+03	8.723886E-17	2.283073E-18
2.560000E+03	8.862758E-17	2.296499E-18
2.600000E+03	9.011049E-17	2.311197E-18
2.640000E+03	9.167753E-17	2.326816E-18
2.680000E+03	9.334586E-17	2.343696E-18
2.720000E+03	9.510693E-17	2.361520E-18
2.760000E+03	9.696631E-17	2.380323E-18
2.800000E+03	9.893024E-17	2.400148E-18
2.840000E+03	1.010058E-16	2.421052E-18
2.880000E+03	1.031745E-16	2.442472E-18
2.920000E+03	1.054579E-16	2.464804E-18
2.960000E+03	1.078649E-16	2.488126E-18
3.000000E+03	1.104305E-16	2.513096E-18
3.010000E+03	1.110998E-16	2.519645E-18
3.020000E+03	1.117871E-16	2.526466E-18
3.030000E+03	1.124924E-16	2.533557E-18
3.040000E+03	1.132029E-16	2.540621E-18
3.050000E+03	1.139187E-16	2.547659E-18
3.060000E+03	1.146661E-16	2.555259E-18
3.070000E+03	1.154188E-16	2.562828E-18
3.080000E+03	1.162036E-16	2.570954E-18
3.090000E+03	1.169939E-16	2.579048E-18
3.100000E+03	1.178032E-16	2.587400E-18
3.110000E+03	1.186316E-16	2.596009E-18
3.120000E+03	1.194791E-16	2.604870E-18
3.130000E+03	1.203458E-16	2.613979E-18
3.140000E+03	1.212450E-16	2.623621E-18
3.150000E+03	1.221504E-16	2.633219E-18
3.160000E+03	1.230885E-16	2.643341E-18
3.170000E+03	1.240593E-16	2.653978E-18
3.180000E+03	1.250497E-16	2.664841E-18
3.190000E+03	1.260731E-16	2.676212E-18
3.200000E+03	1.271162E-16	2.687799E-18
3.210000E+03	1.282058E-16	2.700161E-18
3.220000E+03	1.293152E-16	2.712727E-18
3.230000E+03	1.304579E-16	2.725774E-18
3.240000E+03	1.316341E-16	2.739296E-18
3.250000E+03	1.328572E-16	2.753562E-18
3.260000E+03	1.341141E-16	2.768290E-18
3.270000E+03	1.354050E-16	2.783473E-18
3.280000E+03	1.367435E-16	2.799384E-18
3.290000E+03	1.381300E-16	2.816017E-18
3.300000E+03	1.395649E-16	2.833366E-18
3.310000E+03	1.410487E-16	2.851431E-18
3.320000E+03	1.425956E-16	2.870483E-18
3.330000E+03	1.441928E-16	2.890248E-18
3.340000E+03	1.458415E-16	2.910736E-18
3.350000E+03	1.475559E-16	2.932219E-18
3.360000E+03	1.493513E-16	2.954980E-18
3.370000E+03	1.512021E-16	2.978493E-18
3.380000E+03	1.531375E-16	3.003315E-18
3.390000E+03	1.551461E-16	3.029203E-18
3.400000E+03	1.572580E-16	3.056721E-18
3.410000E+03	1.594492E-16	3.085377E-18
3.420000E+03	1.617505E-16	3.115746E-18
3.430000E+03	1.641528E-16	3.147621E-18
3.440000E+03	1.666748E-16	3.181331E-18
3.450000E+03	1.693219E-16	3.216949E-18
3.460000E+03	1.721006E-16	3.254565E-18
3.470000E+03	1.750318E-16	3.294534E-18
3.480000E+03	1.781096E-16	3.336707E-18
3.490000E+03	1.813563E-16	3.381460E-18
3.500000E+03	1.847813E-16	3.428923E-18
3.510000E+03	1.884085E-16	3.479487E-18
3.520000E+03	1.922343E-16	3.533032E-18
3.530000E+03	1.962833E-16	3.589957E-18
3.540000E+03	2.005660E-16	3.650393E-18
3.550000E+03	2.050928E-16	3.714463E-18
3.560000E+03	2.098879E-16	3.782539E-18
3.570000E+03	2.149454E-16	3.854443E-18
3.580000E+03	2.202877E-16	3.930504E-18
3.590000E+03	2.259067E-16	4.010501E-18
3.600000E+03	2.318386E-16	4.094999E-18
3.610000E+03	2.380743E-16	4.183755E-18
3.620000E+03	2.446194E-16	4.276785E-18
3.630000E+03	2.514776E-16	4.374071E-18
3.640000E+03	2.586669E-16	4.475838E-18
3.650000E+03	2.661731E-16	4.581755E-18
3.660000E+03	2.739961E-16	4.691737E-18
3.670000E+03	2.821675E-16	4.806233E-18
3.680000E+03	2.906556E-16	4.924617E-18
3.690000E+03	2.994611E-16	5.046815E-18
3.700000E+03	3.086198E-16	5.173343E-18
3.710000E+03	3.181054E-16	5.303666E-18
3.720000E+03	3.279449E-16	5.438144E-18
3.730000E+03	3.381373E-16	5.576668E-18
3.740000E+03	3.487222E-16	5.719790E-18
3.750000E+03	3.597297E-16	5.867898E-18
3.760000E+03	3.711985E-16	6.021508E-18
3.770000E+03	3.831588E-16	6.180982E-18
3.780000E+03	3.956847E-16	6.347380E-18
3.790000E+03	4.088241E-16	6.521315E-18
3.800000E+03	4.226691E-16	6.704085E-18
3.810000E+03	4.372830E-16	6.896500E-18
3.820000E+03	4.527524E-16	7.099714E-18
3.830000E+03	4.691673E-16	7.314904E-18
3.840000E+03	4.866183E-16	7.543224E-18
3.850000E+03	5.051932E-16	7.785753E-18
3.860000E+03	5.249530E-16	8.043128E-18
3.870000E+03	5.460074E-16	8.316708E-18
3.880000E+03	5.683483E-16	8.606029E-18
3.890000E+03	5.920471E-16	8.911829E-18
3.900000E+03	6.170853E-16	9.233476E-18
3.910000E+03	6.434077E-16	9.569800E-18
3.920000E+03	6.709844E-16	9.920025E-18
3.930000E+03	6.996252E-16	1.028104E-17
3.940000E+03	7.292010E-16	1.065068E-17
3.950000E+03	7.594564E-16	1.102500E-17
3.960000E+03	7.900999E-16	1.139965E-17
3.970000E+03	8.207567E-16	1.176916E-17
3.980000E+03	8.510221E-16	1.212778E-17
3.990000E+03	8.804719E-16	1.246962E-17
4.000000E+03	9.085702E-16	1.278739E-17
4.010000E+03	9.348149E-16	1.307445E-17
4.020000E+03	9.587354E-16	1.332476E-17
4.030000E+03	9.798284E-16	1.353201E-17
4.040000E+03	9.976706E-16	1.369116E-17
4.050000E+03	1.011885E-15	1.379794E-17
4.060000E+03	1.022226E-15	1.385000E-17
4.070000E+03	1.028578E-15	1.384683E-17
4.080000E+03	1.030974E-15	1.378989E-17
4.090000E+03	1.029580E-15	1.368246E-17
4.100000E+03	1.024755E-15	1.353026E-17
4.110000E+03	1.016999E-15	1.334072E-17
4.120000E+03	1.006892E-15	1.312220E-17
4.130000E+03	9.951382E-16	1.288441E-17
4.140000E+03	9.824218E-16	1.263656E-17
4.150000E+03	9.694110E-16	1.238744E-17
4.160000E+03	9.567734E-16	1.214561E-17
4.170000E+03	9.450675E-16	1.191801E-17
4.180000E+03	9.348215E-16	1.171103E-17
4.190000E+03	9.264229E-16	1.152913E-17
4.200000E+03	9.202444E-16	1.137646E-17
4.210000E+03	9.165397E-16	1.125560E-17
4.220000E+03	9.155232E-16	1.116856E-17
4.230000E+03	9.172780E-16	1.111572E-17
4.240000E+03	9.218890E-16	1.109744E-17
4.250000E+03	9.292926E-16	1.111229E-17
4.260000E+03	9.394099E-16	1.115870E-17
4.270000E+03	9.520729E-16	1.123407E-17
4.280000E+03	9.670040E-16	1.133459E-17
4.290000E+03	9.839230E-16	1.145651E-17
4.300000E+03	1.002432E-15	1.159481E-17
4.310000E+03	1.022012E-15	1.174324E-17
4.320000E+03	1.042123E-15	1.189541E-17
4.330000E+03	1.062130E-15	1.204410E-17
4.340000E+03	1.081330E-15	1.218144E-17
4.350000E+03	1.099029E-15	1.229994E-17
4.360000E+03	1.114537E-15	1.239233E-17
4.370000E+03	1.127231E-15	1.245223E-17
4.380000E+03	1.136688E-15	1.247570E-17
4.390000E+03	1.142747E-15	1.246171E-17
4.400000E+03	1.145656E-15	1.241369E-17
4.410000E+03	1.145939E-15	1.233801E-17
4.420000E+03	1.144428E-15	1.224411E-17
4.430000E+03	1.142110E-15	1.214291E-17
4.440000E+03	1.140038E-15	1.204567E-17
4.450000E+03	1.139242E-15	1.196322E-17
4.460000E+03	1.140644E-15	1.190494E-17
4.470000E+03	1.145099E-15	1.187933E-17
4.480000E+03	1.153311E-15	1.189308E-17
4.490000E+03	1.165751E-15	1.195038E-17
4.500000E+03	1.182789E-15	1.205423E-17
4.510000E+03	1.204552E-15	1.220516E-17
4.520000E+03	1.231047E-15	1.240247E-17
4.530000E+03	1.262090E-15	1.264355E-17
4.540000E+03	1.297295E-15	1.292389E-17
4.550000E+03	1.336096E-15	1.323727E-17
4.560000E+03	1.377729E-15	1.357569E-17
4.570000E+03	1.421222E-15	1.392928E-17
4.580000E+03	1.465389E-15	1.428632E-17
4.590000E+03	1.508921E-15	1.463410E-17
4.600000E+03	1.550327E-15	1.495850E-17
4.610000E+03	1.588167E-15	1.524609E-17
4.620000E+03	1.620953E-15	1.548332E-17
4.630000E+03	1.647518E-15	1.565988E-17
4.640000E+03	1.666878E-15	1.576743E-17
4.650000E+03	1.678536E-15	1.580232E-17
4.660000E+03	1.682537E-15	1.576604E-17
4.670000E+03	1.679357E-15	1.566405E-17
4.680000E+03	1.670045E-15	1.550700E-17
4.690000E+03	1.656043E-15	1.530897E-17
4.700000E+03	1.638978E-15	1.508546E-17
4.710000E+03	1.620577E-15	1.485264E-17
4.720000E+03	1.602429E-15	1.462508E-17
4.730000E+03	1.585752E-15	1.441378E-17
4.740000E+03	1.571397E-15	1.422624E-17
4.750000E+03	1.559773E-15	1.406586E-17
4.760000E+03	1.550898E-15	1.393246E-17
4.770000E+03	1.544500E-15	1.382330E-17
4.780000E+03	1.540169E-15	1.373448E-17
4.790000E+03	1.537376E-15	1.366105E-17
4.800000E+03	1.535600E-15	1.359828E-17
4.810000E+03	1.534410E-15	1.354225E-17
4.820000E+03	1.533578E-15	1.349091E-17
4.830000E+03	1.533046E-15	1.344371E-17
4.840000E+03	1.533038E-15	1.340261E-17
4.850000E+03	1.533922E-15	1.337074E-17
4.860000E+03	1.536235E-15	1.335274E-17
4.870000E+03	1.540606E-15	1.335394E-17
4.880000E+03	1.547579E-15	1.337894E-17
4.890000E+03	1.557685E-15	1.343211E-17
4.900000E+03	1.571415E-15	1.351746E-17
4.910000E+03	1.589103E-15	1.363764E-17
4.920000E+03	1.610990E-15	1.379448E-17
4.930000E+03	1.637199E-15	1.398881E-17
4.940000E+03	1.667668E-15	1.421989E-17
4.950000E+03	1.702082E-15	1.448486E-17
4.960000E+03	1.739871E-15	1.477872E-17
4.970000E+03	1.780033E-15	1.509286E-17
4.980000E+03	1.821129E-15	1.541506E-17
4.990000E+03	1.861350E-15	1.573003E-17
5.000000E+03	1.898505E-15	1.601937E-17
5.010000E+03	1.930214E-15	1.626320E-17
5.020000E+03	1.954115E-15	1.644188E-17
5.030000E+03	1.968149E-15	1.653838E-17
5.040000E+03	1.970964E-15	1.654166E-17
5.050000E+03	1.962109E-15	1.644829E-17
5.060000E+03	1.942371E-15	1.626513E-17
5.070000E+03	1.913494E-15	1.600700E-17
5.080000E+03	1.877886E-15	1.569420E-17
5.090000E+03	1.838360E-15	1.535026E-17
5.100000E+03	1.797720E-15	1.499860E-17
5.110000E+03	1.758374E-15	1.465922E-17
5.120000E+03	1.722285E-15	1.434837E-17
5.130000E+03	1.690786E-15	1.407701E-17
5.140000E+03	1.664691E-15	1.385179E-17
5.150000E+03	1.644278E-15	1.367486E-17
5.160000E+03	1.629488E-15	1.354565E-17
5.170000E+03	1.620040E-15	1.346169E-17
5.180000E+03	1.615553E-15	1.341977E-17
5.190000E+03	1.615631E-15	1.341651E-17
5.200000E+03	1.619938E-15	1.344910E-17
5.210000E+03	1.628251E-15	1.351566E-17
5.220000E+03	1.640469E-15	1.361535E-17
5.230000E+03	1.656647E-15	1.374859E-17
5.240000E+03	1.676911E-15	1.391647E-17
5.250000E+03	1.701543E-15	1.412133E-17
5.260000E+03	1.730808E-15	1.436541E-17
5.270000E+03	1.764889E-15	1.465029E-17
5.280000E+03	1.803923E-15	1.497714E-17
5.290000E+03	1.847799E-15	1.534514E-17
5.300000E+03	1.896094E-15	1.575086E-17
5.310000E+03	1.948066E-15	1.618823E-17
5.320000E+03	2.002612E-15	1.664819E-17
5.330000E+03	2.058194E-15	1.711804E-17
5.340000E+03	2.112950E-15	1.758240E-17
5.350000E+03	2.164703E-15	1.802321E-17
5.360000E+03	2.211173E-15	1.842150E-17
5.370000E+03	2.250084E-15	1.875830E-17
5.380000E+03	2.279500E-15	1.901740E-17
5.390000E+03	2.297972E-15	1.918658E-17
5.400000E+03	2.304769E-15	1.925955E-17
5.410000E+03	2.299894E-15	1.923610E-17
5.420000E+03	2.284163E-15	1.912272E-17
5.430000E+03	2.259304E-15	1.893354E-17
5.440000E+03	2.227893E-15	1.868987E-17
5.450000E+03	2.193376E-15	1.842037E-17
5.460000E+03	2.159640E-15	1.815755E-17
5.470000E+03	2.130788E-15	1.793587E-17
5.480000E+03	2.110703E-15	1.778812E-17
5.490000E+03	2.102215E-15	1.773838E-17
5.500000E+03	2.106519E-15	1.779706E-17
5.510000E+03	2.122763E-15	1.795728E-17
5.520000E+03	2.148294E-15	1.819695E-17
5.530000E+03	2.179121E-15	1.848248E-17
5.540000E+03	2.210477E-15	1.877353E-17
5.550000E+03	2.237293E-15	1.902697E-17
5.560000E+03	2.254994E-15	1.920366E-17
5.570000E+03	2.259925E-15	1.927206E-17
5.580000E+03	2.249960E-15	1.921354E-17
5.590000E+03	2.224558E-15	1.902290E-17
5.600000E+03	2.184848E-15	1.870922E-17
5.610000E+03	2.133126E-15	1.829162E-17
5.620000E+03	2.072319E-15	1.779480E-17
5.630000E+03	2.005410E-15	1.724404E-17
5.640000E+03	1.935139E-15	1.666269E-17
5.650000E+03	1.863653E-15	1.606913E-17
5.660000E+03	1.792499E-15	1.547665E-17
5.670000E+03	1.722672E-15	1.489384E-17
5.680000E+03	1.654879E-15	1.432690E-17
5.690000E+03	1.589657E-15	1.378052E-17
5.700000E+03	1.527524E-15	1.325931E-17
5.710000E+03	1.469239E-15	1.276997E-17
5.720000E+03	1.415686E-15	1.232032E-17
5.730000E+03	1.367986E-15	1.192032E-17
5.740000E+03	1.327308E-15	1.158034E-17
5.750000E+03	1.294833E-15	1.131096E-17
5.760000E+03	1.271727E-15	1.112264E-17
5.770000E+03	1.259082E-15	1.102524E-17
5.780000E+03	1.257913E-15	1.102798E-17
5.790000E+03	1.269107E-15	1.113903E-17
5.800000E+03	1.293480E-15	1.136590E-17
5.810000E+03	1.331629E-15	1.171424E-17
5.820000E+03	1.383934E-15	1.218777E-17
5.830000E+03	1.450517E-15	1.278797E-17
5.840000E+03	1.531012E-15	1.351197E-17
5.850000E+03	1.624581E-15	1.435272E-17
5.860000E+03	1.729835E-15	1.529826E-17
5.870000E+03	1.844782E-15	1.633124E-17
5.880000E+03	1.966824E-15	1.742884E-17
5.890000E+03	2.092791E-15	1.856308E-17
5.900000E+03	2.218977E-15	1.970112E-17
5.910000E+03	2.341378E-15	2.080733E-17
5.920000E+03	2.455952E-15	2.184564E-17
5.930000E+03	2.558963E-15	2.278257E-17
5.940000E+03	2.647276E-15	2.358988E-17
5.950000E+03	2.718558E-15	2.424640E-17
5.960000E+03	2.771646E-15	2.474136E-17
5.970000E+03	2.806236E-15	2.507162E-17
5.980000E+03	2.822993E-15	2.524273E-17
5.990000E+03	2.823244E-15	2.526619E-17
6.000000E+03	2.808803E-15	2.515790E-17
6.010000E+03	2.781737E-15	2.493609E-17
6.020000E+03	2.744360E-15	2.462129E-17
6.030000E+03	2.698923E-15	2.423352E-17
6.040000E+03	2.647590E-15	2.379209E-17
6.050000E+03	2.592402E-15	2.331524E-17
6.060000E+03	2.535195E-15	2.281947E-17
6.070000E+03	2.477555E-15	2.231906E-17
6.080000E+03	2.420861E-15	2.182645E-17
6.090000E+03	2.366129E-15	2.135086E-17
6.100000E+03	2.314083E-15	2.089889E-17
6.110000E+03	2.265068E-15	2.047377E-17
6.120000E+03	2.219026E-15	2.007504E-17
6.130000E+03	2.175487E-15	1.969856E-17
6.140000E+03	2.133620E-15	1.933687E-17
6.150000E+03	2.092297E-15	1.897978E-17
6.160000E+03	2.050265E-15	1.861597E-17
6.170000E+03	2.006311E-15	1.823438E-17
6.180000E+03	1.959525E-15	1.782672E-17
6.190000E+03	1.909528E-15	1.738945E-17
6.200000E+03	1.856579E-15	1.692484E-17
6.210000E+03	1.801378E-15	1.643919E-17
6.220000E+03	1.744802E-15	1.594044E-17
6.230000E+03	1.687606E-15	1.543543E-17
6.240000E+03	1.630331E-15	1.492905E-17
6.250000E+03	1.573336E-15	1.442458E-17
6.260000E+03	1.516842E-15	1.392402E-17
6.270000E+03	1.461096E-15	1.342957E-17
6.280000E+03	1.406530E-15	1.294515E-17
6.290000E+03	1.353939E-15	1.247804E-17
6.300000E+03	1.304323E-15	1.203746E-17
6.310000E+03	1.258885E-15	1.163458E-17
6.320000E+03	1.218952E-15	1.128177E-17
6.330000E+03	1.185794E-15	1.099097E-17
6.340000E+03	1.160592E-15	1.077338E-17
6.350000E+03	1.144313E-15	1.063827E-17
6.360000E+03	1.137772E-15	1.059356E-17
6.370000E+03	1.141594E-15	1.064549E-17
6.380000E+03	1.156186E-15	1.079826E-17
6.390000E+03	1.181787E-15	1.105457E-17
6.400000E+03	1.218420E-15	1.141510E-17
6.410000E+03	1.265806E-15	1.187769E-17
6.420000E+03	1.323282E-15	1.243658E-17
6.430000E+03	1.389715E-15	1.308153E-17
6.440000E+03	1.463380E-15	1.379667E-17
6.450000E+03	1.542034E-15	1.456110E-17
6.460000E+03	1.623030E-15	1.534998E-17
6.470000E+03	1.703597E-15	1.613715E-17
6.480000E+03	1.781018E-15	1.689678E-17
6.490000E+03	1.852867E-15	1.760561E-17
6.500000E+03	1.917173E-15	1.824460E-17
6.510000E+03	1.972591E-15	1.880058E-17
6.520000E+03	2.018578E-15	1.926792E-17
6.530000E+03	2.055485E-15	1.964952E-17
6.540000E+03	2.084371E-15	1.995508E-17
6.550000E+03	2.106855E-15	2.019976E-17
6.560000E+03	2.124968E-15	2.040275E-17
6.570000E+03	2.140779E-15	2.058374E-17
6.580000E+03	2.156222E-15	2.076119E-17
6.590000E+03	2.172874E-15	2.095030E-17
6.600000E+03	2.191930E-15	2.116260E-17
6.610000E+03	2.214122E-15	2.140522E-17
6.620000E+03	2.239742E-15	2.168110E-17
6.630000E+03	2.268724E-15	2.198967E-17
6.640000E+03	2.300622E-15	2.232671E-17
6.650000E+03	2.334870E-15	2.268676E-17
6.660000E+03	2.370575E-15	2.306119E-17
6.670000E+03	2.406781E-15	2.344071E-17
6.680000E+03	2.442445E-15	2.381512E-17
6.690000E+03	2.476420E-15	2.417315E-17
6.700000E+03	2.507618E-15	2.450410E-17
6.710000E+03	2.534963E-15	2.479730E-17
6.720000E+03	2.557569E-15	2.504394E-17
6.730000E+03	2.574629E-15	2.523596E-17
6.740000E+03	2.585570E-15	2.536754E-17
6.750000E+03	2.590039E-15	2.543503E-17
6.760000E+03	2.587930E-15	2.543722E-17
6.770000E+03	2.579319E-15	2.537468E-17
6.780000E+03	2.564426E-15	2.524944E-17
6.790000E+03	2.543703E-15	2.506578E-17
6.800000E+03	2.517604E-15	2.482809E-17
6.810000E+03	2.486669E-15	2.454160E-17
6.820000E+03	2.451614E-15	2.421330E-17
6.830000E+03	2.413028E-15	2.384899E-17
6.840000E+03	2.371692E-15	2.345634E-17
6.850000E+03	2.328331E-15	2.304253E-17
6.860000E+03	2.283790E-15	2.261593E-17
6.870000E+03	2.238797E-15	2.218378E-17
6.880000E+03	2.194262E-15	2.175516E-17
6.890000E+03	2.150973E-15	2.133793E-17
6.900000E+03	2.109793E-15	2.094074E-17
6.910000E+03	2.071537E-15	2.057176E-17
6.920000E+03	2.036964E-15	2.023862E-17
6.930000E+03	2.006840E-15	1.994904E-17
6.940000E+03	1.981729E-15	1.970873E-17
6.950000E+03	1.962136E-15	1.952283E-17
6.960000E+03	1.948392E-15	1.939475E-17
6.970000E+03	1.940641E-15	1.932603E-17
6.980000E+03	1.938823E-15	1.931618E-17
6.990000E+03	1.942652E-15	1.936249E-17
7.000000E+03	1.951703E-15	1.946080E-17
7.010000E+03	1.965336E-15	1.960485E-17
7.020000E+03	1.982760E-15	1.978681E-17
7.030000E+03	2.003046E-15	1.999752E-17
7.040000E+03	2.025223E-15	2.022736E-17
7.050000E+03	2.048310E-15	2.046659E-17
7.060000E+03	2.071295E-15	2.070516E-17
7.070000E+03	2.093248E-15	2.093384E-17
7.080000E+03	2.113333E-15	2.114429E-17
7.090000E+03	2.130829E-15	2.132933E-17
7.100000E+03	2.145160E-15	2.148324E-17
7.110000E+03	2.155918E-15	2.160193E-17
7.120000E+03	2.162842E-15	2.168280E-17
7.130000E+03	2.165882E-15	2.172537E-17
7.140000E+03	2.165166E-15	2.173091E-17
7.150000E+03	2.160998E-15	2.170247E-17
7.160000E+03	2.153705E-15	2.164334E-17
7.170000E+03	2.143865E-15	2.155933E-17
7.180000E+03	2.131925E-15	2.145494E-17
7.190000E+03	2.118440E-15	2.133576E-17
7.200000E+03	2.103893E-15	2.120669E-17
7.210000E+03	2.088675E-15	2.107167E-17
7.220000E+03	2.073108E-15	2.093401E-17
7.230000E+03	2.057419E-15	2.079603E-17
7.240000E+03	2.041709E-15	2.065879E-17
7.250000E+03	2.026009E-15	2.052265E-17
7.260000E+03	2.010238E-15	2.038682E-17
7.270000E+03	1.994285E-15	2.025022E-17
7.280000E+03	1.977901E-15	2.011035E-17
7.290000E+03	1.960835E-15	1.996467E-17
7.300000E+03	1.942811E-15	1.981037E-17
7.310000E+03	1.923541E-15	1.964448E-17
7.320000E+03	1.902706E-15	1.946370E-17
7.330000E+03	1.880082E-15	1.926569E-17
7.340000E+03	1.855518E-15	1.904880E-17
7.350000E+03	1.828925E-15	1.881199E-17
7.360000E+03	1.800344E-15	1.855557E-17
7.370000E+03	1.769901E-15	1.828067E-17
7.380000E+03	1.737826E-15	1.798953E-17
7.390000E+03	1.704461E-15	1.768554E-17
7.400000E+03	1.670212E-15	1.737276E-17
7.410000E+03	1.635483E-15	1.705528E-17
7.420000E+03	1.600737E-15	1.673783E-17
7.430000E+03	1.566349E-15	1.642426E-17
7.440000E+03	1.532719E-15	1.611874E-17
7.450000E+03	1.500179E-15	1.582475E-17
7.460000E+03	1.469037E-15	1.554556E-17
7.470000E+03	1.439502E-15	1.528346E-17
7.480000E+03	1.411756E-15	1.504046E-17
7.490000E+03	1.385899E-15	1.481776E-17
7.500000E+03	1.361921E-15	1.461538E-17
7.510000E+03	1.339743E-15	1.443264E-17
7.520000E+03	1.319209E-15	1.426796E-17
7.530000E+03	1.300120E-15	1.411928E-17
7.540000E+03	1.282277E-15	1.398448E-17
7.550000E+03	1.265424E-15	1.386082E-17
7.560000E+03	1.249306E-15	1.374553E-17
7.570000E+03	1.233759E-15	1.363679E-17
7.580000E+03	1.218639E-15	1.353300E-17
7.590000E+03	1.203918E-15	1.343381E-17
7.600000E+03	1.189596E-15	1.333917E-17
7.610000E+03	1.175768E-15	1.325014E-17
7.620000E+03	1.162551E-15	1.316804E-17
7.630000E+03	1.150144E-15	1.309515E-17
7.640000E+03	1.138741E-15	1.303375E-17
7.650000E+03	1.128531E-15	1.298611E-17
7.660000E+03	1.119707E-15	1.295464E-17
7.670000E+03	1.112481E-15	1.294198E-17
7.680000E+03	1.106992E-15	1.295000E-17
7.690000E+03	1.103356E-15	1.298036E-17
7.700000E+03	1.101649E-15	1.303428E-17
7.710000E+03	1.101915E-15	1.311264E-17
7.720000E+03	1.104123E-15	1.321544E-17
7.730000E+03	1.108205E-15	1.334224E-17
7.740000E+03	1.114065E-15	1.349224E-17
7.750000E+03	1.121530E-15	1.366372E-17
7.760000E+03	1.130409E-15	1.385466E-17
7.770000E+03	1.140490E-15	1.406276E-17
7.780000E+03	1.151513E-15	1.428505E-17
7.790000E+03	1.163215E-15	1.451845E-17
7.800000E+03	1.175325E-15	1.475974E-17
7.810000E+03	1.187580E-15	1.500567E-17
7.820000E+03	1.199709E-15	1.525281E-17
7.830000E+03	1.211508E-15	1.549854E-17
7.840000E+03	1.222711E-15	1.573935E-17
7.850000E+03	1.233184E-15	1.597335E-17
7.860000E+03	1.242716E-15	1.619761E-17
7.870000E+03	1.251214E-15	1.641065E-17
7.880000E+03	1.258540E-15	1.661041E-17
7.890000E+03	1.264638E-15	1.679583E-17
7.900000E+03	1.269458E-15	1.696592E-17
7.910000E+03	1.272948E-15	1.711964E-17
7.920000E+03	1.275110E-15	1.725665E-17
7.930000E+03	1.275923E-15	1.737631E-17
7.940000E+03	1.275406E-15	1.747851E-17
7.950000E+03	1.273549E-15	1.756274E-17
7.960000E+03	1.270358E-15	1.762871E-17
7.970000E+03	1.265877E-15	1.767665E-17
7.980000E+03	1.260069E-15	1.770569E-17
7.990000E+03	1.252969E-15	1.771594E-17
8.000000E+03	1.244550E-15	1.770662E-17
8.010000E+03	1.234834E-15	1.767771E-17
8.020000E+03	1.223784E-15	1.762826E-17
8.030000E+03	1.211379E-15	1.755758E-17
8.040000E+03	1.197595E-15	1.746495E-17
8.050000E+03	1.182430E-15	1.734993E-17
8.060000E+03	1.165851E-15	1.721161E-17
8.070000E+03	1.147850E-15	1.704948E-17
8.080000E+03	1.128431E-15	1.686318E-17
8.090000E+03	1.107614E-15	1.665258E-17
8.100000E+03	1.085453E-15	1.641810E-17
8.110000E+03	1.062006E-15	1.616021E-17
8.120000E+03	1.037334E-15	1.587950E-17
8.130000E+03	1.011542E-15	1.557718E-17
8.140000E+03	9.847710E-16	1.525513E-17
8.150000E+03	9.571544E-16	1.491513E-17
8.160000E+03	9.288761E-16	1.455980E-17
8.170000E+03	9.001209E-16	1.419186E-17
8.180000E+03	8.710739E-16	1.381408E-17
8.190000E+03	8.419437E-16	1.342970E-17
8.200000E+03	8.129679E-16	1.304248E-17
8.210000E+03	7.843313E-16	1.265544E-17
8.220000E+03	7.562398E-16	1.227200E-17
8.230000E+03	7.289001E-16	1.189567E-17
8.240000E+03	7.024927E-16	1.152961E-17
8.250000E+03	6.771700E-16	1.117658E-17
8.260000E+03	6.530875E-16	1.083946E-17
8.270000E+03	6.303588E-16	1.052049E-17
8.280000E+03	6.090975E-16	1.022193E-17
8.290000E+03	5.893765E-16	9.945420E-18
8.300000E+03	5.712603E-16	9.692478E-18
8.310000E+03	5.548044E-16	9.464492E-18
8.320000E+03	5.400222E-16	9.262147E-18
8.330000E+03	5.269497E-16	9.086527E-18
8.340000E+03	5.155775E-16	8.937938E-18
8.350000E+03	5.059138E-16	8.816992E-18
8.360000E+03	4.979523E-16	8.724049E-18
8.370000E+03	4.916826E-16	8.659394E-18
8.380000E+03	4.870847E-16	8.623137E-18
8.390000E+03	4.841461E-16	8.615514E-18
8.400000E+03	4.828626E-16	8.636903E-18
8.410000E+03	4.832080E-16	8.687287E-18
8.420000E+03	4.851817E-16	8.767097E-18
8.430000E+03	4.887859E-16	8.876816E-18
8.440000E+03	4.939926E-16	9.016374E-18
8.450000E+03	5.008161E-16	9.186470E-18
8.460000E+03	5.092478E-16	9.387375E-18
8.470000E+03	5.192966E-16	9.619688E-18
8.480000E+03	5.309447E-16	9.883510E-18
8.490000E+03	5.441983E-16	1.017938E-17
8.500000E+03	5.590424E-16	1.050745E-17
8.510000E+03	5.754754E-16	1.086810E-17
8.520000E+03	5.934697E-16	1.126122E-17
8.530000E+03	6.129878E-16	1.168652E-17
8.540000E+03	6.340125E-16	1.214405E-17
8.550000E+03	6.564719E-16	1.263283E-17
8.560000E+03	6.802998E-16	1.315193E-17
8.570000E+03	7.054259E-16	1.370035E-17
8.580000E+03	7.317265E-16	1.427600E-17
8.590000E+03	7.590955E-16	1.487709E-17
8.600000E+03	7.873961E-16	1.550118E-17
8.610000E+03	8.164588E-16	1.614516E-17
8.620000E+03	8.461240E-16	1.680604E-17
8.630000E+03	8.761871E-16	1.747986E-17
8.640000E+03	9.064265E-16	1.816227E-17
8.650000E+03	9.366410E-16	1.884924E-17
8.660000E+03	9.666228E-16	1.953654E-17
8.670000E+03	9.960910E-16	2.021838E-17
8.680000E+03	1.024849E-15	2.089060E-17
8.690000E+03	1.052671E-15	2.154837E-17
8.700000E+03	1.079298E-15	2.218611E-17
8.710000E+03	1.104565E-15	2.280005E-17
8.720000E+03	1.128282E-15	2.338590E-17
8.730000E+03	1.150235E-15	2.393880E-17
8.740000E+03	1.170318E-15	2.445608E-17
8.750000E+03	1.188414E-15	2.493473E-17
8.760000E+03	1.204401E-15	2.537170E-17
8.770000E+03	1.218237E-15	2.576558E-17
8.780000E+03	1.229884E-15	2.611493E-17
8.790000E+03	1.239330E-15	2.641901E-17
8.800000E+03	1.246594E-15	2.667761E-17
8.810000E+03	1.251765E-15	2.689212E-17
8.820000E+03	1.254886E-15	2.706293E-17
8.830000E+03	1.256044E-15	2.719140E-17
8.840000E+03	1.255394E-15	2.728043E-17
8.850000E+03	1.253006E-15	2.733109E-17
8.860000E+03	1.249063E-15	2.734694E-17
8.870000E+03	1.243654E-15	2.732960E-17
8.880000E+03	1.236980E-15	2.728312E-17
8.890000E+03	1.229167E-15	2.720998E-17
8.900000E+03	1.220366E-15	2.711327E-17
8.910000E+03	1.210727E-15	2.699614E-17
8.920000E+03	1.200426E-15	2.686227E-17
8.930000E+03	1.189579E-15	2.671414E-17
8.940000E+03	1.178321E-15	2.655470E-17
8.950000E+03	1.166807E-15	2.638733E-17
8.960000E+03	1.155155E-15	2.621467E-17
8.970000E+03	1.143502E-15	2.603981E-17
8.980000E+03	1.131896E-15	2.586385E-17
8.990000E+03	1.120502E-15	2.569063E-17
9.000000E+03	1.109350E-15	2.552085E-17
9.040000E+03	1.068675E-15	2.491296E-17
9.080000E+03	1.036441E-15	2.447444E-17
9.120000E+03	1.013741E-15	2.423949E-17
9.160000E+03	1.000164E-15	2.420697E-17
9.200000E+03	9.940701E-16	2.434492E-17
9.240000E+03	9.932033E-16	2.460396E-17
9.280000E+03	9.948161E-16	2.491972E-17
9.320000E+03	9.963392E-16	2.522917E-17
9.360000E+03	9.955690E-16	2.547585E-17
9.400000E+03	9.911362E-16	2.562254E-17
9.440000E+03	9.826099E-16	2.565519E-17
9.480000E+03	9.701554E-16	2.557517E-17
9.520000E+03	9.545294E-16	2.539983E-17
9.560000E+03	9.365837E-16	2.514995E-17
9.600000E+03	9.170411E-16	2.484371E-17
9.640000E+03	8.964369E-16	2.449492E-17
9.680000E+03	8.750543E-16	2.411097E-17
9.720000E+03	8.529168E-16	2.369231E-17
9.760000E+03	8.298285E-16	2.323330E-17
9.800000E+03	8.055466E-16	2.272682E-17
9.840000E+03	7.796691E-16	2.216105E-17
9.880000E+03	7.519084E-16	2.152713E-17
9.920000E+03	7.220731E-16	2.081879E-17
9.960000E+03	6.901638E-16	2.003521E-17
1.000000E+04	6.565097E-16	1.918524E-17
1.004000E+04	6.216953E-16	1.828552E-17
1.008000E+04	5.865421E-16	1.736018E-17
1.012000E+04	5.517107E-16	1.642917E-17
1.016000E+04	5.178852E-16	1.551361E-17
1.020000E+04	4.855404E-16	1.462878E-17
1.024000E+04	4.550160E-16	1.378615E-17
1.028000E+04	4.264992E-16	1.299273E-17
1.032000E+04	4.000258E-16	1.225096E-17
