#wls	flux	fluxerr
1.600000E+03	7.304881E-17	1.443362E-18
1.640000E+03	7.285812E-17	1.436391E-18
1.680000E+03	7.268956E-17	1.429792E-18
1.720000E+03	7.254287E-17	1.423556E-18
1.760000E+03	7.241778E-17	1.417673E-18
1.800000E+03	7.230009E-17	1.411863E-18
1.840000E+03	7.223140E-17	1.406933E-18
1.880000E+03	7.218355E-17	1.402328E-18
1.920000E+03	7.218406E-17	1.398576E-18
1.960000E+03	7.221876E-17	1.395393E-18
2.000000E+03	7.230122E-17	1.393036E-18
2.040000E+03	7.244494E-17	1.391752E-18
2.080000E+03	7.263581E-17	1.391260E-18
2.120000E+03	7.288735E-17	1.391807E-18
2.160000E+03	7.319931E-17	1.393375E-18
2.200000E+03	7.357149E-17	1.395947E-18
2.240000E+03	7.401742E-17	1.399764E-18
2.280000E+03	7.452341E-17	1.404552E-18
2.320000E+03	7.510310E-17	1.410550E-18
2.360000E+03	7.575664E-17	1.417743E-18
2.400000E+03	7.647089E-17	1.425868E-18
2.440000E+03	7.725985E-17	1.435166E-18
2.480000E+03	7.812423E-17	1.445631E-18
2.520000E+03	7.906495E-17	1.457258E-18
2.560000E+03	8.006991E-17	1.469802E-18
2.600000E+03	8.115393E-17	1.483513E-18
2.640000E+03	8.231877E-17	1.498400E-18
2.680000E+03	8.355329E-17	1.514234E-18
2.720000E+03	8.488628E-17	1.531511E-18
2.760000E+03	8.630716E-17	1.550011E-18
2.800000E+03	8.781885E-17	1.569754E-18
2.840000E+03	8.943759E-17	1.591000E-18
2.880000E+03	9.116663E-17	1.613768E-18
2.920000E+03	9.303545E-17	1.638540E-18
2.960000E+03	9.506045E-17	1.665555E-18
3.000000E+03	9.725803E-17	1.695047E-18
3.010000E+03	9.783846E-17	1.702871E-18
3.020000E+03	9.843402E-17	1.710920E-18
3.030000E+03	9.904476E-17	1.719194E-18
3.040000E+03	9.967073E-17	1.727693E-18
3.050000E+03	1.003120E-16	1.736417E-18
3.060000E+03	1.009687E-16	1.745365E-18
3.070000E+03	1.016407E-16	1.754537E-18
3.080000E+03	1.023283E-16	1.763933E-18
3.090000E+03	1.030445E-16	1.773778E-18
3.100000E+03	1.037632E-16	1.783621E-18
3.110000E+03	1.045238E-16	1.794137E-18
3.120000E+03	1.052872E-16	1.804652E-18
3.130000E+03	1.060796E-16	1.815614E-18
3.140000E+03	1.069010E-16	1.827024E-18
3.150000E+03	1.077387E-16	1.838658E-18
3.160000E+03	1.085927E-16	1.850518E-18
3.170000E+03	1.094893E-16	1.863048E-18
3.180000E+03	1.104026E-16	1.875805E-18
3.190000E+03	1.113459E-16	1.889013E-18
3.200000E+03	1.123195E-16	1.902675E-18
3.210000E+03	1.133366E-16	1.917013E-18
3.220000E+03	1.143715E-16	1.931586E-18
3.230000E+03	1.154375E-16	1.946620E-18
3.240000E+03	1.165484E-16	1.962342E-18
3.250000E+03	1.176915E-16	1.978536E-18
3.260000E+03	1.188803E-16	1.995426E-18
3.270000E+03	1.201024E-16	2.012800E-18
3.280000E+03	1.213849E-16	2.031108E-18
3.290000E+03	1.226890E-16	2.049697E-18
3.300000E+03	1.240552E-16	2.069241E-18
3.310000E+03	1.254714E-16	2.089532E-18
3.320000E+03	1.269389E-16	2.110587E-18
3.330000E+03	1.284587E-16	2.132420E-18
3.340000E+03	1.300456E-16	2.155272E-18
3.350000E+03	1.316882E-16	2.178945E-18
3.360000E+03	1.333881E-16	2.203464E-18
3.370000E+03	1.351739E-16	2.229294E-18
3.380000E+03	1.370213E-16	2.256028E-18
3.390000E+03	1.389594E-16	2.284138E-18
3.400000E+03	1.409774E-16	2.313441E-18
3.410000E+03	1.430785E-16	2.343978E-18
3.420000E+03	1.452657E-16	2.375794E-18
3.430000E+03	1.475555E-16	2.409151E-18
3.440000E+03	1.499519E-16	2.444103E-18
3.450000E+03	1.524584E-16	2.480699E-18
3.460000E+03	1.550792E-16	2.518997E-18
3.470000E+03	1.578185E-16	2.559054E-18
3.480000E+03	1.606803E-16	2.600924E-18
3.490000E+03	1.636827E-16	2.644890E-18
3.500000E+03	1.668299E-16	2.691007E-18
3.510000E+03	1.701126E-16	2.739110E-18
3.520000E+03	1.735623E-16	2.789695E-18
3.530000E+03	1.771553E-16	2.842365E-18
3.540000E+03	1.809370E-16	2.897835E-18
3.550000E+03	1.848687E-16	2.955469E-18
3.560000E+03	1.889815E-16	3.015749E-18
3.570000E+03	1.932785E-16	3.078707E-18
3.580000E+03	1.977769E-16	3.144601E-18
3.590000E+03	2.024515E-16	3.213012E-18
3.600000E+03	2.073208E-16	3.284216E-18
3.610000E+03	2.124038E-16	3.358495E-18
3.620000E+03	2.177064E-16	3.435924E-18
3.630000E+03	2.232203E-16	3.516350E-18
3.640000E+03	2.289821E-16	3.600328E-18
3.650000E+03	2.349695E-16	3.687486E-18
3.660000E+03	2.412201E-16	3.778391E-18
3.670000E+03	2.477273E-16	3.872915E-18
3.680000E+03	2.544997E-16	3.971168E-18
3.690000E+03	2.615779E-16	4.073757E-18
3.700000E+03	2.689416E-16	4.180338E-18
3.710000E+03	2.766177E-16	4.291301E-18
3.720000E+03	2.846192E-16	4.406816E-18
3.730000E+03	2.929602E-16	4.527071E-18
3.740000E+03	3.016561E-16	4.652273E-18
3.750000E+03	3.107404E-16	4.782901E-18
3.760000E+03	3.202320E-16	4.919208E-18
3.770000E+03	3.301341E-16	5.061205E-18
3.780000E+03	3.404674E-16	5.209171E-18
3.790000E+03	3.512871E-16	5.363904E-18
3.800000E+03	3.625813E-16	5.525179E-18
3.810000E+03	3.744055E-16	5.693793E-18
3.820000E+03	3.867452E-16	5.869476E-18
3.830000E+03	3.996534E-16	6.052978E-18
3.840000E+03	4.131269E-16	6.244200E-18
3.850000E+03	4.271759E-16	6.443238E-18
3.860000E+03	4.418042E-16	6.650095E-18
3.870000E+03	4.570274E-16	6.864950E-18
3.880000E+03	4.728150E-16	7.087285E-18
3.890000E+03	4.891444E-16	7.316711E-18
3.900000E+03	5.060011E-16	7.552956E-18
3.910000E+03	5.233186E-16	7.794979E-18
3.920000E+03	5.410559E-16	8.042125E-18
3.930000E+03	5.590966E-16	8.292626E-18
3.940000E+03	5.774108E-16	8.546009E-18
3.950000E+03	5.958312E-16	8.799777E-18
3.960000E+03	6.142583E-16	9.052450E-18
3.970000E+03	6.325811E-16	9.302394E-18
3.980000E+03	6.506365E-16	9.547227E-18
3.990000E+03	6.682542E-16	9.784477E-18
4.000000E+03	6.853256E-16	1.001260E-17
4.010000E+03	7.016585E-16	1.022885E-17
4.020000E+03	7.171324E-16	1.043153E-17
4.030000E+03	7.315969E-16	1.061856E-17
4.040000E+03	7.449638E-16	1.078874E-17
4.050000E+03	7.571260E-16	1.094065E-17
4.060000E+03	7.680275E-16	1.107357E-17
4.070000E+03	7.776242E-16	1.118702E-17
4.080000E+03	7.859511E-16	1.128160E-17
4.090000E+03	7.930585E-16	1.135817E-17
4.100000E+03	7.989909E-16	1.141748E-17
4.110000E+03	8.039108E-16	1.146197E-17
4.120000E+03	8.079066E-16	1.149298E-17
4.130000E+03	8.111935E-16	1.151367E-17
4.140000E+03	8.139630E-16	1.152681E-17
4.150000E+03	8.163584E-16	1.153449E-17
4.160000E+03	8.186259E-16	1.154021E-17
4.170000E+03	8.209489E-16	1.154657E-17
4.180000E+03	8.235032E-16	1.155602E-17
4.190000E+03	8.264871E-16	1.157133E-17
4.200000E+03	8.300243E-16	1.159418E-17
4.210000E+03	8.342705E-16	1.162670E-17
4.220000E+03	8.393017E-16	1.166987E-17
4.230000E+03	8.452190E-16	1.172502E-17
4.240000E+03	8.520580E-16	1.179257E-17
4.250000E+03	8.598403E-16	1.187272E-17
4.260000E+03	8.685213E-16	1.196477E-17
4.270000E+03	8.780755E-16	1.206830E-17
4.280000E+03	8.884117E-16	1.218196E-17
4.290000E+03	8.994080E-16	1.230402E-17
4.300000E+03	9.109307E-16	1.243260E-17
4.310000E+03	9.228048E-16	1.256526E-17
4.320000E+03	9.348512E-16	1.269955E-17
4.330000E+03	9.468604E-16	1.283261E-17
4.340000E+03	9.586172E-16	1.296154E-17
4.350000E+03	9.699451E-16	1.308398E-17
4.360000E+03	9.806182E-16	1.319695E-17
4.370000E+03	9.905273E-16	1.329905E-17
4.380000E+03	9.995483E-16	1.338869E-17
4.390000E+03	1.007643E-15	1.346545E-17
4.400000E+03	1.014892E-15	1.353048E-17
4.410000E+03	1.021388E-15	1.358512E-17
4.420000E+03	1.027375E-15	1.363268E-17
4.430000E+03	1.033076E-15	1.367616E-17
4.440000E+03	1.038767E-15	1.371923E-17
4.450000E+03	1.044695E-15	1.376517E-17
4.460000E+03	1.051143E-15	1.381766E-17
4.470000E+03	1.058347E-15	1.387977E-17
4.480000E+03	1.066488E-15	1.395380E-17
4.490000E+03	1.075714E-15	1.404158E-17
4.500000E+03	1.086129E-15	1.414440E-17
4.510000E+03	1.097750E-15	1.426235E-17
4.520000E+03	1.110539E-15	1.439486E-17
4.530000E+03	1.124401E-15	1.454058E-17
4.540000E+03	1.139172E-15	1.469729E-17
4.550000E+03	1.154633E-15	1.486212E-17
4.560000E+03	1.170510E-15	1.503149E-17
4.570000E+03	1.186491E-15	1.520137E-17
4.580000E+03	1.202229E-15	1.536733E-17
4.590000E+03	1.217369E-15	1.552486E-17
4.600000E+03	1.231555E-15	1.566949E-17
4.610000E+03	1.244455E-15	1.579710E-17
4.620000E+03	1.255777E-15	1.590413E-17
4.630000E+03	1.265309E-15	1.598802E-17
4.640000E+03	1.272861E-15	1.604654E-17
4.650000E+03	1.278395E-15	1.607940E-17
4.660000E+03	1.281893E-15	1.608655E-17
4.670000E+03	1.283492E-15	1.606989E-17
4.680000E+03	1.283335E-15	1.603135E-17
4.690000E+03	1.281656E-15	1.597404E-17
4.700000E+03	1.278746E-15	1.590167E-17
4.710000E+03	1.274881E-15	1.581778E-17
4.720000E+03	1.270350E-15	1.572604E-17
4.730000E+03	1.265416E-15	1.562976E-17
4.740000E+03	1.260333E-15	1.553209E-17
4.750000E+03	1.255317E-15	1.543571E-17
4.760000E+03	1.250512E-15	1.534238E-17
4.770000E+03	1.246046E-15	1.525364E-17
4.780000E+03	1.242012E-15	1.517060E-17
4.790000E+03	1.238458E-15	1.509383E-17
4.800000E+03	1.235480E-15	1.502445E-17
4.810000E+03	1.233107E-15	1.496275E-17
4.820000E+03	1.231399E-15	1.490944E-17
4.830000E+03	1.230453E-15	1.486562E-17
4.840000E+03	1.230304E-15	1.483166E-17
4.850000E+03	1.231054E-15	1.480874E-17
4.860000E+03	1.232801E-15	1.479795E-17
4.870000E+03	1.235637E-15	1.480033E-17
4.880000E+03	1.239622E-15	1.481652E-17
4.890000E+03	1.244855E-15	1.484759E-17
4.900000E+03	1.251342E-15	1.489353E-17
4.910000E+03	1.259088E-15	1.495433E-17
4.920000E+03	1.268075E-15	1.502966E-17
4.930000E+03	1.278189E-15	1.511809E-17
4.940000E+03	1.289281E-15	1.521780E-17
4.950000E+03	1.301121E-15	1.532599E-17
4.960000E+03	1.313471E-15	1.543984E-17
4.970000E+03	1.325950E-15	1.555483E-17
4.980000E+03	1.338226E-15	1.566708E-17
4.990000E+03	1.349877E-15	1.577169E-17
5.000000E+03	1.360493E-15	1.586391E-17
5.010000E+03	1.369700E-15	1.593947E-17
5.020000E+03	1.377145E-15	1.599440E-17
5.030000E+03	1.382598E-15	1.602613E-17
5.040000E+03	1.385874E-15	1.603268E-17
5.050000E+03	1.386962E-15	1.601407E-17
5.060000E+03	1.385917E-15	1.597107E-17
5.070000E+03	1.382971E-15	1.590651E-17
5.080000E+03	1.378427E-15	1.582399E-17
5.090000E+03	1.372651E-15	1.572779E-17
5.100000E+03	1.366085E-15	1.562308E-17
5.110000E+03	1.359177E-15	1.551498E-17
5.120000E+03	1.352347E-15	1.540833E-17
5.130000E+03	1.346014E-15	1.530787E-17
5.140000E+03	1.340532E-15	1.521759E-17
5.150000E+03	1.336197E-15	1.514078E-17
5.160000E+03	1.333229E-15	1.507988E-17
5.170000E+03	1.331833E-15	1.503711E-17
5.180000E+03	1.332099E-15	1.501338E-17
5.190000E+03	1.334130E-15	1.500977E-17
5.200000E+03	1.337946E-15	1.502638E-17
5.210000E+03	1.343533E-15	1.506296E-17
5.220000E+03	1.350876E-15	1.511926E-17
5.230000E+03	1.359932E-15	1.519469E-17
5.240000E+03	1.370588E-15	1.528791E-17
5.250000E+03	1.382760E-15	1.539788E-17
5.260000E+03	1.396264E-15	1.552251E-17
5.270000E+03	1.410920E-15	1.565973E-17
5.280000E+03	1.426486E-15	1.580679E-17
5.290000E+03	1.442650E-15	1.596023E-17
5.300000E+03	1.459091E-15	1.611646E-17
5.310000E+03	1.475373E-15	1.627070E-17
5.320000E+03	1.491051E-15	1.641804E-17
5.330000E+03	1.505674E-15	1.655359E-17
5.340000E+03	1.518726E-15	1.667175E-17
5.350000E+03	1.529731E-15	1.676739E-17
5.360000E+03	1.538283E-15	1.683617E-17
5.370000E+03	1.544035E-15	1.687444E-17
5.380000E+03	1.546721E-15	1.687943E-17
5.390000E+03	1.546275E-15	1.685059E-17
5.400000E+03	1.542744E-15	1.678856E-17
5.410000E+03	1.536357E-15	1.669595E-17
5.420000E+03	1.527504E-15	1.657713E-17
5.430000E+03	1.516721E-15	1.643801E-17
5.440000E+03	1.504655E-15	1.628564E-17
5.450000E+03	1.492010E-15	1.612770E-17
5.460000E+03	1.479492E-15	1.597181E-17
5.470000E+03	1.467709E-15	1.582451E-17
5.480000E+03	1.457137E-15	1.569087E-17
5.490000E+03	1.448061E-15	1.557392E-17
5.500000E+03	1.440480E-15	1.547355E-17
5.510000E+03	1.434199E-15	1.538762E-17
5.520000E+03	1.428791E-15	1.531149E-17
5.530000E+03	1.423677E-15	1.523892E-17
5.540000E+03	1.418128E-15	1.516209E-17
5.550000E+03	1.411410E-15	1.507320E-17
5.560000E+03	1.402837E-15	1.496493E-17
5.570000E+03	1.391859E-15	1.483150E-17
5.580000E+03	1.378114E-15	1.466912E-17
5.590000E+03	1.361391E-15	1.447563E-17
5.600000E+03	1.341719E-15	1.425145E-17
5.610000E+03	1.319314E-15	1.399893E-17
5.620000E+03	1.294508E-15	1.372167E-17
5.630000E+03	1.267803E-15	1.342504E-17
5.640000E+03	1.239730E-15	1.311474E-17
5.650000E+03	1.210905E-15	1.279727E-17
5.660000E+03	1.181938E-15	1.247908E-17
5.670000E+03	1.153430E-15	1.216653E-17
5.680000E+03	1.125956E-15	1.186560E-17
5.690000E+03	1.100048E-15	1.158188E-17
5.700000E+03	1.076218E-15	1.132069E-17
5.710000E+03	1.054937E-15	1.108691E-17
5.720000E+03	1.036627E-15	1.088488E-17
5.730000E+03	1.021693E-15	1.071875E-17
5.740000E+03	1.010512E-15	1.059239E-17
5.750000E+03	1.003418E-15	1.050918E-17
5.760000E+03	1.000720E-15	1.047223E-17
5.770000E+03	1.002682E-15	1.048422E-17
5.780000E+03	1.009562E-15	1.054769E-17
5.790000E+03	1.021531E-15	1.066431E-17
5.800000E+03	1.038735E-15	1.083549E-17
5.810000E+03	1.061234E-15	1.106174E-17
5.820000E+03	1.089016E-15	1.134280E-17
5.830000E+03	1.121983E-15	1.167756E-17
5.840000E+03	1.159894E-15	1.206338E-17
5.850000E+03	1.202410E-15	1.249666E-17
5.860000E+03	1.249029E-15	1.297209E-17
5.870000E+03	1.299129E-15	1.348315E-17
5.880000E+03	1.351931E-15	1.402171E-17
5.890000E+03	1.406501E-15	1.457805E-17
5.900000E+03	1.461833E-15	1.514174E-17
5.910000E+03	1.516824E-15	1.570136E-17
5.920000E+03	1.570385E-15	1.624570E-17
5.930000E+03	1.621374E-15	1.676297E-17
5.940000E+03	1.668796E-15	1.724298E-17
5.950000E+03	1.711717E-15	1.767618E-17
5.960000E+03	1.749429E-15	1.805534E-17
5.970000E+03	1.781348E-15	1.837456E-17
5.980000E+03	1.807132E-15	1.863043E-17
5.990000E+03	1.826663E-15	1.882184E-17
6.000000E+03	1.840004E-15	1.894956E-17
6.010000E+03	1.847354E-15	1.901575E-17
6.020000E+03	1.849128E-15	1.902477E-17
6.030000E+03	1.845777E-15	1.898135E-17
6.040000E+03	1.837893E-15	1.889164E-17
6.050000E+03	1.826034E-15	1.876145E-17
6.060000E+03	1.810813E-15	1.859712E-17
6.070000E+03	1.792801E-15	1.840456E-17
6.080000E+03	1.772536E-15	1.818930E-17
6.090000E+03	1.750436E-15	1.795567E-17
6.100000E+03	1.726894E-15	1.770771E-17
6.110000E+03	1.702202E-15	1.744842E-17
6.120000E+03	1.676586E-15	1.718012E-17
6.130000E+03	1.650174E-15	1.690412E-17
6.140000E+03	1.623033E-15	1.662111E-17
6.150000E+03	1.595207E-15	1.633152E-17
6.160000E+03	1.566678E-15	1.603519E-17
6.170000E+03	1.537453E-15	1.573216E-17
6.180000E+03	1.507542E-15	1.542254E-17
6.190000E+03	1.477025E-15	1.510713E-17
6.200000E+03	1.445978E-15	1.478671E-17
6.210000E+03	1.414625E-15	1.446356E-17
6.220000E+03	1.383225E-15	1.414031E-17
6.230000E+03	1.352082E-15	1.382004E-17
6.240000E+03	1.321528E-15	1.350616E-17
6.250000E+03	1.291900E-15	1.320207E-17
6.260000E+03	1.263535E-15	1.291121E-17
6.270000E+03	1.236757E-15	1.263687E-17
6.280000E+03	1.211907E-15	1.238251E-17
6.290000E+03	1.189348E-15	1.215183E-17
6.300000E+03	1.169391E-15	1.194800E-17
6.310000E+03	1.152378E-15	1.177449E-17
6.320000E+03	1.138622E-15	1.163448E-17
6.330000E+03	1.128416E-15	1.153096E-17
6.340000E+03	1.122028E-15	1.146667E-17
6.350000E+03	1.119665E-15	1.144371E-17
6.360000E+03	1.121501E-15	1.146389E-17
6.370000E+03	1.127648E-15	1.152835E-17
6.380000E+03	1.138114E-15	1.163721E-17
6.390000E+03	1.152869E-15	1.179016E-17
6.400000E+03	1.171761E-15	1.198569E-17
6.410000E+03	1.194556E-15	1.222142E-17
6.420000E+03	1.220943E-15	1.249422E-17
6.430000E+03	1.250459E-15	1.279939E-17
6.440000E+03	1.282628E-15	1.313207E-17
6.450000E+03	1.316840E-15	1.348604E-17
6.460000E+03	1.352475E-15	1.385500E-17
6.470000E+03	1.388867E-15	1.423214E-17
6.480000E+03	1.425398E-15	1.461115E-17
6.490000E+03	1.461466E-15	1.498585E-17
6.500000E+03	1.496582E-15	1.535127E-17
6.510000E+03	1.530335E-15	1.570316E-17
6.520000E+03	1.562490E-15	1.603912E-17
6.530000E+03	1.592894E-15	1.635756E-17
6.540000E+03	1.621588E-15	1.665891E-17
6.550000E+03	1.648658E-15	1.694401E-17
6.560000E+03	1.674310E-15	1.721498E-17
6.570000E+03	1.698790E-15	1.747434E-17
6.580000E+03	1.722405E-15	1.772524E-17
6.590000E+03	1.745420E-15	1.797039E-17
6.600000E+03	1.768047E-15	1.821200E-17
6.610000E+03	1.790503E-15	1.845228E-17
6.620000E+03	1.812895E-15	1.869233E-17
6.630000E+03	1.835251E-15	1.893247E-17
6.640000E+03	1.857538E-15	1.917235E-17
6.650000E+03	1.879626E-15	1.941063E-17
6.660000E+03	1.901291E-15	1.964500E-17
6.670000E+03	1.922313E-15	1.987319E-17
6.680000E+03	1.942364E-15	2.009179E-17
6.690000E+03	1.961129E-15	2.029754E-17
6.700000E+03	1.978241E-15	2.048662E-17
6.710000E+03	1.993378E-15	2.065566E-17
6.720000E+03	2.006222E-15	2.080134E-17
6.730000E+03	2.016493E-15	2.092071E-17
6.740000E+03	2.023959E-15	2.101131E-17
6.750000E+03	2.028450E-15	2.107133E-17
6.760000E+03	2.029863E-15	2.109965E-17
6.770000E+03	2.028191E-15	2.109613E-17
6.780000E+03	2.023450E-15	2.106086E-17
6.790000E+03	2.015751E-15	2.099495E-17
6.800000E+03	2.005293E-15	2.090039E-17
6.810000E+03	1.992286E-15	2.077933E-17
6.820000E+03	1.977039E-15	2.063493E-17
6.830000E+03	1.959858E-15	2.047032E-17
6.840000E+03	1.941128E-15	2.028950E-17
6.850000E+03	1.921217E-15	2.009626E-17
6.860000E+03	1.900549E-15	1.989501E-17
6.870000E+03	1.879536E-15	1.969005E-17
6.880000E+03	1.858542E-15	1.948517E-17
6.890000E+03	1.838027E-15	1.928521E-17
6.900000E+03	1.818324E-15	1.909367E-17
6.910000E+03	1.799780E-15	1.891420E-17
6.920000E+03	1.782725E-15	1.875032E-17
6.930000E+03	1.767424E-15	1.860482E-17
6.940000E+03	1.754049E-15	1.847958E-17
6.950000E+03	1.742818E-15	1.837695E-17
6.960000E+03	1.733766E-15	1.829735E-17
6.970000E+03	1.726968E-15	1.824164E-17
6.980000E+03	1.722375E-15	1.820935E-17
6.990000E+03	1.719895E-15	1.819958E-17
7.000000E+03	1.719375E-15	1.821078E-17
7.010000E+03	1.720610E-15	1.824083E-17
7.020000E+03	1.723347E-15	1.828712E-17
7.030000E+03	1.727296E-15	1.834660E-17
7.040000E+03	1.732115E-15	1.841568E-17
7.050000E+03	1.737509E-15	1.849126E-17
7.060000E+03	1.743070E-15	1.856903E-17
7.070000E+03	1.748504E-15	1.864586E-17
7.080000E+03	1.753490E-15	1.871833E-17
7.090000E+03	1.757692E-15	1.878284E-17
7.100000E+03	1.760895E-15	1.883707E-17
7.110000E+03	1.762839E-15	1.887822E-17
7.120000E+03	1.763377E-15	1.890467E-17
7.130000E+03	1.762368E-15	1.891487E-17
7.140000E+03	1.759762E-15	1.890823E-17
7.150000E+03	1.755530E-15	1.888438E-17
7.160000E+03	1.749641E-15	1.884296E-17
7.170000E+03	1.742164E-15	1.878462E-17
7.180000E+03	1.733169E-15	1.871007E-17
7.190000E+03	1.722722E-15	1.861997E-17
7.200000E+03	1.710943E-15	1.851556E-17
7.210000E+03	1.697909E-15	1.839762E-17
7.220000E+03	1.683696E-15	1.826692E-17
7.230000E+03	1.668430E-15	1.812479E-17
7.240000E+03	1.652146E-15	1.797155E-17
7.250000E+03	1.634925E-15	1.780803E-17
7.260000E+03	1.616796E-15	1.763451E-17
7.270000E+03	1.597796E-15	1.745136E-17
7.280000E+03	1.577933E-15	1.725860E-17
7.290000E+03	1.557268E-15	1.705685E-17
7.300000E+03	1.535786E-15	1.684593E-17
7.310000E+03	1.513530E-15	1.662623E-17
7.320000E+03	1.490515E-15	1.639787E-17
7.330000E+03	1.466787E-15	1.616133E-17
7.340000E+03	1.442405E-15	1.591720E-17
7.350000E+03	1.417446E-15	1.566627E-17
7.360000E+03	1.392005E-15	1.540956E-17
7.370000E+03	1.366191E-15	1.514824E-17
7.380000E+03	1.340127E-15	1.488365E-17
7.390000E+03	1.313951E-15	1.461726E-17
7.400000E+03	1.287785E-15	1.435044E-17
7.410000E+03	1.261788E-15	1.408492E-17
7.420000E+03	1.236082E-15	1.382208E-17
7.430000E+03	1.210812E-15	1.356352E-17
7.440000E+03	1.186088E-15	1.331050E-17
7.450000E+03	1.162009E-15	1.306412E-17
7.460000E+03	1.138615E-15	1.282489E-17
7.470000E+03	1.116005E-15	1.259392E-17
7.480000E+03	1.094180E-15	1.237126E-17
7.490000E+03	1.073157E-15	1.215713E-17
7.500000E+03	1.052938E-15	1.195161E-17
7.510000E+03	1.033543E-15	1.175494E-17
7.520000E+03	1.014987E-15	1.156730E-17
7.530000E+03	9.972664E-16	1.138872E-17
7.540000E+03	9.804364E-16	1.121984E-17
7.550000E+03	9.645229E-16	1.106100E-17
7.560000E+03	9.495203E-16	1.091218E-17
7.570000E+03	9.354653E-16	1.077386E-17
7.580000E+03	9.223625E-16	1.064613E-17
7.590000E+03	9.102005E-16	1.052891E-17
7.600000E+03	8.989767E-16	1.042224E-17
7.610000E+03	8.886990E-16	1.032625E-17
7.620000E+03	8.793630E-16	1.024096E-17
7.630000E+03	8.709535E-16	1.016625E-17
7.640000E+03	8.634781E-16	1.010227E-17
7.650000E+03	8.569216E-16	1.004891E-17
7.660000E+03	8.513010E-16	1.000643E-17
7.670000E+03	8.465865E-16	9.974539E-18
7.680000E+03	8.427890E-16	9.953443E-18
7.690000E+03	8.398710E-16	9.942763E-18
7.700000E+03	8.378330E-16	9.942574E-18
7.710000E+03	8.366360E-16	9.952479E-18
7.720000E+03	8.362449E-16	9.972129E-18
7.730000E+03	8.366171E-16	1.000108E-17
7.740000E+03	8.377130E-16	1.003891E-17
7.750000E+03	8.394639E-16	1.008487E-17
7.760000E+03	8.418159E-16	1.013835E-17
7.770000E+03	8.446868E-16	1.019842E-17
7.780000E+03	8.479996E-16	1.026419E-17
7.790000E+03	8.516959E-16	1.033498E-17
7.800000E+03	8.556692E-16	1.040954E-17
7.810000E+03	8.598447E-16	1.048697E-17
7.820000E+03	8.641244E-16	1.056609E-17
7.830000E+03	8.684457E-16	1.064615E-17
7.840000E+03	8.727011E-16	1.072581E-17
7.850000E+03	8.768331E-16	1.080438E-17
7.860000E+03	8.807527E-16	1.088072E-17
7.870000E+03	8.843752E-16	1.095378E-17
7.880000E+03	8.876565E-16	1.102297E-17
7.890000E+03	8.905342E-16	1.108747E-17
7.900000E+03	8.929272E-16	1.114624E-17
7.910000E+03	8.948079E-16	1.119887E-17
7.920000E+03	8.961300E-16	1.124474E-17
7.930000E+03	8.968279E-16	1.128295E-17
7.940000E+03	8.968892E-16	1.131329E-17
7.950000E+03	8.962818E-16	1.133528E-17
7.960000E+03	8.949531E-16	1.134819E-17
7.970000E+03	8.929034E-16	1.135195E-17
7.980000E+03	8.900876E-16	1.134589E-17
7.990000E+03	8.865009E-16	1.132988E-17
8.000000E+03	8.821056E-16	1.130335E-17
8.010000E+03	8.769163E-16	1.126641E-17
8.020000E+03	8.709276E-16	1.121889E-17
8.030000E+03	8.641136E-16	1.116039E-17
8.040000E+03	8.565018E-16	1.109115E-17
8.050000E+03	8.481006E-16	1.101122E-17
8.060000E+03	8.389120E-16	1.092052E-17
8.070000E+03	8.289795E-16	1.081954E-17
8.080000E+03	8.183178E-16	1.070839E-17
8.090000E+03	8.069602E-16	1.058743E-17
8.100000E+03	7.949586E-16	1.045726E-17
8.110000E+03	7.823491E-16	1.031828E-17
8.120000E+03	7.691871E-16	1.017117E-17
8.130000E+03	7.555452E-16	1.001683E-17
8.140000E+03	7.414709E-16	9.855824E-18
8.150000E+03	7.270600E-16	9.689388E-18
8.160000E+03	7.123718E-16	9.518274E-18
8.170000E+03	6.975111E-16	9.343854E-18
8.180000E+03	6.825449E-16	9.167005E-18
8.190000E+03	6.675730E-16	8.989058E-18
8.200000E+03	6.526762E-16	8.811099E-18
8.210000E+03	6.379536E-16	8.634475E-18
8.220000E+03	6.234844E-16	8.460276E-18
8.230000E+03	6.093542E-16	8.289689E-18
8.240000E+03	5.956448E-16	8.123865E-18
8.250000E+03	5.824336E-16	7.963902E-18
8.260000E+03	5.697923E-16	7.810835E-18
8.270000E+03	5.577873E-16	7.665632E-18
8.280000E+03	5.464702E-16	7.529072E-18
8.290000E+03	5.358955E-16	7.401975E-18
8.300000E+03	5.261189E-16	7.285189E-18
8.310000E+03	5.171668E-16	7.179163E-18
8.320000E+03	5.090908E-16	7.084700E-18
8.330000E+03	5.019141E-16	7.002215E-18
8.340000E+03	4.956556E-16	6.932063E-18
8.350000E+03	4.903375E-16	6.874649E-18
8.360000E+03	4.859852E-16	6.830430E-18
8.370000E+03	4.826134E-16	6.799710E-18
8.380000E+03	4.802198E-16	6.782558E-18
8.390000E+03	4.788215E-16	6.779316E-18
8.400000E+03	4.784258E-16	6.790191E-18
8.410000E+03	4.790315E-16	6.815267E-18
8.420000E+03	4.806500E-16	6.854810E-18
8.430000E+03	4.832769E-16	6.908859E-18
8.440000E+03	4.869133E-16	6.977533E-18
8.450000E+03	4.915587E-16	7.060927E-18
8.460000E+03	4.972035E-16	7.159005E-18
8.470000E+03	5.038508E-16	7.271911E-18
8.480000E+03	5.114940E-16	7.399652E-18
8.490000E+03	5.201079E-16	7.541962E-18
8.500000E+03	5.296953E-16	7.698977E-18
8.510000E+03	5.402231E-16	7.870313E-18
8.520000E+03	5.516869E-16	8.055999E-18
8.530000E+03	5.640436E-16	8.255493E-18
8.540000E+03	5.772610E-16	8.468412E-18
8.550000E+03	5.913100E-16	8.694412E-18
8.560000E+03	6.061372E-16	8.932786E-18
8.570000E+03	6.217010E-16	9.182994E-18
8.580000E+03	6.379232E-16	9.443947E-18
8.590000E+03	6.547471E-16	9.714868E-18
8.600000E+03	6.721107E-16	9.994888E-18
8.610000E+03	6.899120E-16	1.028254E-17
8.620000E+03	7.080745E-16	1.057671E-17
8.630000E+03	7.265050E-16	1.087605E-17
8.640000E+03	7.451050E-16	1.117909E-17
8.650000E+03	7.637710E-16	1.148428E-17
8.660000E+03	7.823966E-16	1.179004E-17
8.670000E+03	8.008730E-16	1.209470E-17
8.680000E+03	8.190907E-16	1.239659E-17
8.690000E+03	8.369407E-16	1.269402E-17
8.700000E+03	8.543163E-16	1.298532E-17
8.710000E+03	8.711295E-16	1.326912E-17
8.720000E+03	8.872681E-16	1.354363E-17
8.730000E+03	9.026721E-16	1.380787E-17
8.740000E+03	9.172280E-16	1.406001E-17
8.750000E+03	9.308777E-16	1.429909E-17
8.760000E+03	9.435742E-16	1.452429E-17
8.770000E+03	9.552654E-16	1.473470E-17
8.780000E+03	9.658935E-16	1.492933E-17
8.790000E+03	9.754628E-16	1.510815E-17
8.800000E+03	9.839558E-16	1.527077E-17
8.810000E+03	9.913497E-16	1.541674E-17
8.820000E+03	9.976658E-16	1.554629E-17
8.830000E+03	1.002920E-15	1.565956E-17
8.840000E+03	1.007176E-15	1.575742E-17
8.850000E+03	1.010409E-15	1.583943E-17
8.860000E+03	1.012720E-15	1.590705E-17
8.870000E+03	1.014138E-15	1.596066E-17
8.880000E+03	1.014698E-15	1.600073E-17
8.890000E+03	1.014501E-15	1.602875E-17
8.900000E+03	1.013586E-15	1.604530E-17
8.910000E+03	1.012021E-15	1.605137E-17
8.920000E+03	1.009872E-15	1.604796E-17
8.930000E+03	1.007204E-15	1.603607E-17
8.940000E+03	1.004108E-15	1.601706E-17
8.950000E+03	1.000606E-15	1.599129E-17
8.960000E+03	9.968030E-16	1.596037E-17
8.970000E+03	9.927390E-16	1.592493E-17
8.980000E+03	9.884928E-16	1.588621E-17
8.990000E+03	9.840984E-16	1.584475E-17
9.000000E+03	9.796268E-16	1.580167E-17
9.040000E+03	9.617420E-16	1.562571E-17
9.080000E+03	9.455877E-16	1.547220E-17
9.120000E+03	9.325392E-16	1.536446E-17
9.160000E+03	9.229910E-16	1.531017E-17
9.200000E+03	9.165436E-16	1.530385E-17
9.240000E+03	9.122910E-16	1.533133E-17
9.280000E+03	9.089776E-16	1.537210E-17
9.320000E+03	9.053457E-16	1.540507E-17
9.360000E+03	9.002537E-16	1.541062E-17
9.400000E+03	8.928541E-16	1.537374E-17
9.440000E+03	8.826911E-16	1.528589E-17
9.480000E+03	8.697107E-16	1.514536E-17
9.520000E+03	8.541081E-16	1.495483E-17
9.560000E+03	8.362284E-16	1.471972E-17
9.600000E+03	8.164770E-16	1.444668E-17
9.640000E+03	7.951272E-16	1.414017E-17
9.680000E+03	7.725098E-16	1.380580E-17
9.720000E+03	7.486891E-16	1.344451E-17
9.760000E+03	7.237527E-16	1.305773E-17
9.800000E+03	6.977002E-16	1.264529E-17
9.840000E+03	6.704456E-16	1.220552E-17
9.880000E+03	6.420116E-16	1.173868E-17
9.920000E+03	6.124649E-16	1.124588E-17
9.960000E+03	5.820559E-16	1.073163E-17
1.000000E+04	5.510767E-16	1.020131E-17
1.004000E+04	5.198756E-16	9.661438E-18
1.008000E+04	4.889865E-16	9.122075E-18
1.012000E+04	4.587594E-16	8.590004E-18
1.016000E+04	4.296879E-16	8.074795E-18
1.020000E+04	4.019783E-16	7.580712E-18
1.024000E+04	3.758998E-16	7.113259E-18
1.028000E+04	3.515622E-16	6.674963E-18
1.032000E+04	3.289969E-16	6.266869E-18
