#wls	flux	fluxerr
1.600000E+03	2.440982E-16	2.793737E-16
1.640000E+03	2.464530E-16	2.804083E-16
1.680000E+03	2.488158E-16	2.812969E-16
1.720000E+03	2.512171E-16	2.820629E-16
1.760000E+03	2.535556E-16	2.825815E-16
1.800000E+03	2.559042E-16	2.829231E-16
1.840000E+03	2.582039E-16	2.830106E-16
1.880000E+03	2.604835E-16	2.828642E-16
1.920000E+03	2.626830E-16	2.824075E-16
1.960000E+03	2.648760E-16	2.817080E-16
2.000000E+03	2.670034E-16	2.806905E-16
2.040000E+03	2.690515E-16	2.793297E-16
2.080000E+03	2.710081E-16	2.776025E-16
2.120000E+03	2.729522E-16	2.755786E-16
2.160000E+03	2.748317E-16	2.731931E-16
2.200000E+03	2.766433E-16	2.704317E-16
2.240000E+03	2.783877E-16	2.672846E-16
2.280000E+03	2.801590E-16	2.638300E-16
2.320000E+03	2.819259E-16	2.600235E-16
2.360000E+03	2.837090E-16	2.558697E-16
2.400000E+03	2.856240E-16	2.514552E-16
2.440000E+03	2.876676E-16	2.467535E-16
2.480000E+03	2.898924E-16	2.417840E-16
2.520000E+03	2.924905E-16	2.366728E-16
2.560000E+03	2.954594E-16	2.313718E-16
2.600000E+03	2.989411E-16	2.259393E-16
2.640000E+03	3.031390E-16	2.204591E-16
2.680000E+03	3.081564E-16	2.149166E-16
2.720000E+03	3.142071E-16	2.093522E-16
2.760000E+03	3.215366E-16	2.037922E-16
2.800000E+03	3.304694E-16	1.982693E-16
2.840000E+03	3.412098E-16	1.926938E-16
2.880000E+03	3.542624E-16	1.870940E-16
2.920000E+03	3.699877E-16	1.813414E-16
2.960000E+03	3.889034E-16	1.753117E-16
3.000000E+03	4.116620E-16	1.688453E-16
3.010000E+03	4.180442E-16	1.671376E-16
3.020000E+03	4.247172E-16	1.653807E-16
3.030000E+03	4.316932E-16	1.635697E-16
3.040000E+03	4.389848E-16	1.616996E-16
3.050000E+03	4.466525E-16	1.597820E-16
3.060000E+03	4.546162E-16	1.577774E-16
3.070000E+03	4.629854E-16	1.557133E-16
3.080000E+03	4.717279E-16	1.535669E-16
3.090000E+03	4.809090E-16	1.513478E-16
3.100000E+03	4.904972E-16	1.490334E-16
3.110000E+03	5.005099E-16	1.466174E-16
3.120000E+03	5.109654E-16	1.440935E-16
3.130000E+03	5.219346E-16	1.414692E-16
3.140000E+03	5.333872E-16	1.387236E-16
3.150000E+03	5.453976E-16	1.358637E-16
3.160000E+03	5.579362E-16	1.328699E-16
3.170000E+03	5.710263E-16	1.297368E-16
3.180000E+03	5.847480E-16	1.264718E-16
3.190000E+03	5.991297E-16	1.230699E-16
3.200000E+03	6.141437E-16	1.195162E-16
3.210000E+03	6.298185E-16	1.158097E-16
3.220000E+03	6.463030E-16	1.119719E-16
3.230000E+03	6.634533E-16	1.079743E-16
3.240000E+03	6.814841E-16	1.038531E-16
3.250000E+03	7.003111E-16	9.959858E-17
3.260000E+03	7.200343E-16	9.523492E-17
3.270000E+03	7.406947E-16	9.078274E-17
3.280000E+03	7.622677E-16	8.626257E-17
3.290000E+03	7.848590E-16	8.171982E-17
3.300000E+03	8.085093E-16	7.720172E-17
3.310000E+03	8.332559E-16	7.276690E-17
3.320000E+03	8.591288E-16	6.848592E-17
3.330000E+03	8.860711E-16	6.443534E-17
3.340000E+03	9.142239E-16	6.071728E-17
3.350000E+03	9.433987E-16	5.741579E-17
3.360000E+03	9.736558E-16	5.462589E-17
3.370000E+03	1.004668E-15	5.239098E-17
3.380000E+03	1.036317E-15	5.071904E-17
3.390000E+03	1.068129E-15	4.955531E-17
3.400000E+03	1.099485E-15	4.880881E-17
3.410000E+03	1.129885E-15	4.837637E-17
3.420000E+03	1.158466E-15	4.814060E-17
3.430000E+03	1.184484E-15	4.800403E-17
3.440000E+03	1.207034E-15	4.787969E-17
3.450000E+03	1.225327E-15	4.770398E-17
3.460000E+03	1.239183E-15	4.744775E-17
3.470000E+03	1.248225E-15	4.707385E-17
3.480000E+03	1.252888E-15	4.657890E-17
3.490000E+03	1.253760E-15	4.596894E-17
3.500000E+03	1.251629E-15	4.525967E-17
3.510000E+03	1.247556E-15	4.448774E-17
3.520000E+03	1.242738E-15	4.370887E-17
3.530000E+03	1.238159E-15	4.298002E-17
3.540000E+03	1.234861E-15	4.236808E-17
3.550000E+03	1.233630E-15	4.192959E-17
3.560000E+03	1.234967E-15	4.169811E-17
3.570000E+03	1.239339E-15	4.169593E-17
3.580000E+03	1.246936E-15	4.192489E-17
3.590000E+03	1.257757E-15	4.236106E-17
3.600000E+03	1.271554E-15	4.295575E-17
3.610000E+03	1.288088E-15	4.364808E-17
3.620000E+03	1.306913E-15	4.436166E-17
3.630000E+03	1.327455E-15	4.502227E-17
3.640000E+03	1.349021E-15	4.556704E-17
3.650000E+03	1.370720E-15	4.594478E-17
3.660000E+03	1.391744E-15	4.613851E-17
3.670000E+03	1.410814E-15	4.615273E-17
3.680000E+03	1.426387E-15	4.601325E-17
3.690000E+03	1.436979E-15	4.576419E-17
3.700000E+03	1.440810E-15	4.541796E-17
3.710000E+03	1.436332E-15	4.493583E-17
3.720000E+03	1.422454E-15	4.425263E-17
3.730000E+03	1.398939E-15	4.331812E-17
3.740000E+03	1.366740E-15	4.212099E-17
3.750000E+03	1.327629E-15	4.069376E-17
3.760000E+03	1.284535E-15	3.912719E-17
3.770000E+03	1.240789E-15	3.753924E-17
3.780000E+03	1.200083E-15	3.606812E-17
3.790000E+03	1.165898E-15	3.483900E-17
3.800000E+03	1.141500E-15	3.395044E-17
3.810000E+03	1.130052E-15	3.348467E-17
3.820000E+03	1.133921E-15	3.348186E-17
3.830000E+03	1.155308E-15	3.394776E-17
3.840000E+03	1.196032E-15	3.486233E-17
3.850000E+03	1.257857E-15	3.619983E-17
3.860000E+03	1.342072E-15	3.791432E-17
3.870000E+03	1.449486E-15	3.995188E-17
3.880000E+03	1.580065E-15	4.225275E-17
3.890000E+03	1.732083E-15	4.473923E-17
3.900000E+03	1.901890E-15	4.733399E-17
3.910000E+03	2.083841E-15	4.994974E-17
3.920000E+03	2.270716E-15	5.246741E-17
3.930000E+03	2.453942E-15	5.476908E-17
3.940000E+03	2.625172E-15	5.678402E-17
3.950000E+03	2.777349E-15	5.848196E-17
3.960000E+03	2.906163E-15	5.992552E-17
3.970000E+03	3.009453E-15	6.120007E-17
3.980000E+03	3.087658E-15	6.232487E-17
3.990000E+03	3.143051E-15	6.330754E-17
4.000000E+03	3.177874E-15	6.413927E-17
4.010000E+03	3.194151E-15	6.474579E-17
4.020000E+03	3.192589E-15	6.503868E-17
4.030000E+03	3.173615E-15	6.494809E-17
4.040000E+03	3.137150E-15	6.436778E-17
4.050000E+03	3.082828E-15	6.324285E-17
4.060000E+03	3.011493E-15	6.163677E-17
4.070000E+03	2.925043E-15	5.968203E-17
4.080000E+03	2.826778E-15	5.759082E-17
4.090000E+03	2.720357E-15	5.555406E-17
4.100000E+03	2.610154E-15	5.365882E-17
4.110000E+03	2.500597E-15	5.195203E-17
4.120000E+03	2.395411E-15	5.046001E-17
4.130000E+03	2.297676E-15	4.916255E-17
4.140000E+03	2.209730E-15	4.804478E-17
4.150000E+03	2.133294E-15	4.710600E-17
4.160000E+03	2.069276E-15	4.631629E-17
4.170000E+03	2.018342E-15	4.565549E-17
4.180000E+03	1.980725E-15	4.510803E-17
4.190000E+03	1.956368E-15	4.463765E-17
4.200000E+03	1.944949E-15	4.421475E-17
4.210000E+03	1.946055E-15	4.382747E-17
4.220000E+03	1.959146E-15	4.346553E-17
4.230000E+03	1.983310E-15	4.314289E-17
4.240000E+03	2.017269E-15	4.290098E-17
4.250000E+03	2.059105E-15	4.278294E-17
4.260000E+03	2.106600E-15	4.286317E-17
4.270000E+03	2.157063E-15	4.321016E-17
4.280000E+03	2.207920E-15	4.383364E-17
4.290000E+03	2.256809E-15	4.471792E-17
4.300000E+03	2.301607E-15	4.580647E-17
4.310000E+03	2.340788E-15	4.694755E-17
4.320000E+03	2.373107E-15	4.795180E-17
4.330000E+03	2.397438E-15	4.863423E-17
4.340000E+03	2.412053E-15	4.879007E-17
4.350000E+03	2.415160E-15	4.828162E-17
4.360000E+03	2.405155E-15	4.710969E-17
4.370000E+03	2.380804E-15	4.541466E-17
4.380000E+03	2.341999E-15	4.345589E-17
4.390000E+03	2.290359E-15	4.148607E-17
4.400000E+03	2.229646E-15	3.961685E-17
4.410000E+03	2.165596E-15	3.787644E-17
4.420000E+03	2.104766E-15	3.629839E-17
4.430000E+03	2.053972E-15	3.495645E-17
4.440000E+03	2.019591E-15	3.399567E-17
4.450000E+03	2.007354E-15	3.354868E-17
4.460000E+03	2.022434E-15	3.364122E-17
4.470000E+03	2.069203E-15	3.427688E-17
4.480000E+03	2.151115E-15	3.547799E-17
4.490000E+03	2.269681E-15	3.723003E-17
4.500000E+03	2.424539E-15	3.954252E-17
4.510000E+03	2.612715E-15	4.241525E-17
4.520000E+03	2.827966E-15	4.572946E-17
4.530000E+03	3.060078E-15	4.932512E-17
4.540000E+03	3.296160E-15	5.304366E-17
4.550000E+03	3.522292E-15	5.665154E-17
4.560000E+03	3.725261E-15	5.997409E-17
4.570000E+03	3.893818E-15	6.291139E-17
4.580000E+03	4.021604E-15	6.532711E-17
4.590000E+03	4.106246E-15	6.716227E-17
4.600000E+03	4.149200E-15	6.845122E-17
4.610000E+03	4.154067E-15	6.915333E-17
4.620000E+03	4.125768E-15	6.929765E-17
4.630000E+03	4.070302E-15	6.902526E-17
4.640000E+03	3.993468E-15	6.844151E-17
4.650000E+03	3.900926E-15	6.769578E-17
4.660000E+03	3.797901E-15	6.691052E-17
4.670000E+03	3.689386E-15	6.603092E-17
4.680000E+03	3.579526E-15	6.495989E-17
4.690000E+03	3.471760E-15	6.363251E-17
4.700000E+03	3.368948E-15	6.196130E-17
4.710000E+03	3.272837E-15	5.991884E-17
4.720000E+03	3.184426E-15	5.756938E-17
4.730000E+03	3.103619E-15	5.500984E-17
4.740000E+03	3.029537E-15	5.242336E-17
4.750000E+03	2.960721E-15	5.003836E-17
4.760000E+03	2.895289E-15	4.805665E-17
4.770000E+03	2.831843E-15	4.674136E-17
4.780000E+03	2.770068E-15	4.631480E-17
4.790000E+03	2.711600E-15	4.679693E-17
4.800000E+03	2.659079E-15	4.812903E-17
4.810000E+03	2.615218E-15	5.020367E-17
4.820000E+03	2.582228E-15	5.275925E-17
4.830000E+03	2.561838E-15	5.548988E-17
4.840000E+03	2.554732E-15	5.813127E-17
4.850000E+03	2.560587E-15	6.044261E-17
4.860000E+03	2.578368E-15	6.223337E-17
4.870000E+03	2.607088E-15	6.340419E-17
4.880000E+03	2.645916E-15	6.394352E-17
4.890000E+03	2.694401E-15	6.393221E-17
4.900000E+03	2.753156E-15	6.352308E-17
4.910000E+03	2.823689E-15	6.288697E-17
4.920000E+03	2.907858E-15	6.219769E-17
4.930000E+03	3.006331E-15	6.154458E-17
4.940000E+03	3.116974E-15	6.085197E-17
4.950000E+03	3.234367E-15	5.999681E-17
4.960000E+03	3.348482E-15	5.890717E-17
4.970000E+03	3.444177E-15	5.760661E-17
4.980000E+03	3.503455E-15	5.627785E-17
4.990000E+03	3.510535E-15	5.503819E-17
5.000000E+03	3.456911E-15	5.369572E-17
5.010000E+03	3.343711E-15	5.204374E-17
5.020000E+03	3.183221E-15	5.005527E-17
5.030000E+03	2.997331E-15	4.779891E-17
5.040000E+03	2.810798E-15	4.549798E-17
5.050000E+03	2.645271E-15	4.342703E-17
5.060000E+03	2.516702E-15	4.172971E-17
5.070000E+03	2.435584E-15	4.049996E-17
5.080000E+03	2.407107E-15	3.979628E-17
5.090000E+03	2.431249E-15	3.957358E-17
5.100000E+03	2.504498E-15	3.977417E-17
5.110000E+03	2.620543E-15	4.036838E-17
5.120000E+03	2.769092E-15	4.133279E-17
5.130000E+03	2.936006E-15	4.274086E-17
5.140000E+03	3.105969E-15	4.462994E-17
5.150000E+03	3.265351E-15	4.676245E-17
5.160000E+03	3.403925E-15	4.886618E-17
5.170000E+03	3.515060E-15	5.076227E-17
5.180000E+03	3.597311E-15	5.224311E-17
5.190000E+03	3.653240E-15	5.322994E-17
5.200000E+03	3.688030E-15	5.378333E-17
5.210000E+03	3.707832E-15	5.390643E-17
5.220000E+03	3.719112E-15	5.369289E-17
5.230000E+03	3.727904E-15	5.332992E-17
5.240000E+03	3.739065E-15	5.294253E-17
5.250000E+03	3.756012E-15	5.273839E-17
5.260000E+03	3.780334E-15	5.288358E-17
5.270000E+03	3.811360E-15	5.324903E-17
5.280000E+03	3.846574E-15	5.370711E-17
5.290000E+03	3.882751E-15	5.423872E-17
5.300000E+03	3.916226E-15	5.474953E-17
5.310000E+03	3.943607E-15	5.526849E-17
5.320000E+03	3.962510E-15	5.588947E-17
5.330000E+03	3.971798E-15	5.647801E-17
5.340000E+03	3.971211E-15	5.689266E-17
5.350000E+03	3.959889E-15	5.703899E-17
5.360000E+03	3.935953E-15	5.668015E-17
5.370000E+03	3.896647E-15	5.565112E-17
5.380000E+03	3.839295E-15	5.397805E-17
5.390000E+03	3.761757E-15	5.178244E-17
5.400000E+03	3.664129E-15	4.937985E-17
5.410000E+03	3.550913E-15	4.706621E-17
5.420000E+03	3.431629E-15	4.484688E-17
5.430000E+03	3.318916E-15	4.272927E-17
5.440000E+03	3.226187E-15	4.074910E-17
5.450000E+03	3.166797E-15	3.877731E-17
5.460000E+03	3.152673E-15	3.678640E-17
5.470000E+03	3.192348E-15	3.500858E-17
5.480000E+03	3.289332E-15	3.394600E-17
5.490000E+03	3.440708E-15	3.452659E-17
5.500000E+03	3.632889E-15	3.733125E-17
5.510000E+03	3.838094E-15	4.160961E-17
5.520000E+03	4.017636E-15	4.610056E-17
5.530000E+03	4.134859E-15	4.986146E-17
5.540000E+03	4.169072E-15	5.227482E-17
5.550000E+03	4.119069E-15	5.327691E-17
5.560000E+03	4.000615E-15	5.317058E-17
5.570000E+03	3.841243E-15	5.215713E-17
5.580000E+03	3.670927E-15	5.049834E-17
5.590000E+03	3.512868E-15	4.852667E-17
5.600000E+03	3.379381E-15	4.643522E-17
5.610000E+03	3.272852E-15	4.441086E-17
5.620000E+03	3.185091E-15	4.256724E-17
5.630000E+03	3.097822E-15	4.082406E-17
5.640000E+03	2.988054E-15	3.915599E-17
5.650000E+03	2.836950E-15	3.749554E-17
5.660000E+03	2.635757E-15	3.549725E-17
5.670000E+03	2.388476E-15	3.294309E-17
5.680000E+03	2.112000E-15	2.991701E-17
5.690000E+03	1.831498E-15	2.661689E-17
5.700000E+03	1.571112E-15	2.334927E-17
5.710000E+03	1.347698E-15	2.042982E-17
5.720000E+03	1.169903E-15	1.805280E-17
5.730000E+03	1.039803E-15	1.632957E-17
5.740000E+03	9.550598E-16	1.528796E-17
5.750000E+03	9.115711E-16	1.486935E-17
5.760000E+03	9.059539E-16	1.501496E-17
5.770000E+03	9.365522E-16	1.568853E-17
5.780000E+03	1.003200E-15	1.683633E-17
5.790000E+03	1.106758E-15	1.840069E-17
5.800000E+03	1.248333E-15	2.033319E-17
5.810000E+03	1.427794E-15	2.258551E-17
5.820000E+03	1.642165E-15	2.514637E-17
5.830000E+03	1.884104E-15	2.801735E-17
5.840000E+03	2.141558E-15	3.114326E-17
5.850000E+03	2.398042E-15	3.448078E-17
5.860000E+03	2.635805E-15	3.794468E-17
5.870000E+03	2.840259E-15	4.121193E-17
5.880000E+03	3.002190E-15	4.391639E-17
5.890000E+03	3.118407E-15	4.584495E-17
5.900000E+03	3.190900E-15	4.688037E-17
5.910000E+03	3.225879E-15	4.710615E-17
5.920000E+03	3.231293E-15	4.672784E-17
5.930000E+03	3.215187E-15	4.587665E-17
5.940000E+03	3.184668E-15	4.472327E-17
5.950000E+03	3.145102E-15	4.343585E-17
5.960000E+03	3.099592E-15	4.203538E-17
5.970000E+03	3.049496E-15	4.059718E-17
5.980000E+03	2.994861E-15	3.922052E-17
5.990000E+03	2.934971E-15	3.787896E-17
6.000000E+03	2.869292E-15	3.665690E-17
6.010000E+03	2.798208E-15	3.565521E-17
6.020000E+03	2.723807E-15	3.474891E-17
6.030000E+03	2.649174E-15	3.388037E-17
6.040000E+03	2.578147E-15	3.310758E-17
6.050000E+03	2.514577E-15	3.238752E-17
6.060000E+03	2.462194E-15	3.176333E-17
6.070000E+03	2.423642E-15	3.134581E-17
6.080000E+03	2.400330E-15	3.112092E-17
6.090000E+03	2.392593E-15	3.111927E-17
6.100000E+03	2.399822E-15	3.139199E-17
6.110000E+03	2.420528E-15	3.180017E-17
6.120000E+03	2.452640E-15	3.220292E-17
6.130000E+03	2.494564E-15	3.257909E-17
6.140000E+03	2.545305E-15	3.294006E-17
6.150000E+03	2.604211E-15	3.343617E-17
6.160000E+03	2.670338E-15	3.422952E-17
6.170000E+03	2.741829E-15	3.521105E-17
6.180000E+03	2.816908E-15	3.618716E-17
6.190000E+03	2.895913E-15	3.694953E-17
6.200000E+03	2.983243E-15	3.712441E-17
6.210000E+03	3.089301E-15	3.649164E-17
6.220000E+03	3.233526E-15	3.541626E-17
6.230000E+03	3.445618E-15	3.508523E-17
6.240000E+03	3.756378E-15	3.738696E-17
6.250000E+03	4.177538E-15	4.343362E-17
6.260000E+03	4.688415E-15	5.226515E-17
6.270000E+03	5.236107E-15	6.190925E-17
6.280000E+03	5.748517E-15	7.050222E-17
6.290000E+03	6.156593E-15	7.668756E-17
6.300000E+03	6.409867E-15	8.009499E-17
6.310000E+03	6.486705E-15	8.104769E-17
6.320000E+03	6.397681E-15	7.986216E-17
6.330000E+03	6.177976E-15	7.717385E-17
6.340000E+03	5.873328E-15	7.369635E-17
6.350000E+03	5.528326E-15	6.964354E-17
6.360000E+03	5.180759E-15	6.529836E-17
6.370000E+03	4.857754E-15	6.107140E-17
6.380000E+03	4.575534E-15	5.715109E-17
6.390000E+03	4.342414E-15	5.382422E-17
6.400000E+03	4.159763E-15	5.130667E-17
6.410000E+03	4.024182E-15	4.943075E-17
6.420000E+03	3.928925E-15	4.810337E-17
6.430000E+03	3.865215E-15	4.730970E-17
6.440000E+03	3.822634E-15	4.675334E-17
6.450000E+03	3.789815E-15	4.621578E-17
6.460000E+03	3.754847E-15	4.562597E-17
6.470000E+03	3.707150E-15	4.478625E-17
6.480000E+03	3.638498E-15	4.365078E-17
6.490000E+03	3.546368E-15	4.232819E-17
6.500000E+03	3.435200E-15	4.082932E-17
6.510000E+03	3.314615E-15	3.951449E-17
6.520000E+03	3.196860E-15	3.919856E-17
6.530000E+03	3.093334E-15	4.047971E-17
6.540000E+03	3.009441E-15	4.323987E-17
6.550000E+03	2.943094E-15	4.672337E-17
6.560000E+03	2.888839E-15	5.001023E-17
6.570000E+03	2.840571E-15	5.238950E-17
6.580000E+03	2.792711E-15	5.345540E-17
6.590000E+03	2.740900E-15	5.306903E-17
6.600000E+03	2.682273E-15	5.133080E-17
6.610000E+03	2.615582E-15	4.851856E-17
6.620000E+03	2.541565E-15	4.502304E-17
6.630000E+03	2.462051E-15	4.131108E-17
6.640000E+03	2.379551E-15	3.781960E-17
6.650000E+03	2.296305E-15	3.485950E-17
6.660000E+03	2.214419E-15	3.267724E-17
6.670000E+03	2.135696E-15	3.133096E-17
6.680000E+03	2.061297E-15	3.058167E-17
6.690000E+03	1.992049E-15	3.016639E-17
6.700000E+03	1.928471E-15	2.992494E-17
6.710000E+03	1.870582E-15	2.971166E-17
6.720000E+03	1.818339E-15	2.944454E-17
6.730000E+03	1.771641E-15	2.909597E-17
6.740000E+03	1.730429E-15	2.862264E-17
6.750000E+03	1.694591E-15	2.801450E-17
6.760000E+03	1.663944E-15	2.730567E-17
6.770000E+03	1.637915E-15	2.652620E-17
6.780000E+03	1.615630E-15	2.573546E-17
6.790000E+03	1.595833E-15	2.499286E-17
6.800000E+03	1.576900E-15	2.430543E-17
6.810000E+03	1.557174E-15	2.369578E-17
6.820000E+03	1.535316E-15	2.319048E-17
6.830000E+03	1.510872E-15	2.276316E-17
6.840000E+03	1.484085E-15	2.240601E-17
6.850000E+03	1.456013E-15	2.212408E-17
6.860000E+03	1.428492E-15	2.186314E-17
6.870000E+03	1.403729E-15	2.158220E-17
6.880000E+03	1.384191E-15	2.128463E-17
6.890000E+03	1.372247E-15	2.097177E-17
6.900000E+03	1.369993E-15	2.068210E-17
6.910000E+03	1.379189E-15	2.048460E-17
6.920000E+03	1.400864E-15	2.043118E-17
6.930000E+03	1.435370E-15	2.060205E-17
6.940000E+03	1.481928E-15	2.105274E-17
6.950000E+03	1.538313E-15	2.172299E-17
6.960000E+03	1.600989E-15	2.253883E-17
6.970000E+03	1.665703E-15	2.344347E-17
6.980000E+03	1.727929E-15	2.431900E-17
6.990000E+03	1.783489E-15	2.508305E-17
7.000000E+03	1.829352E-15	2.571385E-17
7.010000E+03	1.864207E-15	2.616726E-17
7.020000E+03	1.888564E-15	2.646649E-17
7.030000E+03	1.903914E-15	2.668031E-17
7.040000E+03	1.912396E-15	2.680929E-17
7.050000E+03	1.916282E-15	2.688194E-17
7.060000E+03	1.917476E-15	2.694779E-17
7.070000E+03	1.917056E-15	2.696691E-17
7.080000E+03	1.915869E-15	2.693035E-17
7.090000E+03	1.915070E-15	2.688277E-17
7.100000E+03	1.916432E-15	2.683392E-17
7.110000E+03	1.922578E-15	2.685691E-17
7.120000E+03	1.936824E-15	2.705871E-17
7.130000E+03	1.963010E-15	2.745307E-17
7.140000E+03	2.005179E-15	2.807086E-17
7.150000E+03	2.066577E-15	2.896647E-17
7.160000E+03	2.148618E-15	3.009931E-17
7.170000E+03	2.251357E-15	3.145002E-17
7.180000E+03	2.373696E-15	3.304523E-17
7.190000E+03	2.513694E-15	3.486326E-17
7.200000E+03	2.668553E-15	3.695367E-17
7.210000E+03	2.835473E-15	3.939851E-17
7.220000E+03	3.012086E-15	4.209496E-17
7.230000E+03	3.196391E-15	4.491710E-17
7.240000E+03	3.385520E-15	4.778395E-17
7.250000E+03	3.575046E-15	5.049964E-17
7.260000E+03	3.758496E-15	5.290080E-17
7.270000E+03	3.926978E-15	5.488759E-17
7.280000E+03	4.068703E-15	5.625917E-17
7.290000E+03	4.170993E-15	5.692888E-17
7.300000E+03	4.222240E-15	5.691337E-17
7.310000E+03	4.215238E-15	5.615264E-17
7.320000E+03	4.148440E-15	5.477904E-17
7.330000E+03	4.028185E-15	5.303950E-17
7.340000E+03	3.868067E-15	5.097731E-17
7.350000E+03	3.685294E-15	4.873993E-17
7.360000E+03	3.496318E-15	4.653368E-17
7.370000E+03	3.314544E-15	4.432617E-17
7.380000E+03	3.149141E-15	4.211492E-17
7.390000E+03	3.004513E-15	3.999451E-17
7.400000E+03	2.880685E-15	3.799879E-17
7.410000E+03	2.774684E-15	3.624158E-17
7.420000E+03	2.682231E-15	3.481213E-17
7.430000E+03	2.598297E-15	3.358252E-17
7.440000E+03	2.518253E-15	3.248389E-17
7.450000E+03	2.438623E-15	3.153408E-17
7.460000E+03	2.358053E-15	3.066673E-17
7.470000E+03	2.276417E-15	2.991362E-17
7.480000E+03	2.194967E-15	2.938160E-17
7.490000E+03	2.115629E-15	2.902402E-17
7.500000E+03	2.040753E-15	2.879614E-17
7.510000E+03	1.972684E-15	2.870909E-17
7.520000E+03	1.913360E-15	2.869190E-17
7.530000E+03	1.864523E-15	2.866333E-17
7.540000E+03	1.827335E-15	2.855353E-17
7.550000E+03	1.802404E-15	2.823010E-17
7.560000E+03	1.789418E-15	2.753535E-17
7.570000E+03	1.786592E-15	2.630758E-17
7.580000E+03	1.790271E-15	2.439829E-17
7.590000E+03	1.795171E-15	2.187764E-17
7.600000E+03	1.795009E-15	1.934488E-17
7.610000E+03	1.784579E-15	1.807792E-17
7.620000E+03	1.764982E-15	1.917834E-17
7.630000E+03	1.744803E-15	2.218926E-17
7.640000E+03	1.734129E-15	2.591740E-17
7.650000E+03	1.741234E-15	2.966337E-17
7.660000E+03	1.772061E-15	3.323051E-17
7.670000E+03	1.830114E-15	3.662209E-17
7.680000E+03	1.916795E-15	3.988478E-17
7.690000E+03	2.031903E-15	4.303986E-17
7.700000E+03	2.172971E-15	4.602752E-17
7.710000E+03	2.335073E-15	4.872667E-17
7.720000E+03	2.510226E-15	5.096532E-17
7.730000E+03	2.687384E-15	5.253773E-17
7.740000E+03	2.852738E-15	5.329950E-17
7.750000E+03	2.991368E-15	5.325278E-17
7.760000E+03	3.089370E-15	5.257028E-17
7.770000E+03	3.136312E-15	5.159796E-17
7.780000E+03	3.127967E-15	5.059052E-17
7.790000E+03	3.067868E-15	4.946085E-17
7.800000E+03	2.965412E-15	4.803155E-17
7.810000E+03	2.832800E-15	4.622491E-17
7.820000E+03	2.682303E-15	4.401287E-17
7.830000E+03	2.524860E-15	4.149407E-17
7.840000E+03	2.369129E-15	3.886492E-17
7.850000E+03	2.221309E-15	3.630905E-17
7.860000E+03	2.085245E-15	3.400205E-17
7.870000E+03	1.962897E-15	3.203394E-17
7.880000E+03	1.854715E-15	3.033367E-17
7.890000E+03	1.760358E-15	2.880539E-17
7.900000E+03	1.679075E-15	2.739777E-17
7.910000E+03	1.610020E-15	2.607894E-17
7.920000E+03	1.552556E-15	2.487353E-17
7.930000E+03	1.506334E-15	2.383645E-17
7.940000E+03	1.471410E-15	2.299868E-17
7.950000E+03	1.448203E-15	2.240133E-17
7.960000E+03	1.437178E-15	2.205654E-17
7.970000E+03	1.438646E-15	2.188349E-17
7.980000E+03	1.452418E-15	2.178251E-17
7.990000E+03	1.476703E-15	2.165620E-17
8.000000E+03	1.507091E-15	2.138054E-17
8.010000E+03	1.536300E-15	2.090090E-17
8.020000E+03	1.553479E-15	2.027181E-17
8.030000E+03	1.545949E-15	1.960081E-17
8.040000E+03	1.506518E-15	1.899687E-17
8.050000E+03	1.439669E-15	1.842202E-17
8.060000E+03	1.357982E-15	1.773569E-17
8.070000E+03	1.274802E-15	1.694350E-17
8.080000E+03	1.199611E-15	1.617980E-17
8.090000E+03	1.136727E-15	1.557130E-17
8.100000E+03	1.086896E-15	1.524681E-17
8.110000E+03	1.049172E-15	1.526315E-17
8.120000E+03	1.021562E-15	1.550595E-17
8.130000E+03	1.001556E-15	1.581289E-17
8.140000E+03	9.863598E-16	1.608460E-17
8.150000E+03	9.730331E-16	1.628340E-17
8.160000E+03	9.585118E-16	1.642608E-17
8.170000E+03	9.399289E-16	1.653770E-17
8.180000E+03	9.147150E-16	1.659281E-17
8.190000E+03	8.811790E-16	1.655301E-17
8.200000E+03	8.389440E-16	1.639236E-17
8.210000E+03	7.892959E-16	1.609298E-17
8.220000E+03	7.346162E-16	1.566512E-17
8.230000E+03	6.779784E-16	1.514896E-17
8.240000E+03	6.225871E-16	1.458737E-17
8.250000E+03	5.712288E-16	1.402246E-17
8.260000E+03	5.259440E-16	1.348926E-17
8.270000E+03	4.879527E-16	1.300575E-17
8.280000E+03	4.578106E-16	1.258171E-17
8.290000E+03	4.356905E-16	1.222829E-17
8.300000E+03	4.214868E-16	1.195522E-17
8.310000E+03	4.150278E-16	1.177255E-17
8.320000E+03	4.160720E-16	1.168665E-17
8.330000E+03	4.244017E-16	1.170116E-17
8.340000E+03	4.397524E-16	1.181853E-17
8.350000E+03	4.618560E-16	1.204225E-17
8.360000E+03	4.903243E-16	1.237288E-17
8.370000E+03	5.246589E-16	1.281288E-17
8.380000E+03	5.643566E-16	1.336459E-17
8.390000E+03	6.090625E-16	1.402326E-17
8.400000E+03	6.586987E-16	1.478799E-17
8.410000E+03	7.136826E-16	1.567335E-17
8.420000E+03	7.751849E-16	1.671383E-17
8.430000E+03	8.453256E-16	1.798032E-17
8.440000E+03	9.270385E-16	1.957191E-17
8.450000E+03	1.024280E-15	2.159843E-17
8.460000E+03	1.141858E-15	2.418884E-17
8.470000E+03	1.285481E-15	2.749024E-17
8.480000E+03	1.461446E-15	3.162893E-17
8.490000E+03	1.676402E-15	3.671499E-17
8.500000E+03	1.937413E-15	4.285260E-17
8.510000E+03	2.251355E-15	5.010449E-17
8.520000E+03	2.624231E-15	5.849400E-17
8.530000E+03	3.060138E-15	6.800230E-17
8.540000E+03	3.559938E-15	7.853562E-17
8.550000E+03	4.119903E-15	8.994453E-17
8.560000E+03	4.730667E-15	1.020083E-16
8.570000E+03	5.376704E-15	1.143671E-16
8.580000E+03	6.036253E-15	1.265885E-16
8.590000E+03	6.683167E-15	1.382242E-16
8.600000E+03	7.288294E-15	1.487523E-16
8.610000E+03	7.823048E-15	1.577528E-16
8.620000E+03	8.262452E-15	1.649594E-16
8.630000E+03	8.589453E-15	1.701788E-16
8.640000E+03	8.795208E-15	1.734002E-16
8.650000E+03	8.881614E-15	1.747710E-16
8.660000E+03	8.858821E-15	1.743380E-16
8.670000E+03	8.743823E-15	1.722648E-16
8.680000E+03	8.558276E-15	1.688900E-16
8.690000E+03	8.323957E-15	1.645106E-16
8.700000E+03	8.061332E-15	1.594985E-16
8.710000E+03	7.787174E-15	1.542067E-16
8.720000E+03	7.513346E-15	1.487782E-16
8.730000E+03	7.246860E-15	1.433337E-16
8.740000E+03	6.990106E-15	1.380263E-16
8.750000E+03	6.741283E-15	1.329379E-16
8.760000E+03	6.496091E-15	1.281915E-16
8.770000E+03	6.248686E-15	1.238629E-16
8.780000E+03	5.993319E-15	1.198386E-16
8.790000E+03	5.724678E-15	1.159807E-16
8.800000E+03	5.438549E-15	1.121725E-16
8.810000E+03	5.131656E-15	1.082095E-16
8.820000E+03	4.803540E-15	1.039434E-16
8.830000E+03	4.456050E-15	9.926894E-17
8.840000E+03	4.093824E-15	9.405222E-17
8.850000E+03	3.724333E-15	8.824561E-17
8.860000E+03	3.357262E-15	8.193617E-17
8.870000E+03	3.003018E-15	7.528439E-17
8.880000E+03	2.671505E-15	6.852022E-17
8.890000E+03	2.370440E-15	6.188541E-17
8.900000E+03	2.105190E-15	5.558970E-17
8.910000E+03	1.878306E-15	4.980423E-17
8.920000E+03	1.689813E-15	4.465226E-17
8.930000E+03	1.538062E-15	4.020398E-17
8.940000E+03	1.420274E-15	3.649399E-17
8.950000E+03	1.333333E-15	3.353928E-17
8.960000E+03	1.273717E-15	3.133163E-17
8.970000E+03	1.238103E-15	2.985962E-17
8.980000E+03	1.223158E-15	2.908337E-17
8.990000E+03	1.225188E-15	2.890708E-17
9.000000E+03	1.240455E-15	2.921808E-17
9.040000E+03	1.360663E-15	3.308502E-17
9.080000E+03	1.450863E-15	3.658232E-17
9.120000E+03	1.495843E-15	3.758835E-17
9.160000E+03	1.589332E-15	3.911986E-17
9.200000E+03	1.759096E-15	4.402430E-17
9.240000E+03	1.891867E-15	4.862431E-17
9.280000E+03	1.890796E-15	4.981341E-17
9.320000E+03	1.790506E-15	5.137481E-17
9.360000E+03	1.629948E-15	5.224693E-17
9.400000E+03	1.426058E-15	4.888444E-17
9.440000E+03	1.217308E-15	4.302270E-17
9.480000E+03	1.061596E-15	3.776620E-17
9.520000E+03	9.894244E-16	3.377862E-17
9.560000E+03	9.804165E-16	3.117118E-17
9.600000E+03	9.952364E-16	3.052064E-17
9.640000E+03	1.017400E-15	3.250966E-17
9.680000E+03	1.040930E-15	3.469667E-17
9.720000E+03	1.052011E-15	3.429547E-17
9.760000E+03	1.038654E-15	3.174456E-17
9.800000E+03	1.007497E-15	2.932082E-17
9.840000E+03	9.725047E-16	2.777334E-17
9.880000E+03	9.354554E-16	2.748175E-17
9.920000E+03	8.949508E-16	2.752598E-17
9.960000E+03	8.578272E-16	2.728923E-17
1.000000E+04	8.397614E-16	2.932913E-17
1.004000E+04	8.498807E-16	3.646048E-17
1.008000E+04	8.796264E-16	5.206204E-17
1.012000E+04	9.147832E-16	7.958820E-17
1.016000E+04	9.487452E-16	1.171620E-16
1.020000E+04	9.792690E-16	1.614144E-16
1.024000E+04	1.005228E-15	2.097586E-16
1.028000E+04	1.025886E-15	2.601957E-16
1.032000E+04	1.040765E-15	3.110630E-16
