#wls	flux	fluxerr
1.600000E+03	2.362388E-18	1.789096E-19
1.640000E+03	2.369227E-18	1.791507E-19
1.680000E+03	2.376593E-18	1.794223E-19
1.720000E+03	2.384530E-18	1.797276E-19
1.760000E+03	2.393086E-18	1.800696E-19
1.800000E+03	2.402314E-18	1.804517E-19
1.840000E+03	2.412269E-18	1.808776E-19
1.880000E+03	2.423449E-18	1.813839E-19
1.920000E+03	2.435048E-18	1.819096E-19
1.960000E+03	2.447573E-18	1.824919E-19
2.000000E+03	2.461100E-18	1.831358E-19
2.040000E+03	2.475713E-18	1.838466E-19
2.080000E+03	2.491952E-18	1.846635E-19
2.120000E+03	2.509019E-18	1.855264E-19
2.160000E+03	2.527469E-18	1.864752E-19
2.200000E+03	2.547873E-18	1.875508E-19
2.240000E+03	2.569446E-18	1.886941E-19
2.280000E+03	2.593243E-18	1.899813E-19
2.320000E+03	2.618488E-18	1.913538E-19
2.360000E+03	2.646276E-18	1.928901E-19
2.400000E+03	2.675841E-18	1.945323E-19
2.440000E+03	2.708331E-18	1.963620E-19
2.480000E+03	2.742991E-18	1.983221E-19
2.520000E+03	2.781029E-18	2.004974E-19
2.560000E+03	2.821707E-18	2.028320E-19
2.600000E+03	2.866307E-18	2.054151E-19
2.640000E+03	2.914635E-18	2.082292E-19
2.680000E+03	2.966496E-18	2.112568E-19
2.720000E+03	3.023312E-18	2.145952E-19
2.760000E+03	3.084968E-18	2.182314E-19
2.800000E+03	3.151914E-18	2.221921E-19
2.840000E+03	3.224068E-18	2.264662E-19
2.880000E+03	3.303122E-18	2.311664E-19
2.920000E+03	3.389121E-18	2.362885E-19
2.960000E+03	3.482740E-18	2.418718E-19
3.000000E+03	3.584730E-18	2.479598E-19
3.010000E+03	3.611308E-18	2.495439E-19
3.020000E+03	3.639121E-18	2.512079E-19
3.030000E+03	3.666887E-18	2.528632E-19
3.040000E+03	3.695925E-18	2.546005E-19
3.050000E+03	3.724936E-18	2.563303E-19
3.060000E+03	3.755261E-18	2.581445E-19
3.070000E+03	3.785579E-18	2.599523E-19
3.080000E+03	3.817255E-18	2.618471E-19
3.090000E+03	3.848946E-18	2.637366E-19
3.100000E+03	3.882038E-18	2.657157E-19
3.110000E+03	3.915170E-18	2.676908E-19
3.120000E+03	3.949752E-18	2.697582E-19
3.130000E+03	3.984398E-18	2.718230E-19
3.140000E+03	4.020544E-18	2.739830E-19
3.150000E+03	4.056781E-18	2.761418E-19
3.160000E+03	4.094569E-18	2.783988E-19
3.170000E+03	4.132478E-18	2.806562E-19
3.180000E+03	4.171995E-18	2.830149E-19
3.190000E+03	4.211659E-18	2.853756E-19
3.200000E+03	4.252992E-18	2.878410E-19
3.210000E+03	4.294504E-18	2.903100E-19
3.220000E+03	4.337746E-18	2.928872E-19
3.230000E+03	4.381201E-18	2.954698E-19
3.240000E+03	4.426450E-18	2.981643E-19
3.250000E+03	4.471949E-18	3.008661E-19
3.260000E+03	4.519310E-18	3.036835E-19
3.270000E+03	4.566958E-18	3.065103E-19
3.280000E+03	4.616542E-18	3.094568E-19
3.290000E+03	4.666452E-18	3.124147E-19
3.300000E+03	4.718372E-18	3.154965E-19
3.310000E+03	4.770663E-18	3.185920E-19
3.320000E+03	4.825043E-18	3.218157E-19
3.330000E+03	4.879839E-18	3.250556E-19
3.340000E+03	4.936809E-18	3.284284E-19
3.350000E+03	4.994240E-18	3.318195E-19
3.360000E+03	5.053937E-18	3.353487E-19
3.370000E+03	5.114144E-18	3.388987E-19
3.380000E+03	5.176709E-18	3.425918E-19
3.390000E+03	5.239839E-18	3.463086E-19
3.400000E+03	5.305424E-18	3.501738E-19
3.410000E+03	5.371629E-18	3.540654E-19
3.420000E+03	5.440395E-18	3.581110E-19
3.430000E+03	5.509839E-18	3.621861E-19
3.440000E+03	5.581952E-18	3.664210E-19
3.450000E+03	5.654805E-18	3.706884E-19
3.460000E+03	5.730442E-18	3.751219E-19
3.470000E+03	5.806883E-18	3.795911E-19
3.480000E+03	5.886229E-18	3.842327E-19
3.490000E+03	5.966448E-18	3.889134E-19
3.500000E+03	6.049697E-18	3.937732E-19
3.510000E+03	6.133890E-18	3.986756E-19
3.520000E+03	6.221247E-18	4.037640E-19
3.530000E+03	6.309623E-18	4.088987E-19
3.540000E+03	6.401300E-18	4.142266E-19
3.550000E+03	6.494074E-18	4.196045E-19
3.560000E+03	6.590296E-18	4.251833E-19
3.570000E+03	6.687696E-18	4.308158E-19
3.580000E+03	6.788696E-18	4.366571E-19
3.590000E+03	6.890959E-18	4.425560E-19
3.600000E+03	6.996978E-18	4.486718E-19
3.610000E+03	7.104350E-18	4.548492E-19
3.620000E+03	7.215642E-18	4.612519E-19
3.630000E+03	7.328378E-18	4.677204E-19
3.640000E+03	7.445207E-18	4.744228E-19
3.650000E+03	7.564915E-18	4.812805E-19
3.660000E+03	7.686209E-18	4.882102E-19
3.670000E+03	7.811864E-18	4.953873E-19
3.680000E+03	7.939201E-18	5.026405E-19
3.690000E+03	8.071088E-18	5.101503E-19
3.700000E+03	8.204755E-18	5.177404E-19
3.710000E+03	8.343166E-18	5.255965E-19
3.720000E+03	8.483458E-18	5.335369E-19
3.730000E+03	8.628691E-18	5.417528E-19
3.740000E+03	8.775904E-18	5.500569E-19
3.750000E+03	8.928263E-18	5.586463E-19
3.760000E+03	9.082701E-18	5.673275E-19
3.770000E+03	9.242493E-18	5.763037E-19
3.780000E+03	9.404463E-18	5.853752E-19
3.790000E+03	9.571997E-18	5.947514E-19
3.800000E+03	9.741804E-18	6.042260E-19
3.810000E+03	9.917386E-18	6.140148E-19
3.820000E+03	1.009533E-17	6.239043E-19
3.830000E+03	1.027926E-17	6.341174E-19
3.840000E+03	1.046565E-17	6.444343E-19
3.850000E+03	1.065822E-17	6.550828E-19
3.860000E+03	1.085333E-17	6.658367E-19
3.870000E+03	1.105484E-17	6.769309E-19
3.880000E+03	1.125894E-17	6.881309E-19
3.890000E+03	1.146965E-17	6.996796E-19
3.900000E+03	1.168300E-17	7.113333E-19
3.910000E+03	1.190314E-17	7.233429E-19
3.920000E+03	1.212597E-17	7.354559E-19
3.930000E+03	1.235576E-17	7.479308E-19
3.940000E+03	1.258826E-17	7.605063E-19
3.950000E+03	1.282789E-17	7.734490E-19
3.960000E+03	1.307020E-17	7.864873E-19
3.970000E+03	1.331979E-17	7.998966E-19
3.980000E+03	1.357202E-17	8.133947E-19
3.990000E+03	1.383164E-17	8.272655E-19
4.000000E+03	1.409383E-17	8.412163E-19
4.010000E+03	1.436350E-17	8.555403E-19
4.020000E+03	1.463560E-17	8.699322E-19
4.030000E+03	1.491525E-17	8.846948E-19
4.040000E+03	1.519716E-17	8.995117E-19
4.050000E+03	1.548660E-17	9.146932E-19
4.060000E+03	1.577807E-17	9.299114E-19
4.070000E+03	1.607705E-17	9.454866E-19
4.080000E+03	1.637776E-17	9.610769E-19
4.090000E+03	1.668585E-17	9.770114E-19
4.100000E+03	1.699533E-17	9.929369E-19
4.110000E+03	1.731199E-17	1.009189E-18
4.120000E+03	1.762960E-17	1.025404E-18
4.130000E+03	1.795412E-17	1.041925E-18
4.140000E+03	1.827906E-17	1.058373E-18
4.150000E+03	1.861057E-17	1.075102E-18
4.160000E+03	1.894185E-17	1.091718E-18
4.170000E+03	1.927926E-17	1.108585E-18
4.180000E+03	1.961570E-17	1.125293E-18
4.190000E+03	1.995770E-17	1.142216E-18
4.200000E+03	2.029791E-17	1.158931E-18
4.210000E+03	2.064300E-17	1.175817E-18
4.220000E+03	2.098534E-17	1.192439E-18
4.230000E+03	2.133181E-17	1.209187E-18
4.240000E+03	2.167445E-17	1.225608E-18
4.250000E+03	2.201646E-17	1.241884E-18
4.260000E+03	2.236127E-17	1.258207E-18
4.270000E+03	2.270048E-17	1.274104E-18
4.280000E+03	2.304149E-17	1.289990E-18
4.290000E+03	2.337565E-17	1.305383E-18
4.300000E+03	2.371058E-17	1.320707E-18
4.310000E+03	2.403738E-17	1.335467E-18
4.320000E+03	2.436391E-17	1.350102E-18
4.330000E+03	2.468105E-17	1.364107E-18
4.340000E+03	2.499694E-17	1.377935E-18
4.350000E+03	2.530227E-17	1.391073E-18
4.360000E+03	2.560545E-17	1.403986E-18
4.370000E+03	2.589705E-17	1.416158E-18
4.380000E+03	2.618114E-17	1.427818E-18
4.390000E+03	2.646206E-17	1.439203E-18
4.400000E+03	2.673024E-17	1.449794E-18
4.410000E+03	2.699483E-17	1.460093E-18
4.420000E+03	2.724620E-17	1.469579E-18
4.430000E+03	2.749382E-17	1.478770E-18
4.440000E+03	2.772798E-17	1.487144E-18
4.450000E+03	2.795846E-17	1.495231E-18
4.460000E+03	2.817551E-17	1.502512E-18
4.470000E+03	2.838416E-17	1.509259E-18
4.480000E+03	2.858964E-17	1.515754E-18
4.490000E+03	2.878211E-17	1.521477E-18
4.500000E+03	2.897195E-17	1.526982E-18
4.510000E+03	2.914930E-17	1.531750E-18
4.520000E+03	2.932469E-17	1.536340E-18
4.530000E+03	2.948820E-17	1.540232E-18
4.540000E+03	2.964531E-17	1.543720E-18
4.550000E+03	2.980168E-17	1.547097E-18
4.560000E+03	2.994721E-17	1.549844E-18
4.570000E+03	3.009285E-17	1.552527E-18
4.580000E+03	3.022843E-17	1.554625E-18
4.590000E+03	3.036497E-17	1.556708E-18
4.600000E+03	3.049224E-17	1.558250E-18
4.610000E+03	3.061596E-17	1.559549E-18
4.620000E+03	3.074196E-17	1.560901E-18
4.630000E+03	3.085986E-17	1.561781E-18
4.640000E+03	3.098088E-17	1.562757E-18
4.650000E+03	3.109455E-17	1.563301E-18
4.660000E+03	3.120668E-17	1.563709E-18
4.670000E+03	3.132319E-17	1.564277E-18
4.680000E+03	3.143343E-17	1.564470E-18
4.690000E+03	3.154881E-17	1.564860E-18
4.700000E+03	3.165862E-17	1.564913E-18
4.710000E+03	3.176873E-17	1.564922E-18
4.720000E+03	3.188510E-17	1.565178E-18
4.730000E+03	3.199685E-17	1.565146E-18
4.740000E+03	3.210992E-17	1.565117E-18
4.750000E+03	3.223026E-17	1.565381E-18
4.760000E+03	3.234690E-17	1.565401E-18
4.770000E+03	3.247147E-17	1.565740E-18
4.780000E+03	3.259286E-17	1.565861E-18
4.790000E+03	3.271706E-17	1.566051E-18
4.800000E+03	3.285012E-17	1.566598E-18
4.810000E+03	3.298077E-17	1.566960E-18
4.820000E+03	3.311501E-17	1.567424E-18
4.830000E+03	3.325898E-17	1.568276E-18
4.840000E+03	3.340121E-17	1.568972E-18
4.850000E+03	3.355370E-17	1.570075E-18
4.860000E+03	3.370488E-17	1.571039E-18
4.870000E+03	3.386086E-17	1.572149E-18
4.880000E+03	3.402785E-17	1.573688E-18
4.890000E+03	3.419412E-17	1.575110E-18
4.900000E+03	3.436582E-17	1.576699E-18
4.910000E+03	3.454922E-17	1.578736E-18
4.920000E+03	3.473242E-17	1.580675E-18
4.930000E+03	3.492164E-17	1.582795E-18
4.940000E+03	3.512323E-17	1.585381E-18
4.950000E+03	3.532506E-17	1.587880E-18
4.960000E+03	3.553344E-17	1.590574E-18
4.970000E+03	3.575480E-17	1.593746E-18
4.980000E+03	3.597678E-17	1.596839E-18
4.990000E+03	3.620577E-17	1.600136E-18
5.000000E+03	3.644833E-17	1.603921E-18
5.010000E+03	3.669182E-17	1.607632E-18
5.020000E+03	3.694272E-17	1.611551E-18
5.030000E+03	3.720771E-17	1.615963E-18
5.040000E+03	3.747387E-17	1.620301E-18
5.050000E+03	3.774779E-17	1.624849E-18
5.060000E+03	3.802958E-17	1.629606E-18
5.070000E+03	3.832605E-17	1.634857E-18
5.080000E+03	3.862387E-17	1.640029E-18
5.090000E+03	3.892979E-17	1.645405E-18
5.100000E+03	3.925076E-17	1.651272E-18
5.110000E+03	3.957311E-17	1.657049E-18
5.120000E+03	3.990370E-17	1.663021E-18
5.130000E+03	4.024961E-17	1.669477E-18
5.140000E+03	4.059680E-17	1.675827E-18
5.150000E+03	4.095226E-17	1.682358E-18
5.160000E+03	4.131597E-17	1.689063E-18
5.170000E+03	4.169520E-17	1.696234E-18
5.180000E+03	4.207534E-17	1.703269E-18
5.190000E+03	4.246354E-17	1.710456E-18
5.200000E+03	4.285973E-17	1.717786E-18
5.210000E+03	4.327137E-17	1.725553E-18
5.220000E+03	4.368320E-17	1.733142E-18
5.230000E+03	4.410257E-17	1.740841E-18
5.240000E+03	4.453711E-17	1.748947E-18
5.250000E+03	4.497102E-17	1.756833E-18
5.260000E+03	4.541180E-17	1.764790E-18
5.270000E+03	4.585913E-17	1.772802E-18
5.280000E+03	4.632083E-17	1.781166E-18
5.290000E+03	4.678034E-17	1.789239E-18
5.300000E+03	4.724531E-17	1.797313E-18
5.310000E+03	4.771525E-17	1.805368E-18
5.320000E+03	4.818968E-17	1.813383E-18
5.330000E+03	4.867657E-17	1.821651E-18
5.340000E+03	4.915828E-17	1.829511E-18
5.350000E+03	4.964260E-17	1.837254E-18
5.360000E+03	5.012880E-17	1.844851E-18
5.370000E+03	5.062493E-17	1.852596E-18
5.380000E+03	5.111240E-17	1.859808E-18
5.390000E+03	5.159906E-17	1.866776E-18
5.400000E+03	5.208382E-17	1.873461E-18
5.410000E+03	5.257475E-17	1.880155E-18
5.420000E+03	5.305224E-17	1.886157E-18
5.430000E+03	5.352407E-17	1.891751E-18
5.440000E+03	5.398875E-17	1.896890E-18
5.450000E+03	5.444469E-17	1.901523E-18
5.460000E+03	5.489987E-17	1.905933E-18
5.470000E+03	5.533335E-17	1.909399E-18
5.480000E+03	5.575296E-17	1.912206E-18
5.490000E+03	5.615731E-17	1.914314E-18
5.500000E+03	5.654564E-17	1.915711E-18
5.510000E+03	5.692815E-17	1.916749E-18
5.520000E+03	5.728577E-17	1.916798E-18
5.530000E+03	5.762958E-17	1.916241E-18
5.540000E+03	5.796080E-17	1.915129E-18
5.550000E+03	5.828068E-17	1.913515E-18
5.560000E+03	5.859046E-17	1.911445E-18
5.570000E+03	5.890160E-17	1.909300E-18
5.580000E+03	5.919461E-17	1.906455E-18
5.590000E+03	5.948085E-17	1.903284E-18
5.600000E+03	5.976130E-17	1.899825E-18
5.610000E+03	6.003693E-17	1.896115E-18
5.620000E+03	6.030867E-17	1.892186E-18
5.630000E+03	6.058802E-17	1.888402E-18
5.640000E+03	6.085463E-17	1.884130E-18
5.650000E+03	6.111990E-17	1.879729E-18
5.660000E+03	6.138458E-17	1.875227E-18
5.670000E+03	6.164943E-17	1.870648E-18
5.680000E+03	6.191518E-17	1.866016E-18
5.690000E+03	6.218249E-17	1.861354E-18
5.700000E+03	6.246299E-17	1.857008E-18
5.710000E+03	6.273544E-17	1.852346E-18
5.720000E+03	6.301137E-17	1.847714E-18
5.730000E+03	6.329134E-17	1.843128E-18
5.740000E+03	6.357593E-17	1.838606E-18
5.750000E+03	6.386566E-17	1.834163E-18
5.760000E+03	6.416104E-17	1.829815E-18
5.770000E+03	6.446256E-17	1.825574E-18
5.780000E+03	6.478205E-17	1.821774E-18
5.790000E+03	6.509729E-17	1.817787E-18
5.800000E+03	6.542003E-17	1.813946E-18
5.810000E+03	6.575068E-17	1.810261E-18
5.820000E+03	6.608959E-17	1.806743E-18
5.830000E+03	6.643716E-17	1.803401E-18
5.840000E+03	6.679372E-17	1.800244E-18
5.850000E+03	6.715962E-17	1.797282E-18
5.860000E+03	6.753514E-17	1.794522E-18
5.870000E+03	6.793248E-17	1.792286E-18
5.880000E+03	6.832818E-17	1.789953E-18
5.890000E+03	6.873429E-17	1.787844E-18
5.900000E+03	6.915106E-17	1.785965E-18
5.910000E+03	6.957870E-17	1.784324E-18
5.920000E+03	7.001736E-17	1.782924E-18
5.930000E+03	7.046721E-17	1.781773E-18
5.940000E+03	7.092837E-17	1.780874E-18
5.950000E+03	7.140096E-17	1.780233E-18
5.960000E+03	7.188505E-17	1.779853E-18
5.970000E+03	7.238070E-17	1.779741E-18
5.980000E+03	7.288792E-17	1.779898E-18
5.990000E+03	7.340671E-17	1.780330E-18
6.000000E+03	7.395000E-17	1.781352E-18
6.010000E+03	7.449190E-17	1.782343E-18
6.020000E+03	7.504517E-17	1.783618E-18
6.030000E+03	7.560965E-17	1.785180E-18
6.040000E+03	7.618518E-17	1.787032E-18
6.050000E+03	7.677155E-17	1.789176E-18
6.060000E+03	7.736849E-17	1.791615E-18
6.070000E+03	7.797570E-17	1.794350E-18
6.080000E+03	7.859284E-17	1.797383E-18
6.090000E+03	7.921949E-17	1.800716E-18
6.100000E+03	7.985525E-17	1.804350E-18
6.110000E+03	8.049959E-17	1.808285E-18
6.120000E+03	8.115196E-17	1.812523E-18
6.130000E+03	8.181176E-17	1.817063E-18
6.140000E+03	8.247831E-17	1.821904E-18
6.150000E+03	8.315089E-17	1.827047E-18
6.160000E+03	8.382870E-17	1.832490E-18
6.170000E+03	8.451087E-17	1.838231E-18
6.180000E+03	8.519646E-17	1.844268E-18
6.190000E+03	8.588447E-17	1.850597E-18
6.200000E+03	8.657381E-17	1.857214E-18
6.210000E+03	8.726334E-17	1.864115E-18
6.220000E+03	8.795179E-17	1.871294E-18
6.230000E+03	8.863786E-17	1.878743E-18
6.240000E+03	8.932014E-17	1.886456E-18
6.250000E+03	8.999712E-17	1.894422E-18
6.260000E+03	9.066724E-17	1.902630E-18
6.270000E+03	9.132883E-17	1.911070E-18
6.280000E+03	9.198013E-17	1.919726E-18
6.290000E+03	9.261927E-17	1.928584E-18
6.300000E+03	9.324434E-17	1.937626E-18
6.310000E+03	9.385330E-17	1.946831E-18
6.320000E+03	9.444403E-17	1.956180E-18
6.330000E+03	9.501431E-17	1.965647E-18
6.340000E+03	9.556186E-17	1.975205E-18
6.350000E+03	9.608431E-17	1.984827E-18
6.360000E+03	9.657918E-17	1.994479E-18
6.370000E+03	9.704393E-17	2.004127E-18
6.380000E+03	9.747600E-17	2.013734E-18
6.390000E+03	9.787274E-17	2.023258E-18
6.400000E+03	9.823147E-17	2.032648E-18
6.410000E+03	9.854948E-17	2.041844E-18
6.420000E+03	9.882398E-17	2.050780E-18
6.430000E+03	9.905213E-17	2.059391E-18
6.440000E+03	9.923105E-17	2.067603E-18
6.450000E+03	9.935774E-17	2.075340E-18
6.460000E+03	9.942921E-17	2.082524E-18
6.470000E+03	9.944232E-17	2.089067E-18
6.480000E+03	9.939383E-17	2.094880E-18
6.490000E+03	9.928025E-17	2.099864E-18
6.500000E+03	9.909791E-17	2.103910E-18
6.510000E+03	9.882547E-17	2.106534E-18
6.520000E+03	9.849370E-17	2.108352E-18
6.530000E+03	9.808263E-17	2.108903E-18
6.540000E+03	9.759275E-17	2.108155E-18
6.550000E+03	9.702799E-17	2.106150E-18
6.560000E+03	9.639390E-17	2.102964E-18
6.570000E+03	9.569621E-17	2.098678E-18
6.580000E+03	9.494023E-17	2.093367E-18
6.590000E+03	9.413085E-17	2.087095E-18
6.600000E+03	9.327262E-17	2.079922E-18
6.610000E+03	9.236985E-17	2.071903E-18
6.620000E+03	9.142660E-17	2.063088E-18
6.630000E+03	9.044675E-17	2.053529E-18
6.640000E+03	8.943403E-17	2.043272E-18
6.650000E+03	8.837652E-17	2.032007E-18
6.660000E+03	8.730878E-17	2.020492E-18
6.670000E+03	8.621840E-17	2.008413E-18
6.680000E+03	8.510848E-17	1.995811E-18
6.690000E+03	8.398200E-17	1.982728E-18
6.700000E+03	8.284177E-17	1.969201E-18
6.710000E+03	8.169045E-17	1.955270E-18
6.720000E+03	8.053058E-17	1.940971E-18
6.730000E+03	7.936453E-17	1.926341E-18
6.740000E+03	7.819458E-17	1.911413E-18
6.750000E+03	7.700929E-17	1.895888E-18
6.760000E+03	7.583785E-17	1.880465E-18
6.770000E+03	7.466842E-17	1.864842E-18
6.780000E+03	7.350266E-17	1.849046E-18
6.790000E+03	7.234221E-17	1.833106E-18
6.800000E+03	7.118850E-17	1.817049E-18
6.810000E+03	7.004289E-17	1.800901E-18
6.820000E+03	6.890662E-17	1.784686E-18
6.830000E+03	6.778083E-17	1.768428E-18
6.840000E+03	6.665485E-17	1.751841E-18
6.850000E+03	6.555317E-17	1.735564E-18
6.860000E+03	6.446477E-17	1.719306E-18
6.870000E+03	6.339040E-17	1.703086E-18
6.880000E+03	6.233071E-17	1.686922E-18
6.890000E+03	6.128631E-17	1.670830E-18
6.900000E+03	6.025771E-17	1.654826E-18
6.910000E+03	5.923498E-17	1.638637E-18
6.920000E+03	5.823943E-17	1.622853E-18
6.930000E+03	5.726082E-17	1.607197E-18
6.940000E+03	5.629943E-17	1.591682E-18
6.950000E+03	5.535546E-17	1.576317E-18
6.960000E+03	5.442907E-17	1.561112E-18
6.970000E+03	5.352038E-17	1.546077E-18
6.980000E+03	5.262022E-17	1.530952E-18
6.990000E+03	5.174724E-17	1.516283E-18
7.000000E+03	5.089207E-17	1.501807E-18
7.010000E+03	5.005464E-17	1.487528E-18
7.020000E+03	4.923489E-17	1.473454E-18
7.030000E+03	4.843275E-17	1.459590E-18
7.040000E+03	4.763972E-17	1.445685E-18
7.050000E+03	4.687251E-17	1.432252E-18
7.060000E+03	4.612247E-17	1.419040E-18
7.070000E+03	4.538939E-17	1.406051E-18
7.080000E+03	4.467311E-17	1.393288E-18
7.090000E+03	4.397337E-17	1.380751E-18
7.100000E+03	4.328240E-17	1.368202E-18
7.110000E+03	4.261521E-17	1.356125E-18
7.120000E+03	4.196387E-17	1.344277E-18
7.130000E+03	4.132810E-17	1.332660E-18
7.140000E+03	4.070766E-17	1.321272E-18
7.150000E+03	4.009522E-17	1.309884E-18
7.160000E+03	3.950468E-17	1.298956E-18
7.170000E+03	3.892861E-17	1.288255E-18
7.180000E+03	3.836673E-17	1.277780E-18
7.190000E+03	3.781876E-17	1.267531E-18
7.200000E+03	3.728437E-17	1.257503E-18
7.210000E+03	3.675686E-17	1.247478E-18
7.220000E+03	3.624891E-17	1.237892E-18
7.230000E+03	3.575368E-17	1.228523E-18
7.240000E+03	3.527087E-17	1.219366E-18
7.250000E+03	3.480021E-17	1.210421E-18
7.260000E+03	3.433536E-17	1.201472E-18
7.270000E+03	3.388818E-17	1.192942E-18
7.280000E+03	3.345225E-17	1.184612E-18
7.290000E+03	3.302731E-17	1.176481E-18
7.300000E+03	3.260735E-17	1.168341E-18
7.310000E+03	3.220361E-17	1.160598E-18
7.320000E+03	3.181000E-17	1.153043E-18
7.330000E+03	3.142627E-17	1.145673E-18
7.340000E+03	3.105213E-17	1.138483E-18
7.350000E+03	3.068193E-17	1.131270E-18
7.360000E+03	3.032626E-17	1.124431E-18
7.370000E+03	2.997940E-17	1.117760E-18
7.380000E+03	2.964109E-17	1.111254E-18
7.390000E+03	2.930594E-17	1.104714E-18
7.400000E+03	2.898406E-17	1.098526E-18
7.410000E+03	2.866997E-17	1.092490E-18
7.420000E+03	2.836347E-17	1.086602E-18
7.430000E+03	2.806432E-17	1.080858E-18
7.440000E+03	2.776738E-17	1.075065E-18
7.450000E+03	2.748225E-17	1.069596E-18
7.460000E+03	2.720379E-17	1.064258E-18
7.470000E+03	2.693175E-17	1.059045E-18
7.480000E+03	2.666125E-17	1.053770E-18
7.490000E+03	2.640150E-17	1.048799E-18
7.500000E+03	2.614755E-17	1.043940E-18
7.510000E+03	2.589919E-17	1.039189E-18
7.520000E+03	2.565173E-17	1.034361E-18
7.530000E+03	2.541403E-17	1.029816E-18
7.540000E+03	2.518132E-17	1.025364E-18
7.550000E+03	2.495346E-17	1.021004E-18
7.560000E+03	2.472587E-17	1.016551E-18
7.570000E+03	2.450714E-17	1.012359E-18
7.580000E+03	2.429268E-17	1.008245E-18
7.590000E+03	2.407810E-17	1.004026E-18
7.600000E+03	2.387172E-17	1.000053E-18
7.610000E+03	2.366911E-17	9.961436E-19
7.620000E+03	2.347013E-17	9.922939E-19
7.630000E+03	2.327050E-17	9.883257E-19
7.640000E+03	2.307829E-17	9.845823E-19
7.650000E+03	2.288925E-17	9.808859E-19
7.660000E+03	2.270318E-17	9.772311E-19
7.670000E+03	2.251602E-17	9.734433E-19
7.680000E+03	2.233558E-17	9.698616E-19
7.690000E+03	2.215770E-17	9.663088E-19
7.700000E+03	2.197840E-17	9.626126E-19
7.710000E+03	2.180534E-17	9.591085E-19
7.720000E+03	2.163446E-17	9.556216E-19
7.730000E+03	2.146564E-17	9.521483E-19
7.740000E+03	2.129504E-17	9.485181E-19
7.750000E+03	2.113006E-17	9.450620E-19
7.760000E+03	2.096681E-17	9.416086E-19
7.770000E+03	2.080152E-17	9.379891E-19
7.780000E+03	2.064144E-17	9.345307E-19
7.790000E+03	2.048279E-17	9.310651E-19
7.800000E+03	2.032546E-17	9.275879E-19
7.810000E+03	2.016581E-17	9.239339E-19
7.820000E+03	2.001091E-17	9.204265E-19
7.830000E+03	1.985707E-17	9.168988E-19
7.840000E+03	1.970074E-17	9.131869E-19
7.850000E+03	1.954882E-17	9.096114E-19
7.860000E+03	1.939775E-17	9.060074E-19
7.870000E+03	1.924405E-17	9.022138E-19
7.880000E+03	1.909448E-17	8.985470E-19
7.890000E+03	1.894557E-17	8.948454E-19
7.900000E+03	1.879394E-17	8.909498E-19
7.910000E+03	1.864618E-17	8.871722E-19
7.920000E+03	1.849892E-17	8.833546E-19
7.930000E+03	1.835211E-17	8.794948E-19
7.940000E+03	1.820251E-17	8.754372E-19
7.950000E+03	1.805650E-17	8.714891E-19
7.960000E+03	1.791083E-17	8.674952E-19
7.970000E+03	1.776235E-17	8.633028E-19
7.980000E+03	1.761729E-17	8.592146E-19
7.990000E+03	1.747250E-17	8.550783E-19
8.000000E+03	1.732490E-17	8.507434E-19
8.010000E+03	1.718061E-17	8.465101E-19
8.020000E+03	1.703652E-17	8.422268E-19
8.030000E+03	1.688965E-17	8.377462E-19
8.040000E+03	1.674600E-17	8.333650E-19
8.050000E+03	1.660254E-17	8.289348E-19
8.060000E+03	1.645636E-17	8.243101E-19
8.070000E+03	1.631330E-17	8.197832E-19
8.080000E+03	1.617047E-17	8.152097E-19
8.090000E+03	1.602500E-17	8.104459E-19
8.100000E+03	1.588260E-17	8.057796E-19
8.110000E+03	1.574043E-17	8.010691E-19
8.120000E+03	1.559576E-17	7.961739E-19
8.130000E+03	1.545413E-17	7.913782E-19
8.140000E+03	1.531006E-17	7.864021E-19
8.150000E+03	1.516903E-17	7.815265E-19
8.160000E+03	1.502833E-17	7.766129E-19
8.170000E+03	1.488535E-17	7.715277E-19
8.180000E+03	1.474538E-17	7.665440E-19
8.190000E+03	1.460581E-17	7.615278E-19
8.200000E+03	1.446411E-17	7.563474E-19
8.210000E+03	1.432543E-17	7.512726E-19
8.220000E+03	1.418723E-17	7.461707E-19
8.230000E+03	1.404707E-17	7.409137E-19
8.240000E+03	1.390994E-17	7.357657E-19
8.250000E+03	1.377339E-17	7.305972E-19
8.260000E+03	1.363502E-17	7.252824E-19
8.270000E+03	1.349972E-17	7.200803E-19
8.280000E+03	1.336272E-17	7.147384E-19
8.290000E+03	1.322879E-17	7.095119E-19
8.300000E+03	1.309558E-17	7.042760E-19
8.310000E+03	1.296084E-17	6.989098E-19
8.320000E+03	1.282920E-17	6.936629E-19
8.330000E+03	1.269836E-17	6.884136E-19
8.340000E+03	1.256615E-17	6.830433E-19
8.350000E+03	1.243705E-17	6.777963E-19
8.360000E+03	1.230668E-17	6.724347E-19
8.370000E+03	1.217943E-17	6.671990E-19
8.380000E+03	1.205313E-17	6.619717E-19
8.390000E+03	1.192571E-17	6.566388E-19
8.400000E+03	1.180142E-17	6.514353E-19
8.410000E+03	1.167815E-17	6.462464E-19
8.420000E+03	1.155390E-17	6.409608E-19
8.430000E+03	1.143278E-17	6.358077E-19
8.440000E+03	1.131076E-17	6.305636E-19
8.450000E+03	1.119187E-17	6.254540E-19
8.460000E+03	1.107411E-17	6.203682E-19
8.470000E+03	1.095557E-17	6.151994E-19
8.480000E+03	1.084015E-17	6.101674E-19
8.490000E+03	1.072402E-17	6.050574E-19
8.500000E+03	1.061100E-17	6.000855E-19
8.510000E+03	1.049919E-17	5.951456E-19
8.520000E+03	1.038677E-17	5.901348E-19
8.530000E+03	1.027744E-17	5.852636E-19
8.540000E+03	1.016755E-17	5.803260E-19
8.550000E+03	1.006074E-17	5.755289E-19
8.560000E+03	9.955182E-18	5.707701E-19
8.570000E+03	9.849153E-18	5.659507E-19
8.580000E+03	9.746159E-18	5.612727E-19
8.590000E+03	9.642737E-18	5.565377E-19
8.600000E+03	9.542321E-18	5.519443E-19
8.610000E+03	9.443189E-18	5.473942E-19
8.620000E+03	9.343693E-18	5.427922E-19
8.630000E+03	9.247153E-18	5.383316E-19
8.640000E+03	9.150283E-18	5.338222E-19
8.650000E+03	9.056334E-18	5.294540E-19
8.660000E+03	8.963671E-18	5.251325E-19
8.670000E+03	8.870722E-18	5.207660E-19
8.680000E+03	8.780638E-18	5.165401E-19
8.690000E+03	8.690291E-18	5.122716E-19
8.700000E+03	8.602770E-18	5.081429E-19
8.710000E+03	8.516513E-18	5.040630E-19
8.720000E+03	8.430024E-18	4.999436E-19
8.730000E+03	8.346295E-18	4.959627E-19
8.740000E+03	8.262350E-18	4.919441E-19
8.750000E+03	8.181119E-18	4.880629E-19
8.760000E+03	8.101118E-18	4.842314E-19
8.770000E+03	8.020919E-18	4.803646E-19
8.780000E+03	7.943363E-18	4.766332E-19
8.790000E+03	7.865619E-18	4.728680E-19
8.800000E+03	7.790473E-18	4.692369E-19
8.810000E+03	7.715141E-18	4.655729E-19
8.820000E+03	7.642358E-18	4.620416E-19
8.830000E+03	7.570735E-18	4.585597E-19
8.840000E+03	7.498931E-18	4.550464E-19
8.850000E+03	7.429605E-18	4.516634E-19
8.860000E+03	7.360098E-18	4.482497E-19
8.870000E+03	7.293020E-18	4.449648E-19
8.880000E+03	7.225760E-18	4.416499E-19
8.890000E+03	7.160877E-18	4.384618E-19
8.900000E+03	7.097070E-18	4.353215E-19
8.910000E+03	7.033076E-18	4.321520E-19
8.920000E+03	6.971387E-18	4.291067E-19
8.930000E+03	6.909508E-18	4.260326E-19
8.940000E+03	6.849884E-18	4.230808E-19
8.950000E+03	6.790065E-18	4.201006E-19
8.960000E+03	6.732454E-18	4.172409E-19
8.970000E+03	6.675824E-18	4.144262E-19
8.980000E+03	6.618985E-18	4.115833E-19
8.990000E+03	6.564284E-18	4.088581E-19
9.000000E+03	6.509368E-18	4.061046E-19
9.040000E+03	6.302364E-18	3.957391E-19
9.080000E+03	6.108294E-18	3.859714E-19
9.120000E+03	5.927446E-18	3.768408E-19
9.160000E+03	5.758978E-18	3.683142E-19
9.200000E+03	5.603066E-18	3.604221E-19
9.240000E+03	5.456912E-18	3.530020E-19
9.280000E+03	5.320788E-18	3.460864E-19
9.320000E+03	5.193977E-18	3.396430E-19
9.360000E+03	5.076705E-18	3.337002E-19
9.400000E+03	4.966508E-18	3.281080E-19
9.440000E+03	4.863703E-18	3.228979E-19
9.480000E+03	4.767723E-18	3.180420E-19
9.520000E+03	4.678868E-18	3.135696E-19
9.560000E+03	4.594955E-18	3.093430E-19
9.600000E+03	4.516365E-18	3.053947E-19
9.640000E+03	4.442661E-18	3.017020E-19
9.680000E+03	4.374215E-18	2.982964E-19
9.720000E+03	4.309077E-18	2.950509E-19
9.760000E+03	4.247683E-18	2.920000E-19
9.800000E+03	4.190455E-18	2.891774E-19
9.840000E+03	4.135581E-18	2.864627E-19
9.880000E+03	4.083541E-18	2.838924E-19
9.920000E+03	4.034796E-18	2.815023E-19
9.960000E+03	3.987657E-18	2.791778E-19
1.000000E+04	3.942634E-18	2.769573E-19
1.004000E+04	3.900227E-18	2.748786E-19
1.008000E+04	3.858850E-18	2.728326E-19
1.012000E+04	3.819043E-18	2.708594E-19
1.016000E+04	3.781335E-18	2.689985E-19
1.020000E+04	3.744230E-18	2.671458E-19
1.024000E+04	3.708958E-18	2.653904E-19
1.028000E+04	3.674077E-18	2.636309E-19
1.032000E+04	3.640817E-18	2.619570E-19
