#wls	flux	fluxerr
1.600000E+03	2.794051E-16	9.465577E-18
1.640000E+03	2.864146E-16	9.572694E-18
1.680000E+03	2.930689E-16	9.661046E-18
1.720000E+03	2.993489E-16	9.730602E-18
1.760000E+03	3.051360E-16	9.778222E-18
1.800000E+03	3.104213E-16	9.804478E-18
1.840000E+03	3.151523E-16	9.808638E-18
1.880000E+03	3.191757E-16	9.787008E-18
1.920000E+03	3.226250E-16	9.744871E-18
1.960000E+03	3.253723E-16	9.679519E-18
2.000000E+03	3.274707E-16	9.593799E-18
2.040000E+03	3.288757E-16	9.487677E-18
2.080000E+03	3.296699E-16	9.364822E-18
2.120000E+03	3.298361E-16	9.225977E-18
2.160000E+03	3.294803E-16	9.075310E-18
2.200000E+03	3.286591E-16	8.915476E-18
2.240000E+03	3.274328E-16	8.749126E-18
2.280000E+03	3.258054E-16	8.577332E-18
2.320000E+03	3.238859E-16	8.403869E-18
2.360000E+03	3.217163E-16	8.230618E-18
2.400000E+03	3.192697E-16	8.057639E-18
2.440000E+03	3.166069E-16	7.887194E-18
2.480000E+03	3.137150E-16	7.719613E-18
2.520000E+03	3.105642E-16	7.554789E-18
2.560000E+03	3.071121E-16	7.392291E-18
2.600000E+03	3.032416E-16	7.229863E-18
2.640000E+03	2.988824E-16	7.066363E-18
2.680000E+03	2.941812E-16	6.905654E-18
2.720000E+03	2.894239E-16	6.754302E-18
2.760000E+03	2.848229E-16	6.616277E-18
2.800000E+03	2.805171E-16	6.493688E-18
2.840000E+03	2.767619E-16	6.391348E-18
2.880000E+03	2.736156E-16	6.309561E-18
2.920000E+03	2.712565E-16	6.251497E-18
2.960000E+03	2.698105E-16	6.219217E-18
3.000000E+03	2.694040E-16	6.214922E-18
3.010000E+03	2.694528E-16	6.217872E-18
3.020000E+03	2.696165E-16	6.223676E-18
3.030000E+03	2.698556E-16	6.231415E-18
3.040000E+03	2.701303E-16	6.240165E-18
3.050000E+03	2.705270E-16	6.251913E-18
3.060000E+03	2.710063E-16	6.265742E-18
3.070000E+03	2.715709E-16	6.281709E-18
3.080000E+03	2.722235E-16	6.299870E-18
3.090000E+03	2.729668E-16	6.320285E-18
3.100000E+03	2.738037E-16	6.343015E-18
3.110000E+03	2.747372E-16	6.368124E-18
3.120000E+03	2.757703E-16	6.395677E-18
3.130000E+03	2.769485E-16	6.426727E-18
3.140000E+03	2.781904E-16	6.459384E-18
3.150000E+03	2.795415E-16	6.494699E-18
3.160000E+03	2.810052E-16	6.532746E-18
3.170000E+03	2.826279E-16	6.574603E-18
3.180000E+03	2.843271E-16	6.618351E-18
3.190000E+03	2.861925E-16	6.666074E-18
3.200000E+03	2.881411E-16	6.715836E-18
3.210000E+03	2.902633E-16	6.769745E-18
3.220000E+03	2.925191E-16	6.826866E-18
3.230000E+03	2.948675E-16	6.886240E-18
3.240000E+03	2.974002E-16	6.950009E-18
3.250000E+03	3.000764E-16	7.017214E-18
3.260000E+03	3.028986E-16	7.087921E-18
3.270000E+03	3.058698E-16	7.162191E-18
3.280000E+03	3.089920E-16	7.240073E-18
3.290000E+03	3.122673E-16	7.321616E-18
3.300000E+03	3.156971E-16	7.406850E-18
3.310000E+03	3.192824E-16	7.495795E-18
3.320000E+03	3.230233E-16	7.588455E-18
3.330000E+03	3.269196E-16	7.684820E-18
3.340000E+03	3.309698E-16	7.784855E-18
3.350000E+03	3.351719E-16	7.888507E-18
3.360000E+03	3.395730E-16	7.996880E-18
3.370000E+03	3.440686E-16	8.107516E-18
3.380000E+03	3.487031E-16	8.221448E-18
3.390000E+03	3.535214E-16	8.339734E-18
3.400000E+03	3.584121E-16	8.459738E-18
3.410000E+03	3.634700E-16	8.583689E-18
3.420000E+03	3.685780E-16	8.708817E-18
3.430000E+03	3.738310E-16	8.837353E-18
3.440000E+03	3.791616E-16	8.967697E-18
3.450000E+03	3.844992E-16	9.098163E-18
3.460000E+03	3.899391E-16	9.231000E-18
3.470000E+03	3.954100E-16	9.364503E-18
3.480000E+03	4.008372E-16	9.496896E-18
3.490000E+03	4.063205E-16	9.630521E-18
3.500000E+03	4.117867E-16	9.763637E-18
3.510000E+03	4.172214E-16	9.895880E-18
3.520000E+03	4.226104E-16	1.002690E-17
3.530000E+03	4.279411E-16	1.015639E-17
3.540000E+03	4.332023E-16	1.028406E-17
3.550000E+03	4.383845E-16	1.040967E-17
3.560000E+03	4.434799E-16	1.053302E-17
3.570000E+03	4.484835E-16	1.065397E-17
3.580000E+03	4.533926E-16	1.077245E-17
3.590000E+03	4.582075E-16	1.088844E-17
3.600000E+03	4.629317E-16	1.100202E-17
3.610000E+03	4.676386E-16	1.111491E-17
3.620000E+03	4.722058E-16	1.122418E-17
3.630000E+03	4.767130E-16	1.133173E-17
3.640000E+03	4.811770E-16	1.143793E-17
3.650000E+03	4.856866E-16	1.154489E-17
3.660000E+03	4.901280E-16	1.164987E-17
3.670000E+03	4.945948E-16	1.175510E-17
3.680000E+03	4.991850E-16	1.186289E-17
3.690000E+03	5.037879E-16	1.197059E-17
3.700000E+03	5.085751E-16	1.208227E-17
3.710000E+03	5.134353E-16	1.219527E-17
3.720000E+03	5.185426E-16	1.231369E-17
3.730000E+03	5.237824E-16	1.243482E-17
3.740000E+03	5.293287E-16	1.256275E-17
3.750000E+03	5.350609E-16	1.269461E-17
3.760000E+03	5.411504E-16	1.283443E-17
3.770000E+03	5.474670E-16	1.297911E-17
3.780000E+03	5.541773E-16	1.313256E-17
3.790000E+03	5.611386E-16	1.329139E-17
3.800000E+03	5.685101E-16	1.345932E-17
3.810000E+03	5.762136E-16	1.363448E-17
3.820000E+03	5.841610E-16	1.381475E-17
3.830000E+03	5.924970E-16	1.400352E-17
3.840000E+03	6.011201E-16	1.419835E-17
3.850000E+03	6.099172E-16	1.439654E-17
3.860000E+03	6.190176E-16	1.460110E-17
3.870000E+03	6.282944E-16	1.480901E-17
3.880000E+03	6.376101E-16	1.501699E-17
3.890000E+03	6.470797E-16	1.522773E-17
3.900000E+03	6.565546E-16	1.543769E-17
3.910000E+03	6.658767E-16	1.564315E-17
3.920000E+03	6.751541E-16	1.584662E-17
3.930000E+03	6.842238E-16	1.604426E-17
3.940000E+03	6.929177E-16	1.623212E-17
3.950000E+03	7.013473E-16	1.641282E-17
3.960000E+03	7.093478E-16	1.658250E-17
3.970000E+03	7.168507E-16	1.673958E-17
3.980000E+03	7.236952E-16	1.688033E-17
3.990000E+03	7.300176E-16	1.700796E-17
4.000000E+03	7.356722E-16	1.711909E-17
4.010000E+03	7.405194E-16	1.721055E-17
4.020000E+03	7.447255E-16	1.728624E-17
4.030000E+03	7.481713E-16	1.734345E-17
4.040000E+03	7.507465E-16	1.737969E-17
4.050000E+03	7.526503E-16	1.739964E-17
4.060000E+03	7.537932E-16	1.740130E-17
4.070000E+03	7.540948E-16	1.738290E-17
4.080000E+03	7.537835E-16	1.734976E-17
4.090000E+03	7.526960E-16	1.729821E-17
4.100000E+03	7.510743E-16	1.723389E-17
4.110000E+03	7.488675E-16	1.715569E-17
4.120000E+03	7.460307E-16	1.706268E-17
4.130000E+03	7.428167E-16	1.696068E-17
4.140000E+03	7.390886E-16	1.684665E-17
4.150000E+03	7.351002E-16	1.672643E-17
4.160000E+03	7.307180E-16	1.659703E-17
4.170000E+03	7.261923E-16	1.646418E-17
4.180000E+03	7.213903E-16	1.632493E-17
4.190000E+03	7.164625E-16	1.618270E-17
4.200000E+03	7.115537E-16	1.604081E-17
4.210000E+03	7.065284E-16	1.589622E-17
4.220000E+03	7.015266E-16	1.575209E-17
4.230000E+03	6.966817E-16	1.561144E-17
4.240000E+03	6.918542E-16	1.547114E-17
4.250000E+03	6.871728E-16	1.533407E-17
4.260000E+03	6.827606E-16	1.520296E-17
4.270000E+03	6.784747E-16	1.507463E-17
4.280000E+03	6.744348E-16	1.495172E-17
4.290000E+03	6.706705E-16	1.483485E-17
4.300000E+03	6.672103E-16	1.472464E-17
4.310000E+03	6.640813E-16	1.462165E-17
4.320000E+03	6.613103E-16	1.452642E-17
4.330000E+03	6.589234E-16	1.443948E-17
4.340000E+03	6.569459E-16	1.436135E-17
4.350000E+03	6.554028E-16	1.429250E-17
4.360000E+03	6.543175E-16	1.423339E-17
4.370000E+03	6.537121E-16	1.418442E-17
4.380000E+03	6.535232E-16	1.414417E-17
4.390000E+03	6.539316E-16	1.411646E-17
4.400000E+03	6.548565E-16	1.409947E-17
4.410000E+03	6.562042E-16	1.409110E-17
4.420000E+03	6.581246E-16	1.409450E-17
4.430000E+03	6.604329E-16	1.410561E-17
4.440000E+03	6.632721E-16	1.412743E-17
4.450000E+03	6.664512E-16	1.415578E-17
4.460000E+03	6.701091E-16	1.419354E-17
4.470000E+03	6.740488E-16	1.423647E-17
4.480000E+03	6.783213E-16	1.428557E-17
4.490000E+03	6.829771E-16	1.434184E-17
4.500000E+03	6.878099E-16	1.440087E-17
4.510000E+03	6.928646E-16	1.446357E-17
4.520000E+03	6.981002E-16	1.452902E-17
4.530000E+03	7.034735E-16	1.459630E-17
4.540000E+03	7.089399E-16	1.466443E-17
4.550000E+03	7.144536E-16	1.473245E-17
4.560000E+03	7.199689E-16	1.479940E-17
4.570000E+03	7.254401E-16	1.486433E-17
4.580000E+03	7.307327E-16	1.492450E-17
4.590000E+03	7.359837E-16	1.498271E-17
4.600000E+03	7.410640E-16	1.503636E-17
4.610000E+03	7.458462E-16	1.508289E-17
4.620000E+03	7.504814E-16	1.512539E-17
4.630000E+03	7.547599E-16	1.515969E-17
4.640000E+03	7.588462E-16	1.518913E-17
4.650000E+03	7.625411E-16	1.520979E-17
4.660000E+03	7.659303E-16	1.522343E-17
4.670000E+03	7.690140E-16	1.523013E-17
4.680000E+03	7.718933E-16	1.523195E-17
4.690000E+03	7.743945E-16	1.522550E-17
4.700000E+03	7.766321E-16	1.521311E-17
4.710000E+03	7.786327E-16	1.519536E-17
4.720000E+03	7.803336E-16	1.517108E-17
4.730000E+03	7.819610E-16	1.514472E-17
4.740000E+03	7.834609E-16	1.511525E-17
4.750000E+03	7.848766E-16	1.508353E-17
4.760000E+03	7.861590E-16	1.504865E-17
4.770000E+03	7.875442E-16	1.501514E-17
4.780000E+03	7.888892E-16	1.498026E-17
4.790000E+03	7.904300E-16	1.494849E-17
4.800000E+03	7.920211E-16	1.491704E-17
4.810000E+03	7.937998E-16	1.488849E-17
4.820000E+03	7.958057E-16	1.486353E-17
4.830000E+03	7.980751E-16	1.484278E-17
4.840000E+03	8.006406E-16	1.482680E-17
4.850000E+03	8.035307E-16	1.481604E-17
4.860000E+03	8.067699E-16	1.481087E-17
4.870000E+03	8.103786E-16	1.481159E-17
4.880000E+03	8.143723E-16	1.481840E-17
4.890000E+03	8.186658E-16	1.482966E-17
4.900000E+03	8.234615E-16	1.484894E-17
4.910000E+03	8.285679E-16	1.487271E-17
4.920000E+03	8.341828E-16	1.490441E-17
4.930000E+03	8.401061E-16	1.494036E-17
4.940000E+03	8.464319E-16	1.498217E-17
4.950000E+03	8.532545E-16	1.503139E-17
4.960000E+03	8.603639E-16	1.508423E-17
4.970000E+03	8.678512E-16	1.514220E-17
4.980000E+03	8.757058E-16	1.520505E-17
4.990000E+03	8.839172E-16	1.527249E-17
5.000000E+03	8.923693E-16	1.534245E-17
5.010000E+03	9.012617E-16	1.541829E-17
5.020000E+03	9.104804E-16	1.549797E-17
5.030000E+03	9.199080E-16	1.557943E-17
5.040000E+03	9.297523E-16	1.566613E-17
5.050000E+03	9.397883E-16	1.575421E-17
5.060000E+03	9.502300E-16	1.584719E-17
5.070000E+03	9.608494E-16	1.594120E-17
5.080000E+03	9.717522E-16	1.603797E-17
5.090000E+03	9.829335E-16	1.613735E-17
5.100000E+03	9.943884E-16	1.623922E-17
5.110000E+03	1.006111E-15	1.634344E-17
5.120000E+03	1.018096E-15	1.644985E-17
5.130000E+03	1.030335E-15	1.655830E-17
5.140000E+03	1.042696E-15	1.666664E-17
5.150000E+03	1.055410E-15	1.677854E-17
5.160000E+03	1.068343E-15	1.689179E-17
5.170000E+03	1.081349E-15	1.700413E-17
5.180000E+03	1.094660E-15	1.711917E-17
5.190000E+03	1.107998E-15	1.723253E-17
5.200000E+03	1.121460E-15	1.734578E-17
5.210000E+03	1.135015E-15	1.745846E-17
5.220000E+03	1.148629E-15	1.757003E-17
5.230000E+03	1.162264E-15	1.767998E-17
5.240000E+03	1.175877E-15	1.778769E-17
5.250000E+03	1.189425E-15	1.789260E-17
5.260000E+03	1.202864E-15	1.799408E-17
5.270000E+03	1.216147E-15	1.809156E-17
5.280000E+03	1.229083E-15	1.818228E-17
5.290000E+03	1.241908E-15	1.826989E-17
5.300000E+03	1.254290E-15	1.834961E-17
5.310000E+03	1.266473E-15	1.842518E-17
5.320000E+03	1.278123E-15	1.849187E-17
5.330000E+03	1.289346E-15	1.855141E-17
5.340000E+03	1.300103E-15	1.860343E-17
5.350000E+03	1.310512E-15	1.864978E-17
5.360000E+03	1.320242E-15	1.868595E-17
5.370000E+03	1.329417E-15	1.871389E-17
5.380000E+03	1.337856E-15	1.873131E-17
5.390000E+03	1.345848E-15	1.874245E-17
5.400000E+03	1.353220E-15	1.874509E-17
5.410000E+03	1.359952E-15	1.873919E-17
5.420000E+03	1.365873E-15	1.872260E-17
5.430000E+03	1.371277E-15	1.869961E-17
5.440000E+03	1.375835E-15	1.866591E-17
5.450000E+03	1.379689E-15	1.862367E-17
5.460000E+03	1.382979E-15	1.857500E-17
5.470000E+03	1.385375E-15	1.851568E-17
5.480000E+03	1.387022E-15	1.844786E-17
5.490000E+03	1.387911E-15	1.837163E-17
5.500000E+03	1.388035E-15	1.828712E-17
5.510000E+03	1.387405E-15	1.819464E-17
5.520000E+03	1.386034E-15	1.809455E-17
5.530000E+03	1.383944E-15	1.798721E-17
5.540000E+03	1.381163E-15	1.787302E-17
5.550000E+03	1.377567E-15	1.775042E-17
5.560000E+03	1.373510E-15	1.762402E-17
5.570000E+03	1.368720E-15	1.749034E-17
5.580000E+03	1.363563E-15	1.735405E-17
5.590000E+03	1.357781E-15	1.721187E-17
5.600000E+03	1.351589E-15	1.706653E-17
5.610000E+03	1.345206E-15	1.692075E-17
5.620000E+03	1.338396E-15	1.677152E-17
5.630000E+03	1.331384E-15	1.662161E-17
5.640000E+03	1.324244E-15	1.647193E-17
5.650000E+03	1.317055E-15	1.632335E-17
5.660000E+03	1.309893E-15	1.617674E-17
5.670000E+03	1.302830E-15	1.603294E-17
5.680000E+03	1.295942E-15	1.589276E-17
5.690000E+03	1.289148E-15	1.575512E-17
5.700000E+03	1.282804E-15	1.562430E-17
5.710000E+03	1.276820E-15	1.549905E-17
5.720000E+03	1.271099E-15	1.537811E-17
5.730000E+03	1.265970E-15	1.526535E-17
5.740000E+03	1.261175E-15	1.515754E-17
5.750000E+03	1.256882E-15	1.505657E-17
5.760000E+03	1.253242E-15	1.496418E-17
5.770000E+03	1.249973E-15	1.487685E-17
5.780000E+03	1.247210E-15	1.479610E-17
5.790000E+03	1.244935E-15	1.472162E-17
5.800000E+03	1.243124E-15	1.465302E-17
5.810000E+03	1.241744E-15	1.458983E-17
5.820000E+03	1.240756E-15	1.453148E-17
5.830000E+03	1.240114E-15	1.447737E-17
5.840000E+03	1.239767E-15	1.442685E-17
5.850000E+03	1.239662E-15	1.437920E-17
5.860000E+03	1.239745E-15	1.433377E-17
5.870000E+03	1.239817E-15	1.428820E-17
5.880000E+03	1.240106E-15	1.424509E-17
5.890000E+03	1.240276E-15	1.420055E-17
5.900000E+03	1.240560E-15	1.415722E-17
5.910000E+03	1.240629E-15	1.411133E-17
5.920000E+03	1.240727E-15	1.406566E-17
5.930000E+03	1.240538E-15	1.401661E-17
5.940000E+03	1.240176E-15	1.396549E-17
5.950000E+03	1.239765E-15	1.391370E-17
5.960000E+03	1.239010E-15	1.385794E-17
5.970000E+03	1.238050E-15	1.379981E-17
5.980000E+03	1.236889E-15	1.373934E-17
5.990000E+03	1.235538E-15	1.367671E-17
6.000000E+03	1.234015E-15	1.361212E-17
6.010000E+03	1.232343E-15	1.354585E-17
6.020000E+03	1.230547E-15	1.347823E-17
6.030000E+03	1.228659E-15	1.340961E-17
6.040000E+03	1.226711E-15	1.334036E-17
6.050000E+03	1.224735E-15	1.327086E-17
6.060000E+03	1.222625E-15	1.319999E-17
6.070000E+03	1.220691E-15	1.313111E-17
6.080000E+03	1.218819E-15	1.306302E-17
6.090000E+03	1.216896E-15	1.299452E-17
6.100000E+03	1.215220E-15	1.292883E-17
6.110000E+03	1.213525E-15	1.286312E-17
6.120000E+03	1.212099E-15	1.280048E-17
6.130000E+03	1.210663E-15	1.273799E-17
6.140000E+03	1.209354E-15	1.267710E-17
6.150000E+03	1.208296E-15	1.261916E-17
6.160000E+03	1.207193E-15	1.256111E-17
6.170000E+03	1.206161E-15	1.250419E-17
6.180000E+03	1.205305E-15	1.244953E-17
6.190000E+03	1.204312E-15	1.239396E-17
6.200000E+03	1.203278E-15	1.233854E-17
6.210000E+03	1.202160E-15	1.228286E-17
6.220000E+03	1.200906E-15	1.222650E-17
6.230000E+03	1.199466E-15	1.216903E-17
6.240000E+03	1.197787E-15	1.210998E-17
6.250000E+03	1.195819E-15	1.204895E-17
6.260000E+03	1.193509E-15	1.198551E-17
6.270000E+03	1.190807E-15	1.191928E-17
6.280000E+03	1.187532E-15	1.184854E-17
6.290000E+03	1.183913E-15	1.177571E-17
6.300000E+03	1.179777E-15	1.169917E-17
6.310000E+03	1.175093E-15	1.161873E-17
6.320000E+03	1.169702E-15	1.153294E-17
6.330000E+03	1.163854E-15	1.144439E-17
6.340000E+03	1.157403E-15	1.135175E-17
6.350000E+03	1.150215E-15	1.125383E-17
6.360000E+03	1.142559E-15	1.115333E-17
6.370000E+03	1.134186E-15	1.104793E-17
6.380000E+03	1.125375E-15	1.094044E-17
6.390000E+03	1.115895E-15	1.082869E-17
6.400000E+03	1.106035E-15	1.071554E-17
6.410000E+03	1.095582E-15	1.059898E-17
6.420000E+03	1.084707E-15	1.048072E-17
6.430000E+03	1.073579E-15	1.036242E-17
6.440000E+03	1.062004E-15	1.024222E-17
6.450000E+03	1.050159E-15	1.012185E-17
6.460000E+03	1.038097E-15	1.000182E-17
6.470000E+03	1.025989E-15	9.883771E-18
6.480000E+03	1.013650E-15	9.765911E-18
6.490000E+03	1.001250E-15	9.649826E-18
6.500000E+03	9.888349E-16	9.535886E-18
6.510000E+03	9.764515E-16	9.424357E-18
6.520000E+03	9.641448E-16	9.315509E-18
6.530000E+03	9.519591E-16	9.209604E-18
6.540000E+03	9.399393E-16	9.106914E-18
6.550000E+03	9.281260E-16	9.007679E-18
6.560000E+03	9.165584E-16	8.912135E-18
6.570000E+03	9.052752E-16	8.820519E-18
6.580000E+03	8.943105E-16	8.733032E-18
6.590000E+03	8.836952E-16	8.649858E-18
6.600000E+03	8.734524E-16	8.571111E-18
6.610000E+03	8.635028E-16	8.495908E-18
6.620000E+03	8.540612E-16	8.426265E-18
6.630000E+03	8.450389E-16	8.361230E-18
6.640000E+03	8.364450E-16	8.300813E-18
6.650000E+03	8.281916E-16	8.244071E-18
6.660000E+03	8.204764E-16	8.192908E-18
6.670000E+03	8.132094E-16	8.146374E-18
6.680000E+03	8.063042E-16	8.103551E-18
6.690000E+03	7.999541E-16	8.066338E-18
6.700000E+03	7.939823E-16	8.032919E-18
6.710000E+03	7.885820E-16	8.005215E-18
6.720000E+03	7.835815E-16	7.981460E-18
6.730000E+03	7.791746E-16	7.963607E-18
6.740000E+03	7.751950E-16	7.949944E-18
6.750000E+03	7.718367E-16	7.942449E-18
6.760000E+03	7.689379E-16	7.939454E-18
6.770000E+03	7.666934E-16	7.942968E-18
6.780000E+03	7.649437E-16	7.951344E-18
6.790000E+03	7.637956E-16	7.965693E-18
6.800000E+03	7.633552E-16	7.987136E-18
6.810000E+03	7.634640E-16	8.014028E-18
6.820000E+03	7.642271E-16	8.047483E-18
6.830000E+03	7.657494E-16	8.088622E-18
6.840000E+03	7.678688E-16	8.135755E-18
6.850000E+03	7.706870E-16	8.189971E-18
6.860000E+03	7.742157E-16	8.251410E-18
6.870000E+03	7.784642E-16	8.320187E-18
6.880000E+03	7.834396E-16	8.396395E-18
6.890000E+03	7.891467E-16	8.480094E-18
6.900000E+03	7.956793E-16	8.572307E-18
6.910000E+03	8.028530E-16	8.671053E-18
6.920000E+03	8.107549E-16	8.777272E-18
6.930000E+03	8.193777E-16	8.890879E-18
6.940000E+03	8.287105E-16	9.011752E-18
6.950000E+03	8.387390E-16	9.139722E-18
6.960000E+03	8.493467E-16	9.273497E-18
6.970000E+03	8.607080E-16	9.414956E-18
6.980000E+03	8.727005E-16	9.562733E-18
6.990000E+03	8.852952E-16	9.716474E-18
7.000000E+03	8.984600E-16	9.875785E-18
7.010000E+03	9.121578E-16	1.004021E-17
7.020000E+03	9.263493E-16	1.020925E-17
7.030000E+03	9.408822E-16	1.038118E-17
7.040000E+03	9.559253E-16	1.055779E-17
7.050000E+03	9.713223E-16	1.073729E-17
7.060000E+03	9.869044E-16	1.091772E-17
7.070000E+03	1.002842E-15	1.110091E-17
7.080000E+03	1.018965E-15	1.128488E-17
7.090000E+03	1.035089E-15	1.146750E-17
7.100000E+03	1.051388E-15	1.165062E-17
7.110000E+03	1.067677E-15	1.183211E-17
7.120000E+03	1.083762E-15	1.200972E-17
7.130000E+03	1.099822E-15	1.218535E-17
7.140000E+03	1.115530E-15	1.235531E-17
7.150000E+03	1.131073E-15	1.252158E-17
7.160000E+03	1.146114E-15	1.268036E-17
7.170000E+03	1.160713E-15	1.283224E-17
7.180000E+03	1.174932E-15	1.297787E-17
7.190000E+03	1.188430E-15	1.311340E-17
7.200000E+03	1.201273E-15	1.323953E-17
7.210000E+03	1.213538E-15	1.335708E-17
7.220000E+03	1.224880E-15	1.346223E-17
7.230000E+03	1.235382E-15	1.355588E-17
7.240000E+03	1.244993E-15	1.363748E-17
7.250000E+03	1.253817E-15	1.370816E-17
7.260000E+03	1.261518E-15	1.376432E-17
7.270000E+03	1.268216E-15	1.380727E-17
7.280000E+03	1.273886E-15	1.383682E-17
7.290000E+03	1.278519E-15	1.385294E-17
7.300000E+03	1.282110E-15	1.385564E-17
7.310000E+03	1.284665E-15	1.384510E-17
7.320000E+03	1.286205E-15	1.382164E-17
7.330000E+03	1.286754E-15	1.378563E-17
7.340000E+03	1.286352E-15	1.373761E-17
7.350000E+03	1.285044E-15	1.367820E-17
7.360000E+03	1.282887E-15	1.360812E-17
7.370000E+03	1.279946E-15	1.352820E-17
7.380000E+03	1.276293E-15	1.343934E-17
7.390000E+03	1.271856E-15	1.334092E-17
7.400000E+03	1.267019E-15	1.323710E-17
7.410000E+03	1.261722E-15	1.312736E-17
7.420000E+03	1.256056E-15	1.301276E-17
7.430000E+03	1.249967E-15	1.289288E-17
7.440000E+03	1.243846E-15	1.277184E-17
7.450000E+03	1.237639E-15	1.264918E-17
7.460000E+03	1.231293E-15	1.252442E-17
7.470000E+03	1.225191E-15	1.240157E-17
7.480000E+03	1.219130E-15	1.227858E-17
7.490000E+03	1.213482E-15	1.215928E-17
7.500000E+03	1.208034E-15	1.204155E-17
7.510000E+03	1.203149E-15	1.192902E-17
7.520000E+03	1.198603E-15	1.181950E-17
7.530000E+03	1.194598E-15	1.171497E-17
7.540000E+03	1.191327E-15	1.161732E-17
7.550000E+03	1.188547E-15	1.152414E-17
7.560000E+03	1.186435E-15	1.143716E-17
7.570000E+03	1.185156E-15	1.135791E-17
7.580000E+03	1.184445E-15	1.128382E-17
7.590000E+03	1.184449E-15	1.121628E-17
7.600000E+03	1.185165E-15	1.115521E-17
7.610000E+03	1.186581E-15	1.110049E-17
7.620000E+03	1.188672E-15	1.105186E-17
7.630000E+03	1.191406E-15	1.100901E-17
7.640000E+03	1.194740E-15	1.097153E-17
7.650000E+03	1.198622E-15	1.093896E-17
7.660000E+03	1.202987E-15	1.091075E-17
7.670000E+03	1.207763E-15	1.088628E-17
7.680000E+03	1.212869E-15	1.086486E-17
7.690000E+03	1.218215E-15	1.084580E-17
7.700000E+03	1.223704E-15	1.082832E-17
7.710000E+03	1.229228E-15	1.081161E-17
7.720000E+03	1.234532E-15	1.079357E-17
7.730000E+03	1.239797E-15	1.077598E-17
7.740000E+03	1.244757E-15	1.075669E-17
7.750000E+03	1.249144E-15	1.073362E-17
7.760000E+03	1.253141E-15	1.070858E-17
7.770000E+03	1.256330E-15	1.067824E-17
7.780000E+03	1.258901E-15	1.064449E-17
7.790000E+03	1.260597E-15	1.060543E-17
7.800000E+03	1.261166E-15	1.055921E-17
7.810000E+03	1.260670E-15	1.050665E-17
7.820000E+03	1.259180E-15	1.044861E-17
7.830000E+03	1.256321E-15	1.038226E-17
7.840000E+03	1.252185E-15	1.030862E-17
7.850000E+03	1.246878E-15	1.022881E-17
7.860000E+03	1.240059E-15	1.014024E-17
7.870000E+03	1.231860E-15	1.004420E-17
7.880000E+03	1.222266E-15	9.940741E-18
7.890000E+03	1.211281E-15	9.830030E-18
7.900000E+03	1.199063E-15	9.713404E-18
7.910000E+03	1.185341E-15	9.588561E-18
7.920000E+03	1.170296E-15	9.456801E-18
7.930000E+03	1.153977E-15	9.318305E-18
7.940000E+03	1.136434E-15	9.173285E-18
7.950000E+03	1.117732E-15	9.022019E-18
7.960000E+03	1.097809E-15	8.863757E-18
7.970000E+03	1.077019E-15	8.701091E-18
7.980000E+03	1.055312E-15	8.533359E-18
7.990000E+03	1.032784E-15	8.361051E-18
8.000000E+03	1.009538E-15	8.184726E-18
8.010000E+03	9.855587E-16	8.003982E-18
8.020000E+03	9.611996E-16	7.821428E-18
8.030000E+03	9.364468E-16	7.636691E-18
8.040000E+03	9.112983E-16	7.449503E-18
8.050000E+03	8.861057E-16	7.262501E-18
8.060000E+03	8.607761E-16	7.074709E-18
8.070000E+03	8.356480E-16	6.888708E-18
8.080000E+03	8.106282E-16	6.703554E-18
8.090000E+03	7.860307E-16	6.521681E-18
8.100000E+03	7.617612E-16	6.342178E-18
8.110000E+03	7.380162E-16	6.166560E-18
8.120000E+03	7.149733E-16	5.996221E-18
8.130000E+03	6.925326E-16	5.830258E-18
8.140000E+03	6.708576E-16	5.669990E-18
8.150000E+03	6.500116E-16	5.515924E-18
8.160000E+03	6.300492E-16	5.368512E-18
8.170000E+03	6.110928E-16	5.228805E-18
8.180000E+03	5.930257E-16	5.095831E-18
8.190000E+03	5.759571E-16	4.970556E-18
8.200000E+03	5.599103E-16	4.853235E-18
8.210000E+03	5.449026E-16	4.744077E-18
8.220000E+03	5.309456E-16	4.643255E-18
8.230000E+03	5.180459E-16	4.550907E-18
8.240000E+03	5.061427E-16	4.466587E-18
8.250000E+03	4.953635E-16	4.391511E-18
8.260000E+03	4.856397E-16	4.325179E-18
8.270000E+03	4.769656E-16	4.267647E-18
8.280000E+03	4.693337E-16	4.218959E-18
8.290000E+03	4.626772E-16	4.178627E-18
8.300000E+03	4.571039E-16	4.147740E-18
8.310000E+03	4.525446E-16	4.125799E-18
8.320000E+03	4.489325E-16	4.112314E-18
8.330000E+03	4.463706E-16	4.108356E-18
8.340000E+03	4.447350E-16	4.112915E-18
8.350000E+03	4.441274E-16	4.127063E-18
8.360000E+03	4.444240E-16	4.149785E-18
8.370000E+03	4.457253E-16	4.182154E-18
8.380000E+03	4.479056E-16	4.223133E-18
8.390000E+03	4.510645E-16	4.273801E-18
8.400000E+03	4.550718E-16	4.333070E-18
8.410000E+03	4.599662E-16	4.401450E-18
8.420000E+03	4.657862E-16	4.479461E-18
8.430000E+03	4.723892E-16	4.565884E-18
8.440000E+03	4.798049E-16	4.661154E-18
8.450000E+03	4.879996E-16	4.765096E-18
8.460000E+03	4.969975E-16	4.878104E-18
8.470000E+03	5.066265E-16	4.998646E-18
8.480000E+03	5.168961E-16	5.126961E-18
8.490000E+03	5.277454E-16	5.262596E-18
8.500000E+03	5.391055E-16	5.405011E-18
8.510000E+03	5.508985E-16	5.553568E-18
8.520000E+03	5.630379E-16	5.707529E-18
8.530000E+03	5.754287E-16	5.866059E-18
8.540000E+03	5.879671E-16	6.028214E-18
8.550000E+03	6.005413E-16	6.192951E-18
8.560000E+03	6.130328E-16	6.359134E-18
8.570000E+03	6.253168E-16	6.525537E-18
8.580000E+03	6.371815E-16	6.689992E-18
8.590000E+03	6.486586E-16	6.852850E-18
8.600000E+03	6.595346E-16	7.011864E-18
8.610000E+03	6.696783E-16	7.165609E-18
8.620000E+03	6.789623E-16	7.312662E-18
8.630000E+03	6.871761E-16	7.450656E-18
8.640000E+03	6.943856E-16	7.580172E-18
8.650000E+03	7.004012E-16	7.698998E-18
8.660000E+03	7.050434E-16	7.804956E-18
8.670000E+03	7.084236E-16	7.899049E-18
8.680000E+03	7.103952E-16	7.979400E-18
8.690000E+03	7.108280E-16	8.044248E-18
8.700000E+03	7.098908E-16	8.095181E-18
8.710000E+03	7.073987E-16	8.129761E-18
8.720000E+03	7.035589E-16	8.150001E-18
8.730000E+03	6.982253E-16	8.153844E-18
8.740000E+03	6.916392E-16	8.143708E-18
8.750000E+03	6.836895E-16	8.117863E-18
8.760000E+03	6.746444E-16	8.079018E-18
8.770000E+03	6.644223E-16	8.025751E-18
8.780000E+03	6.533079E-16	7.961053E-18
8.790000E+03	6.412412E-16	7.883788E-18
8.800000E+03	6.284294E-16	7.796095E-18
8.810000E+03	6.150758E-16	7.700149E-18
8.820000E+03	6.011365E-16	7.595086E-18
8.830000E+03	5.868145E-16	7.483169E-18
8.840000E+03	5.723016E-16	7.366607E-18
8.850000E+03	5.575535E-16	7.244634E-18
8.860000E+03	5.427514E-16	7.119423E-18
8.870000E+03	5.280620E-16	6.993042E-18
8.880000E+03	5.134289E-16	6.864669E-18
8.890000E+03	4.990025E-16	6.736245E-18
8.900000E+03	4.848510E-16	6.608679E-18
8.910000E+03	4.710330E-16	6.482783E-18
8.920000E+03	4.576588E-16	6.360129E-18
8.930000E+03	4.446437E-16	6.239620E-18
8.940000E+03	4.320838E-16	6.122678E-18
8.950000E+03	4.200034E-16	6.009761E-18
8.960000E+03	4.084197E-16	5.901242E-18
8.970000E+03	3.973972E-16	5.798202E-18
8.980000E+03	3.868323E-16	5.699288E-18
8.990000E+03	3.767806E-16	5.605466E-18
9.000000E+03	3.672388E-16	5.516850E-18
9.040000E+03	3.339921E-16	5.215166E-18
9.080000E+03	3.079716E-16	4.996063E-18
9.120000E+03	2.879171E-16	4.849504E-18
9.160000E+03	2.725852E-16	4.763434E-18
9.200000E+03	2.607507E-16	4.723553E-18
9.240000E+03	2.511875E-16	4.712777E-18
9.280000E+03	2.429768E-16	4.717062E-18
9.320000E+03	2.352612E-16	4.721355E-18
9.360000E+03	2.275480E-16	4.716019E-18
9.400000E+03	2.194769E-16	4.693035E-18
9.440000E+03	2.109348E-16	4.648952E-18
9.480000E+03	2.019792E-16	4.583957E-18
9.520000E+03	1.927804E-16	4.501078E-18
9.560000E+03	1.835903E-16	4.405802E-18
9.600000E+03	1.746092E-16	4.303048E-18
9.640000E+03	1.660375E-16	4.198289E-18
9.680000E+03	1.580495E-16	4.096854E-18
9.720000E+03	1.507159E-16	4.001785E-18
9.760000E+03	1.441026E-16	3.916167E-18
9.800000E+03	1.381880E-16	3.840817E-18
9.840000E+03	1.329404E-16	3.776196E-18
9.880000E+03	1.283254E-16	3.722599E-18
9.920000E+03	1.242558E-16	3.678658E-18
9.960000E+03	1.206605E-16	3.643256E-18
1.000000E+04	1.175053E-16	3.616247E-18
1.004000E+04	1.146709E-16	3.594706E-18
1.008000E+04	1.121543E-16	3.579139E-18
1.012000E+04	1.098549E-16	3.566873E-18
1.016000E+04	1.077853E-16	3.558726E-18
1.020000E+04	1.058626E-16	3.552342E-18
1.024000E+04	1.041115E-16	3.548838E-18
1.028000E+04	1.024778E-16	3.546656E-18
1.032000E+04	1.009450E-16	3.545438E-18
