#wls	flux	fluxerr
1.600000E+03	8.615896E-19	3.375582E-19
1.640000E+03	8.530149E-19	3.316985E-19
1.680000E+03	8.442425E-19	3.257529E-19
1.720000E+03	8.355617E-19	3.198349E-19
1.760000E+03	8.266756E-19	3.138319E-19
1.800000E+03	8.177270E-19	3.078008E-19
1.840000E+03	8.085732E-19	3.016903E-19
1.880000E+03	7.994926E-19	2.956064E-19
1.920000E+03	7.902089E-19	2.894488E-19
1.960000E+03	7.808626E-19	2.832718E-19
2.000000E+03	7.714566E-19	2.770788E-19
2.040000E+03	7.619969E-19	2.708741E-19
2.080000E+03	7.523645E-19	2.646182E-19
2.120000E+03	7.428257E-19	2.584075E-19
2.160000E+03	7.332658E-19	2.522032E-19
2.200000E+03	7.237021E-19	2.460134E-19
2.240000E+03	7.141563E-19	2.398473E-19
2.280000E+03	7.046543E-19	2.337155E-19
2.320000E+03	6.952266E-19	2.276295E-19
2.360000E+03	6.859102E-19	2.216023E-19
2.400000E+03	6.768573E-19	2.156832E-19
2.440000E+03	6.680035E-19	2.098506E-19
2.480000E+03	6.594068E-19	2.041221E-19
2.520000E+03	6.511336E-19	1.985163E-19
2.560000E+03	6.433628E-19	1.930848E-19
2.600000E+03	6.360770E-19	1.878173E-19
2.640000E+03	6.293775E-19	1.827382E-19
2.680000E+03	6.234794E-19	1.779022E-19
2.720000E+03	6.184169E-19	1.733086E-19
2.760000E+03	6.144419E-19	1.690156E-19
2.800000E+03	6.116387E-19	1.650307E-19
2.840000E+03	6.103132E-19	1.614175E-19
2.880000E+03	6.106206E-19	1.581937E-19
2.920000E+03	6.129485E-19	1.554318E-19
2.960000E+03	6.175560E-19	1.531630E-19
3.000000E+03	6.249586E-19	1.514744E-19
3.010000E+03	6.272748E-19	1.511443E-19
3.020000E+03	6.298875E-19	1.508758E-19
3.030000E+03	6.326205E-19	1.506256E-19
3.040000E+03	6.356700E-19	1.504398E-19
3.050000E+03	6.388597E-19	1.502753E-19
3.060000E+03	6.423874E-19	1.501779E-19
3.070000E+03	6.461718E-19	1.501272E-19
3.080000E+03	6.502253E-19	1.501249E-19
3.090000E+03	6.545606E-19	1.501727E-19
3.100000E+03	6.591914E-19	1.502725E-19
3.110000E+03	6.641324E-19	1.504262E-19
3.120000E+03	6.693983E-19	1.506358E-19
3.130000E+03	6.751024E-19	1.509252E-19
3.140000E+03	6.810685E-19	1.512531E-19
3.150000E+03	6.875096E-19	1.516655E-19
3.160000E+03	6.942484E-19	1.521213E-19
3.170000E+03	7.015028E-19	1.526666E-19
3.180000E+03	7.091961E-19	1.532824E-19
3.190000E+03	7.173514E-19	1.539716E-19
3.200000E+03	7.259925E-19	1.547373E-19
3.210000E+03	7.351459E-19	1.555827E-19
3.220000E+03	7.448382E-19	1.565110E-19
3.230000E+03	7.552057E-19	1.575483E-19
3.240000E+03	7.660670E-19	1.586538E-19
3.250000E+03	7.776702E-19	1.598761E-19
3.260000E+03	7.898333E-19	1.611747E-19
3.270000E+03	8.028133E-19	1.625990E-19
3.280000E+03	8.165416E-19	1.641314E-19
3.290000E+03	8.310611E-19	1.657769E-19
3.300000E+03	8.464165E-19	1.675406E-19
3.310000E+03	8.626572E-19	1.694284E-19
3.320000E+03	8.798353E-19	1.714460E-19
3.330000E+03	8.980053E-19	1.735997E-19
3.340000E+03	9.173531E-19	1.759204E-19
3.350000E+03	9.376924E-19	1.783670E-19
3.360000E+03	9.593453E-19	1.809956E-19
3.370000E+03	9.821252E-19	1.837651E-19
3.380000E+03	1.006374E-18	1.867336E-19
3.390000E+03	1.032045E-18	1.898852E-19
3.400000E+03	1.059226E-18	1.932294E-19
3.410000E+03	1.088014E-18	1.967764E-19
3.420000E+03	1.118510E-18	2.005366E-19
3.430000E+03	1.150823E-18	2.045214E-19
3.440000E+03	1.185071E-18	2.087426E-19
3.450000E+03	1.221380E-18	2.132131E-19
3.460000E+03	1.260052E-18	2.179752E-19
3.470000E+03	1.300900E-18	2.229854E-19
3.480000E+03	1.344421E-18	2.283177E-19
3.490000E+03	1.390612E-18	2.339588E-19
3.500000E+03	1.439462E-18	2.398941E-19
3.510000E+03	1.491537E-18	2.462041E-19
3.520000E+03	1.546858E-18	2.528767E-19
3.530000E+03	1.605643E-18	2.599316E-19
3.540000E+03	1.668129E-18	2.673902E-19
3.550000E+03	1.734567E-18	2.752745E-19
3.560000E+03	1.805228E-18	2.836079E-19
3.570000E+03	1.880647E-18	2.924534E-19
3.580000E+03	1.960652E-18	3.017616E-19
3.590000E+03	2.045811E-18	3.115970E-19
3.600000E+03	2.136755E-18	3.220299E-19
3.610000E+03	2.233322E-18	3.330084E-19
3.620000E+03	2.336484E-18	3.446487E-19
3.630000E+03	2.446399E-18	3.569423E-19
3.640000E+03	2.563206E-18	3.698767E-19
3.650000E+03	2.688042E-18	3.835813E-19
3.660000E+03	2.821124E-18	3.980483E-19
3.670000E+03	2.963020E-18	4.133171E-19
3.680000E+03	3.114333E-18	4.294291E-19
3.690000E+03	3.275709E-18	4.464269E-19
3.700000E+03	3.447833E-18	4.643552E-19
3.710000E+03	3.631438E-18	4.832601E-19
3.720000E+03	3.827302E-18	5.031892E-19
3.730000E+03	4.036760E-18	5.242576E-19
3.740000E+03	4.259707E-18	5.463874E-19
3.750000E+03	4.497558E-18	5.696940E-19
3.760000E+03	4.751900E-18	5.943051E-19
3.770000E+03	5.022628E-18	6.201302E-19
3.780000E+03	5.312068E-18	6.473755E-19
3.790000E+03	5.620099E-18	6.759383E-19
3.800000E+03	5.949294E-18	7.060370E-19
3.810000E+03	6.299497E-18	7.375542E-19
3.820000E+03	6.673551E-18	7.707202E-19
3.830000E+03	7.072125E-18	8.055001E-19
3.840000E+03	7.496682E-18	8.419442E-19
3.850000E+03	7.947786E-18	8.799946E-19
3.860000E+03	8.428896E-18	9.199064E-19
3.870000E+03	8.940771E-18	9.616229E-19
3.880000E+03	9.485111E-18	1.005183E-18
3.890000E+03	1.006369E-17	1.050624E-18
3.900000E+03	1.067836E-17	1.097977E-18
3.910000E+03	1.133097E-17	1.147270E-18
3.920000E+03	1.202348E-17	1.198523E-18
3.930000E+03	1.275786E-17	1.251751E-18
3.940000E+03	1.353612E-17	1.306960E-18
3.950000E+03	1.436030E-17	1.364147E-18
3.960000E+03	1.523249E-17	1.423302E-18
3.970000E+03	1.615475E-17	1.484405E-18
3.980000E+03	1.712918E-17	1.547421E-18
3.990000E+03	1.815783E-17	1.612308E-18
4.000000E+03	1.924280E-17	1.679009E-18
4.010000E+03	2.038609E-17	1.747454E-18
4.020000E+03	2.158966E-17	1.817557E-18
4.030000E+03	2.285544E-17	1.889221E-18
4.040000E+03	2.418524E-17	1.962328E-18
4.050000E+03	2.558079E-17	2.036747E-18
4.060000E+03	2.704367E-17	2.112330E-18
4.070000E+03	2.857533E-17	2.188910E-18
4.080000E+03	3.017704E-17	2.266302E-18
4.090000E+03	3.184991E-17	2.344306E-18
4.100000E+03	3.359477E-17	2.422698E-18
4.110000E+03	3.541226E-17	2.501245E-18
4.120000E+03	3.730274E-17	2.579688E-18
4.130000E+03	3.926625E-17	2.657757E-18
4.140000E+03	4.130251E-17	2.735162E-18
4.150000E+03	4.341089E-17	2.811600E-18
4.160000E+03	4.559038E-17	2.886755E-18
4.170000E+03	4.783956E-17	2.960296E-18
4.180000E+03	5.015662E-17	3.031887E-18
4.190000E+03	5.253921E-17	3.101178E-18
4.200000E+03	5.497841E-17	3.167463E-18
4.210000E+03	5.748300E-17	3.231092E-18
4.220000E+03	6.004328E-17	3.291361E-18
4.230000E+03	6.264796E-17	3.347548E-18
4.240000E+03	6.530585E-17	3.400054E-18
4.250000E+03	6.800485E-17	3.448181E-18
4.260000E+03	7.073117E-17	3.491232E-18
4.270000E+03	7.349370E-17	3.529683E-18
4.280000E+03	7.626944E-17	3.562496E-18
4.290000E+03	7.905870E-17	3.589825E-18
4.300000E+03	8.186239E-17	3.611871E-18
4.310000E+03	8.465430E-17	3.627688E-18
4.320000E+03	8.743418E-17	3.637565E-18
4.330000E+03	9.019263E-17	3.641445E-18
4.340000E+03	9.291992E-17	3.639330E-18
4.350000E+03	9.560594E-17	3.631280E-18
4.360000E+03	9.824032E-17	3.617422E-18
4.370000E+03	1.008125E-16	3.597951E-18
4.380000E+03	1.033118E-16	3.573141E-18
4.390000E+03	1.057286E-16	3.543370E-18
4.400000E+03	1.080430E-16	3.508760E-18
4.410000E+03	1.102718E-16	3.470698E-18
4.420000E+03	1.123865E-16	3.429150E-18
4.430000E+03	1.144066E-16	3.385641E-18
4.440000E+03	1.163042E-16	3.340282E-18
4.450000E+03	1.180880E-16	3.294325E-18
4.460000E+03	1.197681E-16	3.249036E-18
4.470000E+03	1.213169E-16	3.204667E-18
4.480000E+03	1.227455E-16	3.162519E-18
4.490000E+03	1.240526E-16	3.123535E-18
4.500000E+03	1.252245E-16	3.088302E-18
4.510000E+03	1.262873E-16	3.058331E-18
4.520000E+03	1.272282E-16	3.034068E-18
4.530000E+03	1.280348E-16	3.015877E-18
4.540000E+03	1.287357E-16	3.004945E-18
4.550000E+03	1.293070E-16	3.000808E-18
4.560000E+03	1.297653E-16	3.003573E-18
4.570000E+03	1.301142E-16	3.012885E-18
4.580000E+03	1.303576E-16	3.028271E-18
4.590000E+03	1.304994E-16	3.049165E-18
4.600000E+03	1.305440E-16	3.074935E-18
4.610000E+03	1.304958E-16	3.104902E-18
4.620000E+03	1.303458E-16	3.138047E-18
4.630000E+03	1.301256E-16	3.174321E-18
4.640000E+03	1.298131E-16	3.212392E-18
4.650000E+03	1.294263E-16	3.251940E-18
4.660000E+03	1.289833E-16	3.292695E-18
4.670000E+03	1.284623E-16	3.333425E-18
4.680000E+03	1.278680E-16	3.373613E-18
4.690000E+03	1.272314E-16	3.413489E-18
4.700000E+03	1.265439E-16	3.452308E-18
4.710000E+03	1.257970E-16	3.489366E-18
4.720000E+03	1.250208E-16	3.525067E-18
4.730000E+03	1.241941E-16	3.558444E-18
4.740000E+03	1.233337E-16	3.589641E-18
4.750000E+03	1.224437E-16	3.618487E-18
4.760000E+03	1.215279E-16	3.644848E-18
4.770000E+03	1.205901E-16	3.668623E-18
4.780000E+03	1.196216E-16	3.689370E-18
4.790000E+03	1.186502E-16	3.707785E-18
4.800000E+03	1.176551E-16	3.723103E-18
4.810000E+03	1.166632E-16	3.736071E-18
4.820000E+03	1.156539E-16	3.745959E-18
4.830000E+03	1.146418E-16	3.753174E-18
4.840000E+03	1.136181E-16	3.757389E-18
4.850000E+03	1.126082E-16	3.759411E-18
4.860000E+03	1.116029E-16	3.758933E-18
4.870000E+03	1.105934E-16	3.755655E-18
4.880000E+03	1.095929E-16	3.750033E-18
4.890000E+03	1.086140E-16	3.742524E-18
4.900000E+03	1.076369E-16	3.732473E-18
4.910000E+03	1.066633E-16	3.719973E-18
4.920000E+03	1.057160E-16	3.705853E-18
4.930000E+03	1.047855E-16	3.689836E-18
4.940000E+03	1.038629E-16	3.671650E-18
4.950000E+03	1.029596E-16	3.651750E-18
4.960000E+03	1.020864E-16	3.630581E-18
4.970000E+03	1.012242E-16	3.607512E-18
4.980000E+03	1.003738E-16	3.582634E-18
4.990000E+03	9.955556E-17	3.556732E-18
5.000000E+03	9.876007E-17	3.529529E-18
5.010000E+03	9.797810E-17	3.500755E-18
5.020000E+03	9.721967E-17	3.470830E-18
5.030000E+03	9.649439E-17	3.440157E-18
5.040000E+03	9.578344E-17	3.408124E-18
5.050000E+03	9.508709E-17	3.374802E-18
5.060000E+03	9.442385E-17	3.340910E-18
5.070000E+03	9.378427E-17	3.306171E-18
5.080000E+03	9.315912E-17	3.270320E-18
5.090000E+03	9.255729E-17	3.233732E-18
5.100000E+03	9.198739E-17	3.196766E-18
5.110000E+03	9.143113E-17	3.158845E-18
5.120000E+03	9.088828E-17	3.120027E-18
5.130000E+03	9.037597E-17	3.080964E-18
5.140000E+03	8.988479E-17	3.041395E-18
5.150000E+03	8.940558E-17	3.001076E-18
5.160000E+03	8.894640E-17	2.960350E-18
5.170000E+03	8.850661E-17	2.919265E-18
5.180000E+03	8.808547E-17	2.877868E-18
5.190000E+03	8.768225E-17	2.836209E-18
5.200000E+03	8.729617E-17	2.794344E-18
5.210000E+03	8.691808E-17	2.752064E-18
5.220000E+03	8.656385E-17	2.709963E-18
5.230000E+03	8.621598E-17	2.667583E-18
5.240000E+03	8.588193E-17	2.625259E-18
5.250000E+03	8.556074E-17	2.583067E-18
5.260000E+03	8.525151E-17	2.541090E-18
5.270000E+03	8.495325E-17	2.499419E-18
5.280000E+03	8.465695E-17	2.457916E-18
5.290000E+03	8.437781E-17	2.417161E-18
5.300000E+03	8.409871E-17	2.376802E-18
5.310000E+03	8.382674E-17	2.337195E-18
5.320000E+03	8.356093E-17	2.298472E-18
5.330000E+03	8.330029E-17	2.260771E-18
5.340000E+03	8.303597E-17	2.224030E-18
5.350000E+03	8.278282E-17	2.188829E-18
5.360000E+03	8.252419E-17	2.154911E-18
5.370000E+03	8.227487E-17	2.122856E-18
5.380000E+03	8.201838E-17	2.092429E-18
5.390000E+03	8.176175E-17	2.064009E-18
5.400000E+03	8.150425E-17	2.037767E-18
5.410000E+03	8.124518E-17	2.013875E-18
5.420000E+03	8.097630E-17	1.992307E-18
5.430000E+03	8.071241E-17	1.973597E-18
5.440000E+03	8.043781E-17	1.957512E-18
5.450000E+03	8.015984E-17	1.944366E-18
5.460000E+03	7.987825E-17	1.934207E-18
5.470000E+03	7.959273E-17	1.926874E-18
5.480000E+03	7.930279E-17	1.922147E-18
5.490000E+03	7.900800E-17	1.919790E-18
5.500000E+03	7.870066E-17	1.919381E-18
5.510000E+03	7.839557E-17	1.921041E-18
5.520000E+03	7.807799E-17	1.924165E-18
5.530000E+03	7.775557E-17	1.928696E-18
5.540000E+03	7.742864E-17	1.934404E-18
5.550000E+03	7.709769E-17	1.941066E-18
5.560000E+03	7.676329E-17	1.948472E-18
5.570000E+03	7.642611E-17	1.956423E-18
5.580000E+03	7.608690E-17	1.964734E-18
5.590000E+03	7.573937E-17	1.973048E-18
5.600000E+03	7.539157E-17	1.981391E-18
5.610000E+03	7.505146E-17	1.989808E-18
5.620000E+03	7.470591E-17	1.997798E-18
5.630000E+03	7.436295E-17	2.005431E-18
5.640000E+03	7.402361E-17	2.012605E-18
5.650000E+03	7.368201E-17	2.019041E-18
5.660000E+03	7.335300E-17	2.025040E-18
5.670000E+03	7.303066E-17	2.030345E-18
5.680000E+03	7.270919E-17	2.034708E-18
5.690000E+03	7.239645E-17	2.038272E-18
5.700000E+03	7.209339E-17	2.040995E-18
5.710000E+03	7.180768E-17	2.043036E-18
5.720000E+03	7.152673E-17	2.043986E-18
5.730000E+03	7.125147E-17	2.043823E-18
5.740000E+03	7.099608E-17	2.042914E-18
5.750000E+03	7.075462E-17	2.041054E-18
5.760000E+03	7.052121E-17	2.038045E-18
5.770000E+03	7.030971E-17	2.034260E-18
5.780000E+03	7.010753E-17	2.029315E-18
5.790000E+03	6.992833E-17	2.023588E-18
5.800000E+03	6.975950E-17	2.016698E-18
5.810000E+03	6.960796E-17	2.008835E-18
5.820000E+03	6.947404E-17	1.999999E-18
5.830000E+03	6.935800E-17	1.990193E-18
5.840000E+03	6.925353E-17	1.979231E-18
5.850000E+03	6.917369E-17	1.967488E-18
5.860000E+03	6.911202E-17	1.954780E-18
5.870000E+03	6.906201E-17	1.940929E-18
5.880000E+03	6.902998E-17	1.926123E-18
5.890000E+03	6.902216E-17	1.910548E-18
5.900000E+03	6.902534E-17	1.893854E-18
5.910000E+03	6.904559E-17	1.876230E-18
5.920000E+03	6.908243E-17	1.857693E-18
5.930000E+03	6.913529E-17	1.838261E-18
5.940000E+03	6.920354E-17	1.817959E-18
5.950000E+03	6.928644E-17	1.796820E-18
5.960000E+03	6.937670E-17	1.774717E-18
5.970000E+03	6.948635E-17	1.752035E-18
5.980000E+03	6.960796E-17	1.728670E-18
5.990000E+03	6.973392E-17	1.704538E-18
6.000000E+03	6.986958E-17	1.679898E-18
6.010000E+03	7.002022E-17	1.655016E-18
6.020000E+03	7.017148E-17	1.629715E-18
6.030000E+03	7.032849E-17	1.604313E-18
6.040000E+03	7.048976E-17	1.578994E-18
6.050000E+03	7.065380E-17	1.553977E-18
6.060000E+03	7.081898E-17	1.529512E-18
6.070000E+03	7.098365E-17	1.505882E-18
6.080000E+03	7.114611E-17	1.483410E-18
6.090000E+03	7.129792E-17	1.462317E-18
6.100000E+03	7.145063E-17	1.443272E-18
6.110000E+03	7.158906E-17	1.426426E-18
6.120000E+03	7.172475E-17	1.412498E-18
6.130000E+03	7.184247E-17	1.401689E-18
6.140000E+03	7.195379E-17	1.394733E-18
6.150000E+03	7.204347E-17	1.391829E-18
6.160000E+03	7.211648E-17	1.393541E-18
6.170000E+03	7.217118E-17	1.400257E-18
6.180000E+03	7.220606E-17	1.412305E-18
6.190000E+03	7.221972E-17	1.429897E-18
6.200000E+03	7.221097E-17	1.452939E-18
6.210000E+03	7.217875E-17	1.481181E-18
6.220000E+03	7.212225E-17	1.514306E-18
6.230000E+03	7.204081E-17	1.551950E-18
6.240000E+03	7.193397E-17	1.593713E-18
6.250000E+03	7.179460E-17	1.639021E-18
6.260000E+03	7.163578E-17	1.687748E-18
6.270000E+03	7.144379E-17	1.739152E-18
6.280000E+03	7.123204E-17	1.793139E-18
6.290000E+03	7.098729E-17	1.848982E-18
6.300000E+03	7.072330E-17	1.906649E-18
6.310000E+03	7.042729E-17	1.965439E-18
6.320000E+03	7.010661E-17	2.025202E-18
6.330000E+03	6.976863E-17	2.085839E-18
6.340000E+03	6.940113E-17	2.146692E-18
6.350000E+03	6.901166E-17	2.207705E-18
6.360000E+03	6.860129E-17	2.268657E-18
6.370000E+03	6.817114E-17	2.329347E-18
6.380000E+03	6.772236E-17	2.389598E-18
6.390000E+03	6.725613E-17	2.449251E-18
6.400000E+03	6.677368E-17	2.508166E-18
6.410000E+03	6.627626E-17	2.566221E-18
6.420000E+03	6.576510E-17	2.623311E-18
6.430000E+03	6.523530E-17	2.679093E-18
6.440000E+03	6.470045E-17	2.733990E-18
6.450000E+03	6.415562E-17	2.787693E-18
6.460000E+03	6.359601E-17	2.839883E-18
6.470000E+03	6.303492E-17	2.891052E-18
6.480000E+03	6.246157E-17	2.940632E-18
6.490000E+03	6.188900E-17	2.989155E-18
6.500000E+03	6.130662E-17	3.036054E-18
6.510000E+03	6.072718E-17	3.081896E-18
6.520000E+03	6.014027E-17	3.126113E-18
6.530000E+03	5.955836E-17	3.169306E-18
6.540000E+03	5.897118E-17	3.210904E-18
6.550000E+03	5.838543E-17	3.251229E-18
6.560000E+03	5.780205E-17	3.290318E-18
6.570000E+03	5.722741E-17	3.328525E-18
6.580000E+03	5.665154E-17	3.365270E-18
6.590000E+03	5.608075E-17	3.400912E-18
6.600000E+03	5.551589E-17	3.435506E-18
6.610000E+03	5.495775E-17	3.469108E-18
6.620000E+03	5.440711E-17	3.501781E-18
6.630000E+03	5.386466E-17	3.533586E-18
6.640000E+03	5.333114E-17	3.564592E-18
6.650000E+03	5.280719E-17	3.594866E-18
6.660000E+03	5.229344E-17	3.624479E-18
6.670000E+03	5.178557E-17	3.653158E-18
6.680000E+03	5.129403E-17	3.681667E-18
6.690000E+03	5.081439E-17	3.709739E-18
6.700000E+03	5.034718E-17	3.737450E-18
6.710000E+03	4.988809E-17	3.764520E-18
6.720000E+03	4.944712E-17	3.791740E-18
6.730000E+03	4.901992E-17	3.818836E-18
6.740000E+03	4.860224E-17	3.845519E-18
6.750000E+03	4.820374E-17	3.872599E-18
6.760000E+03	4.782013E-17	3.899794E-18
6.770000E+03	4.744716E-17	3.926807E-18
6.780000E+03	4.708977E-17	3.954089E-18
6.790000E+03	4.675266E-17	3.982096E-18
6.800000E+03	4.642715E-17	4.010153E-18
6.810000E+03	4.612236E-17	4.039101E-18
6.820000E+03	4.582968E-17	4.068249E-18
6.830000E+03	4.555371E-17	4.098056E-18
6.840000E+03	4.529900E-17	4.128995E-18
6.850000E+03	4.505697E-17	4.160353E-18
6.860000E+03	4.483217E-17	4.192599E-18
6.870000E+03	4.462470E-17	4.225807E-18
6.880000E+03	4.443893E-17	4.260456E-18
6.890000E+03	4.426642E-17	4.295805E-18
6.900000E+03	4.411153E-17	4.332331E-18
6.910000E+03	4.397433E-17	4.370102E-18
6.920000E+03	4.385487E-17	4.409187E-18
6.930000E+03	4.375318E-17	4.449652E-18
6.940000E+03	4.366928E-17	4.491562E-18
6.950000E+03	4.360318E-17	4.534979E-18
6.960000E+03	4.355488E-17	4.579968E-18
6.970000E+03	4.352435E-17	4.626585E-18
6.980000E+03	4.350737E-17	4.674441E-18
6.990000E+03	4.351227E-17	4.724487E-18
7.000000E+03	4.353476E-17	4.776328E-18
7.010000E+03	4.357479E-17	4.830019E-18
7.020000E+03	4.363225E-17	4.885607E-18
7.030000E+03	4.370279E-17	4.942660E-18
7.040000E+03	4.379470E-17	5.002172E-18
7.050000E+03	4.390361E-17	5.063708E-18
7.060000E+03	4.402509E-17	5.126812E-18
7.070000E+03	4.416741E-17	5.192498E-18
7.080000E+03	4.432184E-17	5.259800E-18
7.090000E+03	4.449667E-17	5.329752E-18
7.100000E+03	4.468302E-17	5.401349E-18
7.110000E+03	4.488923E-17	5.475646E-18
7.120000E+03	4.510626E-17	5.551598E-18
7.130000E+03	4.533810E-17	5.629734E-18
7.140000E+03	4.558874E-17	5.710606E-18
7.150000E+03	4.584893E-17	5.793105E-18
7.160000E+03	4.612258E-17	5.877764E-18
7.170000E+03	4.640921E-17	5.964562E-18
7.180000E+03	4.670823E-17	6.053468E-18
7.190000E+03	4.702368E-17	6.145050E-18
7.200000E+03	4.734575E-17	6.238069E-18
7.210000E+03	4.767834E-17	6.333067E-18
7.220000E+03	4.802071E-17	6.429978E-18
7.230000E+03	4.837210E-17	6.528735E-18
7.240000E+03	4.873170E-17	6.629254E-18
7.250000E+03	4.909863E-17	6.731445E-18
7.260000E+03	4.946714E-17	6.834538E-18
7.270000E+03	4.984592E-17	6.939749E-18
7.280000E+03	5.022914E-17	7.046296E-18
7.290000E+03	5.061575E-17	7.154044E-18
7.300000E+03	5.099961E-17	7.262135E-18
7.310000E+03	5.138953E-17	7.371825E-18
7.320000E+03	5.177934E-17	7.482243E-18
7.330000E+03	5.216262E-17	7.592460E-18
7.340000E+03	5.254830E-17	7.703766E-18
7.350000E+03	5.292471E-17	7.814448E-18
7.360000E+03	5.330083E-17	7.925817E-18
7.370000E+03	5.366477E-17	8.036094E-18
7.380000E+03	5.402021E-17	8.145801E-18
7.390000E+03	5.437106E-17	8.255508E-18
7.400000E+03	5.470501E-17	8.363324E-18
7.410000E+03	5.502586E-17	8.469784E-18
7.420000E+03	5.533196E-17	8.574598E-18
7.430000E+03	5.562170E-17	8.677472E-18
7.440000E+03	5.589345E-17	8.778104E-18
7.450000E+03	5.614553E-17	8.876179E-18
7.460000E+03	5.637629E-17	8.971376E-18
7.470000E+03	5.658407E-17	9.063369E-18
7.480000E+03	5.676719E-17	9.151823E-18
7.490000E+03	5.692402E-17	9.236399E-18
7.500000E+03	5.705292E-17	9.316754E-18
7.510000E+03	5.714658E-17	9.391607E-18
7.520000E+03	5.721475E-17	9.462464E-18
7.530000E+03	5.725024E-17	9.528046E-18
7.540000E+03	5.724582E-17	9.587038E-18
7.550000E+03	5.721144E-17	9.640991E-18
7.560000E+03	5.713426E-17	9.687629E-18
7.570000E+03	5.701862E-17	9.727556E-18
7.580000E+03	5.686897E-17	9.761413E-18
7.590000E+03	5.667278E-17	9.786928E-18
7.600000E+03	5.643498E-17	9.804807E-18
7.610000E+03	5.615519E-17	9.814851E-18
7.620000E+03	5.583370E-17	9.816978E-18
7.630000E+03	5.547708E-17	9.812218E-18
7.640000E+03	5.507582E-17	9.798762E-18
7.650000E+03	5.463209E-17	9.776859E-18
7.660000E+03	5.415916E-17	9.748765E-18
7.670000E+03	5.365390E-17	9.713814E-18
7.680000E+03	5.311864E-17	9.672332E-18
7.690000E+03	5.255574E-17	9.624652E-18
7.700000E+03	5.196223E-17	9.570140E-18
7.710000E+03	5.135088E-17	9.511065E-18
7.720000E+03	5.071343E-17	9.445830E-18
7.730000E+03	5.006228E-17	9.376677E-18
7.740000E+03	4.938928E-17	9.302023E-18
7.750000E+03	4.870643E-17	9.224076E-18
7.760000E+03	4.800569E-17	9.141268E-18
7.770000E+03	4.729385E-17	9.054848E-18
7.780000E+03	4.657265E-17	8.965116E-18
7.790000E+03	4.584377E-17	8.872362E-18
7.800000E+03	4.510876E-17	8.776869E-18
7.810000E+03	4.436914E-17	8.678913E-18
7.820000E+03	4.362633E-17	8.578760E-18
7.830000E+03	4.288169E-17	8.476669E-18
7.840000E+03	4.213648E-17	8.372885E-18
7.850000E+03	4.139191E-17	8.267647E-18
7.860000E+03	4.064494E-17	8.160349E-18
7.870000E+03	3.990503E-17	8.052895E-18
7.880000E+03	3.916492E-17	7.943831E-18
7.890000E+03	3.843363E-17	7.835001E-18
7.900000E+03	3.770404E-17	7.724972E-18
7.910000E+03	3.698480E-17	7.615530E-18
7.920000E+03	3.626892E-17	7.505265E-18
7.930000E+03	3.556098E-17	7.395142E-18
7.940000E+03	3.486160E-17	7.285311E-18
7.950000E+03	3.417132E-17	7.175920E-18
7.960000E+03	3.349068E-17	7.067109E-18
7.970000E+03	3.282016E-17	6.959008E-18
7.980000E+03	3.216017E-17	6.851744E-18
7.990000E+03	3.151109E-17	6.745426E-18
8.000000E+03	3.087328E-17	6.640171E-18
8.010000E+03	3.024388E-17	6.535394E-18
8.020000E+03	2.962951E-17	6.432562E-18
8.030000E+03	2.902417E-17	6.330412E-18
8.040000E+03	2.843417E-17	6.230360E-18
8.050000E+03	2.785371E-17	6.131172E-18
8.060000E+03	2.728877E-17	6.034205E-18
8.070000E+03	2.673372E-17	5.938254E-18
8.080000E+03	2.619153E-17	5.844018E-18
8.090000E+03	2.566228E-17	5.751552E-18
8.100000E+03	2.514865E-17	5.661503E-18
8.110000E+03	2.464532E-17	5.572714E-18
8.120000E+03	2.415497E-17	5.485830E-18
8.130000E+03	2.367508E-17	5.400314E-18
8.140000E+03	2.321067E-17	5.317349E-18
8.150000E+03	2.275911E-17	5.236380E-18
8.160000E+03	2.232035E-17	5.157434E-18
8.170000E+03	2.189198E-17	5.079991E-18
8.180000E+03	2.147857E-17	5.005152E-18
8.190000E+03	2.107767E-17	4.932387E-18
8.200000E+03	2.068693E-17	4.861183E-18
8.210000E+03	2.030851E-17	4.792081E-18
8.220000E+03	1.994440E-17	4.725590E-18
8.230000E+03	1.959014E-17	4.660696E-18
8.240000E+03	1.924774E-17	4.597904E-18
8.250000E+03	1.891703E-17	4.537213E-18
8.260000E+03	1.859982E-17	4.479096E-18
8.270000E+03	1.829194E-17	4.422582E-18
8.280000E+03	1.799519E-17	4.368140E-18
8.290000E+03	1.770751E-17	4.315300E-18
8.300000E+03	1.743255E-17	4.264980E-18
8.310000E+03	1.716815E-17	4.216690E-18
8.320000E+03	1.691411E-17	4.170416E-18
8.330000E+03	1.667027E-17	4.126142E-18
8.340000E+03	1.643460E-17	4.083400E-18
8.350000E+03	1.621051E-17	4.043062E-18
8.360000E+03	1.599423E-17	4.004220E-18
8.370000E+03	1.578907E-17	3.967729E-18
8.380000E+03	1.559135E-17	3.932691E-18
8.390000E+03	1.540259E-17	3.899518E-18
8.400000E+03	1.522428E-17	3.868607E-18
8.410000E+03	1.505282E-17	3.839077E-18
8.420000E+03	1.488970E-17	3.811329E-18
8.430000E+03	1.473470E-17	3.785328E-18
8.440000E+03	1.458763E-17	3.761051E-18
8.450000E+03	1.444826E-17	3.738458E-18
8.460000E+03	1.431638E-17	3.717519E-18
8.470000E+03	1.419179E-17	3.698203E-18
8.480000E+03	1.407428E-17	3.680477E-18
8.490000E+03	1.396364E-17	3.664303E-18
8.500000E+03	1.385964E-17	3.649644E-18
8.510000E+03	1.376057E-17	3.636065E-18
8.520000E+03	1.366928E-17	3.624333E-18
8.530000E+03	1.358402E-17	3.614009E-18
8.540000E+03	1.350307E-17	3.604649E-18
8.550000E+03	1.342925E-17	3.597017E-18
8.560000E+03	1.335933E-17	3.590271E-18
8.570000E+03	1.329611E-17	3.585169E-18
8.580000E+03	1.323639E-17	3.580871E-18
8.590000E+03	1.318145E-17	3.577731E-18
8.600000E+03	1.313256E-17	3.576108E-18
8.610000E+03	1.308656E-17	3.575154E-18
8.620000E+03	1.304470E-17	3.575222E-18
8.630000E+03	1.300678E-17	3.576266E-18
8.640000E+03	1.297260E-17	3.578241E-18
8.650000E+03	1.294192E-17	3.581093E-18
8.660000E+03	1.291602E-17	3.585186E-18
8.670000E+03	1.289174E-17	3.589653E-18
8.680000E+03	1.287036E-17	3.594853E-18
8.690000E+03	1.285018E-17	3.600320E-18
8.700000E+03	1.283393E-17	3.606824E-18
8.710000E+03	1.281994E-17	3.613904E-18
8.720000E+03	1.280800E-17	3.621507E-18
8.730000E+03	1.279791E-17	3.629580E-18
8.740000E+03	1.278945E-17	3.638071E-18
8.750000E+03	1.278097E-17	3.646505E-18
8.760000E+03	1.277521E-17	3.655669E-18
8.770000E+03	1.277049E-17	3.665090E-18
8.780000E+03	1.276514E-17	3.674291E-18
8.790000E+03	1.276194E-17	3.684069E-18
8.800000E+03	1.275923E-17	3.693949E-18
8.810000E+03	1.275533E-17	3.703446E-18
8.820000E+03	1.275304E-17	3.713373E-18
8.830000E+03	1.274921E-17	3.722816E-18
8.840000E+03	1.274667E-17	3.732592E-18
8.850000E+03	1.274227E-17	3.741788E-18
8.860000E+03	1.273883E-17	3.751226E-18
8.870000E+03	1.273323E-17	3.759985E-18
8.880000E+03	1.272832E-17	3.768906E-18
8.890000E+03	1.272097E-17	3.777062E-18
8.900000E+03	1.271256E-17	3.784858E-18
8.910000E+03	1.270446E-17	3.792698E-18
8.920000E+03	1.269356E-17	3.799656E-18
8.930000E+03	1.268127E-17	3.806145E-18
8.940000E+03	1.266901E-17	3.812588E-18
8.950000E+03	1.265365E-17	3.818045E-18
8.960000E+03	1.263666E-17	3.822950E-18
8.970000E+03	1.261793E-17	3.827270E-18
8.980000E+03	1.259894E-17	3.831445E-18
8.990000E+03	1.257661E-17	3.834539E-18
9.000000E+03	1.255241E-17	3.836993E-18
9.040000E+03	1.243770E-17	3.840577E-18
9.080000E+03	1.229138E-17	3.833071E-18
9.120000E+03	1.211401E-17	3.814381E-18
9.160000E+03	1.190611E-17	3.784416E-18
9.200000E+03	1.167369E-17	3.744855E-18
9.240000E+03	1.142041E-17	3.696702E-18
9.280000E+03	1.114752E-17	3.640211E-18
9.320000E+03	1.086064E-17	3.577103E-18
9.360000E+03	1.056519E-17	3.509101E-18
9.400000E+03	1.026487E-17	3.437406E-18
9.440000E+03	9.961665E-18	3.362692E-18
9.480000E+03	9.658533E-18	3.285979E-18
9.520000E+03	9.359208E-18	3.208588E-18
9.560000E+03	9.064452E-18	3.130850E-18
9.600000E+03	8.777091E-18	3.053822E-18
9.640000E+03	8.498318E-18	2.978015E-18
9.680000E+03	8.227882E-18	2.903439E-18
9.720000E+03	7.967551E-18	2.830819E-18
9.760000E+03	7.717684E-18	2.760389E-18
9.800000E+03	7.478451E-18	2.692315E-18
9.840000E+03	7.248850E-18	2.626341E-18
9.880000E+03	7.030828E-18	2.563270E-18
9.920000E+03	6.822170E-18	2.502395E-18
9.960000E+03	6.624563E-18	2.444427E-18
1.000000E+04	6.435758E-18	2.388629E-18
1.004000E+04	6.256357E-18	2.335304E-18
1.008000E+04	6.085969E-18	2.284387E-18
1.012000E+04	5.924186E-18	2.235801E-18
1.016000E+04	5.770600E-18	2.189464E-18
1.020000E+04	5.624800E-18	2.145286E-18
1.024000E+04	5.486382E-18	2.103176E-18
1.028000E+04	5.354956E-18	2.063042E-18
1.032000E+04	5.230139E-18	2.024793E-18
