#wls	flux	fluxerr
1.600000E+03	2.351433E-17	2.099953E-18
1.640000E+03	2.410027E-17	2.151606E-18
1.680000E+03	2.472545E-17	2.206704E-18
1.720000E+03	2.539183E-17	2.265417E-18
1.760000E+03	2.609398E-17	2.327254E-18
1.800000E+03	2.684904E-17	2.393739E-18
1.840000E+03	2.765193E-17	2.464409E-18
1.880000E+03	2.851289E-17	2.540169E-18
1.920000E+03	2.941914E-17	2.619870E-18
1.960000E+03	3.038113E-17	2.704436E-18
2.000000E+03	3.140987E-17	2.794833E-18
2.040000E+03	3.249242E-17	2.889902E-18
2.080000E+03	3.364832E-17	2.991366E-18
2.120000E+03	3.487293E-17	3.098799E-18
2.160000E+03	3.617847E-17	3.213273E-18
2.200000E+03	3.755167E-17	3.333591E-18
2.240000E+03	3.901384E-17	3.461631E-18
2.280000E+03	4.056054E-17	3.596978E-18
2.320000E+03	4.219612E-17	3.739998E-18
2.360000E+03	4.392509E-17	3.891069E-18
2.400000E+03	4.575216E-17	4.050585E-18
2.440000E+03	4.768219E-17	4.218951E-18
2.480000E+03	4.972026E-17	4.396588E-18
2.520000E+03	5.188185E-17	4.584836E-18
2.560000E+03	5.415206E-17	4.782344E-18
2.600000E+03	5.654648E-17	4.990458E-18
2.640000E+03	5.907080E-17	5.209641E-18
2.680000E+03	6.173080E-17	5.440363E-18
2.720000E+03	6.453235E-17	5.683099E-18
2.760000E+03	6.748137E-17	5.938323E-18
2.800000E+03	7.059585E-17	6.207569E-18
2.840000E+03	7.385769E-17	6.489191E-18
2.880000E+03	7.729709E-17	6.785786E-18
2.920000E+03	8.092043E-17	7.097850E-18
2.960000E+03	8.474715E-17	7.427021E-18
3.000000E+03	8.879768E-17	7.775012E-18
3.010000E+03	8.984570E-17	7.864977E-18
3.020000E+03	9.090390E-17	7.955778E-18
3.030000E+03	9.198633E-17	8.048644E-18
3.040000E+03	9.307915E-17	8.142362E-18
3.050000E+03	9.419659E-17	8.238176E-18
3.060000E+03	9.532462E-17	8.334856E-18
3.070000E+03	9.646326E-17	8.432402E-18
3.080000E+03	9.764147E-17	8.533346E-18
3.090000E+03	9.881606E-17	8.633909E-18
3.100000E+03	1.000308E-16	8.737914E-18
3.110000E+03	1.012418E-16	8.841532E-18
3.120000E+03	1.024935E-16	8.948633E-18
3.130000E+03	1.037566E-16	9.056652E-18
3.140000E+03	1.050457E-16	9.166884E-18
3.150000E+03	1.063616E-16	9.279373E-18
3.160000E+03	1.076890E-16	9.392788E-18
3.170000E+03	1.090431E-16	9.508460E-18
3.180000E+03	1.104244E-16	9.626428E-18
3.190000E+03	1.118329E-16	9.746687E-18
3.200000E+03	1.132689E-16	9.869259E-18
3.210000E+03	1.147326E-16	9.994164E-18
3.220000E+03	1.162243E-16	1.012142E-17
3.230000E+03	1.177442E-16	1.025104E-17
3.240000E+03	1.192922E-16	1.038303E-17
3.250000E+03	1.208688E-16	1.051740E-17
3.260000E+03	1.224741E-16	1.065418E-17
3.270000E+03	1.241245E-16	1.079479E-17
3.280000E+03	1.257876E-16	1.093641E-17
3.290000E+03	1.275129E-16	1.108333E-17
3.300000E+03	1.292511E-16	1.123127E-17
3.310000E+03	1.310357E-16	1.138313E-17
3.320000E+03	1.328501E-16	1.153747E-17
3.330000E+03	1.347113E-16	1.169576E-17
3.340000E+03	1.366198E-16	1.185804E-17
3.350000E+03	1.385587E-16	1.202284E-17
3.360000E+03	1.405452E-16	1.219166E-17
3.370000E+03	1.425625E-16	1.236302E-17
3.380000E+03	1.446454E-16	1.253994E-17
3.390000E+03	1.467593E-16	1.271941E-17
3.400000E+03	1.489218E-16	1.290296E-17
3.410000E+03	1.511510E-16	1.309215E-17
3.420000E+03	1.534117E-16	1.328393E-17
3.430000E+03	1.557216E-16	1.347982E-17
3.440000E+03	1.580990E-16	1.368140E-17
3.450000E+03	1.605263E-16	1.388713E-17
3.460000E+03	1.630034E-16	1.409703E-17
3.470000E+03	1.655304E-16	1.431107E-17
3.480000E+03	1.681258E-16	1.453086E-17
3.490000E+03	1.707900E-16	1.475642E-17
3.500000E+03	1.735045E-16	1.498614E-17
3.510000E+03	1.762880E-16	1.522165E-17
3.520000E+03	1.791218E-16	1.546131E-17
3.530000E+03	1.820248E-16	1.570675E-17
3.540000E+03	1.850160E-16	1.595960E-17
3.550000E+03	1.880576E-16	1.621659E-17
3.560000E+03	1.911684E-16	1.647934E-17
3.570000E+03	1.943483E-16	1.674783E-17
3.580000E+03	1.976169E-16	1.702373E-17
3.590000E+03	2.009544E-16	1.730535E-17
3.600000E+03	2.043609E-16	1.759267E-17
3.610000E+03	2.078359E-16	1.788565E-17
3.620000E+03	2.113989E-16	1.818595E-17
3.630000E+03	2.150498E-16	1.849356E-17
3.640000E+03	2.187883E-16	1.880844E-17
3.650000E+03	2.225941E-16	1.912884E-17
3.660000E+03	2.264867E-16	1.945641E-17
3.670000E+03	2.304657E-16	1.979112E-17
3.680000E+03	2.345304E-16	2.013291E-17
3.690000E+03	2.387008E-16	2.048346E-17
3.700000E+03	2.429354E-16	2.083921E-17
3.710000E+03	2.472742E-16	2.120359E-17
3.720000E+03	2.516959E-16	2.157475E-17
3.730000E+03	2.562205E-16	2.195439E-17
3.740000E+03	2.608467E-16	2.234240E-17
3.750000E+03	2.655531E-16	2.273692E-17
3.760000E+03	2.703591E-16	2.313962E-17
3.770000E+03	2.752636E-16	2.355037E-17
3.780000E+03	2.802654E-16	2.396907E-17
3.790000E+03	2.853630E-16	2.439557E-17
3.800000E+03	2.905549E-16	2.482973E-17
3.810000E+03	2.958608E-16	2.527322E-17
3.820000E+03	3.012576E-16	2.572407E-17
3.830000E+03	3.067438E-16	2.618211E-17
3.840000E+03	3.123599E-16	2.665081E-17
3.850000E+03	3.180614E-16	2.712633E-17
3.860000E+03	3.238673E-16	2.761031E-17
3.870000E+03	3.297757E-16	2.810255E-17
3.880000E+03	3.357841E-16	2.860282E-17
3.890000E+03	3.418900E-16	2.911091E-17
3.900000E+03	3.480910E-16	2.962659E-17
3.910000E+03	3.544057E-16	3.015143E-17
3.920000E+03	3.608099E-16	3.068336E-17
3.930000E+03	3.673436E-16	3.122576E-17
3.940000E+03	3.739394E-16	3.177288E-17
3.950000E+03	3.806585E-16	3.232992E-17
3.960000E+03	3.874760E-16	3.289476E-17
3.970000E+03	3.943672E-16	3.346525E-17
3.980000E+03	4.013714E-16	3.404474E-17
3.990000E+03	4.084636E-16	3.463108E-17
4.000000E+03	4.156612E-16	3.522574E-17
4.010000E+03	4.229391E-16	3.582657E-17
4.020000E+03	4.302931E-16	3.643320E-17
4.030000E+03	4.377621E-16	3.704891E-17
4.040000E+03	4.452988E-16	3.766969E-17
4.050000E+03	4.529204E-16	3.829696E-17
4.060000E+03	4.606224E-16	3.893035E-17
4.070000E+03	4.684002E-16	3.956944E-17
4.080000E+03	4.762492E-16	4.021383E-17
4.090000E+03	4.841647E-16	4.086310E-17
4.100000E+03	4.921631E-16	4.151865E-17
4.110000E+03	5.002181E-16	4.217822E-17
4.120000E+03	5.083252E-16	4.284142E-17
4.130000E+03	5.165002E-16	4.350958E-17
4.140000E+03	5.247381E-16	4.418227E-17
4.150000E+03	5.330127E-16	4.485725E-17
4.160000E+03	5.413402E-16	4.553588E-17
4.170000E+03	5.496943E-16	4.621595E-17
4.180000E+03	5.581116E-16	4.690052E-17
4.190000E+03	5.665456E-16	4.758567E-17
4.200000E+03	5.749911E-16	4.827094E-17
4.210000E+03	5.834847E-16	4.895941E-17
4.220000E+03	5.919799E-16	4.964717E-17
4.230000E+03	6.004926E-16	5.033554E-17
4.240000E+03	6.090179E-16	5.102410E-17
4.250000E+03	6.175512E-16	5.171247E-17
4.260000E+03	6.260678E-16	5.239855E-17
4.270000E+03	6.345833E-16	5.308366E-17
4.280000E+03	6.430736E-16	5.376578E-17
4.290000E+03	6.515548E-16	5.444625E-17
4.300000E+03	6.600030E-16	5.512306E-17
4.310000E+03	6.684346E-16	5.579758E-17
4.320000E+03	6.768263E-16	5.646787E-17
4.330000E+03	6.851752E-16	5.713369E-17
4.340000E+03	6.934785E-16	5.779480E-17
4.350000E+03	7.017145E-16	5.844938E-17
4.360000E+03	7.099195E-16	5.910048E-17
4.370000E+03	7.180532E-16	5.974473E-17
4.380000E+03	7.261142E-16	6.038202E-17
4.390000E+03	7.341016E-16	6.101228E-17
4.400000E+03	7.420146E-16	6.163544E-17
4.410000E+03	7.498529E-16	6.225150E-17
4.420000E+03	7.575980E-16	6.285890E-17
4.430000E+03	7.652686E-16	6.345923E-17
4.440000E+03	7.728292E-16	6.404953E-17
4.450000E+03	7.802993E-16	6.463144E-17
4.460000E+03	7.876627E-16	6.520362E-17
4.470000E+03	7.949395E-16	6.576774E-17
4.480000E+03	8.020966E-16	6.632106E-17
4.490000E+03	8.091372E-16	6.686388E-17
4.500000E+03	8.160826E-16	6.739797E-17
4.510000E+03	8.229016E-16	6.792074E-17
4.520000E+03	8.296162E-16	6.843403E-17
4.530000E+03	8.362136E-16	6.893681E-17
4.540000E+03	8.426824E-16	6.942814E-17
4.550000E+03	8.490283E-16	6.990850E-17
4.560000E+03	8.552741E-16	7.037978E-17
4.570000E+03	8.613926E-16	7.083977E-17
4.580000E+03	8.673908E-16	7.128905E-17
4.590000E+03	8.732597E-16	7.172688E-17
4.600000E+03	8.790229E-16	7.215523E-17
4.610000E+03	8.846558E-16	7.257211E-17
4.620000E+03	8.901829E-16	7.297950E-17
4.630000E+03	8.955966E-16	7.337683E-17
4.640000E+03	9.008895E-16	7.376349E-17
4.650000E+03	9.060710E-16	7.414027E-17
4.660000E+03	9.111502E-16	7.450792E-17
4.670000E+03	9.161209E-16	7.486595E-17
4.680000E+03	9.209926E-16	7.521516E-17
4.690000E+03	9.257600E-16	7.555512E-17
4.700000E+03	9.304330E-16	7.588664E-17
4.710000E+03	9.350215E-16	7.621057E-17
4.720000E+03	9.395056E-16	7.652527E-17
4.730000E+03	9.439106E-16	7.683283E-17
4.740000E+03	9.482468E-16	7.713408E-17
4.750000E+03	9.524948E-16	7.742747E-17
4.760000E+03	9.566799E-16	7.771506E-17
4.770000E+03	9.607978E-16	7.799651E-17
4.780000E+03	9.648580E-16	7.827260E-17
4.790000E+03	9.688572E-16	7.854307E-17
4.800000E+03	9.728194E-16	7.880987E-17
4.810000E+03	9.767265E-16	7.907153E-17
4.820000E+03	9.806023E-16	7.933000E-17
4.830000E+03	9.844431E-16	7.958497E-17
4.840000E+03	9.882583E-16	7.983721E-17
4.850000E+03	9.920566E-16	8.008743E-17
4.860000E+03	9.958351E-16	8.033538E-17
4.870000E+03	9.996165E-16	8.058291E-17
4.880000E+03	1.003395E-15	8.082954E-17
4.890000E+03	1.007181E-15	8.107613E-17
4.900000E+03	1.010982E-15	8.132318E-17
4.910000E+03	1.014808E-15	8.157161E-17
4.920000E+03	1.018651E-15	8.182079E-17
4.930000E+03	1.022536E-15	8.207260E-17
4.940000E+03	1.026456E-15	8.232650E-17
4.950000E+03	1.030432E-15	8.258420E-17
4.960000E+03	1.034471E-15	8.284629E-17
4.970000E+03	1.038567E-15	8.311221E-17
4.980000E+03	1.042729E-15	8.338269E-17
4.990000E+03	1.046976E-15	8.365920E-17
5.000000E+03	1.051313E-15	8.394223E-17
5.010000E+03	1.055736E-15	8.423129E-17
5.020000E+03	1.060275E-15	8.452889E-17
5.030000E+03	1.064911E-15	8.483342E-17
5.040000E+03	1.069676E-15	8.514737E-17
5.050000E+03	1.074549E-15	8.546912E-17
5.060000E+03	1.079574E-15	8.580212E-17
5.070000E+03	1.084730E-15	8.614468E-17
5.080000E+03	1.090034E-15	8.649814E-17
5.090000E+03	1.095490E-15	8.686276E-17
5.100000E+03	1.101102E-15	8.723882E-17
5.110000E+03	1.106888E-15	8.762768E-17
5.120000E+03	1.112848E-15	8.802940E-17
5.130000E+03	1.119000E-15	8.844532E-17
5.140000E+03	1.125319E-15	8.887343E-17
5.150000E+03	1.131847E-15	8.931697E-17
5.160000E+03	1.138571E-15	8.977491E-17
5.170000E+03	1.145491E-15	9.024723E-17
5.180000E+03	1.152635E-15	9.073611E-17
5.190000E+03	1.159976E-15	9.123928E-17
5.200000E+03	1.167539E-15	9.175875E-17
5.210000E+03	1.175323E-15	9.229437E-17
5.220000E+03	1.183326E-15	9.284595E-17
5.230000E+03	1.191558E-15	9.341422E-17
5.240000E+03	1.200016E-15	9.399884E-17
5.250000E+03	1.208696E-15	9.459958E-17
5.260000E+03	1.217607E-15	9.521699E-17
5.270000E+03	1.226757E-15	9.585169E-17
5.280000E+03	1.236127E-15	9.650213E-17
5.290000E+03	1.245709E-15	9.716771E-17
5.300000E+03	1.255525E-15	9.785000E-17
5.310000E+03	1.265566E-15	9.854830E-17
5.320000E+03	1.275824E-15	9.926188E-17
5.330000E+03	1.286289E-15	9.999006E-17
5.340000E+03	1.296967E-15	1.007331E-16
5.350000E+03	1.307861E-15	1.014913E-16
5.360000E+03	1.318931E-15	1.022614E-16
5.370000E+03	1.330208E-15	1.030460E-16
5.380000E+03	1.341653E-15	1.038417E-16
5.390000E+03	1.353281E-15	1.046499E-16
5.400000E+03	1.365080E-15	1.054695E-16
5.410000E+03	1.377036E-15	1.062994E-16
5.420000E+03	1.389136E-15	1.071385E-16
5.430000E+03	1.401380E-15	1.079870E-16
5.440000E+03	1.413754E-15	1.088436E-16
5.450000E+03	1.426229E-15	1.097060E-16
5.460000E+03	1.438820E-15	1.105755E-16
5.470000E+03	1.451512E-15	1.114508E-16
5.480000E+03	1.464276E-15	1.123297E-16
5.490000E+03	1.477111E-15	1.132120E-16
5.500000E+03	1.490002E-15	1.140967E-16
5.510000E+03	1.502952E-15	1.149840E-16
5.520000E+03	1.515914E-15	1.158702E-16
5.530000E+03	1.528905E-15	1.167567E-16
5.540000E+03	1.541913E-15	1.176425E-16
5.550000E+03	1.554891E-15	1.185241E-16
5.560000E+03	1.567875E-15	1.194040E-16
5.570000E+03	1.580820E-15	1.202792E-16
5.580000E+03	1.593714E-15	1.211484E-16
5.590000E+03	1.606561E-15	1.220121E-16
5.600000E+03	1.619334E-15	1.228683E-16
5.610000E+03	1.632040E-15	1.237174E-16
5.620000E+03	1.644633E-15	1.245561E-16
5.630000E+03	1.657140E-15	1.253863E-16
5.640000E+03	1.669533E-15	1.262060E-16
5.650000E+03	1.681806E-15	1.270148E-16
5.660000E+03	1.693933E-15	1.278107E-16
5.670000E+03	1.705924E-15	1.285945E-16
5.680000E+03	1.717756E-15	1.293646E-16
5.690000E+03	1.729405E-15	1.301191E-16
5.700000E+03	1.740900E-15	1.308602E-16
5.710000E+03	1.752182E-15	1.315836E-16
5.720000E+03	1.763284E-15	1.322918E-16
5.730000E+03	1.774164E-15	1.329817E-16
5.740000E+03	1.784835E-15	1.336543E-16
5.750000E+03	1.795259E-15	1.343068E-16
5.760000E+03	1.805466E-15	1.349415E-16
5.770000E+03	1.815398E-15	1.355542E-16
5.780000E+03	1.825070E-15	1.361461E-16
5.790000E+03	1.834459E-15	1.367153E-16
5.800000E+03	1.843561E-15	1.372619E-16
5.810000E+03	1.852355E-15	1.377842E-16
5.820000E+03	1.860835E-15	1.382818E-16
5.830000E+03	1.868997E-15	1.387546E-16
5.840000E+03	1.876802E-15	1.391998E-16
5.850000E+03	1.884243E-15	1.396168E-16
5.860000E+03	1.891317E-15	1.400056E-16
5.870000E+03	1.898018E-15	1.403659E-16
5.880000E+03	1.904307E-15	1.406947E-16
5.890000E+03	1.910179E-15	1.409919E-16
5.900000E+03	1.915612E-15	1.412558E-16
5.910000E+03	1.920618E-15	1.414876E-16
5.920000E+03	1.925142E-15	1.416833E-16
5.930000E+03	1.929216E-15	1.418453E-16
5.940000E+03	1.932801E-15	1.419708E-16
5.950000E+03	1.935878E-15	1.420587E-16
5.960000E+03	1.938446E-15	1.421088E-16
5.970000E+03	1.940504E-15	1.421214E-16
5.980000E+03	1.942036E-15	1.420952E-16
5.990000E+03	1.943041E-15	1.420305E-16
6.000000E+03	1.943489E-15	1.419251E-16
6.010000E+03	1.943383E-15	1.417794E-16
6.020000E+03	1.942729E-15	1.415938E-16
6.030000E+03	1.941531E-15	1.413689E-16
6.040000E+03	1.939780E-15	1.411041E-16
6.050000E+03	1.937467E-15	1.407989E-16
6.060000E+03	1.934603E-15	1.404542E-16
6.070000E+03	1.931180E-15	1.400697E-16
6.080000E+03	1.927229E-15	1.396475E-16
6.090000E+03	1.922746E-15	1.391876E-16
6.100000E+03	1.917745E-15	1.386911E-16
6.110000E+03	1.912208E-15	1.381568E-16
6.120000E+03	1.906186E-15	1.375886E-16
6.130000E+03	1.899679E-15	1.369865E-16
6.140000E+03	1.892706E-15	1.363520E-16
6.150000E+03	1.885269E-15	1.356854E-16
6.160000E+03	1.877389E-15	1.349883E-16
6.170000E+03	1.869103E-15	1.342634E-16
6.180000E+03	1.860432E-15	1.335124E-16
6.190000E+03	1.851381E-15	1.327357E-16
6.200000E+03	1.841990E-15	1.319362E-16
6.210000E+03	1.832263E-15	1.311144E-16
6.220000E+03	1.822241E-15	1.302731E-16
6.230000E+03	1.811962E-15	1.294152E-16
6.240000E+03	1.801433E-15	1.285413E-16
6.250000E+03	1.790676E-15	1.276530E-16
6.260000E+03	1.779730E-15	1.267530E-16
6.270000E+03	1.768633E-15	1.258443E-16
6.280000E+03	1.757392E-15	1.249272E-16
6.290000E+03	1.746060E-15	1.240056E-16
6.300000E+03	1.734642E-15	1.230799E-16
6.310000E+03	1.723190E-15	1.221537E-16
6.320000E+03	1.711709E-15	1.212276E-16
6.330000E+03	1.700235E-15	1.203038E-16
6.340000E+03	1.688785E-15	1.193838E-16
6.350000E+03	1.677424E-15	1.184721E-16
6.360000E+03	1.666141E-15	1.175679E-16
6.370000E+03	1.654965E-15	1.166732E-16
6.380000E+03	1.643944E-15	1.157914E-16
6.390000E+03	1.633078E-15	1.149224E-16
6.400000E+03	1.622411E-15	1.140695E-16
6.410000E+03	1.611941E-15	1.132323E-16
6.420000E+03	1.601726E-15	1.124148E-16
6.430000E+03	1.591750E-15	1.116160E-16
6.440000E+03	1.582051E-15	1.108384E-16
6.450000E+03	1.572654E-15	1.100839E-16
6.460000E+03	1.563554E-15	1.093518E-16
6.470000E+03	1.554787E-15	1.086448E-16
6.480000E+03	1.546375E-15	1.079641E-16
6.490000E+03	1.538294E-15	1.073082E-16
6.500000E+03	1.530589E-15	1.066801E-16
6.510000E+03	1.523263E-15	1.060798E-16
6.520000E+03	1.516317E-15	1.055073E-16
6.530000E+03	1.509745E-15	1.049624E-16
6.540000E+03	1.503554E-15	1.044451E-16
6.550000E+03	1.497737E-15	1.039551E-16
6.560000E+03	1.492258E-15	1.034898E-16
6.570000E+03	1.487122E-15	1.030493E-16
6.580000E+03	1.482291E-15	1.026311E-16
6.590000E+03	1.477770E-15	1.022355E-16
6.600000E+03	1.473505E-15	1.018584E-16
6.610000E+03	1.469500E-15	1.015004E-16
6.620000E+03	1.465733E-15	1.011597E-16
6.630000E+03	1.462167E-15	1.008339E-16
6.640000E+03	1.458809E-15	1.005232E-16
6.650000E+03	1.455638E-15	1.002262E-16
6.660000E+03	1.452622E-15	9.994080E-17
6.670000E+03	1.449757E-15	9.966651E-17
6.680000E+03	1.447027E-15	9.940227E-17
6.690000E+03	1.444417E-15	9.914710E-17
6.700000E+03	1.441929E-15	9.890095E-17
6.710000E+03	1.439536E-15	9.866204E-17
6.720000E+03	1.437226E-15	9.842957E-17
6.730000E+03	1.435006E-15	9.820393E-17
6.740000E+03	1.432868E-15	9.798457E-17
6.750000E+03	1.430804E-15	9.777096E-17
6.760000E+03	1.428810E-15	9.756275E-17
6.770000E+03	1.426864E-15	9.735847E-17
6.780000E+03	1.424993E-15	9.715999E-17
6.790000E+03	1.423165E-15	9.696501E-17
6.800000E+03	1.421407E-15	9.677542E-17
6.810000E+03	1.419686E-15	9.658899E-17
6.820000E+03	1.418035E-15	9.640785E-17
6.830000E+03	1.416435E-15	9.623081E-17
6.840000E+03	1.414871E-15	9.605685E-17
6.850000E+03	1.413377E-15	9.588813E-17
6.860000E+03	1.411935E-15	9.572357E-17
6.870000E+03	1.410547E-15	9.556322E-17
6.880000E+03	1.409199E-15	9.540616E-17
6.890000E+03	1.407924E-15	9.525455E-17
6.900000E+03	1.406691E-15	9.510637E-17
6.910000E+03	1.405517E-15	9.496266E-17
6.920000E+03	1.404419E-15	9.482467E-17
6.930000E+03	1.403351E-15	9.468924E-17
6.940000E+03	1.402361E-15	9.455960E-17
6.950000E+03	1.401419E-15	9.443371E-17
6.960000E+03	1.400525E-15	9.431155E-17
6.970000E+03	1.399695E-15	9.419427E-17
6.980000E+03	1.398931E-15	9.408189E-17
6.990000E+03	1.398199E-15	9.397219E-17
7.000000E+03	1.397531E-15	9.386727E-17
7.010000E+03	1.396926E-15	9.376714E-17
7.020000E+03	1.396352E-15	9.366956E-17
7.030000E+03	1.395823E-15	9.357551E-17
7.040000E+03	1.395338E-15	9.348489E-17
7.050000E+03	1.394893E-15	9.339748E-17
7.060000E+03	1.394487E-15	9.331319E-17
7.070000E+03	1.394102E-15	9.323079E-17
7.080000E+03	1.393750E-15	9.315104E-17
7.090000E+03	1.393427E-15	9.307381E-17
7.100000E+03	1.393113E-15	9.299772E-17
7.110000E+03	1.392806E-15	9.292258E-17
7.120000E+03	1.392500E-15	9.284800E-17
7.130000E+03	1.392190E-15	9.277374E-17
7.140000E+03	1.391889E-15	9.270057E-17
7.150000E+03	1.391559E-15	9.262598E-17
7.160000E+03	1.391211E-15	9.255077E-17
7.170000E+03	1.390840E-15	9.247458E-17
7.180000E+03	1.390440E-15	9.239706E-17
7.190000E+03	1.389990E-15	9.231677E-17
7.200000E+03	1.389485E-15	9.223339E-17
7.210000E+03	1.388936E-15	9.214766E-17
7.220000E+03	1.388322E-15	9.205826E-17
7.230000E+03	1.387637E-15	9.196479E-17
7.240000E+03	1.386879E-15	9.186707E-17
7.250000E+03	1.386040E-15	9.176471E-17
7.260000E+03	1.385120E-15	9.165756E-17
7.270000E+03	1.384114E-15	9.154544E-17
7.280000E+03	1.383002E-15	9.142698E-17
7.290000E+03	1.381815E-15	9.130430E-17
7.300000E+03	1.380501E-15	9.117388E-17
7.310000E+03	1.379092E-15	9.103796E-17
7.320000E+03	1.377588E-15	9.089647E-17
7.330000E+03	1.375970E-15	9.074829E-17
7.340000E+03	1.374239E-15	9.059336E-17
7.350000E+03	1.372394E-15	9.043179E-17
7.360000E+03	1.370455E-15	9.026474E-17
7.370000E+03	1.368387E-15	9.009008E-17
7.380000E+03	1.366228E-15	8.991023E-17
7.390000E+03	1.363944E-15	8.972305E-17
7.400000E+03	1.361555E-15	8.952976E-17
7.410000E+03	1.359080E-15	8.933177E-17
7.420000E+03	1.356487E-15	8.912692E-17
7.430000E+03	1.353796E-15	8.891648E-17
7.440000E+03	1.351009E-15	8.870069E-17
7.450000E+03	1.348128E-15	8.847963E-17
7.460000E+03	1.345137E-15	8.825232E-17
7.470000E+03	1.342072E-15	8.802119E-17
7.480000E+03	1.338902E-15	8.778404E-17
7.490000E+03	1.335643E-15	8.754207E-17
7.500000E+03	1.332294E-15	8.729526E-17
7.510000E+03	1.328841E-15	8.704256E-17
7.520000E+03	1.325316E-15	8.678620E-17
7.530000E+03	1.321700E-15	8.652498E-17
7.540000E+03	1.317976E-15	8.625762E-17
7.550000E+03	1.314175E-15	8.598638E-17
7.560000E+03	1.310262E-15	8.570879E-17
7.570000E+03	1.306266E-15	8.542690E-17
7.580000E+03	1.302152E-15	8.513836E-17
7.590000E+03	1.297950E-15	8.484515E-17
7.600000E+03	1.293639E-15	8.454597E-17
7.610000E+03	1.289233E-15	8.424166E-17
7.620000E+03	1.284711E-15	8.393087E-17
7.630000E+03	1.280069E-15	8.361340E-17
7.640000E+03	1.275321E-15	8.329018E-17
7.650000E+03	1.270446E-15	8.295977E-17
7.660000E+03	1.265460E-15	8.262324E-17
7.670000E+03	1.260340E-15	8.227919E-17
7.680000E+03	1.255104E-15	8.192866E-17
7.690000E+03	1.249748E-15	8.157151E-17
7.700000E+03	1.244272E-15	8.120773E-17
7.710000E+03	1.238676E-15	8.083724E-17
7.720000E+03	1.232961E-15	8.046016E-17
7.730000E+03	1.227109E-15	8.007538E-17
7.740000E+03	1.221160E-15	7.968536E-17
7.750000E+03	1.215097E-15	7.928918E-17
7.760000E+03	1.208926E-15	7.888708E-17
7.770000E+03	1.202652E-15	7.847949E-17
7.780000E+03	1.196301E-15	7.806798E-17
7.790000E+03	1.189844E-15	7.765081E-17
7.800000E+03	1.183344E-15	7.723198E-17
7.810000E+03	1.176760E-15	7.680880E-17
7.820000E+03	1.170138E-15	7.638438E-17
7.830000E+03	1.163477E-15	7.595852E-17
7.840000E+03	1.156807E-15	7.553328E-17
7.850000E+03	1.150130E-15	7.510869E-17
7.860000E+03	1.143481E-15	7.468709E-17
7.870000E+03	1.136864E-15	7.426870E-17
7.880000E+03	1.130317E-15	7.385603E-17
7.890000E+03	1.123847E-15	7.344958E-17
7.900000E+03	1.117498E-15	7.305209E-17
7.910000E+03	1.111278E-15	7.266421E-17
7.920000E+03	1.105234E-15	7.228890E-17
7.930000E+03	1.099377E-15	7.192701E-17
7.940000E+03	1.093756E-15	7.158169E-17
7.950000E+03	1.088388E-15	7.125400E-17
7.960000E+03	1.083319E-15	7.094712E-17
7.970000E+03	1.078586E-15	7.066333E-17
7.980000E+03	1.074204E-15	7.040375E-17
7.990000E+03	1.070209E-15	7.017068E-17
8.000000E+03	1.066647E-15	6.996720E-17
8.010000E+03	1.063550E-15	6.979545E-17
8.020000E+03	1.060930E-15	6.965632E-17
8.030000E+03	1.058813E-15	6.955143E-17
8.040000E+03	1.057236E-15	6.948326E-17
8.050000E+03	1.056176E-15	6.945042E-17
8.060000E+03	1.055627E-15	6.945242E-17
8.070000E+03	1.055546E-15	6.948654E-17
8.080000E+03	1.055905E-15	6.955091E-17
8.090000E+03	1.056688E-15	6.964462E-17
8.100000E+03	1.057849E-15	6.976458E-17
8.110000E+03	1.059357E-15	6.990874E-17
8.120000E+03	1.061179E-15	7.007506E-17
8.130000E+03	1.063301E-15	7.026258E-17
8.140000E+03	1.065676E-15	7.046820E-17
8.150000E+03	1.068275E-15	7.069012E-17
8.160000E+03	1.071071E-15	7.092651E-17
8.170000E+03	1.074054E-15	7.117669E-17
8.180000E+03	1.077166E-15	7.143690E-17
8.190000E+03	1.080402E-15	7.170672E-17
8.200000E+03	1.083754E-15	7.198578E-17
8.210000E+03	1.087171E-15	7.227056E-17
8.220000E+03	1.090649E-15	7.256090E-17
8.230000E+03	1.094174E-15	7.285578E-17
8.240000E+03	1.097712E-15	7.315296E-17
8.250000E+03	1.101282E-15	7.345380E-17
8.260000E+03	1.104839E-15	7.375514E-17
8.270000E+03	1.108370E-15	7.405618E-17
8.280000E+03	1.111883E-15	7.435744E-17
8.290000E+03	1.115370E-15	7.465834E-17
8.300000E+03	1.118805E-15	7.495714E-17
8.310000E+03	1.122180E-15	7.525334E-17
8.320000E+03	1.125491E-15	7.554658E-17
8.330000E+03	1.128752E-15	7.583775E-17
8.340000E+03	1.131939E-15	7.612532E-17
8.350000E+03	1.135033E-15	7.640789E-17
8.360000E+03	1.138067E-15	7.668772E-17
8.370000E+03	1.141003E-15	7.696224E-17
8.380000E+03	1.143879E-15	7.723385E-17
8.390000E+03	1.146655E-15	7.749997E-17
8.400000E+03	1.149334E-15	7.776066E-17
8.410000E+03	1.151934E-15	7.801719E-17
8.420000E+03	1.154455E-15	7.826955E-17
8.430000E+03	1.156883E-15	7.851665E-17
8.440000E+03	1.159218E-15	7.875849E-17
8.450000E+03	1.161461E-15	7.899522E-17
8.460000E+03	1.163636E-15	7.922831E-17
8.470000E+03	1.165705E-15	7.945518E-17
8.480000E+03	1.167692E-15	7.967740E-17
8.490000E+03	1.169617E-15	7.989638E-17
8.500000E+03	1.171445E-15	8.010964E-17
8.510000E+03	1.173178E-15	8.031728E-17
8.520000E+03	1.174858E-15	8.052224E-17
8.530000E+03	1.176429E-15	8.072050E-17
8.540000E+03	1.177933E-15	8.091502E-17
8.550000E+03	1.179373E-15	8.110590E-17
8.560000E+03	1.180730E-15	8.129186E-17
8.570000E+03	1.182008E-15	8.147305E-17
8.580000E+03	1.183207E-15	8.164962E-17
8.590000E+03	1.184332E-15	8.182168E-17
8.600000E+03	1.185402E-15	8.199062E-17
8.610000E+03	1.186379E-15	8.215376E-17
8.620000E+03	1.187285E-15	8.231264E-17
8.630000E+03	1.188122E-15	8.246727E-17
8.640000E+03	1.188869E-15	8.261626E-17
8.650000E+03	1.189570E-15	8.276250E-17
8.660000E+03	1.190183E-15	8.290319E-17
8.670000E+03	1.190709E-15	8.303829E-17
8.680000E+03	1.191171E-15	8.316931E-17
8.690000E+03	1.191567E-15	8.329619E-17
8.700000E+03	1.191876E-15	8.341742E-17
8.710000E+03	1.192121E-15	8.353453E-17
8.720000E+03	1.192281E-15	8.364600E-17
8.730000E+03	1.192354E-15	8.375167E-17
8.740000E+03	1.192362E-15	8.385312E-17
8.750000E+03	1.192282E-15	8.394866E-17
8.760000E+03	1.192116E-15	8.403836E-17
8.770000E+03	1.191882E-15	8.412348E-17
8.780000E+03	1.191560E-15	8.420254E-17
8.790000E+03	1.191148E-15	8.427544E-17
8.800000E+03	1.190667E-15	8.434355E-17
8.810000E+03	1.190094E-15	8.440530E-17
8.820000E+03	1.189429E-15	8.446056E-17
8.830000E+03	1.188670E-15	8.450924E-17
8.840000E+03	1.187838E-15	8.455271E-17
8.850000E+03	1.186910E-15	8.458934E-17
8.860000E+03	1.185884E-15	8.461899E-17
8.870000E+03	1.184781E-15	8.464309E-17
8.880000E+03	1.183578E-15	8.466000E-17
8.890000E+03	1.182274E-15	8.466951E-17
8.900000E+03	1.180890E-15	8.467313E-17
8.910000E+03	1.179401E-15	8.466909E-17
8.920000E+03	1.177829E-15	8.465894E-17
8.930000E+03	1.176150E-15	8.464084E-17
8.940000E+03	1.174362E-15	8.461468E-17
8.950000E+03	1.172510E-15	8.458356E-17
8.960000E+03	1.170546E-15	8.454416E-17
8.970000E+03	1.168470E-15	8.449631E-17
8.980000E+03	1.166326E-15	8.444312E-17
8.990000E+03	1.164066E-15	8.438121E-17
9.000000E+03	1.161712E-15	8.431210E-17
9.040000E+03	1.151311E-15	8.395949E-17
9.080000E+03	1.139360E-15	8.348536E-17
9.120000E+03	1.125911E-15	8.289139E-17
9.160000E+03	1.111003E-15	8.217866E-17
9.200000E+03	1.094718E-15	8.135125E-17
9.240000E+03	1.077124E-15	8.041265E-17
9.280000E+03	1.058304E-15	7.936744E-17
9.320000E+03	1.038406E-15	7.822536E-17
9.360000E+03	1.017490E-15	7.698977E-17
9.400000E+03	9.956772E-16	7.566885E-17
9.440000E+03	9.730988E-16	7.427165E-17
9.480000E+03	9.498715E-16	7.280642E-17
9.520000E+03	9.261172E-16	7.128200E-17
9.560000E+03	9.019122E-16	6.970392E-17
9.600000E+03	8.773886E-16	6.808214E-17
9.640000E+03	8.526309E-16	6.642315E-17
9.680000E+03	8.277741E-16	6.473752E-17
9.720000E+03	8.028803E-16	6.303028E-17
9.760000E+03	7.780324E-16	6.130819E-17
9.800000E+03	7.533419E-16	5.958041E-17
9.840000E+03	7.288649E-16	5.785182E-17
9.880000E+03	7.046554E-16	5.612721E-17
9.920000E+03	6.807905E-16	5.441329E-17
9.960000E+03	6.573184E-16	5.271455E-17
1.000000E+04	6.342842E-16	5.103525E-17
1.004000E+04	6.117290E-16	4.937940E-17
1.008000E+04	5.896909E-16	4.775077E-17
1.012000E+04	5.682044E-16	4.615289E-17
1.016000E+04	5.472748E-16	4.458694E-17
1.020000E+04	5.269553E-16	4.305798E-17
1.024000E+04	5.072192E-16	4.156458E-17
1.028000E+04	4.880880E-16	4.010922E-17
1.032000E+04	4.695803E-16	3.869414E-17
