#wls	flux	fluxerr
1.574958E+03	1.357936E-05	6.009852E-07
1.614332E+03	1.403584E-05	6.209134E-07
1.653706E+03	1.439285E-05	6.364182E-07
1.693080E+03	1.463933E-05	6.470162E-07
1.732454E+03	1.476359E-05	6.521976E-07
1.771828E+03	1.472836E-05	6.503239E-07
1.811202E+03	1.450185E-05	6.400021E-07
1.850576E+03	1.404559E-05	6.195483E-07
1.889950E+03	1.333858E-05	5.880534E-07
1.929324E+03	1.238485E-05	5.457128E-07
1.968698E+03	1.125567E-05	4.956846E-07
2.008072E+03	1.009092E-05	4.441397E-07
2.047446E+03	9.093720E-06	4.000180E-07
2.086820E+03	8.473712E-06	3.725243E-07
2.126194E+03	8.376740E-06	3.680383E-07
2.165567E+03	8.866437E-06	3.893121E-07
2.204941E+03	9.920487E-06	4.353177E-07
2.244315E+03	1.145806E-05	5.024613E-07
2.283689E+03	1.335683E-05	5.853380E-07
2.323063E+03	1.549753E-05	6.786896E-07
2.362437E+03	1.777750E-05	7.779971E-07
2.401811E+03	2.011803E-05	8.798015E-07
2.441185E+03	2.248274E-05	9.825027E-07
2.480559E+03	2.484900E-05	1.085105E-06
2.519933E+03	2.721324E-05	1.187447E-06
2.559307E+03	2.958189E-05	1.289806E-06
2.598681E+03	3.197267E-05	1.392947E-06
2.638055E+03	3.439639E-05	1.497333E-06
2.677429E+03	3.687024E-05	1.603705E-06
2.716803E+03	3.941243E-05	1.712842E-06
2.756177E+03	4.204898E-05	1.825860E-06
2.795551E+03	4.479306E-05	1.943316E-06
2.834925E+03	4.766486E-05	2.066066E-06
2.874299E+03	5.069405E-05	2.195375E-06
2.913673E+03	5.388620E-05	2.331457E-06
2.953047E+03	5.728272E-05	2.476076E-06
2.962890E+03	5.816293E-05	2.513524E-06
2.972734E+03	5.906725E-05	2.551994E-06
2.982577E+03	5.997636E-05	2.590648E-06
2.992421E+03	6.090282E-05	2.630031E-06
3.002264E+03	6.186600E-05	2.670976E-06
3.012107E+03	6.285480E-05	2.713004E-06
3.021951E+03	6.387773E-05	2.756482E-06
3.031794E+03	6.494414E-05	2.801810E-06
3.041638E+03	6.603100E-05	2.847995E-06
3.051481E+03	6.714774E-05	2.895443E-06
3.061325E+03	6.830469E-05	2.944597E-06
3.071168E+03	6.947810E-05	2.994432E-06
3.081012E+03	7.067834E-05	3.045394E-06
3.090855E+03	7.191664E-05	3.097968E-06
3.100699E+03	7.316845E-05	3.151092E-06
3.110542E+03	7.445747E-05	3.205788E-06
3.120386E+03	7.575851E-05	3.260970E-06
3.130229E+03	7.709630E-05	3.317701E-06
3.140073E+03	7.844499E-05	3.374868E-06
3.149916E+03	7.983034E-05	3.433579E-06
3.159760E+03	8.122581E-05	3.492690E-06
3.169603E+03	8.265820E-05	3.553353E-06
3.179447E+03	8.410024E-05	3.614395E-06
3.189290E+03	8.557978E-05	3.677012E-06
3.199134E+03	8.706879E-05	3.739998E-06
3.208977E+03	8.859622E-05	3.804597E-06
3.218821E+03	9.013319E-05	3.869566E-06
3.228664E+03	9.170978E-05	3.936197E-06
3.238508E+03	9.331172E-05	4.003874E-06
3.248351E+03	9.492381E-05	4.071947E-06
3.258195E+03	9.657783E-05	4.141776E-06
3.268038E+03	9.824273E-05	4.212028E-06
3.277882E+03	9.995132E-05	4.284110E-06
3.287725E+03	1.016885E-04	4.357374E-06
3.297569E+03	1.034380E-04	4.431118E-06
3.307412E+03	1.052345E-04	4.506829E-06
3.317256E+03	1.070621E-04	4.583827E-06
3.327099E+03	1.089038E-04	4.661380E-06
3.336943E+03	1.107963E-04	4.741057E-06
3.346786E+03	1.127229E-04	4.822141E-06
3.356630E+03	1.146848E-04	4.904687E-06
3.366473E+03	1.166639E-04	4.987914E-06
3.376317E+03	1.186993E-04	5.073496E-06
3.386160E+03	1.207736E-04	5.160684E-06
3.396004E+03	1.228677E-04	5.248664E-06
3.405847E+03	1.250231E-04	5.339201E-06
3.415691E+03	1.272210E-04	5.431500E-06
3.425534E+03	1.294630E-04	5.525620E-06
3.435377E+03	1.317288E-04	5.620695E-06
3.445221E+03	1.340626E-04	5.718609E-06
3.455064E+03	1.364448E-04	5.818521E-06
3.464908E+03	1.388767E-04	5.920492E-06
3.474751E+03	1.413599E-04	6.024577E-06
3.484595E+03	1.438723E-04	6.129843E-06
3.494438E+03	1.464623E-04	6.238341E-06
3.504282E+03	1.491081E-04	6.349147E-06
3.514125E+03	1.518115E-04	6.462332E-06
3.523969E+03	1.545740E-04	6.577956E-06
3.533812E+03	1.573717E-04	6.695001E-06
3.543656E+03	1.602569E-04	6.815688E-06
3.553499E+03	1.632061E-04	6.939020E-06
3.563343E+03	1.662210E-04	7.065057E-06
3.573186E+03	1.693033E-04	7.193877E-06
3.583030E+03	1.724544E-04	7.325537E-06
3.592873E+03	1.756478E-04	7.458900E-06
3.602717E+03	1.789415E-04	7.596433E-06
3.612560E+03	1.823091E-04	7.737011E-06
3.622404E+03	1.857523E-04	7.880698E-06
3.632247E+03	1.892727E-04	8.027564E-06
3.642091E+03	1.928718E-04	8.177669E-06
3.651934E+03	1.965513E-04	8.331079E-06
3.661778E+03	2.002804E-04	8.486484E-06
3.671621E+03	2.041246E-04	8.646661E-06
3.681465E+03	2.080536E-04	8.810321E-06
3.691308E+03	2.120690E-04	8.977524E-06
3.701152E+03	2.161720E-04	9.148324E-06
3.710995E+03	2.203640E-04	9.322769E-06
3.720839E+03	2.246462E-04	9.500909E-06
3.730682E+03	2.290198E-04	9.682791E-06
3.740526E+03	2.334483E-04	9.866868E-06
3.750369E+03	2.380072E-04	1.005633E-05
3.760213E+03	2.426605E-04	1.024964E-05
3.770056E+03	2.474089E-04	1.044684E-05
3.779900E+03	2.522534E-04	1.064795E-05
3.789743E+03	2.571943E-04	1.085300E-05
3.799587E+03	2.622321E-04	1.106199E-05
3.809430E+03	2.673671E-04	1.127494E-05
3.819274E+03	2.725559E-04	1.149000E-05
3.829117E+03	2.778848E-04	1.171081E-05
3.838961E+03	2.833111E-04	1.193557E-05
3.848804E+03	2.888340E-04	1.216425E-05
3.858648E+03	2.944533E-04	1.239682E-05
3.868491E+03	3.001679E-04	1.263324E-05
3.878334E+03	3.059772E-04	1.287348E-05
3.888178E+03	3.118299E-04	1.311537E-05
3.898021E+03	3.178234E-04	1.336301E-05
3.907865E+03	3.239069E-04	1.361427E-05
3.917708E+03	3.300786E-04	1.386904E-05
3.927552E+03	3.363362E-04	1.412725E-05
3.937395E+03	3.426774E-04	1.438878E-05
3.947239E+03	3.490437E-04	1.465117E-05
3.957082E+03	3.555420E-04	1.491893E-05
3.966926E+03	3.621145E-04	1.518960E-05
3.976769E+03	3.687574E-04	1.546303E-05
3.986613E+03	3.754668E-04	1.573905E-05
3.996456E+03	3.821779E-04	1.601495E-05
4.006300E+03	3.890059E-04	1.629555E-05
4.016143E+03	3.958865E-04	1.657814E-05
4.025987E+03	4.028143E-04	1.686251E-05
4.035830E+03	4.097192E-04	1.714572E-05
4.045674E+03	4.167237E-04	1.743289E-05
4.055517E+03	4.237577E-04	1.772108E-05
4.065361E+03	4.308151E-04	1.801005E-05
4.075204E+03	4.378200E-04	1.829662E-05
4.085048E+03	4.449024E-04	1.858621E-05
4.094891E+03	4.519874E-04	1.887571E-05
4.104735E+03	4.590674E-04	1.916479E-05
4.114578E+03	4.660618E-04	1.945008E-05
4.124422E+03	4.731084E-04	1.973735E-05
4.134265E+03	4.801273E-04	2.002325E-05
4.144109E+03	4.870340E-04	2.030428E-05
4.153952E+03	4.939728E-04	2.058643E-05
4.163796E+03	5.008604E-04	2.086624E-05
4.173639E+03	5.076095E-04	2.114009E-05
4.183483E+03	5.143706E-04	2.141423E-05
4.193326E+03	5.209761E-04	2.168171E-05
4.203170E+03	5.275810E-04	2.194896E-05
4.213013E+03	5.340979E-04	2.221236E-05
4.222857E+03	5.404356E-04	2.246812E-05
4.232700E+03	5.467561E-04	2.272298E-05
4.242544E+03	5.528835E-04	2.296963E-05
4.252387E+03	5.589842E-04	2.321500E-05
4.262231E+03	5.648801E-04	2.345169E-05
4.272074E+03	5.707419E-04	2.368679E-05
4.281918E+03	5.763892E-04	2.391282E-05
4.291761E+03	5.819972E-04	2.413706E-05
4.301604E+03	5.873828E-04	2.435192E-05
4.311448E+03	5.927257E-04	2.456484E-05
4.321291E+03	5.978398E-04	2.476815E-05
4.331135E+03	6.029076E-04	2.496939E-05
4.340978E+03	6.077400E-04	2.516074E-05
4.350822E+03	6.125219E-04	2.534986E-05
4.360665E+03	6.170618E-04	2.552884E-05
4.370509E+03	6.214521E-04	2.570151E-05
4.380352E+03	6.257883E-04	2.587182E-05
4.390196E+03	6.298765E-04	2.603175E-05
4.400039E+03	6.338130E-04	2.618532E-05
4.409883E+03	6.376971E-04	2.633660E-05
4.419726E+03	6.413333E-04	2.647755E-05
4.429570E+03	6.448218E-04	2.661230E-05
4.439413E+03	6.482651E-04	2.674509E-05
4.449257E+03	6.514670E-04	2.686783E-05
4.459100E+03	6.545309E-04	2.698480E-05
4.468944E+03	6.574611E-04	2.709617E-05
4.478787E+03	6.602630E-04	2.720217E-05
4.488631E+03	6.630436E-04	2.730723E-05
4.498474E+03	6.656057E-04	2.740321E-05
4.508318E+03	6.680571E-04	2.749456E-05
4.518161E+03	6.704048E-04	2.758158E-05
4.528005E+03	6.726557E-04	2.766456E-05
4.537848E+03	6.748175E-04	2.774381E-05
4.547692E+03	6.768977E-04	2.781966E-05
4.557535E+03	6.789045E-04	2.789243E-05
4.567379E+03	6.808458E-04	2.796245E-05
4.577222E+03	6.827302E-04	2.803009E-05
4.587066E+03	6.845659E-04	2.809568E-05
4.596909E+03	6.863613E-04	2.815956E-05
4.606753E+03	6.881251E-04	2.822210E-05
4.616596E+03	6.898659E-04	2.828365E-05
4.626440E+03	6.915919E-04	2.834455E-05
4.636283E+03	6.933119E-04	2.840515E-05
4.646127E+03	6.950343E-04	2.846581E-05
4.655970E+03	6.967673E-04	2.852685E-05
4.665814E+03	6.985191E-04	2.858862E-05
4.675657E+03	7.002982E-04	2.865145E-05
4.685501E+03	7.020050E-04	2.871128E-05
4.695344E+03	7.038614E-04	2.877718E-05
4.705188E+03	7.057683E-04	2.884509E-05
4.715031E+03	7.077330E-04	2.891532E-05
4.724874E+03	7.096546E-04	2.898373E-05
4.734718E+03	7.117561E-04	2.905943E-05
4.744561E+03	7.139365E-04	2.913830E-05
4.754405E+03	7.160933E-04	2.921614E-05
4.764248E+03	7.184505E-04	2.930209E-05
4.774092E+03	7.209056E-04	2.939198E-05
4.783935E+03	7.233543E-04	2.948154E-05
4.793779E+03	7.260219E-04	2.957994E-05
4.803622E+03	7.286931E-04	2.967843E-05
4.813466E+03	7.315942E-04	2.978619E-05
4.823309E+03	7.346193E-04	2.989893E-05
4.833153E+03	7.376612E-04	3.001227E-05
4.842996E+03	7.408349E-04	3.013089E-05
4.852840E+03	7.442571E-04	3.025952E-05
4.862683E+03	7.477060E-04	3.038914E-05
4.872527E+03	7.514109E-04	3.052907E-05
4.882370E+03	7.551475E-04	3.067019E-05
4.892214E+03	7.591464E-04	3.082186E-05
4.902057E+03	7.631808E-04	3.097485E-05
4.911901E+03	7.673664E-04	3.113388E-05
4.921744E+03	7.717048E-04	3.129898E-05
4.931588E+03	7.763143E-04	3.147496E-05
4.941431E+03	7.809617E-04	3.165236E-05
4.951275E+03	7.857637E-04	3.183589E-05
4.961118E+03	7.907204E-04	3.202556E-05
4.970962E+03	7.959509E-04	3.222618E-05
4.980805E+03	8.012152E-04	3.242802E-05
4.990649E+03	8.066309E-04	3.263585E-05
5.000492E+03	8.121963E-04	3.284959E-05
5.010336E+03	8.179091E-04	3.306914E-05
5.020179E+03	8.237662E-04	3.329437E-05
5.030023E+03	8.297647E-04	3.352516E-05
5.039866E+03	8.359006E-04	3.376134E-05
5.049710E+03	8.421698E-04	3.400274E-05
5.059553E+03	8.485676E-04	3.424916E-05
5.069397E+03	8.550889E-04	3.450039E-05
5.079240E+03	8.617279E-04	3.475621E-05
5.089084E+03	8.684784E-04	3.501635E-05
5.098927E+03	8.753340E-04	3.528054E-05
5.108771E+03	8.822875E-04	3.554850E-05
5.118614E+03	8.893316E-04	3.581993E-05
5.128458E+03	8.964582E-04	3.609450E-05
5.138301E+03	9.035233E-04	3.636641E-05
5.148145E+03	9.107884E-04	3.664619E-05
5.157988E+03	9.181100E-04	3.692805E-05
5.167831E+03	9.254786E-04	3.721162E-05
5.177675E+03	9.327448E-04	3.749089E-05
5.187518E+03	9.401771E-04	3.777665E-05
5.197362E+03	9.476270E-04	3.806293E-05
5.207205E+03	9.549410E-04	3.834357E-05
5.217049E+03	9.623941E-04	3.862961E-05
5.226892E+03	9.698341E-04	3.891494E-05
5.236736E+03	9.771045E-04	3.919329E-05
5.246579E+03	9.844865E-04	3.947594E-05
5.256423E+03	9.916772E-04	3.975075E-05
5.266266E+03	9.989622E-04	4.002916E-05
5.276110E+03	1.006035E-03	4.029891E-05
5.285953E+03	1.013187E-03	4.057166E-05
5.295797E+03	1.020108E-03	4.083499E-05
5.305640E+03	1.027094E-03	4.110078E-05
5.315484E+03	1.033833E-03	4.135653E-05
5.325327E+03	1.040471E-03	4.160808E-05
5.335171E+03	1.047159E-03	4.186150E-05
5.345014E+03	1.053581E-03	4.210414E-05
5.354858E+03	1.059890E-03	4.234210E-05
5.364701E+03	1.066240E-03	4.258160E-05
5.374545E+03	1.072313E-03	4.280993E-05
5.384388E+03	1.078266E-03	4.303333E-05
5.394232E+03	1.084099E-03	4.325180E-05
5.404075E+03	1.089972E-03	4.347178E-05
5.413919E+03	1.095560E-03	4.368028E-05
5.423762E+03	1.101021E-03	4.388363E-05
5.433606E+03	1.106352E-03	4.408168E-05
5.443449E+03	1.111548E-03	4.427430E-05
5.453293E+03	1.116607E-03	4.446134E-05
5.463136E+03	1.121525E-03	4.464270E-05
5.472980E+03	1.126300E-03	4.481833E-05
5.482823E+03	1.131101E-03	4.499489E-05
5.492667E+03	1.135591E-03	4.515900E-05
5.502510E+03	1.139939E-03	4.531740E-05
5.512354E+03	1.143976E-03	4.546340E-05
5.522197E+03	1.148046E-03	4.561064E-05
5.532041E+03	1.151983E-03	4.575256E-05
5.541884E+03	1.155793E-03	4.588934E-05
5.551728E+03	1.159479E-03	4.602123E-05
5.561571E+03	1.163051E-03	4.614851E-05
5.571415E+03	1.166515E-03	4.627146E-05
5.581258E+03	1.169879E-03	4.639043E-05
5.591101E+03	1.173153E-03	4.650577E-05
5.600945E+03	1.176170E-03	4.661094E-05
5.610788E+03	1.179291E-03	4.672016E-05
5.620632E+03	1.182351E-03	4.682695E-05
5.630475E+03	1.185360E-03	4.693173E-05
5.640319E+03	1.188154E-03	4.702795E-05
5.650162E+03	1.191097E-03	4.713003E-05
5.660006E+03	1.194023E-03	4.723145E-05
5.669849E+03	1.196766E-03	4.732563E-05
5.679693E+03	1.199694E-03	4.742709E-05
5.689536E+03	1.202641E-03	4.752926E-05
5.699380E+03	1.205439E-03	4.762553E-05
5.709223E+03	1.208456E-03	4.773049E-05
5.719067E+03	1.211347E-03	4.783040E-05
5.728910E+03	1.214481E-03	4.793992E-05
5.738754E+03	1.217509E-03	4.804522E-05
5.748597E+03	1.220803E-03	4.816099E-05
5.758441E+03	1.224010E-03	4.827333E-05
5.768284E+03	1.227504E-03	4.839697E-05
5.778128E+03	1.230930E-03	4.851789E-05
5.787971E+03	1.234662E-03	4.865087E-05
5.797815E+03	1.238343E-03	4.878179E-05
5.807658E+03	1.242164E-03	4.891818E-05
5.817502E+03	1.246317E-03	4.906764E-05
5.827345E+03	1.250439E-03	4.921587E-05
5.837189E+03	1.254724E-03	4.937042E-05
5.847032E+03	1.259362E-03	4.953887E-05
5.856876E+03	1.263986E-03	4.970673E-05
5.866719E+03	1.268788E-03	4.988154E-05
5.876563E+03	1.273961E-03	5.007089E-05
5.886406E+03	1.279132E-03	5.026010E-05
5.896250E+03	1.284491E-03	5.045667E-05
5.906093E+03	1.290042E-03	5.066071E-05
5.915937E+03	1.295786E-03	5.087228E-05
5.925780E+03	1.301918E-03	5.109901E-05
5.935624E+03	1.308052E-03	5.132577E-05
5.945467E+03	1.314380E-03	5.156012E-05
5.955311E+03	1.320903E-03	5.180199E-05
5.965154E+03	1.327617E-03	5.205133E-05
5.974998E+03	1.334521E-03	5.230805E-05
5.984841E+03	1.341611E-03	5.257200E-05
5.994685E+03	1.348885E-03	5.284305E-05
6.004528E+03	1.356336E-03	5.312101E-05
6.014371E+03	1.363960E-03	5.340566E-05
6.024215E+03	1.371751E-03	5.369675E-05
6.034058E+03	1.379701E-03	5.399403E-05
6.043902E+03	1.387804E-03	5.429718E-05
6.053745E+03	1.396050E-03	5.460588E-05
6.063589E+03	1.404430E-03	5.491975E-05
6.073432E+03	1.412934E-03	5.523840E-05
6.083276E+03	1.421552E-03	5.556141E-05
6.093119E+03	1.430272E-03	5.588834E-05
6.102963E+03	1.439081E-03	5.621870E-05
6.112806E+03	1.447967E-03	5.655200E-05
6.122650E+03	1.456917E-03	5.688768E-05
6.132493E+03	1.465915E-03	5.722522E-05
6.142337E+03	1.474728E-03	5.755548E-05
6.152180E+03	1.483777E-03	5.789490E-05
6.162024E+03	1.492829E-03	5.823436E-05
6.171867E+03	1.501867E-03	5.857324E-05
6.181711E+03	1.510875E-03	5.891089E-05
6.191554E+03	1.519609E-03	5.923785E-05
6.201398E+03	1.528503E-03	5.957098E-05
6.211241E+03	1.537315E-03	5.990089E-05
6.221085E+03	1.546027E-03	6.022688E-05
6.230928E+03	1.554391E-03	6.053931E-05
6.240772E+03	1.562850E-03	6.085543E-05
6.250615E+03	1.571158E-03	6.116566E-05
6.260459E+03	1.579063E-03	6.146023E-05
6.270302E+03	1.587018E-03	6.175673E-05
6.280146E+03	1.594537E-03	6.203628E-05
6.289989E+03	1.602077E-03	6.231668E-05
6.299833E+03	1.609389E-03	6.258827E-05
6.309676E+03	1.616221E-03	6.284119E-05
6.319520E+03	1.623039E-03	6.309365E-05
6.329363E+03	1.629352E-03	6.332654E-05
6.339207E+03	1.635633E-03	6.355827E-05
6.349050E+03	1.641635E-03	6.377919E-05
6.358894E+03	1.647104E-03	6.397954E-05
6.368737E+03	1.652526E-03	6.417812E-05
6.378581E+03	1.657405E-03	6.435574E-05
6.388424E+03	1.662231E-03	6.453141E-05
6.398268E+03	1.666510E-03	6.468596E-05
6.408111E+03	1.670487E-03	6.482891E-05
6.417955E+03	1.674411E-03	6.496996E-05
6.427798E+03	1.677784E-03	6.508977E-05
6.437642E+03	1.681102E-03	6.520759E-05
6.447485E+03	1.683860E-03	6.530387E-05
6.457328E+03	1.686554E-03	6.539781E-05
6.467172E+03	1.688677E-03	6.546975E-05
6.477015E+03	1.690474E-03	6.552923E-05
6.486859E+03	1.692193E-03	6.558587E-05
6.496702E+03	1.693329E-03	6.562006E-05
6.506546E+03	1.694132E-03	6.564152E-05
6.516389E+03	1.694855E-03	6.566006E-05
6.526233E+03	1.694995E-03	6.565621E-05
6.536076E+03	1.694808E-03	6.563987E-05
6.545920E+03	1.694552E-03	6.562102E-05
6.555763E+03	1.693727E-03	6.558037E-05
6.565607E+03	1.692596E-03	6.552799E-05
6.575450E+03	1.691165E-03	6.546424E-05
6.585294E+03	1.689698E-03	6.539926E-05
6.595137E+03	1.687702E-03	6.531400E-05
6.604981E+03	1.685441E-03	6.521870E-05
6.614824E+03	1.682929E-03	6.511386E-05
6.624668E+03	1.680180E-03	6.500005E-05
6.634511E+03	1.677458E-03	6.488749E-05
6.644355E+03	1.674279E-03	6.475741E-05
6.654198E+03	1.670908E-03	6.462013E-05
6.664042E+03	1.667361E-03	6.447625E-05
6.673885E+03	1.663656E-03	6.432640E-05
6.683729E+03	1.659807E-03	6.417124E-05
6.693572E+03	1.655832E-03	6.401139E-05
6.703416E+03	1.651748E-03	6.384749E-05
6.713259E+03	1.647817E-03	6.368969E-05
6.723103E+03	1.643562E-03	6.351957E-05
6.732946E+03	1.639246E-03	6.334729E-05
6.742790E+03	1.634885E-03	6.317347E-05
6.752633E+03	1.630495E-03	6.299870E-05
6.762477E+03	1.626091E-03	6.282355E-05
6.772320E+03	1.621686E-03	6.264860E-05
6.782164E+03	1.617297E-03	6.247439E-05
6.792007E+03	1.612936E-03	6.230147E-05
6.801851E+03	1.608616E-03	6.213034E-05
6.811694E+03	1.604351E-03	6.196148E-05
6.821538E+03	1.600153E-03	6.179539E-05
6.831381E+03	1.596034E-03	6.163250E-05
6.841225E+03	1.592004E-03	6.147325E-05
6.851068E+03	1.588074E-03	6.131803E-05
6.860912E+03	1.584018E-03	6.115811E-05
6.870755E+03	1.580319E-03	6.101214E-05
6.880598E+03	1.576749E-03	6.087131E-05
6.890442E+03	1.573316E-03	6.073594E-05
6.900285E+03	1.570028E-03	6.060633E-05
6.910129E+03	1.566892E-03	6.048275E-05
6.919972E+03	1.563916E-03	6.036549E-05
6.929816E+03	1.561104E-03	6.025476E-05
6.939659E+03	1.558230E-03	6.014178E-05
6.949503E+03	1.555767E-03	6.004479E-05
6.959346E+03	1.553484E-03	5.995495E-05
6.969190E+03	1.551386E-03	5.987241E-05
6.979033E+03	1.549478E-03	5.979732E-05
6.988877E+03	1.547530E-03	5.972088E-05
6.998720E+03	1.546010E-03	5.966108E-05
7.008564E+03	1.544687E-03	5.960908E-05
7.018407E+03	1.543564E-03	5.956495E-05
7.028251E+03	1.542412E-03	5.951984E-05
7.038094E+03	1.541694E-03	5.949164E-05
7.047938E+03	1.541180E-03	5.947147E-05
7.057781E+03	1.540870E-03	5.945934E-05
7.067625E+03	1.540534E-03	5.944634E-05
7.077468E+03	1.540633E-03	5.945031E-05
7.087312E+03	1.540935E-03	5.946230E-05
7.097155E+03	1.541210E-03	5.947336E-05
7.106999E+03	1.541917E-03	5.950127E-05
7.116842E+03	1.542824E-03	5.953708E-05
7.126686E+03	1.543697E-03	5.957176E-05
7.136529E+03	1.544998E-03	5.962311E-05
7.146373E+03	1.546260E-03	5.967312E-05
7.156216E+03	1.547945E-03	5.973963E-05
7.166060E+03	1.549817E-03	5.981355E-05
7.175903E+03	1.551640E-03	5.988573E-05
7.185747E+03	1.553876E-03	5.997404E-05
7.195590E+03	1.556053E-03	6.006028E-05
7.205434E+03	1.558636E-03	6.016236E-05
7.215277E+03	1.561150E-03	6.026200E-05
7.225121E+03	1.564061E-03	6.037712E-05
7.234964E+03	1.566892E-03	6.048935E-05
7.244808E+03	1.570109E-03	6.061668E-05
7.254651E+03	1.573233E-03	6.074064E-05
7.264495E+03	1.576731E-03	6.087926E-05
7.274338E+03	1.580123E-03	6.101395E-05
7.284182E+03	1.583875E-03	6.116281E-05
7.294025E+03	1.587505E-03	6.130715E-05
7.303868E+03	1.591242E-03	6.145583E-05
7.313712E+03	1.595318E-03	6.161786E-05
7.323555E+03	1.599244E-03	6.177432E-05
7.333399E+03	1.603493E-03	6.194350E-05
7.343242E+03	1.607572E-03	6.210635E-05
7.353086E+03	1.611713E-03	6.227183E-05
7.362929E+03	1.616148E-03	6.244895E-05
7.372773E+03	1.620381E-03	6.261848E-05
7.382616E+03	1.624643E-03	6.278940E-05
7.392460E+03	1.629169E-03	6.297078E-05
7.402303E+03	1.633454E-03	6.314314E-05
7.412147E+03	1.637733E-03	6.331550E-05
7.421990E+03	1.642240E-03	6.349696E-05
7.431834E+03	1.646466E-03	6.366785E-05
7.441677E+03	1.650644E-03	6.383717E-05
7.451521E+03	1.654761E-03	6.400443E-05
7.461364E+03	1.659054E-03	6.417874E-05
7.471208E+03	1.663004E-03	6.434013E-05
7.481051E+03	1.666848E-03	6.449770E-05
7.490895E+03	1.670570E-03	6.465083E-05
7.500738E+03	1.674406E-03	6.480873E-05
7.510582E+03	1.677835E-03	6.495112E-05
7.520425E+03	1.681091E-03	6.508716E-05
7.530269E+03	1.684158E-03	6.521621E-05
7.540112E+03	1.687018E-03	6.533756E-05
7.549956E+03	1.689655E-03	6.545056E-05
7.559799E+03	1.692049E-03	6.555451E-05
7.569643E+03	1.694442E-03	6.565869E-05
7.579486E+03	1.696300E-03	6.574250E-05
7.589330E+03	1.697862E-03	6.581518E-05
7.599173E+03	1.699112E-03	6.587603E-05
7.609017E+03	1.700030E-03	6.592439E-05
7.618860E+03	1.700601E-03	6.595956E-05
7.628704E+03	1.700806E-03	6.598089E-05
7.638547E+03	1.700629E-03	6.598770E-05
7.648391E+03	1.700054E-03	6.597937E-05
7.658234E+03	1.699064E-03	6.595526E-05
7.668078E+03	1.697646E-03	6.591480E-05
7.677921E+03	1.695783E-03	6.585741E-05
7.687765E+03	1.693463E-03	6.578255E-05
7.697608E+03	1.690673E-03	6.568972E-05
7.707452E+03	1.687402E-03	6.557846E-05
7.717295E+03	1.683638E-03	6.544836E-05
7.727138E+03	1.679373E-03	6.529901E-05
7.736982E+03	1.674599E-03	6.513012E-05
7.746825E+03	1.669308E-03	6.494138E-05
7.756669E+03	1.663496E-03	6.473261E-05
7.766512E+03	1.656905E-03	6.449374E-05
7.776356E+03	1.650042E-03	6.424446E-05
7.786199E+03	1.642651E-03	6.397480E-05
7.796043E+03	1.634734E-03	6.368479E-05
7.805886E+03	1.626293E-03	6.337453E-05
7.815730E+03	1.617334E-03	6.304415E-05
7.825573E+03	1.607862E-03	6.269387E-05
7.835417E+03	1.597640E-03	6.231442E-05
7.845260E+03	1.587169E-03	6.192530E-05
7.855104E+03	1.576213E-03	6.151730E-05
7.864947E+03	1.564786E-03	6.109087E-05
7.874791E+03	1.552662E-03	6.063721E-05
7.884634E+03	1.540333E-03	6.017553E-05
7.894478E+03	1.527576E-03	5.969704E-05
7.904321E+03	1.514406E-03	5.920233E-05
7.914165E+03	1.500608E-03	5.868296E-05
7.924008E+03	1.486661E-03	5.815762E-05
7.933852E+03	1.472346E-03	5.761772E-05
7.943695E+03	1.457452E-03	5.705502E-05
7.953539E+03	1.442446E-03	5.648771E-05
7.963382E+03	1.427116E-03	5.590751E-05
7.973226E+03	1.411261E-03	5.530650E-05
7.983069E+03	1.395334E-03	5.470246E-05
7.992913E+03	1.379135E-03	5.408742E-05
8.002756E+03	1.362471E-03	5.345389E-05
8.012600E+03	1.345783E-03	5.281913E-05
8.022443E+03	1.328675E-03	5.216753E-05
8.032287E+03	1.311579E-03	5.151606E-05
8.042130E+03	1.294307E-03	5.085736E-05
8.051974E+03	1.276684E-03	5.018448E-05
8.061817E+03	1.259128E-03	4.951384E-05
8.071661E+03	1.241268E-03	4.883086E-05
8.081504E+03	1.223512E-03	4.815155E-05
8.091348E+03	1.205500E-03	4.746172E-05
8.101191E+03	1.187627E-03	4.677698E-05
8.111035E+03	1.169545E-03	4.608353E-05
8.120878E+03	1.151638E-03	4.539652E-05
8.130722E+03	1.133566E-03	4.470256E-05
8.140565E+03	1.115702E-03	4.401632E-05
8.150409E+03	1.097716E-03	4.332479E-05
8.160252E+03	1.079967E-03	4.264216E-05
8.170095E+03	1.062136E-03	4.195579E-05
8.179939E+03	1.044408E-03	4.127301E-05
8.189782E+03	1.026959E-03	4.060072E-05
8.199626E+03	1.009479E-03	3.992676E-05
8.209469E+03	9.923008E-04	3.926419E-05
8.219313E+03	9.751239E-04	3.860119E-05
8.229156E+03	9.581174E-04	3.794444E-05
8.239000E+03	9.414382E-04	3.730013E-05
8.248843E+03	9.248010E-04	3.665700E-05
8.258687E+03	9.085051E-04	3.602689E-05
8.268530E+03	8.922732E-04	3.539881E-05
8.278374E+03	8.762569E-04	3.477879E-05
8.288217E+03	8.604623E-04	3.416707E-05
8.298061E+03	8.450272E-04	3.356914E-05
8.307904E+03	8.296908E-04	3.297463E-05
8.317748E+03	8.145911E-04	3.238904E-05
8.327591E+03	7.998571E-04	3.181751E-05
8.337435E+03	7.852395E-04	3.125014E-05
8.347278E+03	7.708678E-04	3.069207E-05
8.357122E+03	7.567440E-04	3.014340E-05
8.366965E+03	7.429852E-04	2.960882E-05
8.376809E+03	7.293582E-04	2.907902E-05
8.386652E+03	7.159809E-04	2.855872E-05
8.396496E+03	7.028534E-04	2.804794E-05
8.406339E+03	6.900835E-04	2.755099E-05
8.416183E+03	6.774516E-04	2.705912E-05
8.426026E+03	6.650669E-04	2.657669E-05
8.435870E+03	6.529276E-04	2.610363E-05
8.445713E+03	6.410319E-04	2.563990E-05
8.455557E+03	6.294763E-04	2.518937E-05
8.465400E+03	6.180593E-04	2.474398E-05
8.475244E+03	6.068789E-04	2.430765E-05
8.485087E+03	5.959319E-04	2.388029E-05
8.494931E+03	5.852158E-04	2.346180E-05
8.504774E+03	5.747275E-04	2.305206E-05
8.514618E+03	5.644640E-04	2.265096E-05
8.524461E+03	5.544215E-04	2.225837E-05
8.534305E+03	5.446830E-04	2.187762E-05
8.544148E+03	5.350717E-04	2.150163E-05
8.553992E+03	5.256713E-04	2.113377E-05
8.563835E+03	5.164790E-04	2.077394E-05
8.573679E+03	5.074904E-04	2.042197E-05
8.583522E+03	4.987023E-04	2.007774E-05
8.593365E+03	4.901112E-04	1.974112E-05
8.603209E+03	4.817137E-04	1.941199E-05
8.613052E+03	4.735056E-04	1.909018E-05
8.622896E+03	4.654842E-04	1.877559E-05
8.632739E+03	4.576457E-04	1.846809E-05
8.642583E+03	4.499865E-04	1.816753E-05
8.652426E+03	4.425030E-04	1.787378E-05
8.662270E+03	4.351921E-04	1.758673E-05
8.672113E+03	4.280501E-04	1.730623E-05
8.681957E+03	4.210741E-04	1.703218E-05
8.691800E+03	4.142605E-04	1.676443E-05
8.701644E+03	4.076062E-04	1.650288E-05
8.711487E+03	4.011084E-04	1.624741E-05
8.721331E+03	3.947632E-04	1.599788E-05
8.731174E+03	3.885679E-04	1.575418E-05
8.741018E+03	3.825199E-04	1.551622E-05
8.750861E+03	3.766157E-04	1.528387E-05
8.760705E+03	3.708521E-04	1.505700E-05
8.770548E+03	3.652271E-04	1.483554E-05
8.780392E+03	3.597373E-04	1.461936E-05
8.790235E+03	3.543803E-04	1.440836E-05
8.800079E+03	3.491531E-04	1.420244E-05
8.809922E+03	3.440532E-04	1.400149E-05
8.819766E+03	3.390779E-04	1.380543E-05
8.829609E+03	3.342247E-04	1.361414E-05
8.839453E+03	3.294911E-04	1.342754E-05
8.849296E+03	3.248746E-04	1.324553E-05
8.859140E+03	3.203729E-04	1.306802E-05
8.898514E+03	3.034662E-04	1.240120E-05
8.937888E+03	2.881666E-04	1.179752E-05
8.977262E+03	2.745607E-04	1.126092E-05
9.016635E+03	2.622512E-04	1.077543E-05
9.056009E+03	2.512791E-04	1.034305E-05
9.095383E+03	2.414890E-04	9.957669E-06
9.134757E+03	2.327397E-04	9.613707E-06
9.174131E+03	2.250109E-04	9.310569E-06
9.213505E+03	2.181380E-04	9.041651E-06
9.252879E+03	2.121088E-04	8.806640E-06
9.292253E+03	2.068086E-04	8.600946E-06
9.331627E+03	2.021314E-04	8.420310E-06
9.371001E+03	1.980763E-04	8.264834E-06
9.410375E+03	1.945465E-04	8.130603E-06
9.449749E+03	1.914837E-04	8.015284E-06
9.489123E+03	1.888335E-04	7.916698E-06
9.528497E+03	1.865458E-04	7.832817E-06
9.567871E+03	1.845738E-04	7.761758E-06
9.607245E+03	1.828746E-04	7.701767E-06
9.646619E+03	1.814084E-04	7.651225E-06
9.685993E+03	1.801687E-04	7.609903E-06
9.725367E+03	1.790617E-04	7.573877E-06
9.764741E+03	1.781171E-04	7.544428E-06
9.804115E+03	1.772475E-04	7.517877E-06
9.843489E+03	1.764875E-04	7.495716E-06
9.882862E+03	1.757852E-04	7.475756E-06
9.922236E+03	1.751508E-04	7.458436E-06
9.961610E+03	1.745079E-04	7.440520E-06
1.000098E+04	1.738716E-04	7.422649E-06
1.004036E+04	1.732589E-04	7.405557E-06
1.007973E+04	1.726303E-04	7.387551E-06
1.011911E+04	1.719774E-04	7.368280E-06
1.015848E+04	1.712940E-04	7.347473E-06
