#wls	flux	fluxerr
1.600000E+03	6.043479E-17	2.174847E-18
1.640000E+03	5.995702E-17	2.143514E-18
1.680000E+03	5.950541E-17	2.113039E-18
1.720000E+03	5.910755E-17	2.084380E-18
1.760000E+03	5.876008E-17	2.057383E-18
1.800000E+03	5.847100E-17	2.032290E-18
1.840000E+03	5.825946E-17	2.009719E-18
1.880000E+03	5.812513E-17	1.989598E-18
1.920000E+03	5.807925E-17	1.972249E-18
1.960000E+03	5.814461E-17	1.958364E-18
2.000000E+03	5.832544E-17	1.947991E-18
2.040000E+03	5.863813E-17	1.941569E-18
2.080000E+03	5.911169E-17	1.939932E-18
2.120000E+03	5.975763E-17	1.943303E-18
2.160000E+03	6.061150E-17	1.952663E-18
2.200000E+03	6.169236E-17	1.968418E-18
2.240000E+03	6.303447E-17	1.991422E-18
2.280000E+03	6.468924E-17	2.023016E-18
2.320000E+03	6.669381E-17	2.064026E-18
2.360000E+03	6.911668E-17	2.116177E-18
2.400000E+03	7.201446E-17	2.180737E-18
2.440000E+03	7.548088E-17	2.259991E-18
2.480000E+03	7.960129E-17	2.355836E-18
2.520000E+03	8.449211E-17	2.470945E-18
2.560000E+03	9.030816E-17	2.608914E-18
2.600000E+03	9.721964E-17	2.773538E-18
2.640000E+03	1.053951E-16	2.968294E-18
2.680000E+03	1.151249E-16	3.199773E-18
2.720000E+03	1.266352E-16	3.472345E-18
2.760000E+03	1.403140E-16	3.794385E-18
2.800000E+03	1.564678E-16	4.171470E-18
2.840000E+03	1.755571E-16	4.612716E-18
2.880000E+03	1.980304E-16	5.126189E-18
2.920000E+03	2.243065E-16	5.718457E-18
2.960000E+03	2.547930E-16	6.395126E-18
3.000000E+03	2.898466E-16	7.159877E-18
3.010000E+03	2.993748E-16	7.365438E-18
3.020000E+03	3.091473E-16	7.575049E-18
3.030000E+03	3.192094E-16	7.789747E-18
3.040000E+03	3.296118E-16	8.010675E-18
3.050000E+03	3.402445E-16	8.235065E-18
3.060000E+03	3.512103E-16	8.465327E-18
3.070000E+03	3.623890E-16	8.698476E-18
3.080000E+03	3.738262E-16	8.935540E-18
3.090000E+03	3.855725E-16	9.177644E-18
3.100000E+03	3.975555E-16	9.422979E-18
3.110000E+03	4.096930E-16	9.669538E-18
3.120000E+03	4.220970E-16	9.919907E-18
3.130000E+03	4.346126E-16	1.017038E-17
3.140000E+03	4.473546E-16	1.042361E-17
3.150000E+03	4.602289E-16	1.067734E-17
3.160000E+03	4.731309E-16	1.092912E-17
3.170000E+03	4.861796E-16	1.118169E-17
3.180000E+03	4.992668E-16	1.143253E-17
3.190000E+03	5.122737E-16	1.167891E-17
3.200000E+03	5.253230E-16	1.192367E-17
3.210000E+03	5.382925E-16	1.216403E-17
3.220000E+03	5.511378E-16	1.239902E-17
3.230000E+03	5.638113E-16	1.262762E-17
3.240000E+03	5.761718E-16	1.284676E-17
3.250000E+03	5.883497E-16	1.305941E-17
3.260000E+03	6.002014E-16	1.326248E-17
3.270000E+03	6.116718E-16	1.345486E-17
3.280000E+03	6.227045E-16	1.363545E-17
3.290000E+03	6.332425E-16	1.380314E-17
3.300000E+03	6.432280E-16	1.395683E-17
3.310000E+03	6.526040E-16	1.409548E-17
3.320000E+03	6.613140E-16	1.421807E-17
3.330000E+03	6.693037E-16	1.432363E-17
3.340000E+03	6.765209E-16	1.441130E-17
3.350000E+03	6.829173E-16	1.448029E-17
3.360000E+03	6.885579E-16	1.453221E-17
3.370000E+03	6.931882E-16	1.456197E-17
3.380000E+03	6.968850E-16	1.457149E-17
3.390000E+03	6.996257E-16	1.456057E-17
3.400000E+03	7.013972E-16	1.452924E-17
3.410000E+03	7.021961E-16	1.447772E-17
3.420000E+03	7.021411E-16	1.440874E-17
3.430000E+03	7.010316E-16	1.431847E-17
3.440000E+03	6.990099E-16	1.421010E-17
3.450000E+03	6.961199E-16	1.408481E-17
3.460000E+03	6.925248E-16	1.394613E-17
3.470000E+03	6.880727E-16	1.379123E-17
3.480000E+03	6.829460E-16	1.362399E-17
3.490000E+03	6.773302E-16	1.344830E-17
3.500000E+03	6.710970E-16	1.326177E-17
3.510000E+03	6.645412E-16	1.307036E-17
3.520000E+03	6.575379E-16	1.287173E-17
3.530000E+03	6.502704E-16	1.266956E-17
3.540000E+03	6.429093E-16	1.246725E-17
3.550000E+03	6.353168E-16	1.226217E-17
3.560000E+03	6.277433E-16	1.205917E-17
3.570000E+03	6.200367E-16	1.185535E-17
3.580000E+03	6.124265E-16	1.165512E-17
3.590000E+03	6.047564E-16	1.145547E-17
3.600000E+03	5.972514E-16	1.126068E-17
3.610000E+03	5.897701E-16	1.106803E-17
3.620000E+03	5.825460E-16	1.088188E-17
3.630000E+03	5.754529E-16	1.069982E-17
3.640000E+03	5.687254E-16	1.052614E-17
3.650000E+03	5.622468E-16	1.035857E-17
3.660000E+03	5.562532E-16	1.020139E-17
3.670000E+03	5.506429E-16	1.005258E-17
3.680000E+03	5.456642E-16	9.916571E-18
3.690000E+03	5.412406E-16	9.791796E-18
3.700000E+03	5.376444E-16	9.683018E-18
3.710000E+03	5.349149E-16	9.590736E-18
3.720000E+03	5.331120E-16	9.515803E-18
3.730000E+03	5.325582E-16	9.463724E-18
3.740000E+03	5.333517E-16	9.435940E-18
3.750000E+03	5.356103E-16	9.434211E-18
3.760000E+03	5.397153E-16	9.464890E-18
3.770000E+03	5.457417E-16	9.528868E-18
3.780000E+03	5.541123E-16	9.633069E-18
3.790000E+03	5.650227E-16	9.780365E-18
3.800000E+03	5.786810E-16	9.973801E-18
3.810000E+03	5.955719E-16	1.022111E-17
3.820000E+03	6.159357E-16	1.052573E-17
3.830000E+03	6.400093E-16	1.089098E-17
3.840000E+03	6.683143E-16	1.132495E-17
3.850000E+03	7.010776E-16	1.183063E-17
3.860000E+03	7.384765E-16	1.241013E-17
3.870000E+03	7.809558E-16	1.307002E-17
3.880000E+03	8.285438E-16	1.380982E-17
3.890000E+03	8.810923E-16	1.462613E-17
3.900000E+03	9.386164E-16	1.551832E-17
3.910000E+03	1.000286E-15	1.647189E-17
3.920000E+03	1.065413E-15	1.747486E-17
3.930000E+03	1.132375E-15	1.850022E-17
3.940000E+03	1.198954E-15	1.951171E-17
3.950000E+03	1.262969E-15	2.047419E-17
3.960000E+03	1.321438E-15	2.134020E-17
3.970000E+03	1.371430E-15	2.206376E-17
3.980000E+03	1.411127E-15	2.261742E-17
3.990000E+03	1.438980E-15	2.297842E-17
4.000000E+03	1.454496E-15	2.314114E-17
4.010000E+03	1.458874E-15	2.312679E-17
4.020000E+03	1.453177E-15	2.295413E-17
4.030000E+03	1.439615E-15	2.265966E-17
4.040000E+03	1.419473E-15	2.226483E-17
4.050000E+03	1.394688E-15	2.180097E-17
4.060000E+03	1.366398E-15	2.128650E-17
4.070000E+03	1.335673E-15	2.073853E-17
4.080000E+03	1.304165E-15	2.018294E-17
4.090000E+03	1.272746E-15	1.963324E-17
4.100000E+03	1.243023E-15	1.911402E-17
4.110000E+03	1.215687E-15	1.863558E-17
4.120000E+03	1.191874E-15	1.821488E-17
4.130000E+03	1.171683E-15	1.785284E-17
4.140000E+03	1.155663E-15	1.755731E-17
4.150000E+03	1.143575E-15	1.732404E-17
4.160000E+03	1.135848E-15	1.715902E-17
4.170000E+03	1.132269E-15	1.705845E-17
4.180000E+03	1.133106E-15	1.702586E-17
4.190000E+03	1.138556E-15	1.706372E-17
4.200000E+03	1.148177E-15	1.716491E-17
4.210000E+03	1.161980E-15	1.732920E-17
4.220000E+03	1.179093E-15	1.754324E-17
4.230000E+03	1.199005E-15	1.779918E-17
4.240000E+03	1.221208E-15	1.808933E-17
4.250000E+03	1.244769E-15	1.839978E-17
4.260000E+03	1.269426E-15	1.872665E-17
4.270000E+03	1.294858E-15	1.906525E-17
4.280000E+03	1.320995E-15	1.941466E-17
4.290000E+03	1.347189E-15	1.976540E-17
4.300000E+03	1.373260E-15	2.011500E-17
4.310000E+03	1.398726E-15	2.045657E-17
4.320000E+03	1.423040E-15	2.078229E-17
4.330000E+03	1.445893E-15	2.108788E-17
4.340000E+03	1.466469E-15	2.136168E-17
4.350000E+03	1.484686E-15	2.160273E-17
4.360000E+03	1.500265E-15	2.180721E-17
4.370000E+03	1.512683E-15	2.196776E-17
4.380000E+03	1.520746E-15	2.206726E-17
4.390000E+03	1.522301E-15	2.207472E-17
4.400000E+03	1.517494E-15	2.199250E-17
4.410000E+03	1.508763E-15	2.185604E-17
4.420000E+03	1.497955E-15	2.169219E-17
4.430000E+03	1.486612E-15	2.152327E-17
4.440000E+03	1.476164E-15	2.136996E-17
4.450000E+03	1.469067E-15	2.126776E-17
4.460000E+03	1.467626E-15	2.125006E-17
4.470000E+03	1.474677E-15	2.135796E-17
4.480000E+03	1.493033E-15	2.163241E-17
4.490000E+03	1.524914E-15	2.210577E-17
4.500000E+03	1.572409E-15	2.280879E-17
4.510000E+03	1.635734E-15	2.374523E-17
4.520000E+03	1.713406E-15	2.489427E-17
4.530000E+03	1.802735E-15	2.621770E-17
4.540000E+03	1.898454E-15	2.763963E-17
4.550000E+03	1.993783E-15	2.906195E-17
4.560000E+03	2.082283E-15	3.039099E-17
4.570000E+03	2.157309E-15	3.152955E-17
4.580000E+03	2.215564E-15	3.242880E-17
4.590000E+03	2.255190E-15	3.306057E-17
4.600000E+03	2.277547E-15	3.344362E-17
4.610000E+03	2.285446E-15	3.361802E-17
4.620000E+03	2.281137E-15	3.361577E-17
4.630000E+03	2.267352E-15	3.347610E-17
4.640000E+03	2.245965E-15	3.322580E-17
4.650000E+03	2.217326E-15	3.286924E-17
4.660000E+03	2.182760E-15	3.242526E-17
4.670000E+03	2.143725E-15	3.191479E-17
4.680000E+03	2.102137E-15	3.136582E-17
4.690000E+03	2.060114E-15	3.080951E-17
4.700000E+03	2.019946E-15	3.027998E-17
4.710000E+03	1.982732E-15	2.979376E-17
4.720000E+03	1.949930E-15	2.937292E-17
4.730000E+03	1.921851E-15	2.902252E-17
4.740000E+03	1.899001E-15	2.875063E-17
4.750000E+03	1.880450E-15	2.854357E-17
4.760000E+03	1.864900E-15	2.838202E-17
4.770000E+03	1.850461E-15	2.823740E-17
4.780000E+03	1.834799E-15	2.807402E-17
4.790000E+03	1.815317E-15	2.785179E-17
4.800000E+03	1.790923E-15	2.755335E-17
4.810000E+03	1.761349E-15	2.717382E-17
4.820000E+03	1.728316E-15	2.673909E-17
4.830000E+03	1.695954E-15	2.631266E-17
4.840000E+03	1.668319E-15	2.595762E-17
4.850000E+03	1.650244E-15	2.574996E-17
4.860000E+03	1.644312E-15	2.573126E-17
4.870000E+03	1.651642E-15	2.592071E-17
4.880000E+03	1.669667E-15	2.627961E-17
4.890000E+03	1.694521E-15	2.674841E-17
4.900000E+03	1.720593E-15	2.723916E-17
4.910000E+03	1.743822E-15	2.768754E-17
4.920000E+03	1.762446E-15	2.806503E-17
4.930000E+03	1.778649E-15	2.840586E-17
4.940000E+03	1.797572E-15	2.879199E-17
4.950000E+03	1.827223E-15	2.935240E-17
4.960000E+03	1.875143E-15	3.021003E-17
4.970000E+03	1.946487E-15	3.145073E-17
4.980000E+03	2.042232E-15	3.309359E-17
4.990000E+03	2.157434E-15	3.506162E-17
5.000000E+03	2.280050E-15	3.716124E-17
5.010000E+03	2.391809E-15	3.909481E-17
5.020000E+03	2.471756E-15	4.051722E-17
5.030000E+03	2.503623E-15	4.115649E-17
5.040000E+03	2.479715E-15	4.087899E-17
5.050000E+03	2.405331E-15	3.976449E-17
5.060000E+03	2.296466E-15	3.807110E-17
5.070000E+03	2.175329E-15	3.616327E-17
5.080000E+03	2.061806E-15	3.437077E-17
5.090000E+03	1.972109E-15	3.296573E-17
5.100000E+03	1.915825E-15	3.211210E-17
5.110000E+03	1.897456E-15	3.189014E-17
5.120000E+03	1.917869E-15	3.231959E-17
5.130000E+03	1.974537E-15	3.336292E-17
5.140000E+03	2.060961E-15	3.491484E-17
5.150000E+03	2.168251E-15	3.682823E-17
5.160000E+03	2.285064E-15	3.891251E-17
5.170000E+03	2.398470E-15	4.094810E-17
5.180000E+03	2.498294E-15	4.276020E-17
5.190000E+03	2.578070E-15	4.423600E-17
5.200000E+03	2.636395E-15	4.534867E-17
5.210000E+03	2.676408E-15	4.614950E-17
5.220000E+03	2.703663E-15	4.673210E-17
5.230000E+03	2.723359E-15	4.718487E-17
5.240000E+03	2.738451E-15	4.755818E-17
5.250000E+03	2.749421E-15	4.785978E-17
5.260000E+03	2.755168E-15	4.806991E-17
5.270000E+03	2.754090E-15	4.815992E-17
5.280000E+03	2.744466E-15	4.809880E-17
5.290000E+03	2.726312E-15	4.788581E-17
5.300000E+03	2.699172E-15	4.751196E-17
5.310000E+03	2.663008E-15	4.697554E-17
5.320000E+03	2.618980E-15	4.629610E-17
5.330000E+03	2.567253E-15	4.547570E-17
5.340000E+03	2.508457E-15	4.452475E-17
5.350000E+03	2.445091E-15	4.348703E-17
5.360000E+03	2.379166E-15	4.239793E-17
5.370000E+03	2.313990E-15	4.131635E-17
5.380000E+03	2.252355E-15	4.029240E-17
5.390000E+03	2.195167E-15	3.934277E-17
5.400000E+03	2.143268E-15	3.848309E-17
5.410000E+03	2.096787E-15	3.771632E-17
5.420000E+03	2.054788E-15	3.702614E-17
5.430000E+03	2.017526E-15	3.641766E-17
5.440000E+03	1.985806E-15	3.590594E-17
5.450000E+03	1.961529E-15	3.552596E-17
5.460000E+03	1.947597E-15	3.533104E-17
5.470000E+03	1.947564E-15	3.538673E-17
5.480000E+03	1.965118E-15	3.576134E-17
5.490000E+03	2.003313E-15	3.651196E-17
5.500000E+03	2.063576E-15	3.766628E-17
5.510000E+03	2.144622E-15	3.920251E-17
5.520000E+03	2.241455E-15	4.103069E-17
5.530000E+03	2.344246E-15	4.297168E-17
5.540000E+03	2.439641E-15	4.478065E-17
5.550000E+03	2.510820E-15	4.614768E-17
5.560000E+03	2.542261E-15	4.678528E-17
5.570000E+03	2.525377E-15	4.653233E-17
5.580000E+03	2.459660E-15	4.537618E-17
5.590000E+03	2.354023E-15	4.347831E-17
5.600000E+03	2.224574E-15	4.113418E-17
5.610000E+03	2.086973E-15	3.863239E-17
5.620000E+03	1.953988E-15	3.620930E-17
5.630000E+03	1.831005E-15	3.396536E-17
5.640000E+03	1.718389E-15	3.190814E-17
5.650000E+03	1.612334E-15	2.996770E-17
5.660000E+03	1.506654E-15	2.802949E-17
5.670000E+03	1.396898E-15	2.601085E-17
5.680000E+03	1.281728E-15	2.388687E-17
5.690000E+03	1.163897E-15	2.170881E-17
5.700000E+03	1.048312E-15	1.956843E-17
5.710000E+03	9.410254E-16	1.757906E-17
5.720000E+03	8.470133E-16	1.583429E-17
5.730000E+03	7.696804E-16	1.439853E-17
5.740000E+03	7.109155E-16	1.330794E-17
5.750000E+03	6.715639E-16	1.257912E-17
5.760000E+03	6.520014E-16	1.221990E-17
5.770000E+03	6.526204E-16	1.223830E-17
5.780000E+03	6.741935E-16	1.264947E-17
5.790000E+03	7.181231E-16	1.348030E-17
5.800000E+03	7.864082E-16	1.476889E-17
5.810000E+03	8.818722E-16	1.656877E-17
5.820000E+03	1.007076E-15	1.892856E-17
5.830000E+03	1.163830E-15	2.188275E-17
5.840000E+03	1.351623E-15	2.542209E-17
5.850000E+03	1.566758E-15	2.947726E-17
5.860000E+03	1.799925E-15	3.387315E-17
5.870000E+03	2.035975E-15	3.832448E-17
5.880000E+03	2.255838E-15	4.247183E-17
5.890000E+03	2.437731E-15	4.590446E-17
5.900000E+03	2.563988E-15	4.828896E-17
5.910000E+03	2.623027E-15	4.940655E-17
5.920000E+03	2.614653E-15	4.925302E-17
5.930000E+03	2.547061E-15	4.798245E-17
5.940000E+03	2.436154E-15	4.589437E-17
5.950000E+03	2.299981E-15	4.332894E-17
5.960000E+03	2.153853E-15	4.057483E-17
5.970000E+03	2.009711E-15	3.785723E-17
5.980000E+03	1.874271E-15	3.530289E-17
5.990000E+03	1.749196E-15	3.294328E-17
6.000000E+03	1.634616E-15	3.078102E-17
6.010000E+03	1.530060E-15	2.880733E-17
6.020000E+03	1.435808E-15	2.702756E-17
6.030000E+03	1.353019E-15	2.546354E-17
6.040000E+03	1.283517E-15	2.414960E-17
6.050000E+03	1.228663E-15	2.311125E-17
6.060000E+03	1.190006E-15	2.237749E-17
6.070000E+03	1.168292E-15	2.196213E-17
6.080000E+03	1.163475E-15	2.186404E-17
6.090000E+03	1.174612E-15	2.206521E-17
6.100000E+03	1.199584E-15	2.252550E-17
6.110000E+03	1.235703E-15	2.319413E-17
6.120000E+03	1.279084E-15	2.399793E-17
6.130000E+03	1.326013E-15	2.486701E-17
6.140000E+03	1.373766E-15	2.575019E-17
6.150000E+03	1.421648E-15	2.663436E-17
6.160000E+03	1.471589E-15	2.755563E-17
6.170000E+03	1.529117E-15	2.861737E-17
6.180000E+03	1.601521E-15	2.995562E-17
6.190000E+03	1.697454E-15	3.173159E-17
6.200000E+03	1.825468E-15	3.410425E-17
6.210000E+03	1.994254E-15	3.723465E-17
6.220000E+03	2.210408E-15	4.124432E-17
6.230000E+03	2.477707E-15	4.620184E-17
6.240000E+03	2.796383E-15	5.210945E-17
6.250000E+03	3.158764E-15	5.882212E-17
6.260000E+03	3.550364E-15	6.606833E-17
6.270000E+03	3.946386E-15	7.338558E-17
6.280000E+03	4.317517E-15	8.022871E-17
6.290000E+03	4.630613E-15	8.598308E-17
6.300000E+03	4.858951E-15	9.015507E-17
6.310000E+03	4.982778E-15	9.238191E-17
6.320000E+03	4.996806E-15	9.257008E-17
6.330000E+03	4.908360E-15	9.085996E-17
6.340000E+03	4.732670E-15	8.753783E-17
6.350000E+03	4.493463E-15	8.304623E-17
6.360000E+03	4.213891E-15	7.781572E-17
6.370000E+03	3.917702E-15	7.228647E-17
6.380000E+03	3.624523E-15	6.682126E-17
6.390000E+03	3.349746E-15	6.170364E-17
6.400000E+03	3.102433E-15	5.709968E-17
6.410000E+03	2.888582E-15	5.311849E-17
6.420000E+03	2.710106E-15	4.979376E-17
6.430000E+03	2.566238E-15	4.710981E-17
6.440000E+03	2.454311E-15	4.501612E-17
6.450000E+03	2.370675E-15	4.344437E-17
6.460000E+03	2.309830E-15	4.229248E-17
6.470000E+03	2.266653E-15	4.146574E-17
6.480000E+03	2.235485E-15	4.085988E-17
6.490000E+03	2.210936E-15	4.037591E-17
6.500000E+03	2.188388E-15	3.992929E-17
6.510000E+03	2.164514E-15	3.945930E-17
6.520000E+03	2.137685E-15	3.893636E-17
6.530000E+03	2.108092E-15	3.836406E-17
6.540000E+03	2.076086E-15	3.774890E-17
6.550000E+03	2.041203E-15	3.708254E-17
6.560000E+03	2.003665E-15	3.636914E-17
6.570000E+03	1.963806E-15	3.561483E-17
6.580000E+03	1.922728E-15	3.483970E-17
6.590000E+03	1.880551E-15	3.404594E-17
6.600000E+03	1.837520E-15	3.323803E-17
6.610000E+03	1.793882E-15	3.242045E-17
6.620000E+03	1.749940E-15	3.159870E-17
6.630000E+03	1.705698E-15	3.077285E-17
6.640000E+03	1.661589E-15	2.995070E-17
6.650000E+03	1.616996E-15	2.912112E-17
6.660000E+03	1.571263E-15	2.827235E-17
6.670000E+03	1.523469E-15	2.738789E-17
6.680000E+03	1.473516E-15	2.646604E-17
6.690000E+03	1.421137E-15	2.550214E-17
6.700000E+03	1.366713E-15	2.450313E-17
6.710000E+03	1.311711E-15	2.349541E-17
6.720000E+03	1.257054E-15	2.249553E-17
6.730000E+03	1.204140E-15	2.152847E-17
6.740000E+03	1.153383E-15	2.060156E-17
6.750000E+03	1.104769E-15	1.971445E-17
6.760000E+03	1.058409E-15	1.886901E-17
6.770000E+03	1.013659E-15	1.805367E-17
6.780000E+03	9.704163E-16	1.726655E-17
6.790000E+03	9.281201E-16	1.649761E-17
6.800000E+03	8.869069E-16	1.574924E-17
6.810000E+03	8.466540E-16	1.501922E-17
6.820000E+03	8.079928E-16	1.431870E-17
6.830000E+03	7.713566E-16	1.365529E-17
6.840000E+03	7.376980E-16	1.304574E-17
6.850000E+03	7.080412E-16	1.250799E-17
6.860000E+03	6.831358E-16	1.205506E-17
6.870000E+03	6.640723E-16	1.170591E-17
6.880000E+03	6.514995E-16	1.147165E-17
6.890000E+03	6.462556E-16	1.136663E-17
6.900000E+03	6.490898E-16	1.140361E-17
6.910000E+03	6.604002E-16	1.158906E-17
6.920000E+03	6.807641E-16	1.193260E-17
6.930000E+03	7.106251E-16	1.244143E-17
6.940000E+03	7.505144E-16	1.312422E-17
6.950000E+03	8.006439E-16	1.398403E-17
6.960000E+03	8.614211E-16	1.502728E-17
6.970000E+03	9.329155E-16	1.625445E-17
6.980000E+03	1.014746E-15	1.765818E-17
6.990000E+03	1.105822E-15	1.921878E-17
7.000000E+03	1.204253E-15	2.090275E-17
7.010000E+03	1.306566E-15	2.264935E-17
7.020000E+03	1.408762E-15	2.438900E-17
7.030000E+03	1.506146E-15	2.604045E-17
7.040000E+03	1.594142E-15	2.752496E-17
7.050000E+03	1.668979E-15	2.877810E-17
7.060000E+03	1.728258E-15	2.975946E-17
7.070000E+03	1.771268E-15	3.045783E-17
7.080000E+03	1.798949E-15	3.089052E-17
7.090000E+03	1.813575E-15	3.109763E-17
7.100000E+03	1.818332E-15	3.113461E-17
7.110000E+03	1.816889E-15	3.106498E-17
7.120000E+03	1.813094E-15	3.095488E-17
7.130000E+03	1.810806E-15	3.087027E-17
7.140000E+03	1.813876E-15	3.087663E-17
7.150000E+03	1.826257E-15	3.104073E-17
7.160000E+03	1.852082E-15	3.143201E-17
7.170000E+03	1.895432E-15	3.211857E-17
7.180000E+03	1.961328E-15	3.318402E-17
7.190000E+03	2.054195E-15	3.470131E-17
7.200000E+03	2.178842E-15	3.674939E-17
7.210000E+03	2.340091E-15	3.940691E-17
7.220000E+03	2.542072E-15	4.274035E-17
7.230000E+03	2.788872E-15	4.681498E-17
7.240000E+03	3.081370E-15	5.164185E-17
7.250000E+03	3.416872E-15	5.717214E-17
7.260000E+03	3.786296E-15	6.325055E-17
7.270000E+03	4.174369E-15	6.961955E-17
7.280000E+03	4.555884E-15	7.585785E-17
7.290000E+03	4.898268E-15	8.142449E-17
7.300000E+03	5.167917E-15	8.576505E-17
7.310000E+03	5.332781E-15	8.835451E-17
7.320000E+03	5.371153E-15	8.884253E-17
7.330000E+03	5.279184E-15	8.717607E-17
7.340000E+03	5.067087E-15	8.353433E-17
7.350000E+03	4.761600E-15	7.836737E-17
7.360000E+03	4.394078E-15	7.219811E-17
7.370000E+03	3.999003E-15	6.559729E-17
7.380000E+03	3.603719E-15	5.901494E-17
7.390000E+03	3.230147E-15	5.280946E-17
7.400000E+03	2.890138E-15	4.717244E-17
7.410000E+03	2.590299E-15	4.220876E-17
7.420000E+03	2.330318E-15	3.790998E-17
7.430000E+03	2.107376E-15	3.422708E-17
7.440000E+03	1.916282E-15	3.107283E-17
7.450000E+03	1.749900E-15	2.832912E-17
7.460000E+03	1.602070E-15	2.589437E-17
7.470000E+03	1.466670E-15	2.366826E-17
7.480000E+03	1.340128E-15	2.159222E-17
7.490000E+03	1.220732E-15	1.963793E-17
7.500000E+03	1.108644E-15	1.780739E-17
7.510000E+03	1.004594E-15	1.611166E-17
7.520000E+03	9.101109E-16	1.457456E-17
7.530000E+03	8.262677E-16	1.321246E-17
7.540000E+03	7.536241E-16	1.203348E-17
7.550000E+03	6.917956E-16	1.103061E-17
7.560000E+03	6.403267E-16	1.019581E-17
7.570000E+03	5.985130E-16	9.517132E-18
7.580000E+03	5.656980E-16	8.983472E-18
7.590000E+03	5.413612E-16	8.585970E-18
7.600000E+03	5.251512E-16	8.318517E-18
7.610000E+03	5.169004E-16	8.177964E-18
7.620000E+03	5.166286E-16	8.164168E-18
7.630000E+03	5.245357E-16	8.279864E-18
7.640000E+03	5.409698E-16	8.530141E-18
7.650000E+03	5.663548E-16	8.921300E-18
7.660000E+03	6.010706E-16	9.458971E-18
7.670000E+03	6.453107E-16	1.014588E-17
7.680000E+03	6.989552E-16	1.097986E-17
7.690000E+03	7.614672E-16	1.195228E-17
7.700000E+03	8.318018E-16	1.304663E-17
7.710000E+03	9.083330E-16	1.423738E-17
7.720000E+03	9.888246E-16	1.548956E-17
7.730000E+03	1.070450E-15	1.675912E-17
7.740000E+03	1.149696E-15	1.799134E-17
7.750000E+03	1.223110E-15	1.913258E-17
7.760000E+03	1.286595E-15	2.011919E-17
7.770000E+03	1.336368E-15	2.089246E-17
7.780000E+03	1.369095E-15	2.140066E-17
7.790000E+03	1.383165E-15	2.161890E-17
7.800000E+03	1.378013E-15	2.153854E-17
7.810000E+03	1.355107E-15	2.118255E-17
7.820000E+03	1.317397E-15	2.059693E-17
7.830000E+03	1.269458E-15	1.985298E-17
7.840000E+03	1.215431E-15	1.901519E-17
7.850000E+03	1.159825E-15	1.815383E-17
7.860000E+03	1.105934E-15	1.732023E-17
7.870000E+03	1.056274E-15	1.655367E-17
7.880000E+03	1.013041E-15	1.588851E-17
7.890000E+03	9.772018E-16	1.533999E-17
7.900000E+03	9.498041E-16	1.492473E-17
7.910000E+03	9.310046E-16	1.464549E-17
7.920000E+03	9.212515E-16	1.450971E-17
7.930000E+03	9.203027E-16	1.451406E-17
7.940000E+03	9.281527E-16	1.465905E-17
7.950000E+03	9.446181E-16	1.494244E-17
7.960000E+03	9.688589E-16	1.535170E-17
7.970000E+03	1.000036E-15	1.587429E-17
7.980000E+03	1.036761E-15	1.648896E-17
7.990000E+03	1.076443E-15	1.715514E-17
8.000000E+03	1.115901E-15	1.782260E-17
8.010000E+03	1.150745E-15	1.842123E-17
8.020000E+03	1.174720E-15	1.885034E-17
8.030000E+03	1.180723E-15	1.899451E-17
8.040000E+03	1.161542E-15	1.873523E-17
8.050000E+03	1.120446E-15	1.812201E-17
8.060000E+03	1.065831E-15	1.728788E-17
8.070000E+03	1.004529E-15	1.634177E-17
8.080000E+03	9.411133E-16	1.535697E-17
8.090000E+03	8.784977E-16	1.438050E-17
8.100000E+03	8.184279E-16	1.344080E-17
8.110000E+03	7.619061E-16	1.255444E-17
8.120000E+03	7.094773E-16	1.173072E-17
8.130000E+03	6.613982E-16	1.097430E-17
8.140000E+03	6.177341E-16	1.028679E-17
8.150000E+03	5.784193E-16	9.667638E-18
8.160000E+03	5.432999E-16	9.114869E-18
8.170000E+03	5.121662E-16	8.625563E-18
8.180000E+03	4.847776E-16	8.196270E-18
8.190000E+03	4.608829E-16	7.823327E-18
8.200000E+03	4.402331E-16	7.503081E-18
8.210000E+03	4.225924E-16	7.232066E-18
8.220000E+03	4.077448E-16	7.007115E-18
8.230000E+03	3.954983E-16	6.825443E-18
8.240000E+03	3.856329E-16	6.683744E-18
8.250000E+03	3.781229E-16	6.582050E-18
8.260000E+03	3.728049E-16	6.517996E-18
8.270000E+03	3.696028E-16	6.490718E-18
8.280000E+03	3.684203E-16	6.498986E-18
8.290000E+03	3.693531E-16	6.544958E-18
8.300000E+03	3.723771E-16	6.628705E-18
8.310000E+03	3.775625E-16	6.751987E-18
8.320000E+03	3.849703E-16	6.916438E-18
8.330000E+03	3.948758E-16	7.127590E-18
8.340000E+03	4.074469E-16	7.389136E-18
8.350000E+03	4.229040E-16	7.705794E-18
8.360000E+03	4.417095E-16	8.086806E-18
8.370000E+03	4.641496E-16	8.538344E-18
8.380000E+03	4.908332E-16	9.072666E-18
8.390000E+03	5.221710E-16	9.698580E-18
8.400000E+03	5.589231E-16	1.043158E-17
8.410000E+03	6.016922E-16	1.128451E-17
8.420000E+03	6.511007E-16	1.227081E-17
8.430000E+03	7.080614E-16	1.340968E-17
8.440000E+03	7.730918E-16	1.471318E-17
8.450000E+03	8.469273E-16	1.619773E-17
8.460000E+03	9.302085E-16	1.787823E-17
8.470000E+03	1.022976E-15	1.975828E-17
8.480000E+03	1.125521E-15	2.184637E-17
8.490000E+03	1.237187E-15	2.413264E-17
8.500000E+03	1.357386E-15	2.660836E-17
8.510000E+03	1.485218E-15	2.925842E-17
8.520000E+03	1.618846E-15	3.204885E-17
8.530000E+03	1.756854E-15	3.495331E-17
8.540000E+03	1.897876E-15	3.794597E-17
8.550000E+03	2.039884E-15	4.098708E-17
8.560000E+03	2.181894E-15	4.405722E-17
8.570000E+03	2.323320E-15	4.714464E-17
8.580000E+03	2.462840E-15	5.022228E-17
8.590000E+03	2.600180E-15	5.328409E-17
8.600000E+03	2.734585E-15	5.631394E-17
8.610000E+03	2.865259E-15	5.929456E-17
8.620000E+03	2.989463E-15	6.216792E-17
8.630000E+03	3.104817E-15	6.488238E-17
8.640000E+03	3.207717E-15	6.735959E-17
8.650000E+03	3.293971E-15	6.950732E-17
8.660000E+03	3.359224E-15	7.122812E-17
8.670000E+03	3.399997E-15	7.244141E-17
8.680000E+03	3.412286E-15	7.305390E-17
8.690000E+03	3.395006E-15	7.303343E-17
8.700000E+03	3.348308E-15	7.237407E-17
8.710000E+03	3.274071E-15	7.110746E-17
8.720000E+03	3.175664E-15	6.929851E-17
8.730000E+03	3.057493E-15	6.703626E-17
8.740000E+03	2.924465E-15	6.442255E-17
8.750000E+03	2.781474E-15	6.156104E-17
8.760000E+03	2.633000E-15	5.854817E-17
8.770000E+03	2.482851E-15	5.546721E-17
8.780000E+03	2.334056E-15	5.238557E-17
8.790000E+03	2.188880E-15	4.935472E-17
8.800000E+03	2.048922E-15	4.641194E-17
8.810000E+03	1.915241E-15	4.358294E-17
8.820000E+03	1.788500E-15	4.088479E-17
8.830000E+03	1.669080E-15	3.832839E-17
8.840000E+03	1.557176E-15	3.592053E-17
8.850000E+03	1.452860E-15	3.366518E-17
8.860000E+03	1.356109E-15	3.156419E-17
8.870000E+03	1.266835E-15	2.961782E-17
8.880000E+03	1.184883E-15	2.782481E-17
8.890000E+03	1.110046E-15	2.618252E-17
8.900000E+03	1.042070E-15	2.468718E-17
8.910000E+03	9.805202E-16	2.333056E-17
8.920000E+03	9.253824E-16	2.211435E-17
8.930000E+03	8.761726E-16	2.102892E-17
8.940000E+03	8.325554E-16	2.006802E-17
8.950000E+03	7.941951E-16	1.922528E-17
8.960000E+03	7.607604E-16	1.849428E-17
8.970000E+03	7.319297E-16	1.786869E-17
8.980000E+03	7.072909E-16	1.733984E-17
8.990000E+03	6.867723E-16	1.690725E-17
9.000000E+03	6.700029E-16	1.656303E-17
9.040000E+03	6.361578E-16	1.598589E-17
9.080000E+03	6.497161E-16	1.658970E-17
9.120000E+03	7.090003E-16	1.838815E-17
9.160000E+03	8.188425E-16	2.156271E-17
9.200000E+03	9.855648E-16	2.634117E-17
9.240000E+03	1.207945E-15	3.275526E-17
9.280000E+03	1.464792E-15	4.028406E-17
9.320000E+03	1.708711E-15	4.764205E-17
9.360000E+03	1.877620E-15	5.305647E-17
9.400000E+03	1.926438E-15	5.514948E-17
9.440000E+03	1.850516E-15	5.365183E-17
9.480000E+03	1.683616E-15	4.941891E-17
9.520000E+03	1.473462E-15	4.377267E-17
9.560000E+03	1.260955E-15	3.789982E-17
9.600000E+03	1.069079E-15	3.250000E-17
9.640000E+03	9.060437E-16	2.784995E-17
9.680000E+03	7.713986E-16	2.396761E-17
9.720000E+03	6.615825E-16	2.077173E-17
9.760000E+03	5.730055E-16	1.817464E-17
9.800000E+03	5.025182E-16	1.609740E-17
9.840000E+03	4.478654E-16	1.448540E-17
9.880000E+03	4.067053E-16	1.327781E-17
9.920000E+03	3.768791E-16	1.241653E-17
9.960000E+03	3.561173E-16	1.183679E-17
1.000000E+04	3.425795E-16	1.148521E-17
1.004000E+04	3.345118E-16	1.130895E-17
1.008000E+04	3.305647E-16	1.126679E-17
1.012000E+04	3.294917E-16	1.131940E-17
1.016000E+04	3.304790E-16	1.144097E-17
1.020000E+04	3.327191E-16	1.160498E-17
1.024000E+04	3.356455E-16	1.179249E-17
1.028000E+04	3.386922E-16	1.198396E-17
1.032000E+04	3.414450E-16	1.216470E-17
