#wls	flux	fluxerr
1.600000E+03	2.252370E-10	5.073992E-14
1.640000E+03	2.324141E-10	5.235674E-14
1.680000E+03	2.392358E-10	5.389349E-14
1.720000E+03	2.456044E-10	5.532816E-14
1.760000E+03	2.514136E-10	5.663682E-14
1.800000E+03	2.565475E-10	5.779335E-14
1.840000E+03	2.608809E-10	5.876956E-14
1.880000E+03	2.642793E-10	5.953513E-14
1.920000E+03	2.665979E-10	6.005745E-14
1.960000E+03	2.676815E-10	6.030155E-14
2.000000E+03	2.673638E-10	6.022999E-14
2.040000E+03	2.654653E-10	5.980229E-14
2.080000E+03	2.618055E-10	5.897784E-14
2.120000E+03	2.562578E-10	5.772810E-14
2.160000E+03	2.487359E-10	5.603360E-14
2.200000E+03	2.391686E-10	5.387835E-14
2.240000E+03	2.275446E-10	5.125977E-14
2.280000E+03	2.140929E-10	4.822945E-14
2.320000E+03	1.993559E-10	4.490960E-14
2.360000E+03	1.839091E-10	4.142983E-14
2.400000E+03	1.686172E-10	3.798496E-14
2.440000E+03	1.547322E-10	3.485706E-14
2.480000E+03	1.437992E-10	3.239413E-14
2.520000E+03	1.374573E-10	3.096545E-14
2.560000E+03	1.372223E-10	3.091252E-14
2.600000E+03	1.445963E-10	3.257367E-14
2.640000E+03	1.608522E-10	3.623567E-14
2.680000E+03	1.855482E-10	4.179897E-14
2.720000E+03	2.150033E-10	4.843438E-14
2.760000E+03	2.427983E-10	5.469577E-14
2.800000E+03	2.626654E-10	5.917119E-14
2.840000E+03	2.714058E-10	6.114005E-14
2.880000E+03	2.695319E-10	6.071775E-14
2.920000E+03	2.598556E-10	5.853779E-14
2.960000E+03	2.459869E-10	5.541335E-14
3.000000E+03	2.313894E-10	5.212472E-14
3.010000E+03	2.279367E-10	5.134686E-14
3.020000E+03	2.246208E-10	5.059979E-14
3.030000E+03	2.214640E-10	4.988859E-14
3.040000E+03	2.184835E-10	4.921711E-14
3.050000E+03	2.156925E-10	4.858829E-14
3.060000E+03	2.131015E-10	4.800454E-14
3.070000E+03	2.107191E-10	4.746774E-14
3.080000E+03	2.085482E-10	4.697862E-14
3.090000E+03	2.065910E-10	4.653762E-14
3.100000E+03	2.048457E-10	4.614435E-14
3.110000E+03	2.033046E-10	4.579707E-14
3.120000E+03	2.019575E-10	4.549350E-14
3.130000E+03	2.007882E-10	4.522998E-14
3.140000E+03	1.997770E-10	4.500205E-14
3.150000E+03	1.988992E-10	4.480417E-14
3.160000E+03	1.981289E-10	4.463050E-14
3.170000E+03	1.974378E-10	4.447465E-14
3.180000E+03	1.967968E-10	4.433010E-14
3.190000E+03	1.961780E-10	4.419053E-14
3.200000E+03	1.955541E-10	4.404982E-14
3.210000E+03	1.949005E-10	4.390240E-14
3.220000E+03	1.941972E-10	4.374378E-14
3.230000E+03	1.934285E-10	4.357041E-14
3.240000E+03	1.925844E-10	4.338005E-14
3.250000E+03	1.916589E-10	4.317135E-14
3.260000E+03	1.906508E-10	4.294404E-14
3.270000E+03	1.895603E-10	4.269815E-14
3.280000E+03	1.883871E-10	4.243365E-14
3.290000E+03	1.871317E-10	4.215060E-14
3.300000E+03	1.857905E-10	4.184825E-14
3.310000E+03	1.843611E-10	4.152600E-14
3.320000E+03	1.828380E-10	4.118265E-14
3.330000E+03	1.812172E-10	4.081727E-14
3.340000E+03	1.795002E-10	4.043023E-14
3.350000E+03	1.776936E-10	4.002300E-14
3.360000E+03	1.758076E-10	3.959788E-14
3.370000E+03	1.738518E-10	3.915705E-14
3.380000E+03	1.718334E-10	3.870212E-14
3.390000E+03	1.697580E-10	3.823433E-14
3.400000E+03	1.676285E-10	3.775436E-14
3.410000E+03	1.654502E-10	3.726341E-14
3.420000E+03	1.632317E-10	3.676340E-14
3.430000E+03	1.609912E-10	3.625844E-14
3.440000E+03	1.587612E-10	3.575586E-14
3.450000E+03	1.565889E-10	3.526627E-14
3.460000E+03	1.545427E-10	3.480508E-14
3.470000E+03	1.527127E-10	3.439258E-14
3.480000E+03	1.512134E-10	3.405459E-14
3.490000E+03	1.501856E-10	3.382276E-14
3.500000E+03	1.498004E-10	3.373568E-14
3.510000E+03	1.502527E-10	3.383717E-14
3.520000E+03	1.517519E-10	3.417447E-14
3.530000E+03	1.545129E-10	3.479589E-14
3.540000E+03	1.587162E-10	3.574211E-14
3.550000E+03	1.644283E-10	3.702810E-14
3.560000E+03	1.714647E-10	3.861228E-14
3.570000E+03	1.791703E-10	4.034715E-14
3.580000E+03	1.859864E-10	4.188171E-14
3.590000E+03	1.889583E-10	4.255059E-14
3.600000E+03	1.849215E-10	4.164122E-14
3.610000E+03	1.759516E-10	3.962105E-14
3.620000E+03	1.653501E-10	3.723349E-14
3.630000E+03	1.549782E-10	3.489766E-14
3.640000E+03	1.457145E-10	3.281142E-14
3.650000E+03	1.378525E-10	3.104081E-14
3.660000E+03	1.313846E-10	2.958413E-14
3.670000E+03	1.261816E-10	2.841227E-14
3.680000E+03	1.220708E-10	2.748636E-14
3.690000E+03	1.188758E-10	2.676665E-14
3.700000E+03	1.164365E-10	2.621707E-14
3.710000E+03	1.146173E-10	2.580712E-14
3.720000E+03	1.133054E-10	2.551136E-14
3.730000E+03	1.124163E-10	2.531079E-14
3.740000E+03	1.118930E-10	2.519253E-14
3.750000E+03	1.117054E-10	2.514983E-14
3.752500E+03	7.093406E-11	1.597032E-14
3.755000E+03	7.348520E-11	1.654461E-14
3.757500E+03	7.601022E-11	1.711301E-14
3.760000E+03	7.801728E-11	1.756479E-14
3.762500E+03	7.983350E-11	1.797360E-14
3.765000E+03	8.129102E-11	1.830164E-14
3.767500E+03	8.231793E-11	1.853274E-14
3.770000E+03	8.326965E-11	1.874690E-14
3.772500E+03	8.311819E-11	1.871269E-14
3.775000E+03	8.277086E-11	1.863439E-14
3.777500E+03	8.212630E-11	1.848916E-14
3.780000E+03	8.195116E-11	1.844962E-14
3.782500E+03	8.133410E-11	1.831059E-14
3.785000E+03	8.036689E-11	1.809273E-14
3.787500E+03	7.975576E-11	1.795504E-14
3.790000E+03	7.969563E-11	1.794138E-14
3.792500E+03	8.026961E-11	1.807048E-14
3.795000E+03	8.176850E-11	1.840779E-14
3.797500E+03	8.376974E-11	1.885818E-14
3.800000E+03	8.767263E-11	1.973666E-14
3.802500E+03	9.287002E-11	2.090653E-14
3.805000E+03	9.546775E-11	2.149117E-14
3.807500E+03	9.889892E-11	2.226340E-14
3.810000E+03	1.016540E-10	2.288344E-14
3.812500E+03	1.058080E-10	2.381836E-14
3.815000E+03	1.098760E-10	2.473391E-14
3.817500E+03	1.145565E-10	2.578731E-14
3.820000E+03	1.197514E-10	2.695651E-14
3.822500E+03	1.251533E-10	2.817226E-14
3.825000E+03	1.306408E-10	2.940726E-14
3.827500E+03	1.348994E-10	3.036561E-14
3.830000E+03	1.395559E-10	3.141351E-14
3.832500E+03	1.451353E-10	3.266912E-14
3.835000E+03	1.499654E-10	3.375605E-14
3.837500E+03	1.553709E-10	3.497248E-14
3.840000E+03	1.606281E-10	3.615549E-14
3.842500E+03	1.657240E-10	3.730214E-14
3.845000E+03	1.704005E-10	3.835439E-14
3.847500E+03	1.744282E-10	3.926059E-14
3.850000E+03	1.784602E-10	4.016772E-14
3.852500E+03	1.825505E-10	4.108794E-14
3.855000E+03	1.866719E-10	4.201513E-14
3.857500E+03	1.904995E-10	4.287620E-14
3.860000E+03	1.941425E-10	4.369567E-14
3.862500E+03	1.975745E-10	4.446764E-14
3.865000E+03	2.003110E-10	4.508302E-14
3.867500E+03	2.019503E-10	4.545149E-14
3.870000E+03	2.033971E-10	4.577659E-14
3.872500E+03	2.047457E-10	4.607957E-14
3.875000E+03	2.063991E-10	4.645113E-14
3.877500E+03	2.072706E-10	4.664672E-14
3.880000E+03	2.070016E-10	4.658562E-14
3.882500E+03	2.069996E-10	4.658460E-14
3.885000E+03	2.052472E-10	4.618966E-14
3.887500E+03	2.037378E-10	4.584941E-14
3.890000E+03	2.020578E-10	4.547075E-14
3.892500E+03	2.008997E-10	4.520956E-14
3.895000E+03	1.995175E-10	4.489791E-14
3.897500E+03	1.974998E-10	4.444329E-14
3.900000E+03	1.952340E-10	4.393281E-14
3.902500E+03	1.926411E-10	4.334876E-14
3.905000E+03	1.902651E-10	4.281350E-14
3.907500E+03	1.880390E-10	4.231199E-14
3.910000E+03	1.860816E-10	4.187093E-14
3.912500E+03	1.837583E-10	4.134757E-14
3.915000E+03	1.818876E-10	4.092602E-14
3.917500E+03	1.802573E-10	4.055860E-14
3.920000E+03	1.784067E-10	4.014160E-14
3.922500E+03	1.762313E-10	3.965151E-14
3.925000E+03	1.740209E-10	3.915357E-14
3.927500E+03	1.720246E-10	3.870381E-14
3.930000E+03	1.706209E-10	3.838738E-14
3.932500E+03	1.685665E-10	3.792455E-14
3.935000E+03	1.665423E-10	3.746853E-14
3.937500E+03	1.652784E-10	3.718355E-14
3.940000E+03	1.638345E-10	3.685809E-14
3.942500E+03	1.634080E-10	3.676152E-14
3.945000E+03	1.630469E-10	3.667964E-14
3.947500E+03	1.634517E-10	3.677006E-14
3.950000E+03	1.640753E-10	3.690968E-14
3.952500E+03	1.646839E-10	3.704593E-14
3.955000E+03	1.653551E-10	3.719625E-14
3.957500E+03	1.660499E-10	3.735185E-14
3.960000E+03	1.676069E-10	3.770137E-14
3.962500E+03	1.694430E-10	3.811367E-14
3.965000E+03	1.709009E-10	3.844087E-14
3.967500E+03	1.732032E-10	3.895797E-14
3.970000E+03	1.748959E-10	3.933794E-14
3.972500E+03	1.767250E-10	3.974855E-14
3.975000E+03	1.785363E-10	4.015514E-14
3.977500E+03	1.808672E-10	4.067856E-14
3.980000E+03	1.831791E-10	4.119767E-14
3.982500E+03	1.854721E-10	4.171251E-14
3.985000E+03	1.872872E-10	4.211984E-14
3.987500E+03	1.894411E-10	4.260333E-14
3.990000E+03	1.913604E-10	4.303403E-14
3.992500E+03	1.931854E-10	4.344349E-14
3.995000E+03	1.946757E-10	4.377765E-14
3.997500E+03	1.959082E-10	4.405383E-14
4.000000E+03	1.976434E-10	4.444302E-14
4.002500E+03	1.994748E-10	4.485381E-14
4.005000E+03	2.010739E-10	4.521235E-14
4.007500E+03	2.022399E-10	4.547347E-14
4.010000E+03	2.032639E-10	4.570264E-14
4.012500E+03	2.040081E-10	4.586887E-14
4.015000E+03	2.034059E-10	4.573236E-14
4.017500E+03	2.030930E-10	4.566091E-14
4.020000E+03	2.030060E-10	4.564022E-14
4.022500E+03	2.030563E-10	4.565038E-14
4.025000E+03	2.024059E-10	4.550303E-14
4.027500E+03	2.010700E-10	4.520155E-14
4.030000E+03	1.997368E-10	4.490069E-14
4.032500E+03	1.988796E-10	4.470683E-14
4.035000E+03	1.976633E-10	4.443226E-14
4.037500E+03	1.966359E-10	4.420015E-14
4.040000E+03	1.959828E-10	4.405216E-14
4.042500E+03	1.953679E-10	4.391277E-14
4.045000E+03	1.946056E-10	4.374023E-14
4.047500E+03	1.934616E-10	4.348191E-14
4.050000E+03	1.924063E-10	4.324353E-14
4.052500E+03	1.914026E-10	4.301674E-14
4.055000E+03	1.906595E-10	4.284852E-14
4.057500E+03	1.898564E-10	4.266682E-14
4.060000E+03	1.887846E-10	4.242473E-14
4.062500E+03	1.875188E-10	4.213904E-14
4.065000E+03	1.862313E-10	4.184849E-14
4.067500E+03	1.851791E-10	4.161083E-14
4.070000E+03	1.836035E-10	4.125556E-14
4.072500E+03	1.823002E-10	4.096147E-14
4.075000E+03	1.809510E-10	4.065709E-14
4.077500E+03	1.796170E-10	4.035613E-14
4.080000E+03	1.778968E-10	3.996841E-14
4.082500E+03	1.758041E-10	3.949702E-14
4.085000E+03	1.738498E-10	3.905672E-14
4.087500E+03	1.717667E-10	3.858754E-14
4.090000E+03	1.699669E-10	3.818200E-14
4.092500E+03	1.678813E-10	3.771228E-14
4.095000E+03	1.655955E-10	3.719761E-14
4.097500E+03	1.631463E-10	3.664626E-14
4.100000E+03	1.604743E-10	3.604489E-14
4.102500E+03	1.585424E-10	3.560977E-14
4.105000E+03	1.565670E-10	3.516492E-14
4.107500E+03	1.546443E-10	3.473194E-14
4.110000E+03	1.521153E-10	3.416280E-14
4.112500E+03	1.491616E-10	3.349830E-14
4.115000E+03	1.462389E-10	3.284083E-14
4.117500E+03	1.437174E-10	3.227347E-14
4.120000E+03	1.410351E-10	3.167004E-14
4.122500E+03	1.386690E-10	3.113765E-14
4.125000E+03	1.358091E-10	3.049441E-14
4.127500E+03	1.332295E-10	2.991414E-14
4.130000E+03	1.305257E-10	2.930604E-14
4.132500E+03	1.278048E-10	2.869412E-14
4.135000E+03	1.254930E-10	2.817409E-14
4.137500E+03	1.236241E-10	2.775352E-14
4.140000E+03	1.217953E-10	2.734196E-14
4.142500E+03	1.198530E-10	2.690497E-14
4.145000E+03	1.179745E-10	2.648232E-14
4.147500E+03	1.163215E-10	2.611033E-14
4.150000E+03	1.153282E-10	2.588642E-14
4.152500E+03	1.146317E-10	2.572916E-14
4.155000E+03	1.139605E-10	2.557756E-14
4.157500E+03	1.135811E-10	2.549148E-14
4.160000E+03	1.139708E-10	2.557798E-14
4.162500E+03	1.148439E-10	2.577299E-14
4.165000E+03	1.155483E-10	2.593011E-14
4.167500E+03	1.165073E-10	2.614433E-14
4.170000E+03	1.176338E-10	2.639614E-14
4.172500E+03	1.189785E-10	2.669689E-14
4.175000E+03	1.204477E-10	2.702555E-14
4.177500E+03	1.220989E-10	2.739503E-14
4.180000E+03	1.240820E-10	2.783893E-14
4.182500E+03	1.262686E-10	2.832845E-14
4.185000E+03	1.285657E-10	2.884272E-14
4.187500E+03	1.311688E-10	2.942560E-14
4.190000E+03	1.337199E-10	2.999679E-14
4.192500E+03	1.363802E-10	3.059241E-14
4.195000E+03	1.395632E-10	3.130524E-14
4.197500E+03	1.426126E-10	3.198805E-14
4.200000E+03	1.452652E-10	3.258182E-14
4.202500E+03	1.481067E-10	3.321791E-14
4.205000E+03	1.509876E-10	3.386278E-14
4.207500E+03	1.538621E-10	3.450617E-14
4.210000E+03	1.562966E-10	3.505087E-14
4.212500E+03	1.588741E-10	3.562757E-14
4.215000E+03	1.613094E-10	3.617236E-14
4.217500E+03	1.634553E-10	3.665222E-14
4.220000E+03	1.657558E-10	3.716670E-14
4.222500E+03	1.677337E-10	3.760884E-14
4.225000E+03	1.694244E-10	3.798655E-14
4.227500E+03	1.713722E-10	3.842189E-14
4.230000E+03	1.732710E-10	3.884621E-14
4.232500E+03	1.748272E-10	3.919373E-14
4.235000E+03	1.761889E-10	3.949761E-14
4.237500E+03	1.777736E-10	3.985147E-14
4.240000E+03	1.791867E-10	4.016684E-14
4.242500E+03	1.803612E-10	4.042874E-14
4.245000E+03	1.815115E-10	4.068520E-14
4.247500E+03	1.829968E-10	4.101674E-14
4.250000E+03	1.841995E-10	4.128493E-14
4.252500E+03	1.853780E-10	4.154770E-14
4.255000E+03	1.857608E-10	4.163214E-14
4.257500E+03	1.862666E-10	4.174416E-14
4.260000E+03	1.865715E-10	4.181117E-14
4.262500E+03	1.868434E-10	4.187078E-14
4.265000E+03	1.874943E-10	4.201536E-14
4.267500E+03	1.879559E-10	4.211754E-14
4.270000E+03	1.878842E-10	4.210021E-14
4.272500E+03	1.873918E-10	4.198866E-14
4.275000E+03	1.870902E-10	4.191988E-14
4.277500E+03	1.866463E-10	4.181925E-14
4.280000E+03	1.865036E-10	4.178612E-14
4.282500E+03	1.859864E-10	4.166913E-14
4.285000E+03	1.853721E-10	4.153041E-14
4.287500E+03	1.847162E-10	4.138242E-14
4.290000E+03	1.840519E-10	4.123259E-14
4.292500E+03	1.832251E-10	4.104637E-14
4.295000E+03	1.825664E-10	4.089787E-14
4.297500E+03	1.819324E-10	4.075494E-14
4.300000E+03	1.808177E-10	4.050436E-14
4.302500E+03	1.797177E-10	4.025712E-14
4.305000E+03	1.785225E-10	3.998860E-14
4.307500E+03	1.772325E-10	3.969890E-14
4.310000E+03	1.759356E-10	3.940769E-14
4.312500E+03	1.744238E-10	3.906841E-14
4.315000E+03	1.730257E-10	3.875463E-14
4.317500E+03	1.717844E-10	3.847603E-14
4.320000E+03	1.700781E-10	3.809332E-14
4.322500E+03	1.687251E-10	3.778980E-14
4.325000E+03	1.677136E-10	3.756282E-14
4.327500E+03	1.661290E-10	3.720753E-14
4.330000E+03	1.647227E-10	3.689222E-14
4.332500E+03	1.638093E-10	3.668735E-14
4.335000E+03	1.631055E-10	3.652945E-14
4.337500E+03	1.622853E-10	3.634556E-14
4.340000E+03	1.613817E-10	3.614303E-14
4.342500E+03	1.605788E-10	3.596311E-14
4.345000E+03	1.594761E-10	3.571609E-14
4.347500E+03	1.584095E-10	3.547719E-14
4.350000E+03	1.578434E-10	3.535045E-14
4.352500E+03	1.572155E-10	3.520991E-14
4.355000E+03	1.567415E-10	3.510389E-14
4.357500E+03	1.564965E-10	3.504920E-14
4.360000E+03	1.558768E-10	3.491062E-14
4.362500E+03	1.551522E-10	3.474860E-14
4.365000E+03	1.548394E-10	3.467886E-14
4.367500E+03	1.546904E-10	3.464583E-14
4.370000E+03	1.544360E-10	3.458923E-14
4.372500E+03	1.539582E-10	3.448265E-14
4.375000E+03	1.535580E-10	3.439347E-14
4.377500E+03	1.534498E-10	3.436975E-14
4.380000E+03	1.532578E-10	3.432728E-14
4.382500E+03	1.530463E-10	3.428047E-14
4.385000E+03	1.527297E-10	3.421015E-14
4.387500E+03	1.530898E-10	3.429144E-14
4.390000E+03	1.531086E-10	3.429632E-14
4.392500E+03	1.529153E-10	3.425370E-14
4.395000E+03	1.530765E-10	3.429055E-14
4.397500E+03	1.533354E-10	3.434930E-14
4.400000E+03	1.534140E-10	3.436769E-14
4.402500E+03	1.532273E-10	3.432668E-14
4.405000E+03	1.534905E-10	3.438646E-14
4.407500E+03	1.535522E-10	3.440115E-14
4.410000E+03	1.536794E-10	3.443054E-14
4.412500E+03	1.536161E-10	3.441727E-14
4.415000E+03	1.535862E-10	3.441151E-14
4.417500E+03	1.536216E-10	3.442039E-14
4.420000E+03	1.537223E-10	3.444394E-14
4.422500E+03	1.541543E-10	3.454173E-14
4.425000E+03	1.545447E-10	3.463022E-14
4.427500E+03	1.546170E-10	3.464747E-14
4.430000E+03	1.545312E-10	3.462929E-14
4.432500E+03	1.546592E-10	3.465906E-14
4.435000E+03	1.550115E-10	3.473910E-14
4.437500E+03	1.551736E-10	3.477656E-14
4.440000E+03	1.552731E-10	3.479999E-14
4.442500E+03	1.550767E-10	3.475710E-14
4.445000E+03	1.553907E-10	3.482864E-14
4.447500E+03	1.557588E-10	3.491231E-14
4.450000E+03	1.561490E-10	3.500097E-14
4.452500E+03	1.564129E-10	3.506132E-14
4.455000E+03	1.564127E-10	3.506249E-14
4.457500E+03	1.563924E-10	3.505917E-14
4.460000E+03	1.568075E-10	3.515345E-14
4.462500E+03	1.572657E-10	3.525743E-14
4.465000E+03	1.574707E-10	3.530465E-14
4.467500E+03	1.573801E-10	3.528560E-14
4.470000E+03	1.574599E-10	3.530478E-14
4.472500E+03	1.571915E-10	3.524587E-14
4.475000E+03	1.567865E-10	3.515635E-14
4.477500E+03	1.566788E-10	3.513349E-14
4.480000E+03	1.568258E-10	3.516774E-14
4.482500E+03	1.568361E-10	3.517135E-14
4.485000E+03	1.565620E-10	3.511118E-14
4.487500E+03	1.559400E-10	3.497299E-14
4.490000E+03	1.555305E-10	3.488245E-14
4.492500E+03	1.551957E-10	3.480866E-14
4.495000E+03	1.547986E-10	3.472090E-14
4.497500E+03	1.541699E-10	3.458120E-14
4.500000E+03	1.533417E-10	3.439670E-14
4.502500E+03	1.526727E-10	3.424794E-14
4.505000E+03	1.520575E-10	3.411120E-14
4.507500E+03	1.513797E-10	3.396044E-14
4.510000E+03	1.505657E-10	3.377909E-14
4.512500E+03	1.496260E-10	3.356954E-14
4.515000E+03	1.489297E-10	3.341458E-14
4.517500E+03	1.480761E-10	3.322430E-14
4.520000E+03	1.469279E-10	3.296792E-14
4.522500E+03	1.460021E-10	3.276141E-14
4.525000E+03	1.455198E-10	3.265440E-14
4.527500E+03	1.450488E-10	3.254992E-14
4.530000E+03	1.439986E-10	3.231546E-14
4.532500E+03	1.429070E-10	3.207168E-14
4.535000E+03	1.421323E-10	3.189900E-14
4.537500E+03	1.410632E-10	3.166022E-14
4.540000E+03	1.400263E-10	3.142867E-14
4.542500E+03	1.389270E-10	3.118306E-14
4.545000E+03	1.376175E-10	3.089028E-14
4.547500E+03	1.361823E-10	3.056924E-14
4.550000E+03	1.347900E-10	3.025780E-14
4.552500E+03	1.333982E-10	2.994646E-14
4.555000E+03	1.317754E-10	2.958321E-14
4.557500E+03	1.301216E-10	2.921300E-14
4.560000E+03	1.283947E-10	2.882633E-14
4.562500E+03	1.264053E-10	2.838069E-14
4.565000E+03	1.245217E-10	2.795878E-14
4.567500E+03	1.226387E-10	2.753696E-14
4.570000E+03	1.205773E-10	2.707505E-14
4.572500E+03	1.183481E-10	2.657542E-14
4.575000E+03	1.164563E-10	2.615151E-14
4.577500E+03	1.145228E-10	2.571820E-14
4.580000E+03	1.126528E-10	2.529914E-14
4.582500E+03	1.103415E-10	2.478092E-14
4.585000E+03	1.081043E-10	2.427930E-14
4.587500E+03	1.062252E-10	2.385808E-14
4.590000E+03	1.042319E-10	2.341115E-14
4.592500E+03	1.022390E-10	2.296430E-14
4.595000E+03	1.002275E-10	2.251323E-14
4.597500E+03	9.816898E-11	2.205157E-14
4.600000E+03	9.625177E-11	2.162161E-14
4.602500E+03	9.400579E-11	2.111777E-14
4.605000E+03	9.208610E-11	2.068718E-14
4.607500E+03	9.056627E-11	2.034640E-14
4.610000E+03	8.903723E-11	2.000352E-14
4.612500E+03	8.740118E-11	1.963657E-14
4.615000E+03	8.576012E-11	1.926847E-14
4.617500E+03	8.448934E-11	1.898354E-14
4.620000E+03	8.342689E-11	1.874540E-14
4.622500E+03	8.238458E-11	1.851176E-14
4.625000E+03	8.127619E-11	1.826326E-14
4.627500E+03	8.021211E-11	1.802469E-14
4.630000E+03	7.945717E-11	1.785558E-14
4.632500E+03	7.919316E-11	1.779678E-14
4.635000E+03	7.888296E-11	1.772758E-14
4.637500E+03	7.851083E-11	1.764446E-14
4.640000E+03	7.817554E-11	1.756961E-14
4.642500E+03	7.802946E-11	1.753728E-14
4.645000E+03	7.807886E-11	1.754888E-14
4.647500E+03	7.816084E-11	1.756779E-14
4.650000E+03	7.852653E-11	1.765047E-14
4.652500E+03	7.912545E-11	1.778558E-14
4.655000E+03	8.008469E-11	1.800168E-14
4.657500E+03	8.144938E-11	1.830894E-14
4.660000E+03	8.296210E-11	1.864947E-14
4.662500E+03	8.477094E-11	1.905659E-14
4.665000E+03	8.658172E-11	1.946417E-14
4.667500E+03	8.821799E-11	1.983252E-14
4.670000E+03	9.031417E-11	2.030429E-14
4.672500E+03	9.269586E-11	2.084027E-14
4.675000E+03	9.508889E-11	2.137882E-14
4.677500E+03	9.751849E-11	2.192561E-14
4.680000E+03	1.002608E-10	2.254272E-14
4.682500E+03	1.029818E-10	2.315508E-14
4.685000E+03	1.055051E-10	2.372301E-14
4.687500E+03	1.080944E-10	2.430579E-14
4.690000E+03	1.109459E-10	2.494756E-14
4.692500E+03	1.137341E-10	2.557513E-14
4.695000E+03	1.166375E-10	2.622860E-14
4.697500E+03	1.191835E-10	2.680176E-14
4.700000E+03	1.213304E-10	2.728515E-14
4.702500E+03	1.236764E-10	2.781335E-14
4.705000E+03	1.260852E-10	2.835569E-14
4.707500E+03	1.285146E-10	2.890268E-14
4.710000E+03	1.310592E-10	2.947558E-14
4.712500E+03	1.332255E-10	2.996343E-14
4.715000E+03	1.352761E-10	3.042527E-14
4.717500E+03	1.371690E-10	3.085163E-14
4.720000E+03	1.387677E-10	3.121185E-14
4.722500E+03	1.403030E-10	3.155784E-14
4.725000E+03	1.416599E-10	3.186366E-14
4.727500E+03	1.428589E-10	3.213400E-14
4.730000E+03	1.438479E-10	3.235709E-14
4.732500E+03	1.446268E-10	3.253293E-14
4.735000E+03	1.455628E-10	3.274412E-14
4.737500E+03	1.467923E-10	3.302130E-14
4.740000E+03	1.479376E-10	3.327956E-14
4.742500E+03	1.491350E-10	3.354955E-14
4.745000E+03	1.503320E-10	3.381946E-14
4.747500E+03	1.515393E-10	3.409166E-14
4.750000E+03	1.524316E-10	3.429303E-14
4.752500E+03	1.531978E-10	3.446600E-14
4.755000E+03	1.540266E-10	3.465306E-14
4.757500E+03	1.551068E-10	3.489668E-14
4.760000E+03	1.562494E-10	3.515435E-14
4.762500E+03	1.572241E-10	3.537423E-14
4.765000E+03	1.580725E-10	3.556570E-14
4.767500E+03	1.589311E-10	3.575947E-14
4.770000E+03	1.594749E-10	3.588240E-14
4.772500E+03	1.597354E-10	3.594159E-14
4.775000E+03	1.598490E-10	3.596770E-14
4.777500E+03	1.595850E-10	3.590887E-14
4.780000E+03	1.593942E-10	3.586648E-14
4.782500E+03	1.592661E-10	3.583818E-14
4.785000E+03	1.592844E-10	3.584284E-14
4.787500E+03	1.592501E-10	3.583564E-14
4.790000E+03	1.591738E-10	3.581898E-14
4.792500E+03	1.589819E-10	3.577631E-14
4.795000E+03	1.585489E-10	3.567937E-14
4.797500E+03	1.580529E-10	3.556824E-14
4.800000E+03	1.576405E-10	3.547592E-14
4.802500E+03	1.572385E-10	3.538593E-14
4.805000E+03	1.568572E-10	3.530058E-14
4.807500E+03	1.564548E-10	3.521048E-14
4.810000E+03	1.559579E-10	3.509911E-14
4.812500E+03	1.553249E-10	3.495709E-14
4.815000E+03	1.548696E-10	3.485507E-14
4.817500E+03	1.546653E-10	3.480950E-14
4.820000E+03	1.545968E-10	3.479450E-14
4.822500E+03	1.544442E-10	3.476060E-14
4.825000E+03	1.541347E-10	3.469133E-14
4.827500E+03	1.536784E-10	3.458904E-14
4.830000E+03	1.535254E-10	3.455498E-14
4.832500E+03	1.537066E-10	3.459617E-14
4.835000E+03	1.538144E-10	3.462081E-14
4.837500E+03	1.539845E-10	3.465948E-14
4.840000E+03	1.542171E-10	3.471220E-14
4.842500E+03	1.543657E-10	3.474602E-14
4.845000E+03	1.545558E-10	3.478917E-14
4.847500E+03	1.546829E-10	3.481813E-14
4.850000E+03	1.548305E-10	3.485172E-14
4.852500E+03	1.549152E-10	3.487113E-14
4.855000E+03	1.548116E-10	3.484813E-14
4.857500E+03	1.545823E-10	3.479685E-14
4.860000E+03	1.541649E-10	3.470322E-14
4.862500E+03	1.537054E-10	3.460012E-14
4.865000E+03	1.534234E-10	3.453694E-14
4.867500E+03	1.533915E-10	3.453008E-14
4.870000E+03	1.533385E-10	3.451845E-14
4.872500E+03	1.530766E-10	3.445979E-14
4.875000E+03	1.527205E-10	3.437992E-14
4.877500E+03	1.524686E-10	3.432349E-14
4.880000E+03	1.519870E-10	3.421536E-14
4.882500E+03	1.514843E-10	3.410247E-14
4.885000E+03	1.512736E-10	3.405529E-14
4.887500E+03	1.511563E-10	3.402915E-14
4.890000E+03	1.508721E-10	3.396543E-14
4.892500E+03	1.505562E-10	3.389458E-14
4.895000E+03	1.501778E-10	3.380964E-14
4.897500E+03	1.496950E-10	3.370118E-14
4.900000E+03	1.491286E-10	3.357392E-14
4.902500E+03	1.486039E-10	3.345602E-14
4.905000E+03	1.480478E-10	3.333103E-14
4.907500E+03	1.473666E-10	3.317789E-14
4.910000E+03	1.468623E-10	3.306457E-14
4.912500E+03	1.464308E-10	3.296763E-14
4.915000E+03	1.459263E-10	3.285425E-14
4.917500E+03	1.453071E-10	3.271506E-14
4.920000E+03	1.448337E-10	3.260866E-14
4.922500E+03	1.442352E-10	3.247412E-14
4.925000E+03	1.432415E-10	3.225056E-14
4.927500E+03	1.422167E-10	3.202001E-14
4.930000E+03	1.411088E-10	3.177074E-14
4.932500E+03	1.400219E-10	3.152619E-14
4.935000E+03	1.391116E-10	3.132142E-14
4.937500E+03	1.381288E-10	3.110030E-14
4.940000E+03	1.370214E-10	3.085111E-14
4.942500E+03	1.360077E-10	3.062302E-14
4.945000E+03	1.351705E-10	3.043467E-14
4.947500E+03	1.341882E-10	3.021364E-14
4.950000E+03	1.331540E-10	2.998092E-14
4.952500E+03	1.322030E-10	2.976692E-14
4.955000E+03	1.310551E-10	2.950857E-14
4.957500E+03	1.300421E-10	2.928062E-14
4.960000E+03	1.292990E-10	2.911343E-14
4.962500E+03	1.284315E-10	2.891822E-14
4.965000E+03	1.275538E-10	2.872069E-14
4.967500E+03	1.268937E-10	2.857218E-14
4.970000E+03	1.263478E-10	2.844935E-14
4.972500E+03	1.257396E-10	2.831251E-14
4.975000E+03	1.251729E-10	2.818501E-14
4.977500E+03	1.249169E-10	2.812746E-14
4.980000E+03	1.248781E-10	2.811881E-14
4.982500E+03	1.246320E-10	2.806348E-14
4.985000E+03	1.243548E-10	2.800116E-14
4.987500E+03	1.242740E-10	2.798306E-14
4.990000E+03	1.243792E-10	2.800682E-14
4.992500E+03	1.245151E-10	2.803749E-14
4.995000E+03	1.247850E-10	2.809835E-14
4.997500E+03	1.252820E-10	2.821033E-14
5.000000E+03	1.256338E-10	2.828962E-14
5.002500E+03	1.257889E-10	2.832462E-14
5.005000E+03	1.257681E-10	2.831999E-14
5.007500E+03	1.259227E-10	2.835486E-14
5.010000E+03	1.260356E-10	2.838034E-14
5.012500E+03	1.260656E-10	2.838716E-14
5.015000E+03	1.262295E-10	2.842411E-14
5.017500E+03	1.263312E-10	2.844706E-14
5.020000E+03	1.263398E-10	2.844905E-14
5.022500E+03	1.263378E-10	2.844864E-14
5.025000E+03	1.261191E-10	2.839944E-14
5.027500E+03	1.258900E-10	2.834790E-14
5.030000E+03	1.258565E-10	2.834039E-14
5.032500E+03	1.257712E-10	2.832122E-14
5.035000E+03	1.257270E-10	2.831130E-14
5.037500E+03	1.257958E-10	2.832683E-14
5.040000E+03	1.257614E-10	2.831911E-14
5.042500E+03	1.256341E-10	2.829048E-14
5.045000E+03	1.253936E-10	2.823635E-14
5.047500E+03	1.253278E-10	2.822154E-14
5.050000E+03	1.253337E-10	2.822290E-14
5.052500E+03	1.251852E-10	2.818949E-14
5.055000E+03	1.248107E-10	2.810516E-14
5.057500E+03	1.247133E-10	2.808325E-14
5.060000E+03	1.246979E-10	2.807978E-14
5.062500E+03	1.244668E-10	2.802775E-14
5.065000E+03	1.243484E-10	2.800110E-14
5.067500E+03	1.244248E-10	2.801830E-14
5.070000E+03	1.244804E-10	2.803083E-14
5.072500E+03	1.243717E-10	2.800635E-14
5.075000E+03	1.242628E-10	2.798183E-14
5.077500E+03	1.241128E-10	2.794805E-14
5.080000E+03	1.239320E-10	2.790733E-14
5.082500E+03	1.237920E-10	2.787579E-14
5.085000E+03	1.236518E-10	2.784422E-14
5.087500E+03	1.236241E-10	2.783797E-14
5.090000E+03	1.236883E-10	2.785241E-14
5.092500E+03	1.237420E-10	2.786448E-14
5.095000E+03	1.234785E-10	2.780512E-14
5.097500E+03	1.233376E-10	2.777338E-14
5.100000E+03	1.233090E-10	2.776690E-14
5.102500E+03	1.231372E-10	2.772820E-14
5.105000E+03	1.230776E-10	2.771476E-14
5.107500E+03	1.232526E-10	2.775413E-14
5.110000E+03	1.233661E-10	2.777965E-14
5.112500E+03	1.233058E-10	2.776606E-14
5.115000E+03	1.232965E-10	2.776392E-14
5.117500E+03	1.233888E-10	2.778466E-14
5.120000E+03	1.234605E-10	2.780077E-14
5.122500E+03	1.233894E-10	2.778472E-14
5.125000E+03	1.232875E-10	2.776173E-14
5.127500E+03	1.229920E-10	2.769516E-14
5.130000E+03	1.224015E-10	2.756214E-14
5.132500E+03	1.216585E-10	2.739480E-14
5.135000E+03	1.209159E-10	2.722752E-14
5.137500E+03	1.203260E-10	2.709465E-14
5.140000E+03	1.196348E-10	2.693896E-14
5.142500E+03	1.190758E-10	2.681304E-14
5.145000E+03	1.187407E-10	2.673752E-14
5.147500E+03	1.184055E-10	2.666198E-14
5.150000E+03	1.181312E-10	2.660017E-14
5.152500E+03	1.180498E-10	2.658178E-14
5.155000E+03	1.180089E-10	2.657251E-14
5.157500E+03	1.178967E-10	2.654720E-14
5.160000E+03	1.180684E-10	2.658579E-14
5.162500E+03	1.184525E-10	2.667223E-14
5.165000E+03	1.191198E-10	2.682241E-14
5.167500E+03	1.199788E-10	2.701577E-14
5.170000E+03	1.206548E-10	2.716792E-14
5.172500E+03	1.215326E-10	2.736550E-14
5.175000E+03	1.224399E-10	2.756971E-14
5.177500E+03	1.233666E-10	2.777832E-14
5.180000E+03	1.241814E-10	2.796170E-14
5.182500E+03	1.249247E-10	2.812899E-14
5.185000E+03	1.256269E-10	2.828702E-14
5.187500E+03	1.264696E-10	2.847670E-14
5.190000E+03	1.270797E-10	2.861398E-14
5.192500E+03	1.273763E-10	2.868068E-14
5.195000E+03	1.276928E-10	2.875186E-14
5.197500E+03	1.279382E-10	2.880702E-14
5.200000E+03	1.279113E-10	2.880089E-14
5.202500E+03	1.277633E-10	2.876748E-14
5.205000E+03	1.274844E-10	2.870460E-14
5.207500E+03	1.269539E-10	2.858505E-14
5.210000E+03	1.262325E-10	2.842253E-14
5.212500E+03	1.252400E-10	2.819896E-14
5.215000E+03	1.241776E-10	2.795967E-14
5.217500E+03	1.229249E-10	2.767752E-14
5.220000E+03	1.215224E-10	2.736165E-14
5.222500E+03	1.201408E-10	2.705048E-14
5.225000E+03	1.184591E-10	2.667174E-14
5.227500E+03	1.171196E-10	2.637006E-14
5.230000E+03	1.158915E-10	2.609344E-14
5.232500E+03	1.145137E-10	2.578314E-14
5.235000E+03	1.133173E-10	2.551367E-14
5.237500E+03	1.123422E-10	2.529405E-14
5.240000E+03	1.115981E-10	2.512642E-14
5.242500E+03	1.107945E-10	2.494539E-14
5.245000E+03	1.101013E-10	2.478924E-14
5.247500E+03	1.097089E-10	2.470079E-14
5.250000E+03	1.094066E-10	2.463265E-14
5.252500E+03	1.093345E-10	2.461632E-14
5.255000E+03	1.092524E-10	2.459775E-14
5.257500E+03	1.089604E-10	2.453192E-14
5.260000E+03	1.087286E-10	2.447963E-14
5.262500E+03	1.085766E-10	2.444533E-14
5.265000E+03	1.083648E-10	2.439756E-14
5.267500E+03	1.082329E-10	2.436778E-14
5.270000E+03	1.080413E-10	2.432454E-14
5.272500E+03	1.079294E-10	2.429926E-14
5.275000E+03	1.078176E-10	2.427401E-14
5.277500E+03	1.077357E-10	2.425547E-14
5.280000E+03	1.075543E-10	2.421455E-14
5.282500E+03	1.072536E-10	2.414675E-14
5.285000E+03	1.069629E-10	2.408121E-14
5.287500E+03	1.067320E-10	2.402915E-14
5.290000E+03	1.065412E-10	2.398610E-14
5.292500E+03	1.062113E-10	2.391174E-14
5.295000E+03	1.059709E-10	2.385754E-14
5.297500E+03	1.058399E-10	2.382797E-14
5.300000E+03	1.054114E-10	2.373141E-14
5.302500E+03	1.051219E-10	2.366615E-14
5.305000E+03	1.046443E-10	2.355855E-14
5.307500E+03	1.042760E-10	2.347555E-14
5.310000E+03	1.039675E-10	2.340602E-14
5.312500E+03	1.035502E-10	2.331200E-14
5.315000E+03	1.030442E-10	2.319799E-14
5.317500E+03	1.025583E-10	2.308853E-14
5.320000E+03	1.020727E-10	2.297914E-14
5.322500E+03	1.015876E-10	2.286984E-14
5.325000E+03	1.011818E-10	2.277844E-14
5.327500E+03	1.008061E-10	2.269378E-14
5.330000E+03	1.003318E-10	2.258693E-14
5.332500E+03	9.991717E-11	2.249352E-14
5.335000E+03	9.942395E-11	2.238242E-14
5.337500E+03	9.888174E-11	2.226029E-14
5.340000E+03	9.842971E-11	2.215847E-14
5.342500E+03	9.785284E-11	2.202854E-14
5.345000E+03	9.734443E-11	2.191403E-14
5.347500E+03	9.686105E-11	2.180516E-14
5.350000E+03	9.636920E-11	2.169438E-14
5.352500E+03	9.585808E-11	2.157926E-14
5.355000E+03	9.535622E-11	2.146623E-14
5.357500E+03	9.516063E-11	2.142215E-14
5.360000E+03	9.486003E-11	2.135444E-14
5.362500E+03	9.450269E-11	2.127395E-14
5.365000E+03	9.405725E-11	2.117363E-14
5.367500E+03	9.363086E-11	2.107760E-14
5.370000E+03	9.350909E-11	2.105015E-14
5.372500E+03	9.331683E-11	2.100684E-14
5.375000E+03	9.311690E-11	2.096180E-14
5.377500E+03	9.287010E-11	2.090621E-14
5.380000E+03	9.266175E-11	2.085928E-14
5.382500E+03	9.260644E-11	2.084680E-14
5.385000E+03	9.254830E-11	2.083369E-14
5.387500E+03	9.233556E-11	2.078578E-14
5.390000E+03	9.214360E-11	2.074255E-14
5.392500E+03	9.202129E-11	2.071500E-14
5.395000E+03	9.169674E-11	2.064193E-14
5.397500E+03	9.155820E-11	2.061073E-14
5.400000E+03	9.137097E-11	2.056858E-14
5.402500E+03	9.120153E-11	2.053044E-14
5.405000E+03	9.110746E-11	2.050926E-14
5.407500E+03	9.086909E-11	2.045560E-14
5.410000E+03	9.045536E-11	2.036248E-14
5.412500E+03	9.022730E-11	2.031115E-14
5.415000E+03	9.012422E-11	2.028796E-14
5.417500E+03	8.983224E-11	2.022224E-14
5.420000E+03	8.934764E-11	2.011318E-14
5.422500E+03	8.869014E-11	1.996519E-14
5.425000E+03	8.802246E-11	1.981491E-14
5.427500E+03	8.739618E-11	1.967395E-14
5.430000E+03	8.670233E-11	1.951779E-14
5.432500E+03	8.623168E-11	1.941187E-14
5.435000E+03	8.560007E-11	1.926972E-14
5.437500E+03	8.501754E-11	1.913862E-14
5.440000E+03	8.454037E-11	1.903124E-14
5.442500E+03	8.418007E-11	1.895017E-14
5.445000E+03	8.380162E-11	1.886502E-14
5.447500E+03	8.344676E-11	1.878518E-14
5.450000E+03	8.330360E-11	1.875300E-14
5.452500E+03	8.333797E-11	1.876079E-14
5.455000E+03	8.349249E-11	1.879562E-14
5.457500E+03	8.348320E-11	1.879358E-14
5.460000E+03	8.354269E-11	1.880703E-14
5.462500E+03	8.370670E-11	1.884400E-14
5.465000E+03	8.387834E-11	1.888270E-14
5.467500E+03	8.394152E-11	1.889699E-14
5.470000E+03	8.407623E-11	1.892737E-14
5.472500E+03	8.415574E-11	1.894533E-14
5.475000E+03	8.431637E-11	1.898156E-14
5.477500E+03	8.463432E-11	1.905320E-14
5.480000E+03	8.489411E-11	1.911175E-14
5.482500E+03	8.514117E-11	1.916744E-14
5.485000E+03	8.551443E-11	1.925154E-14
5.487500E+03	8.577747E-11	1.931083E-14
5.490000E+03	8.576747E-11	1.930865E-14
5.492500E+03	8.576904E-11	1.930908E-14
5.495000E+03	8.573687E-11	1.930191E-14
5.497500E+03	8.570762E-11	1.929540E-14
5.500000E+03	8.570628E-11	1.929518E-14
5.502500E+03	8.551920E-11	1.925314E-14
5.505000E+03	8.501958E-11	1.914074E-14
5.507500E+03	8.441838E-11	1.900546E-14
5.510000E+03	8.407715E-11	1.892872E-14
5.512500E+03	8.376498E-11	1.885852E-14
5.515000E+03	8.349817E-11	1.879853E-14
5.517500E+03	8.306348E-11	1.870074E-14
5.520000E+03	8.269916E-11	1.861880E-14
5.522500E+03	8.244928E-11	1.856262E-14
5.525000E+03	8.198660E-11	1.845853E-14
5.527500E+03	8.165560E-11	1.838409E-14
5.530000E+03	8.139382E-11	1.832524E-14
5.532500E+03	8.106802E-11	1.825196E-14
5.535000E+03	8.085256E-11	1.820354E-14
5.537500E+03	8.064394E-11	1.815665E-14
5.540000E+03	8.044883E-11	1.811280E-14
5.542500E+03	8.039544E-11	1.810086E-14
5.545000E+03	8.033153E-11	1.808655E-14
5.547500E+03	8.026571E-11	1.807181E-14
5.550000E+03	8.024961E-11	1.806827E-14
5.552500E+03	8.017329E-11	1.805117E-14
5.555000E+03	8.000149E-11	1.801257E-14
5.557500E+03	7.994337E-11	1.799956E-14
5.560000E+03	8.009329E-11	1.803340E-14
5.562500E+03	8.024878E-11	1.806849E-14
5.565000E+03	8.015522E-11	1.804751E-14
5.567500E+03	8.005692E-11	1.802546E-14
5.570000E+03	8.006251E-11	1.802680E-14
5.572500E+03	7.992231E-11	1.799531E-14
5.575000E+03	7.958982E-11	1.792053E-14
5.577500E+03	7.940505E-11	1.787901E-14
5.580000E+03	7.939355E-11	1.787650E-14
5.582500E+03	7.942194E-11	1.788297E-14
5.585000E+03	7.921353E-11	1.783613E-14
5.587500E+03	7.892062E-11	1.777025E-14
5.590000E+03	7.880364E-11	1.774399E-14
5.592500E+03	7.842647E-11	1.765914E-14
5.595000E+03	7.804383E-11	1.757306E-14
5.597500E+03	7.773070E-11	1.750263E-14
5.600000E+03	7.741774E-11	1.743224E-14
5.602500E+03	7.710212E-11	1.736125E-14
5.605000E+03	7.692981E-11	1.732253E-14
5.607500E+03	7.690918E-11	1.731796E-14
5.610000E+03	7.685534E-11	1.730591E-14
5.612500E+03	7.665852E-11	1.726166E-14
5.615000E+03	7.649396E-11	1.722468E-14
5.617500E+03	7.637109E-11	1.719709E-14
5.620000E+03	7.635890E-11	1.719442E-14
5.622500E+03	7.665958E-11	1.726220E-14
5.625000E+03	7.672842E-11	1.727777E-14
5.627500E+03	7.669607E-11	1.727056E-14
5.630000E+03	7.669956E-11	1.727142E-14
5.632500E+03	7.643018E-11	1.721083E-14
5.635000E+03	7.615527E-11	1.714899E-14
5.637500E+03	7.603520E-11	1.712203E-14
5.640000E+03	7.608673E-11	1.713370E-14
5.642500E+03	7.618245E-11	1.715532E-14
5.645000E+03	7.617345E-11	1.715337E-14
5.647500E+03	7.617474E-11	1.715373E-14
5.650000E+03	7.638211E-11	1.720049E-14
5.652500E+03	7.646598E-11	1.721945E-14
5.655000E+03	7.639731E-11	1.720405E-14
5.657500E+03	7.634086E-11	1.719140E-14
5.660000E+03	7.644884E-11	1.721579E-14
5.662500E+03	7.645989E-11	1.721834E-14
5.665000E+03	7.650935E-11	1.722954E-14
5.667500E+03	7.641131E-11	1.720753E-14
5.670000E+03	7.627386E-11	1.717664E-14
5.672500E+03	7.614488E-11	1.714766E-14
5.675000E+03	7.593903E-11	1.710136E-14
5.677500E+03	7.584104E-11	1.707936E-14
5.680000E+03	7.579833E-11	1.706980E-14
5.682500E+03	7.571062E-11	1.705011E-14
5.685000E+03	7.561915E-11	1.702957E-14
5.687500E+03	7.563247E-11	1.703263E-14
5.690000E+03	7.572614E-11	1.705378E-14
5.692500E+03	7.572708E-11	1.705405E-14
5.695000E+03	7.560269E-11	1.702610E-14
5.697500E+03	7.552971E-11	1.700972E-14
5.700000E+03	7.538199E-11	1.697651E-14
5.702500E+03	7.522777E-11	1.694183E-14
5.705000E+03	7.518275E-11	1.693175E-14
5.707500E+03	7.523655E-11	1.694392E-14
5.710000E+03	7.531819E-11	1.696236E-14
5.712500E+03	7.528504E-11	1.695495E-14
5.715000E+03	7.496958E-11	1.688396E-14
5.717500E+03	7.484052E-11	1.685494E-14
5.720000E+03	7.476638E-11	1.683830E-14
5.722500E+03	7.460570E-11	1.680216E-14
5.725000E+03	7.461152E-11	1.680352E-14
5.727500E+03	7.457356E-11	1.679502E-14
5.730000E+03	7.439988E-11	1.675596E-14
5.732500E+03	7.439528E-11	1.675497E-14
5.735000E+03	7.448159E-11	1.677446E-14
5.737500E+03	7.445544E-11	1.676861E-14
5.740000E+03	7.446076E-11	1.676986E-14
5.742500E+03	7.451326E-11	1.678173E-14
5.745000E+03	7.470372E-11	1.682467E-14
5.747500E+03	7.500603E-11	1.689280E-14
5.750000E+03	7.526907E-11	1.695208E-14
5.752500E+03	7.560769E-11	1.702839E-14
5.755000E+03	7.565727E-11	1.703960E-14
5.757500E+03	7.566786E-11	1.704203E-14
5.760000E+03	7.552582E-11	1.701008E-14
5.762500E+03	7.520270E-11	1.693735E-14
5.765000E+03	7.512174E-11	1.691916E-14
5.767500E+03	7.508600E-11	1.691115E-14
5.770000E+03	7.498190E-11	1.688775E-14
5.772500E+03	7.475421E-11	1.683650E-14
5.775000E+03	7.452754E-11	1.678549E-14
5.777500E+03	7.447330E-11	1.677331E-14
5.780000E+03	7.438401E-11	1.675324E-14
5.782500E+03	7.424773E-11	1.672258E-14
5.785000E+03	7.423574E-11	1.671992E-14
5.787500E+03	7.425308E-11	1.672386E-14
5.790000E+03	7.427860E-11	1.672964E-14
5.792500E+03	7.408433E-11	1.668592E-14
5.795000E+03	7.388186E-11	1.664035E-14
5.797500E+03	7.374652E-11	1.660990E-14
5.800000E+03	7.361946E-11	1.658132E-14
5.802500E+03	7.340618E-11	1.653331E-14
5.805000E+03	7.322326E-11	1.649214E-14
5.807500E+03	7.326863E-11	1.650240E-14
5.810000E+03	7.326715E-11	1.650209E-14
5.812500E+03	7.319506E-11	1.648588E-14
5.815000E+03	7.313117E-11	1.647152E-14
5.817500E+03	7.294282E-11	1.642913E-14
5.820000E+03	7.274723E-11	1.638510E-14
5.822500E+03	7.259743E-11	1.635139E-14
5.825000E+03	7.253446E-11	1.633723E-14
5.827500E+03	7.264588E-11	1.636236E-14
5.830000E+03	7.274250E-11	1.638414E-14
5.832500E+03	7.299949E-11	1.644205E-14
5.835000E+03	7.335646E-11	1.652248E-14
5.837500E+03	7.360545E-11	1.657858E-14
5.840000E+03	7.386777E-11	1.663769E-14
5.842500E+03	7.396764E-11	1.666021E-14
5.845000E+03	7.383796E-11	1.663103E-14
5.847500E+03	7.371923E-11	1.660430E-14
5.850000E+03	7.340318E-11	1.653314E-14
5.852500E+03	7.301826E-11	1.644646E-14
5.855000E+03	7.270084E-11	1.637499E-14
5.857500E+03	7.242177E-11	1.631215E-14
5.860000E+03	7.213288E-11	1.624710E-14
5.862500E+03	7.180336E-11	1.617290E-14
5.865000E+03	7.147497E-11	1.609895E-14
5.867500E+03	7.118304E-11	1.603322E-14
5.870000E+03	7.098824E-11	1.598936E-14
5.872500E+03	7.067765E-11	1.591942E-14
5.875000E+03	7.035188E-11	1.584606E-14
5.877500E+03	7.017287E-11	1.580575E-14
5.880000E+03	6.995417E-11	1.575651E-14
5.882500E+03	6.976179E-11	1.571319E-14
5.885000E+03	6.944398E-11	1.564162E-14
5.887500E+03	6.916971E-11	1.557986E-14
5.890000E+03	6.900572E-11	1.554293E-14
5.892500E+03	6.880843E-11	1.549851E-14
5.895000E+03	6.865541E-11	1.546405E-14
5.897500E+03	6.845653E-11	1.541927E-14
5.900000E+03	6.807584E-11	1.533353E-14
5.902500E+03	6.769095E-11	1.524685E-14
5.905000E+03	6.758884E-11	1.522386E-14
5.907500E+03	6.753890E-11	1.521262E-14
5.910000E+03	6.737840E-11	1.517647E-14
5.912500E+03	6.742726E-11	1.518749E-14
5.915000E+03	6.756129E-11	1.521769E-14
5.917500E+03	6.755243E-11	1.521570E-14
5.920000E+03	6.750581E-11	1.520520E-14
5.922500E+03	6.745917E-11	1.519471E-14
5.925000E+03	6.741878E-11	1.518561E-14
5.927500E+03	6.740342E-11	1.518216E-14
5.930000E+03	6.721525E-11	1.513978E-14
5.932500E+03	6.703703E-11	1.509964E-14
5.935000E+03	6.691525E-11	1.507222E-14
5.937500E+03	6.680693E-11	1.504782E-14
5.940000E+03	6.672186E-11	1.502867E-14
5.942500E+03	6.659038E-11	1.499905E-14
5.945000E+03	6.617877E-11	1.490634E-14
5.947500E+03	6.575948E-11	1.481190E-14
5.950000E+03	6.557589E-11	1.477055E-14
5.952500E+03	6.537817E-11	1.472602E-14
5.955000E+03	6.517791E-11	1.468091E-14
5.957500E+03	6.502052E-11	1.464546E-14
5.960000E+03	6.500021E-11	1.464089E-14
5.962500E+03	6.519149E-11	1.468397E-14
5.965000E+03	6.534961E-11	1.471959E-14
5.967500E+03	6.557857E-11	1.477116E-14
5.970000E+03	6.594394E-11	1.485345E-14
5.972500E+03	6.613496E-11	1.489648E-14
5.975000E+03	6.609691E-11	1.488790E-14
5.977500E+03	6.609785E-11	1.488811E-14
5.980000E+03	6.619262E-11	1.490946E-14
5.982500E+03	6.627927E-11	1.492897E-14
5.985000E+03	6.631444E-11	1.493689E-14
5.987500E+03	6.632298E-11	1.493881E-14
5.990000E+03	6.629963E-11	1.493354E-14
5.992500E+03	6.636637E-11	1.494857E-14
5.995000E+03	6.652572E-11	1.498445E-14
5.997500E+03	6.662659E-11	1.500717E-14
6.000000E+03	6.660555E-11	1.500242E-14
6.002500E+03	6.648309E-11	1.497483E-14
6.005000E+03	6.632635E-11	1.493952E-14
6.007500E+03	6.622344E-11	1.491633E-14
6.010000E+03	6.608890E-11	1.488602E-14
6.012500E+03	6.576441E-11	1.481292E-14
6.015000E+03	6.538833E-11	1.472820E-14
6.017500E+03	6.510138E-11	1.466356E-14
6.020000E+03	6.475496E-11	1.458552E-14
6.022500E+03	6.431930E-11	1.448738E-14
6.025000E+03	6.399728E-11	1.441484E-14
6.027500E+03	6.368345E-11	1.434414E-14
6.030000E+03	6.327263E-11	1.425159E-14
6.032500E+03	6.289110E-11	1.416564E-14
6.035000E+03	6.262905E-11	1.410661E-14
6.037500E+03	6.232873E-11	1.403895E-14
6.040000E+03	6.189924E-11	1.394220E-14
6.042500E+03	6.158822E-11	1.387213E-14
6.045000E+03	6.128448E-11	1.380370E-14
6.047500E+03	6.087188E-11	1.371076E-14
6.050000E+03	6.045446E-11	1.361672E-14
6.052500E+03	5.994062E-11	1.350097E-14
6.055000E+03	5.943603E-11	1.338730E-14
6.057500E+03	5.900952E-11	1.329122E-14
6.060000E+03	5.856255E-11	1.319053E-14
6.062500E+03	5.797674E-11	1.305857E-14
6.065000E+03	5.730716E-11	1.290774E-14
6.067500E+03	5.671567E-11	1.277449E-14
6.070000E+03	5.613177E-11	1.264296E-14
6.072500E+03	5.549808E-11	1.250021E-14
6.075000E+03	5.478172E-11	1.233885E-14
6.077500E+03	5.414509E-11	1.219544E-14
6.080000E+03	5.362534E-11	1.207835E-14
6.082500E+03	5.301513E-11	1.194089E-14
6.085000E+03	5.229467E-11	1.177860E-14
6.087500E+03	5.163646E-11	1.163033E-14
6.090000E+03	5.116070E-11	1.152316E-14
6.092500E+03	5.072263E-11	1.142447E-14
6.095000E+03	5.013202E-11	1.129143E-14
6.097500E+03	4.959130E-11	1.116962E-14
6.100000E+03	4.921438E-11	1.108471E-14
6.102500E+03	4.872221E-11	1.097384E-14
6.105000E+03	4.813395E-11	1.084132E-14
6.107500E+03	4.755150E-11	1.071011E-14
6.110000E+03	4.688866E-11	1.056080E-14
6.112500E+03	4.613869E-11	1.039187E-14
6.115000E+03	4.540332E-11	1.022622E-14
6.117500E+03	4.470744E-11	1.006947E-14
6.120000E+03	4.410433E-11	9.933611E-15
6.122500E+03	4.368410E-11	9.838942E-15
6.125000E+03	4.327893E-11	9.747667E-15
6.127500E+03	4.284245E-11	9.649340E-15
6.130000E+03	4.239444E-11	9.548415E-15
6.132500E+03	4.183112E-11	9.421520E-15
6.135000E+03	4.122128E-11	9.284147E-15
6.137500E+03	4.070634E-11	9.168149E-15
6.140000E+03	4.015430E-11	9.043795E-15
6.142500E+03	3.939229E-11	8.872151E-15
6.145000E+03	3.867730E-11	8.711098E-15
6.147500E+03	3.801524E-11	8.561966E-15
6.150000E+03	3.742227E-11	8.428395E-15
6.152500E+03	3.702129E-11	8.338064E-15
6.155000E+03	3.662672E-11	8.249179E-15
6.157500E+03	3.626076E-11	8.166737E-15
6.160000E+03	3.581761E-11	8.066910E-15
6.162500E+03	3.530845E-11	7.952216E-15
6.165000E+03	3.487058E-11	7.853578E-15
6.167500E+03	3.448683E-11	7.767130E-15
6.170000E+03	3.414523E-11	7.690175E-15
6.172500E+03	3.385931E-11	7.625759E-15
6.175000E+03	3.364176E-11	7.576743E-15
6.177500E+03	3.328763E-11	7.496968E-15
6.180000E+03	3.289484E-11	7.408483E-15
6.182500E+03	3.268758E-11	7.361786E-15
6.185000E+03	3.257478E-11	7.336361E-15
6.187500E+03	3.252576E-11	7.325300E-15
6.190000E+03	3.235815E-11	7.287532E-15
6.192500E+03	3.192978E-11	7.191034E-15
6.195000E+03	3.153236E-11	7.101510E-15
6.197500E+03	3.124207E-11	7.036111E-15
6.200000E+03	3.094619E-11	6.969455E-15
6.202500E+03	3.065995E-11	6.904971E-15
6.205000E+03	3.036645E-11	6.838849E-15
6.207500E+03	3.005386E-11	6.768431E-15
6.210000E+03	2.989534E-11	6.732710E-15
6.212500E+03	2.982569E-11	6.717002E-15
6.215000E+03	2.974266E-11	6.698283E-15
6.217500E+03	2.986895E-11	6.726703E-15
6.220000E+03	3.015200E-11	6.790426E-15
6.222500E+03	3.040369E-11	6.847085E-15
6.225000E+03	3.065608E-11	6.903903E-15
6.227500E+03	3.098998E-11	6.979077E-15
6.230000E+03	3.139857E-11	7.071070E-15
6.232500E+03	3.174969E-11	7.150119E-15
6.235000E+03	3.215356E-11	7.241047E-15
6.237500E+03	3.249246E-11	7.317343E-15
6.240000E+03	3.278245E-11	7.382625E-15
6.242500E+03	3.318061E-11	7.472264E-15
6.245000E+03	3.364736E-11	7.577350E-15
6.247500E+03	3.417424E-11	7.695975E-15
6.250000E+03	3.475193E-11	7.826042E-15
6.252500E+03	3.552542E-11	8.000201E-15
6.255000E+03	3.619114E-11	8.150091E-15
6.257500E+03	3.680620E-11	8.288568E-15
6.260000E+03	3.761847E-11	8.471458E-15
6.262500E+03	3.840514E-11	8.648579E-15
6.265000E+03	3.932267E-11	8.855168E-15
6.267500E+03	4.038681E-11	9.094770E-15
6.270000E+03	4.130401E-11	9.301281E-15
6.272500E+03	4.230005E-11	9.525545E-15
6.275000E+03	4.354943E-11	9.806857E-15
6.277500E+03	4.486486E-11	1.010304E-14
6.280000E+03	4.624378E-11	1.041352E-14
6.282500E+03	4.750010E-11	1.069638E-14
6.285000E+03	4.876072E-11	1.098021E-14
6.287500E+03	5.033000E-11	1.133355E-14
6.290000E+03	5.195342E-11	1.169907E-14
6.292500E+03	5.359347E-11	1.206834E-14
6.295000E+03	5.532929E-11	1.245917E-14
6.297500E+03	5.715331E-11	1.286985E-14
6.300000E+03	5.903802E-11	1.329420E-14
6.302500E+03	6.099671E-11	1.373521E-14
6.305000E+03	6.291456E-11	1.416701E-14
6.307500E+03	6.465609E-11	1.455911E-14
6.310000E+03	6.667956E-11	1.501469E-14
6.312500E+03	6.877450E-11	1.548636E-14
6.315000E+03	7.048230E-11	1.587085E-14
6.317500E+03	7.233156E-11	1.628719E-14
6.320000E+03	7.415115E-11	1.669685E-14
6.322500E+03	7.572616E-11	1.705143E-14
6.325000E+03	7.732405E-11	1.741116E-14
6.327500E+03	7.872995E-11	1.772766E-14
6.330000E+03	8.012902E-11	1.804261E-14
6.332500E+03	8.162164E-11	1.837863E-14
6.335000E+03	8.308424E-11	1.870789E-14
6.337500E+03	8.454011E-11	1.903563E-14
6.340000E+03	8.612850E-11	1.939320E-14
6.342500E+03	8.782449E-11	1.977500E-14
6.345000E+03	8.939617E-11	2.012881E-14
6.347500E+03	9.100927E-11	2.049194E-14
6.350000E+03	9.287080E-11	2.091100E-14
6.352500E+03	9.464126E-11	2.130956E-14
6.355000E+03	9.640354E-11	2.170627E-14
6.357500E+03	9.821562E-11	2.211419E-14
6.360000E+03	1.000196E-10	2.252028E-14
6.362500E+03	1.018321E-10	2.292829E-14
6.365000E+03	1.035209E-10	2.330844E-14
6.367500E+03	1.051024E-10	2.366445E-14
6.370000E+03	1.065357E-10	2.398706E-14
6.372500E+03	1.081101E-10	2.434145E-14
6.375000E+03	1.096603E-10	2.469039E-14
6.377500E+03	1.110705E-10	2.500781E-14
6.380000E+03	1.122914E-10	2.528261E-14
6.382500E+03	1.134223E-10	2.553713E-14
6.385000E+03	1.143474E-10	2.574533E-14
6.387500E+03	1.152322E-10	2.594444E-14
6.390000E+03	1.161015E-10	2.614006E-14
6.392500E+03	1.167569E-10	2.628754E-14
6.395000E+03	1.173475E-10	2.642042E-14
6.397500E+03	1.178318E-10	2.652936E-14
6.400000E+03	1.180942E-10	2.658834E-14
6.402500E+03	1.184074E-10	2.665877E-14
6.405000E+03	1.186062E-10	2.670345E-14
6.407500E+03	1.186080E-10	2.670376E-14
6.410000E+03	1.183633E-10	2.664858E-14
6.412500E+03	1.179299E-10	2.655091E-14
6.415000E+03	1.179769E-10	2.656143E-14
6.417500E+03	1.182071E-10	2.661317E-14
6.420000E+03	1.181496E-10	2.660013E-14
6.422500E+03	1.182256E-10	2.661717E-14
6.425000E+03	1.182948E-10	2.663267E-14
6.427500E+03	1.181257E-10	2.659454E-14
6.430000E+03	1.180243E-10	2.657162E-14
6.432500E+03	1.180565E-10	2.657880E-14
6.435000E+03	1.179827E-10	2.656211E-14
6.437500E+03	1.179021E-10	2.654390E-14
6.440000E+03	1.179305E-10	2.655024E-14
6.442500E+03	1.175880E-10	2.647308E-14
6.445000E+03	1.170898E-10	2.636084E-14
6.447500E+03	1.171143E-10	2.636630E-14
6.450000E+03	1.171237E-10	2.636838E-14
6.452500E+03	1.168698E-10	2.631116E-14
6.455000E+03	1.168243E-10	2.630088E-14
6.457500E+03	1.167141E-10	2.627601E-14
6.460000E+03	1.166303E-10	2.625710E-14
6.462500E+03	1.167304E-10	2.627960E-14
6.465000E+03	1.169151E-10	2.632115E-14
6.467500E+03	1.169356E-10	2.632574E-14
6.470000E+03	1.168748E-10	2.631202E-14
6.472500E+03	1.167409E-10	2.628185E-14
6.475000E+03	1.165338E-10	2.623520E-14
6.477500E+03	1.163865E-10	2.620202E-14
6.480000E+03	1.161908E-10	2.615796E-14
6.482500E+03	1.159385E-10	2.610113E-14
6.485000E+03	1.157292E-10	2.605402E-14
6.487500E+03	1.155714E-10	2.601848E-14
6.490000E+03	1.152569E-10	2.594769E-14
6.492500E+03	1.148771E-10	2.586218E-14
6.495000E+03	1.146901E-10	2.582010E-14
6.497500E+03	1.145796E-10	2.579522E-14
6.500000E+03	1.143370E-10	2.574062E-14
6.502500E+03	1.143793E-10	2.575016E-14
6.505000E+03	1.144733E-10	2.577134E-14
6.507500E+03	1.144685E-10	2.577029E-14
6.510000E+03	1.144733E-10	2.577141E-14
6.512500E+03	1.144211E-10	2.575969E-14
6.515000E+03	1.142280E-10	2.571624E-14
6.517500E+03	1.140192E-10	2.566927E-14
6.520000E+03	1.137778E-10	2.561497E-14
6.522500E+03	1.135375E-10	2.556091E-14
6.525000E+03	1.131555E-10	2.547497E-14
6.527500E+03	1.126735E-10	2.536650E-14
6.530000E+03	1.120829E-10	2.523358E-14
6.532500E+03	1.113414E-10	2.506669E-14
6.535000E+03	1.105664E-10	2.489226E-14
6.537500E+03	1.099092E-10	2.474437E-14
6.540000E+03	1.091848E-10	2.458133E-14
6.542500E+03	1.085869E-10	2.444679E-14
6.545000E+03	1.084277E-10	2.441100E-14
6.547500E+03	1.081426E-10	2.434689E-14
6.550000E+03	1.075794E-10	2.422014E-14
6.552500E+03	1.071599E-10	2.412577E-14
6.555000E+03	1.066985E-10	2.402195E-14
6.557500E+03	1.062881E-10	2.392962E-14
6.560000E+03	1.063777E-10	2.394986E-14
6.562500E+03	1.064089E-10	2.395696E-14
6.565000E+03	1.059998E-10	2.386493E-14
6.567500E+03	1.055825E-10	2.377104E-14
6.570000E+03	1.051651E-10	2.367716E-14
6.572500E+03	1.047310E-10	2.357949E-14
6.575000E+03	1.043309E-10	2.348950E-14
6.577500E+03	1.039565E-10	2.340527E-14
6.580000E+03	1.035054E-10	2.330379E-14
6.582500E+03	1.031226E-10	2.321767E-14
6.585000E+03	1.031411E-10	2.322192E-14
6.587500E+03	1.031603E-10	2.322633E-14
6.590000E+03	1.030947E-10	2.321163E-14
6.592500E+03	1.030981E-10	2.321248E-14
6.595000E+03	1.029478E-10	2.317873E-14
6.597500E+03	1.025664E-10	2.309292E-14
6.600000E+03	1.023050E-10	2.303416E-14
6.602500E+03	1.020781E-10	2.298315E-14
6.605000E+03	1.018599E-10	2.293411E-14
6.607500E+03	1.014009E-10	2.283085E-14
6.610000E+03	1.010364E-10	2.274886E-14
6.612500E+03	1.008872E-10	2.271536E-14
6.615000E+03	1.003672E-10	2.259836E-14
6.617500E+03	1.000108E-10	2.251820E-14
6.620000E+03	9.968887E-11	2.244579E-14
6.622500E+03	9.924558E-11	2.234607E-14
6.625000E+03	9.900982E-11	2.229306E-14
6.627500E+03	9.879138E-11	2.224396E-14
6.630000E+03	9.849484E-11	2.217728E-14
6.632500E+03	9.818945E-11	2.210860E-14
6.635000E+03	9.783168E-11	2.202813E-14
6.637500E+03	9.740398E-11	2.193191E-14
6.640000E+03	9.691483E-11	2.182185E-14
6.642500E+03	9.625065E-11	2.167238E-14
6.645000E+03	9.562917E-11	2.153252E-14
6.647500E+03	9.505924E-11	2.140428E-14
6.650000E+03	9.441853E-11	2.126009E-14
6.652500E+03	9.387318E-11	2.113737E-14
6.655000E+03	9.323063E-11	2.099276E-14
6.657500E+03	9.243793E-11	2.081435E-14
6.660000E+03	9.172297E-11	2.065344E-14
6.662500E+03	9.115629E-11	2.052591E-14
6.665000E+03	9.072073E-11	2.042791E-14
6.667500E+03	9.038143E-11	2.035158E-14
6.670000E+03	9.002404E-11	2.027118E-14
6.672500E+03	8.952492E-11	2.015887E-14
6.675000E+03	8.898966E-11	2.003841E-14
6.677500E+03	8.832261E-11	1.988828E-14
6.680000E+03	8.762694E-11	1.973170E-14
6.682500E+03	8.715427E-11	1.962533E-14
6.685000E+03	8.698339E-11	1.958692E-14
6.687500E+03	8.706725E-11	1.960588E-14
6.690000E+03	8.700121E-11	1.959107E-14
6.692500E+03	8.664680E-11	1.951134E-14
6.695000E+03	8.597105E-11	1.935923E-14
6.697500E+03	8.547421E-11	1.924742E-14
6.700000E+03	8.514345E-11	1.917300E-14
6.702500E+03	8.479783E-11	1.909524E-14
6.705000E+03	8.423328E-11	1.896817E-14
6.707500E+03	8.349298E-11	1.880153E-14
6.710000E+03	8.299513E-11	1.868948E-14
6.712500E+03	8.280605E-11	1.864696E-14
6.715000E+03	8.277754E-11	1.864060E-14
6.717500E+03	8.244770E-11	1.856638E-14
6.720000E+03	8.202719E-11	1.847175E-14
6.722500E+03	8.151663E-11	1.835683E-14
6.725000E+03	8.094547E-11	1.822827E-14
6.727500E+03	8.028914E-11	1.808052E-14
6.730000E+03	7.957628E-11	1.792005E-14
6.732500E+03	7.900682E-11	1.779186E-14
6.735000E+03	7.836912E-11	1.764831E-14
6.737500E+03	7.769924E-11	1.749750E-14
6.740000E+03	7.707882E-11	1.735784E-14
6.742500E+03	7.646166E-11	1.721890E-14
6.745000E+03	7.591056E-11	1.709485E-14
6.747500E+03	7.576486E-11	1.706208E-14
6.750000E+03	7.550664E-11	1.700398E-14
6.752500E+03	7.500670E-11	1.689144E-14
6.755000E+03	7.485508E-11	1.685734E-14
6.757500E+03	7.483684E-11	1.685327E-14
6.760000E+03	7.475260E-11	1.683434E-14
6.762500E+03	7.452413E-11	1.678294E-14
6.765000E+03	7.438430E-11	1.675149E-14
6.767500E+03	7.425615E-11	1.672267E-14
6.770000E+03	7.387453E-11	1.663677E-14
6.772500E+03	7.365892E-11	1.658825E-14
6.775000E+03	7.359049E-11	1.657288E-14
6.777500E+03	7.332608E-11	1.651337E-14
6.780000E+03	7.293529E-11	1.642540E-14
6.782500E+03	7.260105E-11	1.635016E-14
6.785000E+03	7.217522E-11	1.625430E-14
6.787500E+03	7.163336E-11	1.613230E-14
6.790000E+03	7.137179E-11	1.607343E-14
6.792500E+03	7.110033E-11	1.601232E-14
6.795000E+03	7.072953E-11	1.592885E-14
6.797500E+03	7.034765E-11	1.584287E-14
6.800000E+03	6.989023E-11	1.573989E-14
6.802500E+03	6.931496E-11	1.561036E-14
6.805000E+03	6.883472E-11	1.550224E-14
6.807500E+03	6.854067E-11	1.543604E-14
6.810000E+03	6.840253E-11	1.540495E-14
6.812500E+03	6.832414E-11	1.538733E-14
6.815000E+03	6.830286E-11	1.538256E-14
6.817500E+03	6.828341E-11	1.537820E-14
6.820000E+03	6.792199E-11	1.529683E-14
6.822500E+03	6.757952E-11	1.521972E-14
6.825000E+03	6.731367E-11	1.515987E-14
6.827500E+03	6.745075E-11	1.519076E-14
6.830000E+03	6.777737E-11	1.526434E-14
6.832500E+03	6.767843E-11	1.524208E-14
6.835000E+03	6.741325E-11	1.518238E-14
6.837500E+03	6.744559E-11	1.518968E-14
6.840000E+03	6.767095E-11	1.524045E-14
6.842500E+03	6.806240E-11	1.532863E-14
6.845000E+03	6.857860E-11	1.544490E-14
6.847500E+03	6.861518E-11	1.545315E-14
6.850000E+03	6.888771E-11	1.551454E-14
6.852500E+03	6.912736E-11	1.556853E-14
6.855000E+03	6.925172E-11	1.559655E-14
6.857500E+03	6.899681E-11	1.553915E-14
6.860000E+03	6.874223E-11	1.548182E-14
6.862500E+03	6.884627E-11	1.550527E-14
6.865000E+03	6.828021E-11	1.537779E-14
6.867500E+03	6.750576E-11	1.520338E-14
6.870000E+03	6.665043E-11	1.501075E-14
6.872500E+03	6.617137E-11	1.490287E-14
6.875000E+03	6.592498E-11	1.484738E-14
6.877500E+03	6.548546E-11	1.474840E-14
6.880000E+03	6.500904E-11	1.464111E-14
6.882500E+03	6.437050E-11	1.449730E-14
6.885000E+03	6.409639E-11	1.443557E-14
6.887500E+03	6.381770E-11	1.437281E-14
6.890000E+03	6.347118E-11	1.429477E-14
6.892500E+03	6.303223E-11	1.419591E-14
6.895000E+03	6.248687E-11	1.407308E-14
6.897500E+03	6.200463E-11	1.396447E-14
6.900000E+03	6.196601E-11	1.395577E-14
6.902500E+03	6.202121E-11	1.396820E-14
6.905000E+03	6.226953E-11	1.402412E-14
6.907500E+03	6.243894E-11	1.406227E-14
6.910000E+03	6.227768E-11	1.402595E-14
6.912500E+03	6.238052E-11	1.404910E-14
6.915000E+03	6.256230E-11	1.409003E-14
6.917500E+03	6.264392E-11	1.410841E-14
6.920000E+03	6.300398E-11	1.418949E-14
6.922500E+03	6.325220E-11	1.424538E-14
6.925000E+03	6.350491E-11	1.430229E-14
6.927500E+03	6.404536E-11	1.442399E-14
6.930000E+03	6.458009E-11	1.454441E-14
6.932500E+03	6.517559E-11	1.467851E-14
6.935000E+03	6.581717E-11	1.482299E-14
6.937500E+03	6.614379E-11	1.489653E-14
6.940000E+03	6.669129E-11	1.501982E-14
6.942500E+03	6.746044E-11	1.519303E-14
6.945000E+03	6.780097E-11	1.526970E-14
6.947500E+03	6.812426E-11	1.534249E-14
6.950000E+03	6.830911E-11	1.538410E-14
6.952500E+03	6.848232E-11	1.542309E-14
6.955000E+03	6.865589E-11	1.546215E-14
6.957500E+03	6.859273E-11	1.544790E-14
6.960000E+03	6.811501E-11	1.534029E-14
6.962500E+03	6.764315E-11	1.523399E-14
6.965000E+03	6.778704E-11	1.526637E-14
6.967500E+03	6.788984E-11	1.528950E-14
6.970000E+03	6.768563E-11	1.524348E-14
6.972500E+03	6.775503E-11	1.525908E-14
6.975000E+03	6.790456E-11	1.529272E-14
6.977500E+03	6.767409E-11	1.524078E-14
6.980000E+03	6.782477E-11	1.527468E-14
6.982500E+03	6.781919E-11	1.527339E-14
6.985000E+03	6.776570E-11	1.526131E-14
6.987500E+03	6.710676E-11	1.511287E-14
6.990000E+03	6.673897E-11	1.503001E-14
6.992500E+03	6.650303E-11	1.497683E-14
6.995000E+03	6.581140E-11	1.482103E-14
6.997500E+03	6.518971E-11	1.468099E-14
7.000000E+03	6.476738E-11	1.458584E-14
7.002500E+03	6.460979E-11	1.455030E-14
7.005000E+03	6.440346E-11	1.450380E-14
7.007500E+03	6.426654E-11	1.447292E-14
7.010000E+03	6.408802E-11	1.443267E-14
7.012500E+03	6.362544E-11	1.432845E-14
7.015000E+03	6.349514E-11	1.429906E-14
7.017500E+03	6.328283E-11	1.425120E-14
7.020000E+03	6.338041E-11	1.427312E-14
7.022500E+03	6.355070E-11	1.431142E-14
7.025000E+03	6.360306E-11	1.432316E-14
7.027500E+03	6.393488E-11	1.439783E-14
7.030000E+03	6.455757E-11	1.453800E-14
7.032500E+03	6.505986E-11	1.465105E-14
7.035000E+03	6.568318E-11	1.479136E-14
7.037500E+03	6.609921E-11	1.488499E-14
7.040000E+03	6.639078E-11	1.495058E-14
7.042500E+03	6.687129E-11	1.505873E-14
7.045000E+03	6.727539E-11	1.514966E-14
7.047500E+03	6.730184E-11	1.515555E-14
7.050000E+03	6.744166E-11	1.518696E-14
7.052500E+03	6.714973E-11	1.512115E-14
7.055000E+03	6.731904E-11	1.515921E-14
7.057500E+03	6.778373E-11	1.526378E-14
7.060000E+03	6.794143E-11	1.529921E-14
7.062500E+03	6.803289E-11	1.531973E-14
7.065000E+03	6.822921E-11	1.536386E-14
7.067500E+03	6.799499E-11	1.531103E-14
7.070000E+03	6.831881E-11	1.538387E-14
7.072500E+03	6.832068E-11	1.538420E-14
7.075000E+03	6.793994E-11	1.529838E-14
7.077500E+03	6.807740E-11	1.532925E-14
7.080000E+03	6.789024E-11	1.528702E-14
7.082500E+03	6.693467E-11	1.507176E-14
7.085000E+03	6.635472E-11	1.494108E-14
7.087500E+03	6.572198E-11	1.479851E-14
7.090000E+03	6.471942E-11	1.457268E-14
7.092500E+03	6.398337E-11	1.440685E-14
7.095000E+03	6.356735E-11	1.431309E-14
7.097500E+03	6.278823E-11	1.413756E-14
7.100000E+03	6.188347E-11	1.393375E-14
7.102500E+03	6.136521E-11	1.381696E-14
7.105000E+03	6.096207E-11	1.372610E-14
7.107500E+03	6.022108E-11	1.355916E-14
7.110000E+03	5.950092E-11	1.339691E-14
7.112500E+03	5.903760E-11	1.329250E-14
7.115000E+03	5.862401E-11	1.319927E-14
7.117500E+03	5.793597E-11	1.304426E-14
7.120000E+03	5.792720E-11	1.304219E-14
7.122500E+03	5.812713E-11	1.308710E-14
7.125000E+03	5.824692E-11	1.311396E-14
7.127500E+03	5.874193E-11	1.322530E-14
7.130000E+03	5.901872E-11	1.328751E-14
7.132500E+03	5.942834E-11	1.337962E-14
7.135000E+03	5.956211E-11	1.340962E-14
7.137500E+03	6.019016E-11	1.355090E-14
7.140000E+03	6.028229E-11	1.357151E-14
7.142500E+03	6.011104E-11	1.353284E-14
7.145000E+03	6.045714E-11	1.361063E-14
7.147500E+03	6.048811E-11	1.361748E-14
7.150000E+03	6.024686E-11	1.356303E-14
7.152500E+03	6.056442E-11	1.363439E-14
7.155000E+03	5.999885E-11	1.350694E-14
7.157500E+03	6.026587E-11	1.356691E-14
7.160000E+03	6.023113E-11	1.355895E-14
7.162500E+03	5.948102E-11	1.338996E-14
7.165000E+03	5.898882E-11	1.327902E-14
7.167500E+03	5.873099E-11	1.322083E-14
7.170000E+03	5.699924E-11	1.283086E-14
7.180000E+03	5.665272E-11	1.275228E-14
7.190000E+03	5.633814E-11	1.268086E-14
7.200000E+03	5.606215E-11	1.261810E-14
7.210000E+03	5.582902E-11	1.256495E-14
7.220000E+03	5.563987E-11	1.252166E-14
7.230000E+03	5.549766E-11	1.248889E-14
7.240000E+03	5.540115E-11	1.246637E-14
7.250000E+03	5.535511E-11	1.245516E-14
7.260000E+03	5.535763E-11	1.245482E-14
7.270000E+03	5.540868E-11	1.246535E-14
7.280000E+03	5.550634E-11	1.248632E-14
7.290000E+03	5.564781E-11	1.251707E-14
7.300000E+03	5.583077E-11	1.255709E-14
7.310000E+03	5.604862E-11	1.260489E-14
7.320000E+03	5.629405E-11	1.265883E-14
7.330000E+03	5.656404E-11	1.271820E-14
7.340000E+03	5.685196E-11	1.278152E-14
7.350000E+03	5.715286E-11	1.284768E-14
7.360000E+03	5.746214E-11	1.291563E-14
7.370000E+03	5.777547E-11	1.298439E-14
7.380000E+03	5.808735E-11	1.305273E-14
7.390000E+03	5.839676E-11	1.312041E-14
7.400000E+03	5.869860E-11	1.318629E-14
7.410000E+03	5.898789E-11	1.324924E-14
7.420000E+03	5.926428E-11	1.330919E-14
7.430000E+03	5.952324E-11	1.336511E-14
7.440000E+03	5.976040E-11	1.341603E-14
7.450000E+03	5.997614E-11	1.346202E-14
7.460000E+03	6.016812E-11	1.350257E-14
7.470000E+03	6.033112E-11	1.353651E-14
7.480000E+03	6.046776E-11	1.356443E-14
7.490000E+03	6.057165E-11	1.358489E-14
7.500000E+03	6.064425E-11	1.359823E-14
7.510000E+03	6.068095E-11	1.360343E-14
7.520000E+03	6.068520E-11	1.360127E-14
7.530000E+03	6.065120E-11	1.359045E-14
7.540000E+03	6.058133E-11	1.357152E-14
7.550000E+03	6.047356E-11	1.354404E-14
7.560000E+03	6.032796E-11	1.350803E-14
7.570000E+03	6.014517E-11	1.346366E-14
7.580000E+03	5.992827E-11	1.341163E-14
7.590000E+03	5.967772E-11	1.335206E-14
7.600000E+03	5.939610E-11	1.328555E-14
7.610000E+03	5.908801E-11	1.321313E-14
7.620000E+03	5.875502E-11	1.313520E-14
7.630000E+03	5.840046E-11	1.305251E-14
7.640000E+03	5.802752E-11	1.296579E-14
7.650000E+03	5.764097E-11	1.287614E-14
7.660000E+03	5.724228E-11	1.278390E-14
7.670000E+03	5.683592E-11	1.269010E-14
7.680000E+03	5.642161E-11	1.259471E-14
7.690000E+03	5.600516E-11	1.249905E-14
7.700000E+03	5.558914E-11	1.240371E-14
7.710000E+03	5.517291E-11	1.230859E-14
7.720000E+03	5.476186E-11	1.221491E-14
7.730000E+03	5.435822E-11	1.212320E-14
7.740000E+03	5.396096E-11	1.203327E-14
7.750000E+03	5.357515E-11	1.194626E-14
7.760000E+03	5.320111E-11	1.186230E-14
7.770000E+03	5.284211E-11	1.178214E-14
7.780000E+03	5.249733E-11	1.170559E-14
7.790000E+03	5.217325E-11	1.163407E-14
7.800000E+03	5.187187E-11	1.156798E-14
7.810000E+03	5.159657E-11	1.150801E-14
7.820000E+03	5.135063E-11	1.145488E-14
7.830000E+03	5.113722E-11	1.140924E-14
7.840000E+03	5.095949E-11	1.137177E-14
7.850000E+03	5.082051E-11	1.134312E-14
7.860000E+03	5.072179E-11	1.132361E-14
7.870000E+03	5.066788E-11	1.131423E-14
7.880000E+03	5.066022E-11	1.131528E-14
7.890000E+03	5.070332E-11	1.132775E-14
7.900000E+03	5.079703E-11	1.135161E-14
7.910000E+03	5.094727E-11	1.138816E-14
7.920000E+03	5.115519E-11	1.143765E-14
7.930000E+03	5.142162E-11	1.150027E-14
7.940000E+03	5.174848E-11	1.157643E-14
7.950000E+03	5.213839E-11	1.166672E-14
7.960000E+03	5.258923E-11	1.177068E-14
7.970000E+03	5.309934E-11	1.188791E-14
7.980000E+03	5.365828E-11	1.201610E-14
7.990000E+03	5.424806E-11	1.215120E-14
8.000000E+03	5.482556E-11	1.228356E-14
8.010000E+03	5.529264E-11	1.239116E-14
8.020000E+03	5.543840E-11	1.242671E-14
8.030000E+03	5.486295E-11	1.230050E-14
8.040000E+03	5.312915E-11	1.191440E-14
8.050000E+03	5.047058E-11	1.132061E-14
8.060000E+03	4.745428E-11	1.064625E-14
8.070000E+03	4.443289E-11	9.970390E-15
8.080000E+03	4.155354E-11	9.326077E-15
8.090000E+03	3.886569E-11	8.724442E-15
8.100000E+03	3.638397E-11	8.168807E-15
8.110000E+03	3.410029E-11	7.657393E-15
8.120000E+03	3.200297E-11	7.187609E-15
8.130000E+03	3.007913E-11	6.756592E-15
8.140000E+03	2.831338E-11	6.360916E-15
8.150000E+03	2.669386E-11	5.997938E-15
8.160000E+03	2.520564E-11	5.664324E-15
8.170000E+03	2.383685E-11	5.357428E-15
8.180000E+03	2.257827E-11	5.075196E-15
8.190000E+03	2.141831E-11	4.815032E-15
8.200000E+03	2.034951E-11	4.575279E-15
8.210000E+03	1.936227E-11	4.353786E-15
8.220000E+03	1.845003E-11	4.149089E-15
8.230000E+03	1.760553E-11	3.959563E-15
8.240000E+03	1.682408E-11	3.784164E-15
8.250000E+03	1.609908E-11	3.621413E-15
8.260000E+03	1.542686E-11	3.470492E-15
8.270000E+03	1.480190E-11	3.330162E-15
8.280000E+03	1.422080E-11	3.199668E-15
8.290000E+03	1.367999E-11	3.078206E-15
8.300000E+03	1.317573E-11	2.964939E-15
8.310000E+03	1.270606E-11	2.859433E-15
8.320000E+03	1.226736E-11	2.760872E-15
8.330000E+03	1.185767E-11	2.668822E-15
8.340000E+03	1.147481E-11	2.582788E-15
8.350000E+03	1.111674E-11	2.502321E-15
8.360000E+03	1.078164E-11	2.427009E-15
8.370000E+03	1.046743E-11	2.356386E-15
8.380000E+03	1.017302E-11	2.290206E-15
8.390000E+03	9.896987E-12	2.228154E-15
8.400000E+03	9.638067E-12	2.169945E-15
8.410000E+03	9.394711E-12	2.115231E-15
8.420000E+03	9.166230E-12	2.063857E-15
8.430000E+03	8.951631E-12	2.015602E-15
8.440000E+03	8.750007E-12	1.970262E-15
8.450000E+03	8.560520E-12	1.927649E-15
8.460000E+03	8.382058E-12	1.887513E-15
8.470000E+03	8.214261E-12	1.849774E-15
8.480000E+03	8.056141E-12	1.814209E-15
8.490000E+03	7.907760E-12	1.780833E-15
8.500000E+03	7.767897E-12	1.749372E-15
8.510000E+03	7.636363E-12	1.719783E-15
8.520000E+03	7.512361E-12	1.691887E-15
8.530000E+03	7.396081E-12	1.665727E-15
8.540000E+03	7.286478E-12	1.641069E-15
8.550000E+03	7.183178E-12	1.617828E-15
8.560000E+03	7.086439E-12	1.596062E-15
8.570000E+03	6.995318E-12	1.575560E-15
8.580000E+03	6.909509E-12	1.556253E-15
8.590000E+03	6.829326E-12	1.538210E-15
8.600000E+03	6.753903E-12	1.521239E-15
8.610000E+03	6.683286E-12	1.505349E-15
8.620000E+03	6.616948E-12	1.490421E-15
8.630000E+03	6.555257E-12	1.476538E-15
8.640000E+03	6.497423E-12	1.463524E-15
8.650000E+03	6.443255E-12	1.451334E-15
8.660000E+03	6.392866E-12	1.439994E-15
8.670000E+03	6.346086E-12	1.429467E-15
8.680000E+03	6.302757E-12	1.419716E-15
8.690000E+03	6.262443E-12	1.410644E-15
8.700000E+03	6.225290E-12	1.402282E-15
8.710000E+03	6.191170E-12	1.394604E-15
8.720000E+03	6.159671E-12	1.387515E-15
8.730000E+03	6.130962E-12	1.381055E-15
8.740000E+03	6.104935E-12	1.375198E-15
8.750000E+03	6.081198E-12	1.369856E-15
8.760000E+03	6.059940E-12	1.365073E-15
8.770000E+03	6.041072E-12	1.360827E-15
8.780000E+03	6.024213E-12	1.357034E-15
8.790000E+03	6.009571E-12	1.353740E-15
8.800000E+03	5.997071E-12	1.350928E-15
8.810000E+03	5.986343E-12	1.348515E-15
8.820000E+03	5.977609E-12	1.346550E-15
8.830000E+03	5.970804E-12	1.345021E-15
8.840000E+03	5.965568E-12	1.343844E-15
8.850000E+03	5.961839E-12	1.343007E-15
8.860000E+03	5.960153E-12	1.342629E-15
8.870000E+03	5.959859E-12	1.342566E-15
8.880000E+03	5.960905E-12	1.342803E-15
8.890000E+03	5.963842E-12	1.343467E-15
8.900000E+03	5.967713E-12	1.344341E-15
8.910000E+03	5.973384E-12	1.345620E-15
8.920000E+03	5.980203E-12	1.347158E-15
8.930000E+03	5.988122E-12	1.348944E-15
8.940000E+03	5.997410E-12	1.351037E-15
8.950000E+03	6.008031E-12	1.353431E-15
8.960000E+03	6.019632E-12	1.356046E-15
8.970000E+03	6.032492E-12	1.358944E-15
8.980000E+03	6.046258E-12	1.362046E-15
8.990000E+03	6.060891E-12	1.365344E-15
9.000000E+03	6.077010E-12	1.368976E-15
9.040000E+03	6.149520E-12	1.385313E-15
9.080000E+03	6.235573E-12	1.404701E-15
9.120000E+03	6.333105E-12	1.426674E-15
9.160000E+03	6.440158E-12	1.450792E-15
9.200000E+03	6.555239E-12	1.476718E-15
9.240000E+03	6.676544E-12	1.504045E-15
9.280000E+03	6.803134E-12	1.532563E-15
9.320000E+03	6.933322E-12	1.561892E-15
9.360000E+03	7.065411E-12	1.591648E-15
9.400000E+03	7.198639E-12	1.621662E-15
9.440000E+03	7.331874E-12	1.651676E-15
9.480000E+03	7.464032E-12	1.681448E-15
9.520000E+03	7.593546E-12	1.710624E-15
9.560000E+03	7.719939E-12	1.739097E-15
9.600000E+03	7.842292E-12	1.766660E-15
9.640000E+03	7.959748E-12	1.793120E-15
9.680000E+03	8.071512E-12	1.818298E-15
9.720000E+03	8.176856E-12	1.842029E-15
9.760000E+03	8.275120E-12	1.864165E-15
9.800000E+03	8.365714E-12	1.884574E-15
9.840000E+03	8.448844E-12	1.903301E-15
9.880000E+03	8.523392E-12	1.920094E-15
9.920000E+03	8.588990E-12	1.934872E-15
9.960000E+03	8.646132E-12	1.947744E-15
1.000000E+04	8.693852E-12	1.958495E-15
1.004000E+04	8.732838E-12	1.967277E-15
1.008000E+04	8.762218E-12	1.973896E-15
1.012000E+04	8.782859E-12	1.978546E-15
1.016000E+04	8.793980E-12	1.981051E-15
1.020000E+04	8.796615E-12	1.981644E-15
1.024000E+04	8.790056E-12	1.980167E-15
1.028000E+04	8.774527E-12	1.976669E-15
1.032000E+04	8.751291E-12	1.971434E-15
