#wls	flux	fluxerr
1.600000E+03	7.979766E-12	2.964073E-13
1.640000E+03	7.764868E-12	2.865625E-13
1.680000E+03	7.539997E-12	2.764145E-13
1.720000E+03	7.306572E-12	2.660253E-13
1.760000E+03	7.066088E-12	2.554589E-13
1.800000E+03	6.820304E-12	2.447871E-13
1.840000E+03	6.571039E-12	2.340828E-13
1.880000E+03	6.320271E-12	2.234223E-13
1.920000E+03	6.070152E-12	2.128864E-13
1.960000E+03	5.822853E-12	2.025540E-13
2.000000E+03	5.580645E-12	1.925050E-13
2.040000E+03	5.345880E-12	1.828195E-13
2.080000E+03	5.120817E-12	1.735714E-13
2.120000E+03	4.907522E-12	1.648249E-13
2.160000E+03	4.707555E-12	1.566249E-13
2.200000E+03	4.521665E-12	1.489869E-13
2.240000E+03	4.349928E-12	1.419031E-13
2.280000E+03	4.192881E-12	1.353800E-13
2.320000E+03	4.052442E-12	1.294669E-13
2.360000E+03	3.933387E-12	1.243006E-13
2.400000E+03	3.846189E-12	1.201880E-13
2.440000E+03	3.809263E-12	1.176662E-13
2.480000E+03	3.849603E-12	1.175054E-13
2.520000E+03	4.002507E-12	1.206847E-13
2.560000E+03	4.310596E-12	1.283446E-13
2.600000E+03	4.820928E-12	1.416865E-13
2.640000E+03	5.575385E-12	1.616824E-13
2.680000E+03	6.590638E-12	1.885093E-13
2.720000E+03	7.833121E-12	2.208919E-13
2.760000E+03	9.207314E-12	2.558790E-13
2.800000E+03	1.057450E-11	2.894874E-13
2.840000E+03	1.179913E-11	3.180489E-13
2.880000E+03	1.279561E-11	3.394528E-13
2.920000E+03	1.354850E-11	3.535726E-13
2.960000E+03	1.410306E-11	3.618754E-13
3.000000E+03	1.453825E-11	3.666053E-13
3.010000E+03	1.463833E-11	3.674971E-13
3.020000E+03	1.473717E-11	3.683307E-13
3.030000E+03	1.483594E-11	3.691362E-13
3.040000E+03	1.493548E-11	3.699339E-13
3.050000E+03	1.503653E-11	3.707419E-13
3.060000E+03	1.513970E-11	3.715744E-13
3.070000E+03	1.524523E-11	3.724368E-13
3.080000E+03	1.535353E-11	3.733383E-13
3.090000E+03	1.546457E-11	3.742769E-13
3.100000E+03	1.557809E-11	3.752456E-13
3.110000E+03	1.569373E-11	3.762347E-13
3.120000E+03	1.581081E-11	3.772274E-13
3.130000E+03	1.592854E-11	3.782043E-13
3.140000E+03	1.604592E-11	3.791416E-13
3.150000E+03	1.616167E-11	3.800093E-13
3.160000E+03	1.627433E-11	3.807735E-13
3.170000E+03	1.638235E-11	3.813997E-13
3.180000E+03	1.648398E-11	3.818484E-13
3.190000E+03	1.657742E-11	3.820809E-13
3.200000E+03	1.666064E-11	3.820531E-13
3.210000E+03	1.673171E-11	3.817248E-13
3.220000E+03	1.678869E-11	3.810562E-13
3.230000E+03	1.682946E-11	3.800045E-13
3.240000E+03	1.685205E-11	3.785311E-13
3.250000E+03	1.685460E-11	3.766011E-13
3.260000E+03	1.683527E-11	3.741808E-13
3.270000E+03	1.679234E-11	3.712397E-13
3.280000E+03	1.672409E-11	3.677490E-13
3.290000E+03	1.662910E-11	3.636862E-13
3.300000E+03	1.650624E-11	3.590370E-13
3.310000E+03	1.635422E-11	3.537832E-13
3.320000E+03	1.617237E-11	3.479210E-13
3.330000E+03	1.595996E-11	3.414458E-13
3.340000E+03	1.571681E-11	3.343650E-13
3.350000E+03	1.544291E-11	3.266894E-13
3.360000E+03	1.513859E-11	3.184374E-13
3.370000E+03	1.480472E-11	3.096384E-13
3.380000E+03	1.444237E-11	3.003251E-13
3.390000E+03	1.405306E-11	2.905401E-13
3.400000E+03	1.363891E-11	2.803364E-13
3.410000E+03	1.320222E-11	2.697706E-13
3.420000E+03	1.274579E-11	2.589074E-13
3.430000E+03	1.227279E-11	2.478188E-13
3.440000E+03	1.178655E-11	2.365777E-13
3.450000E+03	1.129088E-11	2.252648E-13
3.460000E+03	1.078950E-11	2.139577E-13
3.470000E+03	1.028639E-11	2.027373E-13
3.480000E+03	9.785509E-12	1.916817E-13
3.490000E+03	9.290829E-12	1.808676E-13
3.500000E+03	8.806259E-12	1.703685E-13
3.510000E+03	8.335834E-12	1.602585E-13
3.520000E+03	7.883597E-12	1.506098E-13
3.530000E+03	7.453822E-12	1.414969E-13
3.540000E+03	7.051134E-12	1.329991E-13
3.550000E+03	6.680647E-12	1.252023E-13
3.560000E+03	6.347909E-12	1.181983E-13
3.570000E+03	6.058976E-12	1.120854E-13
3.580000E+03	5.819602E-12	1.069535E-13
3.590000E+03	5.634137E-12	1.028640E-13
3.600000E+03	5.502823E-12	9.980179E-14
3.610000E+03	5.420253E-12	9.764993E-14
3.620000E+03	5.377402E-12	9.622923E-14
3.630000E+03	5.364912E-12	9.535900E-14
3.640000E+03	5.374840E-12	9.488800E-14
3.650000E+03	5.401183E-12	9.470290E-14
3.660000E+03	5.439836E-12	9.472628E-14
3.670000E+03	5.488304E-12	9.491057E-14
3.680000E+03	5.545583E-12	9.523499E-14
3.690000E+03	5.611730E-12	9.569737E-14
3.700000E+03	5.687691E-12	9.631052E-14
3.710000E+03	5.775302E-12	9.710185E-14
3.720000E+03	5.876999E-12	9.810783E-14
3.730000E+03	5.995881E-12	9.937480E-14
3.740000E+03	6.135761E-12	1.009594E-13
3.750000E+03	6.301138E-12	1.029275E-13
3.760000E+03	6.497297E-12	1.053559E-13
3.770000E+03	6.730546E-12	1.083351E-13
3.780000E+03	7.008162E-12	1.119682E-13
3.790000E+03	7.338708E-12	1.163751E-13
3.800000E+03	7.732095E-12	1.216931E-13
3.810000E+03	8.199624E-12	1.280764E-13
3.820000E+03	8.753849E-12	1.356933E-13
3.830000E+03	9.408456E-12	1.447237E-13
3.840000E+03	1.017768E-11	1.553494E-13
3.850000E+03	1.107578E-11	1.677459E-13
3.860000E+03	1.211604E-11	1.820673E-13
3.870000E+03	1.330882E-11	1.984180E-13
3.880000E+03	1.465963E-11	2.168263E-13
3.890000E+03	1.616575E-11	2.371968E-13
3.900000E+03	1.781590E-11	2.593109E-13
3.910000E+03	1.959041E-11	2.828349E-13
3.920000E+03	2.146349E-11	3.073566E-13
3.930000E+03	2.340811E-11	3.324581E-13
3.940000E+03	2.540413E-11	3.578322E-13
3.950000E+03	2.744688E-11	3.833965E-13
3.960000E+03	2.954929E-11	4.093155E-13
3.970000E+03	3.173983E-11	4.359607E-13
3.980000E+03	3.405864E-11	4.638497E-13
3.990000E+03	3.654412E-11	4.934583E-13
4.000000E+03	3.921179E-11	5.249381E-13
4.010000E+03	4.203098E-11	5.578213E-13
4.020000E+03	4.491447E-11	5.909105E-13
4.030000E+03	4.771388E-11	6.222515E-13
4.040000E+03	5.022355E-11	6.492176E-13
4.050000E+03	5.220450E-11	6.688497E-13
4.060000E+03	5.343230E-11	6.784823E-13
4.070000E+03	5.374501E-11	6.763372E-13
4.080000E+03	5.308223E-11	6.619749E-13
4.090000E+03	5.150480E-11	6.364793E-13
4.100000E+03	4.918804E-11	6.023068E-13
4.110000E+03	4.637799E-11	5.626905E-13
4.120000E+03	4.333883E-11	5.209697E-13
4.130000E+03	4.031250E-11	4.800995E-13
4.140000E+03	3.748978E-11	4.423234E-13
4.150000E+03	3.500066E-11	4.090896E-13
4.160000E+03	3.291690E-11	3.811157E-13
4.170000E+03	3.127037E-11	3.586309E-13
4.180000E+03	3.007055E-11	3.415977E-13
4.190000E+03	2.931763E-11	3.298709E-13
4.200000E+03	2.900806E-11	3.232654E-13
4.210000E+03	2.914072E-11	3.216258E-13
4.220000E+03	2.971850E-11	3.248428E-13
4.230000E+03	3.074686E-11	3.328357E-13
4.240000E+03	3.222559E-11	3.454626E-13
4.250000E+03	3.414316E-11	3.624636E-13
4.260000E+03	3.647264E-11	3.834241E-13
4.270000E+03	3.917236E-11	4.077895E-13
4.280000E+03	4.218177E-11	4.348297E-13
4.290000E+03	4.542499E-11	4.636855E-13
4.300000E+03	4.881526E-11	4.934194E-13
4.310000E+03	5.225940E-11	5.230663E-13
4.320000E+03	5.566004E-11	5.516574E-13
4.330000E+03	5.891282E-11	5.781937E-13
4.340000E+03	6.190119E-11	6.015983E-13
4.350000E+03	6.450444E-11	6.207977E-13
4.360000E+03	6.660756E-11	6.348168E-13
4.370000E+03	6.811647E-11	6.429181E-13
4.380000E+03	6.898341E-11	6.448279E-13
4.390000E+03	6.921620E-11	6.408000E-13
4.400000E+03	6.886800E-11	6.314966E-13
4.410000E+03	6.805040E-11	6.180868E-13
4.420000E+03	6.695292E-11	6.023976E-13
4.430000E+03	6.583173E-11	5.867825E-13
4.440000E+03	6.497513E-11	5.737915E-13
4.450000E+03	6.467182E-11	5.658845E-13
4.460000E+03	6.519321E-11	5.652821E-13
4.470000E+03	6.678520E-11	5.739073E-13
4.480000E+03	6.964320E-11	5.931867E-13
4.490000E+03	7.388806E-11	6.238709E-13
4.500000E+03	7.956644E-11	6.660687E-13
4.510000E+03	8.664125E-11	7.191964E-13
4.520000E+03	9.495972E-11	7.817455E-13
4.530000E+03	1.042185E-10	8.510354E-13
4.540000E+03	1.139480E-10	9.231341E-13
4.550000E+03	1.235164E-10	9.929333E-13
4.560000E+03	1.321689E-10	1.054505E-12
4.570000E+03	1.391029E-10	1.101717E-12
4.580000E+03	1.435827E-10	1.129118E-12
4.590000E+03	1.450598E-10	1.132855E-12
4.600000E+03	1.432641E-10	1.111321E-12
4.610000E+03	1.382551E-10	1.065469E-12
4.620000E+03	1.304266E-10	9.987641E-13
4.630000E+03	1.204554E-10	9.167214E-13
4.640000E+03	1.091926E-10	8.260235E-13
4.650000E+03	9.752685E-11	7.334701E-13
4.660000E+03	8.627528E-11	6.451654E-13
4.670000E+03	7.610739E-11	5.659814E-13
4.680000E+03	6.746596E-11	4.990122E-13
4.690000E+03	6.056685E-11	4.456248E-13
4.700000E+03	5.546853E-11	4.060151E-13
4.710000E+03	5.214414E-11	3.797620E-13
4.720000E+03	5.053471E-11	3.662281E-13
4.730000E+03	5.058706E-11	3.648369E-13
4.740000E+03	5.228337E-11	3.752821E-13
4.750000E+03	5.562862E-11	3.974307E-13
4.760000E+03	6.061031E-11	4.310305E-13
4.770000E+03	6.717002E-11	4.755116E-13
4.780000E+03	7.517361E-11	5.297819E-13
4.790000E+03	8.438045E-11	5.920216E-13
4.800000E+03	9.443513E-11	6.596407E-13
4.810000E+03	1.049171E-10	7.296400E-13
4.820000E+03	1.154175E-10	7.991523E-13
4.830000E+03	1.255828E-10	8.657378E-13
4.840000E+03	1.351160E-10	9.273869E-13
4.850000E+03	1.437801E-10	9.825321E-13
4.860000E+03	1.513720E-10	1.029865E-12
4.870000E+03	1.577079E-10	1.068230E-12
4.880000E+03	1.626104E-10	1.096535E-12
4.890000E+03	1.659547E-10	1.114063E-12
4.900000E+03	1.677718E-10	1.121155E-12
4.910000E+03	1.682945E-10	1.119493E-12
4.920000E+03	1.678890E-10	1.111612E-12
4.930000E+03	1.669181E-10	1.099985E-12
4.940000E+03	1.656536E-10	1.086443E-12
4.950000E+03	1.642320E-10	1.071902E-12
4.960000E+03	1.626160E-10	1.056133E-12
4.970000E+03	1.605875E-10	1.037741E-12
4.980000E+03	1.578287E-10	1.014725E-12
4.990000E+03	1.540360E-10	9.852149E-13
5.000000E+03	1.490159E-10	9.480868E-13
5.010000E+03	1.427451E-10	9.033213E-13
5.020000E+03	1.354135E-10	8.522499E-13
5.030000E+03	1.274216E-10	7.974985E-13
5.040000E+03	1.192878E-10	7.423717E-13
5.050000E+03	1.115648E-10	6.903170E-13
5.060000E+03	1.047703E-10	6.444840E-13
5.070000E+03	9.930941E-11	6.072602E-13
5.080000E+03	9.541269E-11	5.799076E-13
5.090000E+03	9.314255E-11	5.626364E-13
5.100000E+03	9.244697E-11	5.549572E-13
5.110000E+03	9.319304E-11	5.559027E-13
5.120000E+03	9.516909E-11	5.640572E-13
5.130000E+03	9.809498E-11	5.776320E-13
5.140000E+03	1.016536E-10	5.946651E-13
5.150000E+03	1.055069E-10	6.131215E-13
5.160000E+03	1.093169E-10	6.310203E-13
5.170000E+03	1.127790E-10	6.466251E-13
5.180000E+03	1.156704E-10	6.587135E-13
5.190000E+03	1.178581E-10	6.666075E-13
5.200000E+03	1.193165E-10	6.702540E-13
5.210000E+03	1.201190E-10	6.701558E-13
5.220000E+03	1.204153E-10	6.672281E-13
5.230000E+03	1.203892E-10	6.625496E-13
5.240000E+03	1.202206E-10	6.571500E-13
5.250000E+03	1.200652E-10	6.519018E-13
5.260000E+03	1.200254E-10	6.473656E-13
5.270000E+03	1.201414E-10	6.437571E-13
5.280000E+03	1.204022E-10	6.410134E-13
5.290000E+03	1.207781E-10	6.389753E-13
5.300000E+03	1.212347E-10	6.374648E-13
5.310000E+03	1.217458E-10	6.363522E-13
5.320000E+03	1.222936E-10	6.355557E-13
5.330000E+03	1.228730E-10	6.350621E-13
5.340000E+03	1.234680E-10	6.348040E-13
5.350000E+03	1.240259E-10	6.345275E-13
5.360000E+03	1.244394E-10	6.337067E-13
5.370000E+03	1.245639E-10	6.316371E-13
5.380000E+03	1.242551E-10	6.276235E-13
5.390000E+03	1.233984E-10	6.211283E-13
5.400000E+03	1.219486E-10	6.119620E-13
5.410000E+03	1.199612E-10	6.004344E-13
5.420000E+03	1.176049E-10	5.874079E-13
5.430000E+03	1.151160E-10	5.740674E-13
5.440000E+03	1.127291E-10	5.615769E-13
5.450000E+03	1.106392E-10	5.508981E-13
5.460000E+03	1.089974E-10	5.427696E-13
5.470000E+03	1.079085E-10	5.376909E-13
5.480000E+03	1.074187E-10	5.358773E-13
5.490000E+03	1.074834E-10	5.370987E-13
5.500000E+03	1.079518E-10	5.406005E-13
5.510000E+03	1.085830E-10	5.451745E-13
5.520000E+03	1.090985E-10	5.494154E-13
5.530000E+03	1.092706E-10	5.521541E-13
5.540000E+03	1.090071E-10	5.528916E-13
5.550000E+03	1.083525E-10	5.518133E-13
5.560000E+03	1.074417E-10	5.495664E-13
5.570000E+03	1.064612E-10	5.470733E-13
5.580000E+03	1.055911E-10	5.452403E-13
5.590000E+03	1.049625E-10	5.447378E-13
5.600000E+03	1.046157E-10	5.457792E-13
5.610000E+03	1.045101E-10	5.481604E-13
5.620000E+03	1.045397E-10	5.513278E-13
5.630000E+03	1.045430E-10	5.544251E-13
5.640000E+03	1.043365E-10	5.564576E-13
5.650000E+03	1.037470E-10	5.564650E-13
5.660000E+03	1.026481E-10	5.537186E-13
5.670000E+03	1.009738E-10	5.478021E-13
5.680000E+03	9.872320E-11	5.386450E-13
5.690000E+03	9.596294E-11	5.265500E-13
5.700000E+03	9.281614E-11	5.121405E-13
5.710000E+03	8.944164E-11	4.962549E-13
5.720000E+03	8.602402E-11	4.798967E-13
5.730000E+03	8.275556E-11	4.641366E-13
5.740000E+03	7.983215E-11	4.500897E-13
5.750000E+03	7.744589E-11	4.388735E-13
5.760000E+03	7.576566E-11	4.314948E-13
5.770000E+03	7.492816E-11	4.287938E-13
5.780000E+03	7.502205E-11	4.313470E-13
5.790000E+03	7.609505E-11	4.395003E-13
5.800000E+03	7.814581E-11	4.533157E-13
5.810000E+03	8.110071E-11	4.724288E-13
5.820000E+03	8.481802E-11	4.960644E-13
5.830000E+03	8.908959E-11	5.230394E-13
5.840000E+03	9.364991E-11	5.518096E-13
5.850000E+03	9.819040E-11	5.805510E-13
5.860000E+03	1.024129E-10	6.074758E-13
5.870000E+03	1.060773E-10	6.311193E-13
5.880000E+03	1.090256E-10	6.504929E-13
5.890000E+03	1.111783E-10	6.650724E-13
5.900000E+03	1.125352E-10	6.748083E-13
5.910000E+03	1.131532E-10	6.800008E-13
5.920000E+03	1.131235E-10	6.811661E-13
5.930000E+03	1.125408E-10	6.788509E-13
5.940000E+03	1.115013E-10	6.736193E-13
5.950000E+03	1.100966E-10	6.660165E-13
5.960000E+03	1.084074E-10	6.565265E-13
5.970000E+03	1.065150E-10	6.456430E-13
5.980000E+03	1.044976E-10	6.338445E-13
5.990000E+03	1.024384E-10	6.216422E-13
6.000000E+03	1.004330E-10	6.096249E-13
6.010000E+03	9.859298E-11	5.984781E-13
6.020000E+03	9.704452E-11	5.889765E-13
6.030000E+03	9.590858E-11	5.818600E-13
6.040000E+03	9.527631E-11	5.776842E-13
6.050000E+03	9.518598E-11	5.766799E-13
6.060000E+03	9.561777E-11	5.787217E-13
6.070000E+03	9.648724E-11	5.832904E-13
6.080000E+03	9.764000E-11	5.894442E-13
6.090000E+03	9.887432E-11	5.959591E-13
6.100000E+03	9.996376E-11	6.014696E-13
6.110000E+03	1.007066E-10	6.047688E-13
6.120000E+03	1.009386E-10	6.048865E-13
6.130000E+03	1.005657E-10	6.012826E-13
6.140000E+03	9.956725E-11	5.938649E-13
6.150000E+03	9.798154E-11	5.828959E-13
6.160000E+03	9.587436E-11	5.688022E-13
6.170000E+03	9.330582E-11	5.519753E-13
6.180000E+03	9.031572E-11	5.326848E-13
6.190000E+03	8.692406E-11	5.110825E-13
6.200000E+03	8.313202E-11	4.872095E-13
6.210000E+03	7.892631E-11	4.610231E-13
6.220000E+03	7.430770E-11	4.325640E-13
6.230000E+03	6.931273E-11	4.020803E-13
6.240000E+03	6.402999E-11	3.701175E-13
6.250000E+03	5.862509E-11	3.376567E-13
6.260000E+03	5.332718E-11	3.060286E-13
6.270000E+03	4.837302E-11	2.765862E-13
6.280000E+03	4.395488E-11	2.504079E-13
6.290000E+03	4.020811E-11	2.282314E-13
6.300000E+03	3.721605E-11	2.104885E-13
6.310000E+03	3.501785E-11	1.973545E-13
6.320000E+03	3.362940E-11	1.888725E-13
6.330000E+03	3.306031E-11	1.850502E-13
6.340000E+03	3.332823E-11	1.859424E-13
6.350000E+03	3.446160E-11	1.916663E-13
6.360000E+03	3.650654E-11	2.024395E-13
6.370000E+03	3.952841E-11	2.185893E-13
6.380000E+03	4.360288E-11	2.405031E-13
6.390000E+03	4.879679E-11	2.685247E-13
6.400000E+03	5.513801E-11	3.027918E-13
6.410000E+03	6.257881E-11	3.430389E-13
6.420000E+03	7.094906E-11	3.883467E-13
6.430000E+03	7.991696E-11	4.369316E-13
6.440000E+03	8.896727E-11	4.860280E-13
6.450000E+03	9.743144E-11	5.320492E-13
6.460000E+03	1.045998E-10	5.711894E-13
6.470000E+03	1.098848E-10	6.002998E-13
6.480000E+03	1.129993E-10	6.178467E-13
6.490000E+03	1.141255E-10	6.248328E-13
6.500000E+03	1.139510E-10	6.250062E-13
6.510000E+03	1.135253E-10	6.241063E-13
6.520000E+03	1.140243E-10	6.285996E-13
6.530000E+03	1.164931E-10	6.443022E-13
6.540000E+03	1.214446E-10	6.741750E-13
6.550000E+03	1.287338E-10	7.175866E-13
6.560000E+03	1.377936E-10	7.715608E-13
6.570000E+03	1.478093E-10	8.316928E-13
6.580000E+03	1.578536E-10	8.928652E-13
6.590000E+03	1.670291E-10	9.500190E-13
6.600000E+03	1.745852E-10	9.988134E-13
6.610000E+03	1.800056E-10	1.036135E-12
6.620000E+03	1.830599E-10	1.060430E-12
6.630000E+03	1.837886E-10	1.071671E-12
6.640000E+03	1.824300E-10	1.070970E-12
6.650000E+03	1.793443E-10	1.060183E-12
6.660000E+03	1.749467E-10	1.041539E-12
6.670000E+03	1.696424E-10	1.017268E-12
6.680000E+03	1.637933E-10	9.894052E-13
6.690000E+03	1.577040E-10	9.596973E-13
6.700000E+03	1.516036E-10	9.294862E-13
6.710000E+03	1.456471E-10	8.997002E-13
6.720000E+03	1.399324E-10	8.709423E-13
6.730000E+03	1.345220E-10	8.436173E-13
6.740000E+03	1.294377E-10	8.178865E-13
6.750000E+03	1.246866E-10	7.938253E-13
6.760000E+03	1.202585E-10	7.714021E-13
6.770000E+03	1.161310E-10	7.505066E-13
6.780000E+03	1.122783E-10	7.310037E-13
6.790000E+03	1.086821E-10	7.128043E-13
6.800000E+03	1.053223E-10	6.958065E-13
6.810000E+03	1.021848E-10	6.799436E-13
6.820000E+03	9.926468E-11	6.652099E-13
6.830000E+03	9.656037E-11	6.516221E-13
6.840000E+03	9.407157E-11	6.392052E-13
6.850000E+03	9.180843E-11	6.280566E-13
6.860000E+03	8.977826E-11	6.182557E-13
6.870000E+03	8.799003E-11	6.098950E-13
6.880000E+03	8.644999E-11	6.030493E-13
6.890000E+03	8.515791E-11	5.977489E-13
6.900000E+03	8.411060E-11	5.940022E-13
6.910000E+03	8.329381E-11	5.917380E-13
6.920000E+03	8.268735E-11	5.908398E-13
6.930000E+03	8.226203E-11	5.911219E-13
6.940000E+03	8.198750E-11	5.923850E-13
6.950000E+03	8.183279E-11	5.944197E-13
6.960000E+03	8.176823E-11	5.970210E-13
6.970000E+03	8.176685E-11	5.999987E-13
6.980000E+03	8.180355E-11	6.031724E-13
6.990000E+03	8.185974E-11	6.064060E-13
7.000000E+03	8.191687E-11	6.095611E-13
7.010000E+03	8.196190E-11	6.125383E-13
7.020000E+03	8.197992E-11	6.152227E-13
7.030000E+03	8.196459E-11	6.175622E-13
7.040000E+03	8.190738E-11	6.194880E-13
7.050000E+03	8.180415E-11	6.209638E-13
7.060000E+03	8.165266E-11	6.219681E-13
7.070000E+03	8.145690E-11	6.225270E-13
7.080000E+03	8.122206E-11	6.226768E-13
7.090000E+03	8.095329E-11	6.224544E-13
7.100000E+03	8.065761E-11	6.219121E-13
7.110000E+03	8.034374E-11	6.211161E-13
7.120000E+03	8.001586E-11	6.200988E-13
7.130000E+03	7.968218E-11	6.189240E-13
7.140000E+03	7.935069E-11	6.176550E-13
7.150000E+03	7.902365E-11	6.163108E-13
7.160000E+03	7.871264E-11	6.149836E-13
7.170000E+03	7.842183E-11	6.137082E-13
7.180000E+03	7.815813E-11	6.125412E-13
7.190000E+03	7.792801E-11	6.115360E-13
7.200000E+03	7.773736E-11	6.107414E-13
7.210000E+03	7.759278E-11	6.102122E-13
7.220000E+03	7.749565E-11	6.099618E-13
7.230000E+03	7.744946E-11	6.100203E-13
7.240000E+03	7.745838E-11	6.104229E-13
7.250000E+03	7.752418E-11	6.111859E-13
7.260000E+03	7.764625E-11	6.123063E-13
7.270000E+03	7.782462E-11	6.137863E-13
7.280000E+03	7.805846E-11	6.156209E-13
7.290000E+03	7.834459E-11	6.177865E-13
7.300000E+03	7.868370E-11	6.202898E-13
7.310000E+03	7.906966E-11	6.230837E-13
7.320000E+03	7.949880E-11	6.261405E-13
7.330000E+03	7.996864E-11	6.294419E-13
7.340000E+03	8.047154E-11	6.329291E-13
7.350000E+03	8.100601E-11	6.365919E-13
7.360000E+03	8.156561E-11	6.403815E-13
7.370000E+03	8.214378E-11	6.442483E-13
7.380000E+03	8.273554E-11	6.481558E-13
7.390000E+03	8.333766E-11	6.520813E-13
7.400000E+03	8.394190E-11	6.559639E-13
7.410000E+03	8.454698E-11	6.597970E-13
7.420000E+03	8.514307E-11	6.635086E-13
7.430000E+03	8.572923E-11	6.670960E-13
7.440000E+03	8.629942E-11	6.705179E-13
7.450000E+03	8.684959E-11	6.737486E-13
7.460000E+03	8.737589E-11	6.767651E-13
7.470000E+03	8.787288E-11	6.795326E-13
7.480000E+03	8.834280E-11	6.820760E-13
7.490000E+03	8.877893E-11	6.843520E-13
7.500000E+03	8.918050E-11	6.863632E-13
7.510000E+03	8.954706E-11	6.881157E-13
7.520000E+03	8.987474E-11	6.895893E-13
7.530000E+03	9.016583E-11	6.908117E-13
7.540000E+03	9.041722E-11	6.917696E-13
7.550000E+03	9.062810E-11	6.924673E-13
7.560000E+03	9.080208E-11	6.929432E-13
7.570000E+03	9.093519E-11	6.931784E-13
7.580000E+03	9.103185E-11	6.932175E-13
7.590000E+03	9.109087E-11	6.930627E-13
7.600000E+03	9.111742E-11	6.927645E-13
7.610000E+03	9.110883E-11	6.923139E-13
7.620000E+03	9.106883E-11	6.917501E-13
7.630000E+03	9.100137E-11	6.911141E-13
7.640000E+03	9.090637E-11	6.904160E-13
7.650000E+03	9.078803E-11	6.896985E-13
7.660000E+03	9.064851E-11	6.889880E-13
7.670000E+03	9.049203E-11	6.883272E-13
7.680000E+03	9.031643E-11	6.877092E-13
7.690000E+03	9.013003E-11	6.872070E-13
7.700000E+03	8.993032E-11	6.868111E-13
7.710000E+03	8.972101E-11	6.865588E-13
7.720000E+03	8.950342E-11	6.864689E-13
7.730000E+03	8.927852E-11	6.865575E-13
7.740000E+03	8.904911E-11	6.868543E-13
7.750000E+03	8.881548E-11	6.873692E-13
7.760000E+03	8.857526E-11	6.880914E-13
7.770000E+03	8.832989E-11	6.890387E-13
7.780000E+03	8.808036E-11	6.902251E-13
7.790000E+03	8.782262E-11	6.916246E-13
7.800000E+03	8.755412E-11	6.932216E-13
7.810000E+03	8.727385E-11	6.950103E-13
7.820000E+03	8.697778E-11	6.969516E-13
7.830000E+03	8.666103E-11	6.989963E-13
7.840000E+03	8.631791E-11	7.010864E-13
7.850000E+03	8.594178E-11	7.031542E-13
7.860000E+03	8.552515E-11	7.051227E-13
7.870000E+03	8.506195E-11	7.069237E-13
7.880000E+03	8.454093E-11	7.084431E-13
7.890000E+03	8.395260E-11	7.095775E-13
7.900000E+03	8.328949E-11	7.102368E-13
7.910000E+03	8.253997E-11	7.102917E-13
7.920000E+03	8.169556E-11	7.096352E-13
7.930000E+03	8.075159E-11	7.081896E-13
7.940000E+03	7.969942E-11	7.058392E-13
7.950000E+03	7.854056E-11	7.025547E-13
7.960000E+03	7.727882E-11	6.983267E-13
7.970000E+03	7.592321E-11	6.931939E-13
7.980000E+03	7.448814E-11	6.872468E-13
7.990000E+03	7.299082E-11	6.806072E-13
8.000000E+03	7.145796E-11	6.734927E-13
8.010000E+03	6.991151E-11	6.660863E-13
8.020000E+03	6.837629E-11	6.586080E-13
8.030000E+03	6.686920E-11	6.512115E-13
8.040000E+03	6.540050E-11	6.439932E-13
8.050000E+03	6.396973E-11	6.369481E-13
8.060000E+03	6.256255E-11	6.299323E-13
8.070000E+03	6.116280E-11	6.227776E-13
8.080000E+03	5.975656E-11	6.153323E-13
8.090000E+03	5.832743E-11	6.074128E-13
8.100000E+03	5.686847E-11	5.989278E-13
8.110000E+03	5.537586E-11	5.898164E-13
8.120000E+03	5.385052E-11	5.800669E-13
8.130000E+03	5.229587E-11	5.696956E-13
8.140000E+03	5.071989E-11	5.587710E-13
8.150000E+03	4.913234E-11	5.473855E-13
8.160000E+03	4.754515E-11	5.356610E-13
8.170000E+03	4.596580E-11	5.236755E-13
8.180000E+03	4.440543E-11	5.115529E-13
8.190000E+03	4.287265E-11	4.993943E-13
8.200000E+03	4.137355E-11	4.872755E-13
8.210000E+03	3.991543E-11	4.752910E-13
8.220000E+03	3.850189E-11	4.634944E-13
8.230000E+03	3.713650E-11	4.519419E-13
8.240000E+03	3.582294E-11	4.406929E-13
8.250000E+03	3.456058E-11	4.297562E-13
8.260000E+03	3.335134E-11	4.191726E-13
8.270000E+03	3.219537E-11	4.089615E-13
8.280000E+03	3.109228E-11	3.991364E-13
8.290000E+03	3.004122E-11	3.897045E-13
8.300000E+03	2.904011E-11	3.806572E-13
8.310000E+03	2.808761E-11	3.719947E-13
8.320000E+03	2.718389E-11	3.637368E-13
8.330000E+03	2.632463E-11	3.558434E-13
8.340000E+03	2.550975E-11	3.483298E-13
8.350000E+03	2.473658E-11	3.411758E-13
8.360000E+03	2.400332E-11	3.343721E-13
8.370000E+03	2.330884E-11	3.279182E-13
8.380000E+03	2.264986E-11	3.217823E-13
8.390000E+03	2.202609E-11	3.159738E-13
8.400000E+03	2.143506E-11	3.104709E-13
8.410000E+03	2.087442E-11	3.052521E-13
8.420000E+03	2.034399E-11	3.003263E-13
8.430000E+03	1.984085E-11	2.956621E-13
8.440000E+03	1.936426E-11	2.912592E-13
8.450000E+03	1.891280E-11	2.871066E-13
8.460000E+03	1.848515E-11	2.831940E-13
8.470000E+03	1.808005E-11	2.795118E-13
8.480000E+03	1.769573E-11	2.760410E-13
8.490000E+03	1.733108E-11	2.727727E-13
8.500000E+03	1.698622E-11	2.697167E-13
8.510000E+03	1.665898E-11	2.668463E-13
8.520000E+03	1.634842E-11	2.641535E-13
8.530000E+03	1.605424E-11	2.616401E-13
8.540000E+03	1.577557E-11	2.592984E-13
8.550000E+03	1.551109E-11	2.571129E-13
8.560000E+03	1.526057E-11	2.550857E-13
8.570000E+03	1.502281E-11	2.532021E-13
8.580000E+03	1.479715E-11	2.514561E-13
8.590000E+03	1.458347E-11	2.498506E-13
8.600000E+03	1.438068E-11	2.483717E-13
8.610000E+03	1.418873E-11	2.470230E-13
8.620000E+03	1.400660E-11	2.457909E-13
8.630000E+03	1.383426E-11	2.446792E-13
8.640000E+03	1.367080E-11	2.436753E-13
8.650000E+03	1.351625E-11	2.427836E-13
8.660000E+03	1.336969E-11	2.419912E-13
8.670000E+03	1.323121E-11	2.413028E-13
8.680000E+03	1.309999E-11	2.407067E-13
8.690000E+03	1.297612E-11	2.402075E-13
8.700000E+03	1.285883E-11	2.397938E-13
8.710000E+03	1.274824E-11	2.394705E-13
8.720000E+03	1.264405E-11	2.392350E-13
8.730000E+03	1.254599E-11	2.390843E-13
8.740000E+03	1.245333E-11	2.390071E-13
8.750000E+03	1.236626E-11	2.390092E-13
8.760000E+03	1.228500E-11	2.390973E-13
8.770000E+03	1.220842E-11	2.392513E-13
8.780000E+03	1.213673E-11	2.394774E-13
8.790000E+03	1.207019E-11	2.397827E-13
8.800000E+03	1.200814E-11	2.401561E-13
8.810000E+03	1.194994E-11	2.405865E-13
8.820000E+03	1.189633E-11	2.410903E-13
8.830000E+03	1.184712E-11	2.416655E-13
8.840000E+03	1.180124E-11	2.422921E-13
8.850000E+03	1.175947E-11	2.429871E-13
8.860000E+03	1.172117E-11	2.437392E-13
8.870000E+03	1.168622E-11	2.445471E-13
8.880000E+03	1.165493E-11	2.454185E-13
8.890000E+03	1.162628E-11	2.463332E-13
8.900000E+03	1.160102E-11	2.473085E-13
8.910000E+03	1.157862E-11	2.483340E-13
8.920000E+03	1.155893E-11	2.494078E-13
8.930000E+03	1.154231E-11	2.505387E-13
8.940000E+03	1.152775E-11	2.517056E-13
8.950000E+03	1.151559E-11	2.529169E-13
8.960000E+03	1.150573E-11	2.541714E-13
8.970000E+03	1.149808E-11	2.554679E-13
8.980000E+03	1.149256E-11	2.568053E-13
8.990000E+03	1.148906E-11	2.581820E-13
9.000000E+03	1.148753E-11	2.595974E-13
9.040000E+03	1.149728E-11	2.655741E-13
9.080000E+03	1.152995E-11	2.720226E-13
9.120000E+03	1.158099E-11	2.788651E-13
9.160000E+03	1.164681E-11	2.860375E-13
9.200000E+03	1.172360E-11	2.934633E-13
9.240000E+03	1.180893E-11	3.010935E-13
9.280000E+03	1.190018E-11	3.088695E-13
9.320000E+03	1.199499E-11	3.167341E-13
9.360000E+03	1.209119E-11	3.246319E-13
9.400000E+03	1.218694E-11	3.325118E-13
9.440000E+03	1.228057E-11	3.403246E-13
9.480000E+03	1.236999E-11	3.480071E-13
9.520000E+03	1.245533E-11	3.555554E-13
9.560000E+03	1.253356E-11	3.628753E-13
9.600000E+03	1.260457E-11	3.699537E-13
9.640000E+03	1.266704E-11	3.767412E-13
9.680000E+03	1.272057E-11	3.832153E-13
9.720000E+03	1.276341E-11	3.893114E-13
9.760000E+03	1.279633E-11	3.950410E-13
9.800000E+03	1.281784E-11	4.003470E-13
9.840000E+03	1.282742E-11	4.052006E-13
9.880000E+03	1.282552E-11	4.096043E-13
9.920000E+03	1.281194E-11	4.135402E-13
9.960000E+03	1.278655E-11	4.169939E-13
1.000000E+04	1.274842E-11	4.199241E-13
1.004000E+04	1.269857E-11	4.223541E-13
1.008000E+04	1.263723E-11	4.242822E-13
1.012000E+04	1.256471E-11	4.257108E-13
1.016000E+04	1.248141E-11	4.266456E-13
1.020000E+04	1.238677E-11	4.270599E-13
1.024000E+04	1.228128E-11	4.269639E-13
1.028000E+04	1.216660E-11	4.264098E-13
1.032000E+04	1.204341E-11	4.254163E-13
