#wls	flux	fluxerr
1.600000E+03	2.928744E-16	2.679164E-16
1.640000E+03	3.113520E-16	2.834337E-16
1.680000E+03	3.317608E-16	3.004086E-16
1.720000E+03	3.542705E-16	3.189319E-16
1.760000E+03	3.792054E-16	3.392208E-16
1.800000E+03	4.067815E-16	3.613791E-16
1.840000E+03	4.373079E-16	3.855758E-16
1.880000E+03	4.712023E-16	4.120526E-16
1.920000E+03	5.087643E-16	4.409205E-16
1.960000E+03	5.504419E-16	4.723892E-16
2.000000E+03	5.966366E-16	5.065912E-16
2.040000E+03	6.478695E-16	5.437182E-16
2.080000E+03	7.045126E-16	5.837869E-16
2.120000E+03	7.669952E-16	6.268097E-16
2.160000E+03	8.357038E-16	6.727039E-16
2.200000E+03	9.107458E-16	7.211010E-16
2.240000E+03	9.921034E-16	7.714793E-16
2.280000E+03	1.079895E-15	8.233675E-16
2.320000E+03	1.174400E-15	8.763492E-16
2.360000E+03	1.276532E-15	9.303892E-16
2.400000E+03	1.387091E-15	9.852384E-16
2.440000E+03	1.506778E-15	1.040441E-15
2.480000E+03	1.636361E-15	1.095440E-15
2.520000E+03	1.776048E-15	1.149160E-15
2.560000E+03	1.925962E-15	1.200353E-15
2.600000E+03	2.085770E-15	1.247390E-15
2.640000E+03	2.254816E-15	1.288396E-15
2.680000E+03	2.431699E-15	1.321083E-15
2.720000E+03	2.614390E-15	1.342940E-15
2.760000E+03	2.800056E-15	1.351290E-15
2.800000E+03	2.984968E-15	1.343432E-15
2.840000E+03	3.164540E-15	1.316891E-15
2.880000E+03	3.333506E-15	1.269730E-15
2.920000E+03	3.485978E-15	1.200821E-15
2.960000E+03	3.615751E-15	1.110175E-15
3.000000E+03	3.716393E-15	9.991737E-16
3.010000E+03	3.736343E-15	9.685804E-16
3.020000E+03	3.753881E-15	9.369329E-16
3.030000E+03	3.769059E-15	9.043400E-16
3.040000E+03	3.781675E-15	8.708540E-16
3.050000E+03	3.791697E-15	8.365758E-16
3.060000E+03	3.799093E-15	8.016109E-16
3.070000E+03	3.803591E-15	7.660217E-16
3.080000E+03	3.805326E-15	7.299625E-16
3.090000E+03	3.804037E-15	6.935151E-16
3.100000E+03	3.799784E-15	6.568305E-16
3.110000E+03	3.792397E-15	6.200250E-16
3.120000E+03	3.781794E-15	5.832398E-16
3.130000E+03	3.768045E-15	5.466467E-16
3.140000E+03	3.750934E-15	5.103820E-16
3.150000E+03	3.730615E-15	4.746436E-16
3.160000E+03	3.706823E-15	4.395815E-16
3.170000E+03	3.679724E-15	4.054109E-16
3.180000E+03	3.649150E-15	3.723156E-16
3.190000E+03	3.615215E-15	3.405205E-16
3.200000E+03	3.577844E-15	3.102397E-16
3.210000E+03	3.537104E-15	2.817076E-16
3.220000E+03	3.493087E-15	2.551305E-16
3.230000E+03	3.446178E-15	2.306194E-16
3.240000E+03	3.396771E-15	2.082532E-16
3.250000E+03	3.345513E-15	1.881034E-16
3.260000E+03	3.293202E-15	1.701654E-16
3.270000E+03	3.240782E-15	1.544279E-16
3.280000E+03	3.189105E-15	1.408696E-16
3.290000E+03	3.139288E-15	1.294220E-16
3.300000E+03	3.092370E-15	1.199885E-16
3.310000E+03	3.049029E-15	1.124126E-16
3.320000E+03	3.009932E-15	1.064508E-16
3.330000E+03	2.975371E-15	1.018305E-16
3.340000E+03	2.945257E-15	9.828309E-17
3.350000E+03	2.919635E-15	9.554604E-17
3.360000E+03	2.898173E-15	9.340204E-17
3.370000E+03	2.880377E-15	9.168966E-17
3.380000E+03	2.865830E-15	9.026973E-17
3.390000E+03	2.853879E-15	8.904608E-17
3.400000E+03	2.843921E-15	8.796362E-17
3.410000E+03	2.835426E-15	8.696271E-17
3.420000E+03	2.827808E-15	8.600696E-17
3.430000E+03	2.820490E-15	8.508126E-17
3.440000E+03	2.813167E-15	8.415898E-17
3.450000E+03	2.805460E-15	8.322589E-17
3.460000E+03	2.797106E-15	8.228278E-17
3.470000E+03	2.788027E-15	8.130889E-17
3.480000E+03	2.778223E-15	8.029471E-17
3.490000E+03	2.767659E-15	7.923887E-17
3.500000E+03	2.756570E-15	7.812239E-17
3.510000E+03	2.745184E-15	7.694090E-17
3.520000E+03	2.733708E-15	7.570937E-17
3.530000E+03	2.722546E-15	7.443610E-17
3.540000E+03	2.712051E-15	7.315042E-17
3.550000E+03	2.702523E-15	7.189774E-17
3.560000E+03	2.694356E-15	7.070594E-17
3.570000E+03	2.687820E-15	6.961426E-17
3.580000E+03	2.682958E-15	6.866501E-17
3.590000E+03	2.679930E-15	6.787104E-17
3.600000E+03	2.678752E-15	6.723961E-17
3.610000E+03	2.679385E-15	6.676996E-17
3.620000E+03	2.681784E-15	6.642035E-17
3.630000E+03	2.685786E-15	6.615300E-17
3.640000E+03	2.690953E-15	6.594103E-17
3.650000E+03	2.696931E-15	6.574554E-17
3.660000E+03	2.703179E-15	6.554638E-17
3.670000E+03	2.709062E-15	6.534193E-17
3.680000E+03	2.714120E-15	6.511534E-17
3.690000E+03	2.717868E-15	6.486476E-17
3.700000E+03	2.719788E-15	6.460062E-17
3.710000E+03	2.719618E-15	6.431286E-17
3.720000E+03	2.717065E-15	6.400279E-17
3.730000E+03	2.711933E-15	6.368501E-17
3.740000E+03	2.704193E-15	6.334909E-17
3.750000E+03	2.693877E-15	6.299474E-17
3.760000E+03	2.681118E-15	6.262901E-17
3.770000E+03	2.666329E-15	6.222957E-17
3.780000E+03	2.649951E-15	6.178253E-17
3.790000E+03	2.632509E-15	6.128923E-17
3.800000E+03	2.614636E-15	6.073187E-17
3.810000E+03	2.596958E-15	6.011265E-17
3.820000E+03	2.580056E-15	5.945561E-17
3.830000E+03	2.564552E-15	5.877133E-17
3.840000E+03	2.550854E-15	5.808501E-17
3.850000E+03	2.539190E-15	5.743074E-17
3.860000E+03	2.529582E-15	5.681045E-17
3.870000E+03	2.521842E-15	5.623450E-17
3.880000E+03	2.515350E-15	5.571833E-17
3.890000E+03	2.509444E-15	5.525373E-17
3.900000E+03	2.503186E-15	5.484024E-17
3.910000E+03	2.495645E-15	5.448320E-17
3.920000E+03	2.486148E-15	5.415330E-17
3.930000E+03	2.474251E-15	5.382521E-17
3.940000E+03	2.459798E-15	5.347875E-17
3.950000E+03	2.443183E-15	5.306775E-17
3.960000E+03	2.425029E-15	5.256434E-17
3.970000E+03	2.406130E-15	5.197411E-17
3.980000E+03	2.387413E-15	5.130417E-17
3.990000E+03	2.369744E-15	5.058953E-17
4.000000E+03	2.353705E-15	4.987405E-17
4.004756E+03	2.436664E-15	3.140395E-16
4.009575E+03	2.453308E-15	3.154884E-16
4.014393E+03	2.469793E-15	3.169089E-16
4.019212E+03	2.486118E-15	3.183009E-16
4.024030E+03	2.503445E-15	3.198036E-16
4.028849E+03	2.519949E-15	3.211981E-16
4.033667E+03	2.533804E-15	3.245492E-16
4.038486E+03	2.546169E-15	3.242054E-16
4.043304E+03	2.553059E-15	3.220773E-16
4.048123E+03	2.553473E-15	3.215232E-16
4.052941E+03	2.548901E-15	3.207017E-16
4.057760E+03	2.537015E-15	3.173928E-16
4.062578E+03	2.523627E-15	3.125803E-16
4.067397E+03	2.514885E-15	3.108778E-16
4.072215E+03	2.503311E-15	3.089339E-16
4.077034E+03	2.487573E-15	3.064921E-16
4.081852E+03	2.471659E-15	3.014899E-16
4.086671E+03	2.460230E-15	2.990092E-16
4.091490E+03	2.459112E-15	2.970934E-16
4.096308E+03	2.456827E-15	2.971614E-16
4.101127E+03	2.454373E-15	2.967411E-16
4.105945E+03	2.446087E-15	2.947365E-16
4.110764E+03	2.429134E-15	2.927551E-16
4.115582E+03	2.413839E-15	2.923294E-16
4.120401E+03	2.398868E-15	2.897943E-16
4.125219E+03	2.384389E-15	2.873428E-16
4.130038E+03	2.379404E-15	2.861526E-16
4.134856E+03	2.373583E-15	2.847993E-16
4.139675E+03	2.364254E-15	2.832353E-16
4.144493E+03	2.356254E-15	2.807215E-16
4.149312E+03	2.351086E-15	2.784424E-16
4.154130E+03	2.352089E-15	2.773659E-16
4.158949E+03	2.347414E-15	2.776639E-16
4.163767E+03	2.339898E-15	2.754424E-16
4.168586E+03	2.333211E-15	2.740274E-16
4.173404E+03	2.329527E-15	2.730280E-16
4.178223E+03	2.326507E-15	2.720038E-16
4.183042E+03	2.320643E-15	2.723787E-16
4.187860E+03	2.315109E-15	2.707839E-16
4.192679E+03	2.310073E-15	2.695220E-16
4.197497E+03	2.298511E-15	2.679926E-16
4.202316E+03	2.284601E-15	2.658245E-16
4.207134E+03	2.274530E-15	2.632321E-16
4.211953E+03	2.270143E-15	2.614635E-16
4.216771E+03	2.266253E-15	2.604236E-16
4.221590E+03	2.263364E-15	2.594756E-16
4.226408E+03	2.262481E-15	2.588845E-16
4.231227E+03	2.259419E-15	2.566388E-16
4.236045E+03	2.262048E-15	2.569173E-16
4.240864E+03	2.267188E-15	2.570214E-16
4.245682E+03	2.275847E-15	2.572303E-16
4.250501E+03	2.283669E-15	2.570992E-16
4.255319E+03	2.285123E-15	2.563296E-16
4.260138E+03	2.280539E-15	2.545781E-16
4.264956E+03	2.272934E-15	2.532648E-16
4.269775E+03	2.265993E-15	2.518573E-16
4.274593E+03	2.253177E-15	2.498440E-16
4.279412E+03	2.248407E-15	2.485722E-16
4.284230E+03	2.248499E-15	2.471821E-16
4.289049E+03	2.238350E-15	2.452421E-16
4.293868E+03	2.229371E-15	2.433186E-16
4.298686E+03	2.232642E-15	2.430495E-16
4.303505E+03	2.225165E-15	2.417824E-16
4.308323E+03	2.214154E-15	2.401777E-16
4.313142E+03	2.203978E-15	2.380902E-16
4.317960E+03	2.197492E-15	2.368927E-16
4.322779E+03	2.192177E-15	2.356577E-16
4.327597E+03	2.181143E-15	2.347952E-16
4.332416E+03	2.174305E-15	2.338428E-16
4.337234E+03	2.167462E-15	2.346610E-16
4.342053E+03	2.158933E-15	2.332221E-16
4.346871E+03	2.156285E-15	2.344798E-16
4.351690E+03	2.155652E-15	2.349101E-16
4.356508E+03	2.155690E-15	2.340783E-16
4.361327E+03	2.157071E-15	2.334421E-16
4.366145E+03	2.157441E-15	2.328656E-16
4.370964E+03	2.156965E-15	2.320299E-16
4.375783E+03	2.151941E-15	2.309393E-16
4.380601E+03	2.145733E-15	2.291468E-16
4.385419E+03	2.142215E-15	2.262878E-16
4.390238E+03	2.139705E-15	2.254337E-16
4.395057E+03	2.135168E-15	2.224785E-16
4.399875E+03	2.123212E-15	2.195958E-16
4.404694E+03	2.106362E-15	2.171756E-16
4.409512E+03	2.087817E-15	2.147255E-16
4.414331E+03	2.069770E-15	2.120917E-16
4.419149E+03	2.050027E-15	2.094706E-16
4.423968E+03	2.037528E-15	2.066782E-16
4.428786E+03	2.028058E-15	2.046035E-16
4.433605E+03	2.014365E-15	2.027429E-16
4.438423E+03	2.007751E-15	2.013282E-16
4.443242E+03	2.005857E-15	2.000221E-16
4.448060E+03	1.991977E-15	1.986037E-16
4.452879E+03	1.980790E-15	1.970423E-16
4.457697E+03	1.975168E-15	1.958233E-16
4.462516E+03	1.975959E-15	1.952610E-16
4.467334E+03	1.978604E-15	1.950060E-16
4.472153E+03	1.976855E-15	1.943618E-16
4.476971E+03	1.971555E-15	1.935532E-16
4.481790E+03	1.963716E-15	1.926646E-16
4.486609E+03	1.959083E-15	1.917270E-16
4.491427E+03	1.956473E-15	1.926253E-16
4.496246E+03	1.954366E-15	1.921946E-16
4.501064E+03	1.948536E-15	1.908357E-16
4.505883E+03	1.941180E-15	1.899764E-16
4.510701E+03	1.936863E-15	1.892930E-16
4.515520E+03	1.933555E-15	1.883627E-16
4.520338E+03	1.927707E-15	1.870301E-16
4.525157E+03	1.922699E-15	1.856358E-16
4.529975E+03	1.922593E-15	1.835730E-16
4.534794E+03	1.924683E-15	1.831855E-16
4.539612E+03	1.924062E-15	1.806600E-16
4.544431E+03	1.919207E-15	1.781997E-16
4.549249E+03	1.916378E-15	1.778223E-16
4.554068E+03	1.912869E-15	1.764197E-16
4.558886E+03	1.910539E-15	1.755585E-16
4.563705E+03	1.912608E-15	1.750733E-16
4.568524E+03	1.912980E-15	1.744589E-16
4.573342E+03	1.916566E-15	1.739998E-16
4.578160E+03	1.927431E-15	1.742730E-16
4.582979E+03	1.936432E-15	1.743680E-16
4.587798E+03	1.939502E-15	1.745179E-16
4.592616E+03	1.935115E-15	1.734449E-16
4.597435E+03	1.932587E-15	1.720937E-16
4.602253E+03	1.935476E-15	1.717604E-16
4.607072E+03	1.938531E-15	1.709487E-16
4.611890E+03	1.938194E-15	1.701079E-16
4.616709E+03	1.934293E-15	1.693013E-16
4.621527E+03	1.927167E-15	1.681590E-16
4.626346E+03	1.918341E-15	1.669932E-16
4.631164E+03	1.909848E-15	1.655774E-16
4.635983E+03	1.902876E-15	1.637673E-16
4.640801E+03	1.895559E-15	1.626959E-16
4.645620E+03	1.887389E-15	1.618476E-16
4.650438E+03	1.882267E-15	1.613158E-16
4.655257E+03	1.876630E-15	1.601520E-16
4.660075E+03	1.870480E-15	1.593753E-16
4.664894E+03	1.866359E-15	1.582410E-16
4.669712E+03	1.862743E-15	1.572455E-16
4.674531E+03	1.861667E-15	1.562003E-16
4.679350E+03	1.866014E-15	1.558878E-16
4.684168E+03	1.868831E-15	1.560207E-16
4.688987E+03	1.869607E-15	1.550938E-16
4.693805E+03	1.869531E-15	1.540257E-16
4.698624E+03	1.868941E-15	1.524543E-16
4.703442E+03	1.870043E-15	1.531470E-16
4.708261E+03	1.868257E-15	1.522533E-16
4.713079E+03	1.858319E-15	1.505459E-16
4.717898E+03	1.848716E-15	1.490616E-16
4.722716E+03	1.843350E-15	1.482453E-16
4.727535E+03	1.841543E-15	1.487253E-16
4.732353E+03	1.837016E-15	1.472758E-16
4.737172E+03	1.829937E-15	1.460031E-16
4.741990E+03	1.824381E-15	1.446620E-16
4.746809E+03	1.822215E-15	1.440641E-16
4.751627E+03	1.821571E-15	1.417031E-16
4.756446E+03	1.818545E-15	1.419765E-16
4.761265E+03	1.813987E-15	1.423514E-16
4.766083E+03	1.811122E-15	1.414330E-16
4.770901E+03	1.807402E-15	1.416935E-16
4.775720E+03	1.802319E-15	1.409816E-16
4.780539E+03	1.804021E-15	1.401895E-16
4.785357E+03	1.806227E-15	1.396008E-16
4.790176E+03	1.810125E-15	1.395965E-16
4.794994E+03	1.814188E-15	1.387882E-16
4.799813E+03	1.809927E-15	1.378417E-16
4.804631E+03	1.806341E-15	1.356038E-16
4.809450E+03	1.803767E-15	1.330504E-16
4.814268E+03	1.802207E-15	1.321451E-16
4.819087E+03	1.803526E-15	1.302116E-16
4.823905E+03	1.809762E-15	1.277350E-16
4.828724E+03	1.814295E-15	1.286343E-16
4.833542E+03	1.815767E-15	1.279542E-16
4.838361E+03	1.818590E-15	1.269257E-16
4.843179E+03	1.825651E-15	1.270651E-16
4.847998E+03	1.829989E-15	1.279659E-16
4.852816E+03	1.830079E-15	1.271925E-16
4.857635E+03	1.824055E-15	1.261848E-16
4.862453E+03	1.818534E-15	1.253965E-16
4.867272E+03	1.820134E-15	1.247563E-16
4.872091E+03	1.821727E-15	1.241090E-16
4.876909E+03	1.818224E-15	1.219544E-16
4.881728E+03	1.815734E-15	1.209610E-16
4.886546E+03	1.812559E-15	1.203028E-16
4.891365E+03	1.811074E-15	1.193031E-16
4.896183E+03	1.816197E-15	1.168706E-16
4.901002E+03	1.820974E-15	1.164085E-16
4.905820E+03	1.827948E-15	1.161768E-16
4.910639E+03	1.839153E-15	1.159645E-16
4.915457E+03	1.851197E-15	1.161551E-16
4.920276E+03	1.859672E-15	1.171942E-16
4.925094E+03	1.869664E-15	1.180410E-16
4.929913E+03	1.879478E-15	1.179061E-16
4.934731E+03	1.890469E-15	1.174492E-16
4.939550E+03	1.896875E-15	1.166373E-16
4.944368E+03	1.895478E-15	1.169448E-16
4.949187E+03	1.892042E-15	1.161007E-16
4.954006E+03	1.889953E-15	1.155037E-16
4.958824E+03	1.888705E-15	1.147877E-16
4.963642E+03	1.883893E-15	1.133334E-16
4.968461E+03	1.877043E-15	1.122251E-16
4.973280E+03	1.865107E-15	1.097618E-16
4.978098E+03	1.856045E-15	1.084680E-16
4.982917E+03	1.849009E-15	1.071403E-16
4.987735E+03	1.839599E-15	1.065498E-16
4.992554E+03	1.830183E-15	1.045141E-16
4.997372E+03	1.822285E-15	1.031679E-16
5.002191E+03	1.817088E-15	1.031901E-16
5.007009E+03	1.817466E-15	1.020963E-16
5.011828E+03	1.819527E-15	1.014951E-16
5.016646E+03	1.817860E-15	9.946985E-17
5.021465E+03	1.814833E-15	9.832683E-17
5.026283E+03	1.811461E-15	9.752201E-17
5.031102E+03	1.806054E-15	9.658135E-17
5.035920E+03	1.798783E-15	9.606872E-17
5.040739E+03	1.795729E-15	9.504794E-17
5.045557E+03	1.793005E-15	9.450266E-17
5.050376E+03	1.793652E-15	9.377875E-17
5.055194E+03	1.801210E-15	9.369540E-17
5.060013E+03	1.810445E-15	9.312705E-17
5.064832E+03	1.814774E-15	9.220209E-17
5.069650E+03	1.817405E-15	9.146894E-17
5.074469E+03	1.821881E-15	9.188722E-17
5.079287E+03	1.827694E-15	9.226078E-17
5.084106E+03	1.827090E-15	9.089188E-17
5.088924E+03	1.822432E-15	8.986913E-17
5.093743E+03	1.819284E-15	8.856862E-17
5.098561E+03	1.818823E-15	8.675460E-17
5.103380E+03	1.818858E-15	8.827497E-17
5.108198E+03	1.815348E-15	8.781972E-17
5.113017E+03	1.807454E-15	8.679436E-17
5.117835E+03	1.797367E-15	8.576162E-17
5.122654E+03	1.791986E-15	8.365029E-17
5.127472E+03	1.784581E-15	8.111108E-17
5.132291E+03	1.771621E-15	7.984488E-17
5.137109E+03	1.760677E-15	7.883947E-17
5.141928E+03	1.753090E-15	7.859916E-17
5.146747E+03	1.750872E-15	7.745096E-17
5.151565E+03	1.749487E-15	7.444301E-17
5.156383E+03	1.745573E-15	7.317591E-17
5.161202E+03	1.744673E-15	7.316535E-17
5.166021E+03	1.743596E-15	7.224761E-17
5.170839E+03	1.738316E-15	7.125663E-17
5.175658E+03	1.730851E-15	7.042147E-17
5.180476E+03	1.720531E-15	6.902863E-17
5.185295E+03	1.708029E-15	6.799673E-17
5.190113E+03	1.695191E-15	6.647031E-17
5.194932E+03	1.683859E-15	6.543352E-17
5.199750E+03	1.676039E-15	6.350097E-17
5.204569E+03	1.669687E-15	6.245604E-17
5.209387E+03	1.663446E-15	6.081770E-17
5.214206E+03	1.657701E-15	5.958951E-17
5.219024E+03	1.654021E-15	5.918973E-17
5.223843E+03	1.652789E-15	5.800253E-17
5.228661E+03	1.649761E-15	5.630065E-17
5.233480E+03	1.647224E-15	5.596440E-17
5.238298E+03	1.647465E-15	5.429936E-17
5.243117E+03	1.648612E-15	5.273878E-17
5.247935E+03	1.650363E-15	5.207300E-17
5.252754E+03	1.651102E-15	5.154412E-17
5.257573E+03	1.650197E-15	4.998684E-17
5.262391E+03	1.647150E-15	4.913999E-17
5.267210E+03	1.643429E-15	4.828019E-17
5.272028E+03	1.635675E-15	4.761861E-17
5.276847E+03	1.624476E-15	4.649969E-17
5.281665E+03	1.612329E-15	4.503059E-17
5.286484E+03	1.605297E-15	4.432561E-17
5.291302E+03	1.599422E-15	4.349324E-17
5.296121E+03	1.589559E-15	4.261409E-17
5.300939E+03	1.581202E-15	4.239870E-17
5.305758E+03	1.575842E-15	4.190763E-17
5.310576E+03	1.569018E-15	4.152219E-17
5.315395E+03	1.562752E-15	4.102688E-17
5.320213E+03	1.560782E-15	4.054146E-17
5.325032E+03	1.560969E-15	3.998405E-17
5.329850E+03	1.558680E-15	3.937985E-17
5.334669E+03	1.557008E-15	4.214410E-17
5.339488E+03	1.556482E-15	4.164197E-17
5.344306E+03	1.557577E-15	4.219336E-17
5.349124E+03	1.557437E-15	4.118569E-17
5.353943E+03	1.558207E-15	4.049872E-17
5.358762E+03	1.559425E-15	4.050775E-17
5.363580E+03	1.558586E-15	4.018589E-17
5.368399E+03	1.558706E-15	4.010190E-17
5.373217E+03	1.558664E-15	3.962727E-17
5.378036E+03	1.556982E-15	4.102954E-17
5.382854E+03	1.553056E-15	3.672142E-17
5.387673E+03	1.548038E-15	3.667391E-17
5.392491E+03	1.541258E-15	3.566025E-17
5.397310E+03	1.535669E-15	3.538776E-17
5.402128E+03	1.529942E-15	3.526108E-17
5.406947E+03	1.522164E-15	3.386234E-17
5.411765E+03	1.513794E-15	3.391441E-17
5.416584E+03	1.504358E-15	3.304987E-17
5.421402E+03	1.495135E-15	3.303041E-17
5.426221E+03	1.486089E-15	3.069106E-17
5.431039E+03	1.482080E-15	3.030966E-17
5.435858E+03	1.477215E-15	2.998768E-17
5.440676E+03	1.469901E-15	2.955002E-17
5.445495E+03	1.467496E-15	2.872122E-17
5.450314E+03	1.465225E-15	2.824506E-17
5.455132E+03	1.462473E-15	2.817845E-17
5.459951E+03	1.460505E-15	2.734511E-17
5.464769E+03	1.460683E-15	2.671392E-17
5.469588E+03	1.461737E-15	2.639198E-17
5.474406E+03	1.460055E-15	2.644296E-17
5.479225E+03	1.457002E-15	2.651849E-17
5.484043E+03	1.454587E-15	2.683390E-17
5.488862E+03	1.452759E-15	2.722405E-17
5.493680E+03	1.447839E-15	2.852754E-17
5.498499E+03	1.443171E-15	2.886002E-17
5.503317E+03	1.436935E-15	2.894725E-17
5.508136E+03	1.431179E-15	2.937674E-17
5.512954E+03	1.428185E-15	2.963688E-17
5.517773E+03	1.421457E-15	3.002391E-17
5.522591E+03	1.413877E-15	3.012726E-17
5.527410E+03	1.409504E-15	3.057850E-17
5.532229E+03	1.404566E-15	3.046510E-17
5.537047E+03	1.399369E-15	3.017374E-17
5.541865E+03	1.395415E-15	2.980925E-17
5.546684E+03	1.390754E-15	2.998282E-17
5.551503E+03	1.386297E-15	3.026194E-17
5.556321E+03	1.382139E-15	3.202027E-17
5.561140E+03	1.378439E-15	3.235133E-17
5.565958E+03	1.374654E-15	3.608370E-17
5.570777E+03	1.369720E-15	3.640940E-17
5.575595E+03	1.365721E-15	3.813335E-17
5.580414E+03	1.360751E-15	3.839705E-17
5.585232E+03	1.355002E-15	3.854461E-17
5.590051E+03	1.351581E-15	3.882486E-17
5.594869E+03	1.347365E-15	3.885960E-17
5.599688E+03	1.344680E-15	3.914594E-17
5.604506E+03	1.342351E-15	3.807317E-17
5.609325E+03	1.342240E-15	3.839391E-17
5.614143E+03	1.344592E-15	3.468497E-17
5.618962E+03	1.345306E-15	3.553169E-17
5.623780E+03	1.345380E-15	3.453567E-17
5.628599E+03	1.343637E-15	3.530268E-17
5.633417E+03	1.340319E-15	3.587103E-17
5.638236E+03	1.334474E-15	3.596897E-17
5.643055E+03	1.325189E-15	3.635699E-17
5.647873E+03	1.317884E-15	3.692352E-17
5.652692E+03	1.313739E-15	3.819673E-17
5.657510E+03	1.306536E-15	3.982037E-17
5.662329E+03	1.293823E-15	4.088669E-17
5.667147E+03	1.282966E-15	4.060341E-17
5.671966E+03	1.276383E-15	4.073354E-17
5.676784E+03	1.268983E-15	4.163577E-17
5.681603E+03	1.260473E-15	4.250226E-17
5.686421E+03	1.254344E-15	4.322582E-17
5.691240E+03	1.246008E-15	4.334247E-17
5.696058E+03	1.236615E-15	4.385772E-17
5.700877E+03	1.227374E-15	4.327838E-17
5.705695E+03	1.220459E-15	4.221790E-17
5.710514E+03	1.215385E-15	4.079253E-17
5.715332E+03	1.210361E-15	4.163298E-17
5.720151E+03	1.206846E-15	4.342347E-17
5.724970E+03	1.200293E-15	4.278838E-17
5.729788E+03	1.192459E-15	4.197486E-17
5.734606E+03	1.185157E-15	4.096776E-17
5.739425E+03	1.178293E-15	4.176314E-17
5.744244E+03	1.174538E-15	4.218745E-17
5.749062E+03	1.173408E-15	4.224354E-17
5.753881E+03	1.175565E-15	4.337764E-17
5.758699E+03	1.180068E-15	4.411926E-17
5.763518E+03	1.184735E-15	4.428233E-17
5.768336E+03	1.191219E-15	4.390010E-17
5.773155E+03	1.194648E-15	4.558263E-17
5.777973E+03	1.197122E-15	4.594659E-17
5.782792E+03	1.201321E-15	4.645869E-17
5.787610E+03	1.206259E-15	4.641901E-17
5.792429E+03	1.212323E-15	4.615519E-17
5.797247E+03	1.218349E-15	4.666760E-17
5.802066E+03	1.221163E-15	4.617559E-17
5.806884E+03	1.220537E-15	4.565563E-17
5.811703E+03	1.220656E-15	4.588446E-17
5.816521E+03	1.221966E-15	4.606275E-17
5.821340E+03	1.224285E-15	4.545743E-17
5.826158E+03	1.226277E-15	4.539975E-17
5.830977E+03	1.229272E-15	4.674090E-17
5.835796E+03	1.228093E-15	4.703802E-17
5.840614E+03	1.223232E-15	4.703326E-17
5.845433E+03	1.217812E-15	4.681492E-17
5.850251E+03	1.211523E-15	4.740068E-17
5.855070E+03	1.203614E-15	4.879600E-17
5.859888E+03	1.193926E-15	4.861589E-17
5.864707E+03	1.181462E-15	4.838953E-17
5.869525E+03	1.165701E-15	4.860264E-17
5.874344E+03	1.149356E-15	4.919322E-17
5.879162E+03	1.136954E-15	4.839938E-17
5.883981E+03	1.128406E-15	4.797670E-17
5.888799E+03	1.120007E-15	4.776382E-17
5.893618E+03	1.112625E-15	4.766901E-17
5.898436E+03	1.110064E-15	4.701308E-17
5.903255E+03	1.111341E-15	4.572783E-17
5.908073E+03	1.113019E-15	4.647083E-17
5.912892E+03	1.114046E-15	4.782059E-17
5.917710E+03	1.114219E-15	4.707851E-17
5.922529E+03	1.114985E-15	4.580771E-17
5.927347E+03	1.118928E-15	4.678423E-17
5.932166E+03	1.123597E-15	4.730391E-17
5.936984E+03	1.125783E-15	4.746063E-17
5.941803E+03	1.127757E-15	4.710440E-17
5.946622E+03	1.128175E-15	4.881350E-17
5.951440E+03	1.126478E-15	4.856858E-17
5.956259E+03	1.123773E-15	4.819496E-17
5.961077E+03	1.118667E-15	4.747491E-17
5.965896E+03	1.114247E-15	4.709861E-17
5.970714E+03	1.110065E-15	4.708288E-17
5.975533E+03	1.105131E-15	4.563173E-17
5.980351E+03	1.102455E-15	4.499211E-17
5.985170E+03	1.101744E-15	4.457140E-17
5.989988E+03	1.102245E-15	4.455840E-17
5.994807E+03	1.101002E-15	4.364617E-17
5.999625E+03	1.098434E-15	4.325245E-17
6.004444E+03	1.095529E-15	4.275376E-17
6.009262E+03	1.092743E-15	4.226452E-17
6.014081E+03	1.091948E-15	4.216269E-17
6.018900E+03	1.089793E-15	4.214458E-17
6.023718E+03	1.087146E-15	4.203630E-17
6.028537E+03	1.085663E-15	4.276466E-17
6.033355E+03	1.082207E-15	4.228965E-17
6.038174E+03	1.078490E-15	4.230707E-17
6.042992E+03	1.077750E-15	4.191672E-17
6.047811E+03	1.076392E-15	4.121164E-17
6.052629E+03	1.073815E-15	4.114412E-17
6.057448E+03	1.073023E-15	4.224758E-17
6.062266E+03	1.071085E-15	4.260692E-17
6.067085E+03	1.067432E-15	4.283665E-17
6.071903E+03	1.065811E-15	4.335610E-17
6.076722E+03	1.065447E-15	4.263784E-17
6.081540E+03	1.062982E-15	4.249103E-17
6.086359E+03	1.059661E-15	4.204646E-17
6.091177E+03	1.057653E-15	4.135853E-17
6.095996E+03	1.057853E-15	4.165467E-17
6.100814E+03	1.057623E-15	4.140252E-17
6.105633E+03	1.054850E-15	4.011979E-17
6.110451E+03	1.049821E-15	3.922370E-17
6.115270E+03	1.043537E-15	3.839062E-17
6.120088E+03	1.039019E-15	3.859220E-17
6.124907E+03	1.037866E-15	3.852739E-17
6.129725E+03	1.036195E-15	3.816430E-17
6.134544E+03	1.033803E-15	3.788195E-17
6.139363E+03	1.030472E-15	3.768868E-17
6.144181E+03	1.028054E-15	3.689705E-17
6.149000E+03	1.026038E-15	3.674147E-17
6.153818E+03	1.025065E-15	3.809085E-17
6.158637E+03	1.024285E-15	3.870608E-17
6.163455E+03	1.022625E-15	3.837424E-17
6.168274E+03	1.019803E-15	3.759762E-17
6.173092E+03	1.017125E-15	3.652977E-17
6.177911E+03	1.014077E-15	3.618874E-17
6.182729E+03	1.010875E-15	3.589705E-17
6.187548E+03	1.006144E-15	3.545277E-17
6.192366E+03	9.989459E-16	3.481325E-17
6.197185E+03	9.934521E-16	3.435232E-17
6.202003E+03	9.916876E-16	3.237915E-17
6.206822E+03	9.889625E-16	2.966310E-17
6.211641E+03	9.838986E-16	2.945681E-17
6.216459E+03	9.801635E-16	2.862535E-17
6.221278E+03	9.801877E-16	2.944593E-17
6.226096E+03	9.798268E-16	2.915953E-17
6.230915E+03	9.754651E-16	2.896904E-17
6.235733E+03	9.725840E-16	2.965614E-17
6.240552E+03	9.707516E-16	2.832750E-17
6.245370E+03	9.649115E-16	2.861391E-17
6.250189E+03	9.567522E-16	3.094855E-17
6.255007E+03	9.492137E-16	3.082712E-17
6.259826E+03	9.419495E-16	2.962738E-17
6.264644E+03	9.361358E-16	2.982281E-17
6.269463E+03	9.306972E-16	3.297130E-17
6.274281E+03	9.253155E-16	3.216355E-17
6.279100E+03	9.215063E-16	3.413453E-17
6.283918E+03	9.186978E-16	3.197988E-17
6.288737E+03	9.170048E-16	3.216832E-17
6.293555E+03	9.156223E-16	3.498188E-17
6.298374E+03	9.150345E-16	3.255665E-17
6.303192E+03	9.151862E-16	3.302232E-17
6.308011E+03	9.183386E-16	3.239493E-17
6.312829E+03	9.203905E-16	3.177457E-17
6.317648E+03	9.218683E-16	2.695071E-17
6.322467E+03	9.230217E-16	2.692299E-17
6.327285E+03	9.240345E-16	2.450613E-17
6.332104E+03	9.248034E-16	2.425172E-17
6.336922E+03	9.232115E-16	2.322739E-17
6.341741E+03	9.199940E-16	1.795885E-17
6.346559E+03	9.173600E-16	1.772436E-17
6.351378E+03	9.142721E-16	1.608731E-17
6.356196E+03	9.097747E-16	1.566232E-17
6.361015E+03	9.067534E-16	1.535159E-17
6.365833E+03	9.071649E-16	1.445207E-17
6.370652E+03	9.084199E-16	1.344158E-17
6.375470E+03	9.087262E-16	1.476717E-17
6.380289E+03	9.108136E-16	1.698412E-17
6.385107E+03	9.103853E-16	1.676598E-17
6.389926E+03	9.080787E-16	1.901556E-17
6.394744E+03	9.081817E-16	1.911448E-17
6.399563E+03	9.091502E-16	1.875226E-17
6.404382E+03	9.086914E-16	1.870827E-17
6.409200E+03	9.091617E-16	1.842553E-17
6.414019E+03	9.095114E-16	1.818015E-17
6.418837E+03	9.093584E-16	1.810109E-17
6.423656E+03	9.079016E-16	1.665255E-17
6.428474E+03	9.037704E-16	1.331628E-17
6.433293E+03	8.979264E-16	1.336535E-17
6.438111E+03	8.921279E-16	1.172885E-17
6.442930E+03	8.862603E-16	1.231435E-17
6.447748E+03	8.814142E-16	1.237624E-17
6.452567E+03	8.781312E-16	1.310348E-17
6.457385E+03	8.723693E-16	1.539251E-17
6.462204E+03	8.670689E-16	1.512964E-17
6.467022E+03	8.617232E-16	1.566170E-17
6.471841E+03	8.602957E-16	1.768877E-17
6.476659E+03	8.615397E-16	1.967932E-17
6.481478E+03	8.617438E-16	1.970268E-17
6.486296E+03	8.596392E-16	1.963596E-17
6.491115E+03	8.573701E-16	1.956915E-17
6.495933E+03	8.567718E-16	2.194224E-17
6.500752E+03	8.575009E-16	2.228219E-17
6.505570E+03	8.574839E-16	2.137720E-17
6.510389E+03	8.573745E-16	2.161015E-17
6.515208E+03	8.590519E-16	2.210404E-17
6.520026E+03	8.604341E-16	2.305315E-17
6.524845E+03	8.601709E-16	2.110089E-17
6.529663E+03	8.592910E-16	2.126032E-17
6.534482E+03	8.585825E-16	2.345169E-17
6.539300E+03	8.598294E-16	2.401590E-17
6.544119E+03	8.593739E-16	2.284638E-17
6.548937E+03	8.597116E-16	2.285578E-17
6.553756E+03	8.623224E-16	2.276311E-17
6.558574E+03	8.646882E-16	2.333485E-17
6.563393E+03	8.680653E-16	2.402787E-17
6.568211E+03	8.705257E-16	2.331666E-17
6.573030E+03	8.704823E-16	2.389351E-17
6.577848E+03	8.698138E-16	2.450201E-17
6.582667E+03	8.693644E-16	2.373971E-17
6.587485E+03	8.691460E-16	2.415816E-17
6.592304E+03	8.709289E-16	2.562277E-17
6.597122E+03	8.741647E-16	2.639545E-17
6.601941E+03	8.745470E-16	2.703413E-17
6.606760E+03	8.732059E-16	2.755649E-17
6.611578E+03	8.707128E-16	2.794395E-17
6.616396E+03	8.685879E-16	2.865941E-17
6.621215E+03	8.661521E-16	2.950125E-17
6.626034E+03	8.630359E-16	2.984210E-17
6.630852E+03	8.616184E-16	3.129185E-17
6.635671E+03	8.641872E-16	3.296112E-17
6.640489E+03	8.705630E-16	3.556703E-17
6.645308E+03	8.787222E-16	3.778618E-17
6.650126E+03	8.881825E-16	3.852301E-17
6.654945E+03	9.002443E-16	4.054040E-17
6.659763E+03	9.145352E-16	4.386377E-17
6.664582E+03	9.279099E-16	4.730486E-17
6.669400E+03	9.381619E-16	4.931202E-17
6.674219E+03	9.469270E-16	5.098243E-17
6.679037E+03	9.530557E-16	5.148144E-17
6.683856E+03	9.568461E-16	5.207914E-17
6.688674E+03	9.556694E-16	5.072185E-17
6.693493E+03	9.512950E-16	4.868174E-17
6.698311E+03	9.438618E-16	4.954222E-17
6.703130E+03	9.335941E-16	5.060051E-17
6.707949E+03	9.200678E-16	4.982189E-17
6.712767E+03	9.040811E-16	4.738795E-17
6.717586E+03	8.866135E-16	4.659198E-17
6.722404E+03	8.681548E-16	4.481142E-17
6.727223E+03	8.518165E-16	4.464676E-17
6.732041E+03	8.399855E-16	4.433339E-17
6.736860E+03	8.333628E-16	4.452074E-17
6.741678E+03	8.310766E-16	4.500194E-17
6.746497E+03	8.296994E-16	4.532949E-17
6.751315E+03	8.305571E-16	4.537324E-17
6.756134E+03	8.321136E-16	4.606584E-17
6.760952E+03	8.322880E-16	4.667026E-17
6.765771E+03	8.324559E-16	4.661763E-17
6.770589E+03	8.309275E-16	4.732323E-17
6.775408E+03	8.305240E-16	4.821655E-17
6.780226E+03	8.301506E-16	4.999502E-17
6.785045E+03	8.292974E-16	5.063727E-17
6.789863E+03	8.290574E-16	5.120628E-17
6.794682E+03	8.296725E-16	5.195679E-17
6.799501E+03	8.293344E-16	5.256391E-17
6.804319E+03	8.268796E-16	5.249590E-17
6.809137E+03	8.256805E-16	5.310111E-17
6.813956E+03	8.261965E-16	5.364506E-17
6.818775E+03	8.275294E-16	5.404551E-17
6.823593E+03	8.289880E-16	5.454340E-17
6.828412E+03	8.297002E-16	5.416395E-17
6.833230E+03	8.304536E-16	5.501416E-17
6.838049E+03	8.338987E-16	5.631136E-17
6.842867E+03	8.384000E-16	5.700535E-17
6.847686E+03	8.415856E-16	5.944432E-17
6.852504E+03	8.427429E-16	6.094099E-17
6.857323E+03	8.429860E-16	6.231969E-17
6.862141E+03	8.412636E-16	6.380596E-17
6.866960E+03	8.376497E-16	6.413230E-17
6.871778E+03	8.355769E-16	6.475026E-17
6.876597E+03	8.360832E-16	6.545994E-17
6.881415E+03	8.347584E-16	6.554745E-17
6.886234E+03	8.294059E-16	6.578788E-17
6.891052E+03	8.222616E-16	6.588135E-17
6.895871E+03	8.155231E-16	6.473115E-17
6.900690E+03	8.078869E-16	6.375932E-17
6.905508E+03	8.000529E-16	6.325108E-17
6.910327E+03	7.918403E-16	6.186880E-17
6.915145E+03	7.840330E-16	6.241428E-17
6.919964E+03	7.772096E-16	6.330734E-17
6.924782E+03	7.711523E-16	6.342862E-17
6.929601E+03	7.685491E-16	6.414857E-17
6.934419E+03	7.678555E-16	6.516576E-17
6.939238E+03	7.650088E-16	6.546440E-17
6.944056E+03	7.597328E-16	6.537637E-17
6.948875E+03	7.537635E-16	6.531948E-17
6.953693E+03	7.508718E-16	6.542342E-17
6.958512E+03	7.504903E-16	6.593421E-17
6.963330E+03	7.497876E-16	6.605117E-17
6.968149E+03	7.474149E-16	6.547520E-17
6.972967E+03	7.446613E-16	6.530259E-17
6.977786E+03	7.430558E-16	6.588614E-17
6.982604E+03	7.428269E-16	6.551233E-17
6.987423E+03	7.417230E-16	6.656069E-17
6.992242E+03	7.396238E-16	6.685275E-17
6.997060E+03	7.373842E-16	6.711245E-17
7.001878E+03	7.348356E-16	6.736483E-17
7.006697E+03	7.327482E-16	6.759276E-17
7.011516E+03	7.311580E-16	6.787291E-17
7.016334E+03	7.318097E-16	6.821339E-17
7.021153E+03	7.344019E-16	6.877174E-17
7.025971E+03	7.359023E-16	6.905424E-17
7.030790E+03	7.365398E-16	6.956081E-17
7.035608E+03	7.369280E-16	6.945541E-17
7.040427E+03	7.381255E-16	6.997755E-17
7.045245E+03	7.397713E-16	7.057179E-17
7.050064E+03	7.407467E-16	7.110045E-17
7.054882E+03	7.409194E-16	7.153943E-17
7.059701E+03	7.427793E-16	7.225426E-17
7.064519E+03	7.447747E-16	7.285617E-17
7.069338E+03	7.450172E-16	7.326768E-17
7.074156E+03	7.459003E-16	7.370687E-17
7.078975E+03	7.452951E-16	7.406493E-17
7.083793E+03	7.426001E-16	7.427163E-17
7.088612E+03	7.395474E-16	7.456074E-17
7.093431E+03	7.356437E-16	7.467563E-17
7.098249E+03	7.325730E-16	7.477338E-17
7.103068E+03	7.323318E-16	7.546004E-17
7.107886E+03	7.321296E-16	7.590955E-17
7.112705E+03	7.298132E-16	7.609069E-17
7.117523E+03	7.293521E-16	7.686382E-17
7.122342E+03	7.300728E-16	7.734725E-17
7.127160E+03	7.303873E-16	7.775241E-17
7.131979E+03	7.310535E-16	7.821295E-17
7.136797E+03	7.316263E-16	7.880037E-17
7.141616E+03	7.336457E-16	7.936618E-17
7.146434E+03	7.345731E-16	8.015231E-17
7.151253E+03	7.325192E-16	8.031604E-17
7.156071E+03	7.282655E-16	8.001767E-17
7.160890E+03	7.243870E-16	8.003747E-17
7.165708E+03	7.221956E-16	8.011580E-17
7.170527E+03	7.185140E-16	8.016525E-17
7.175345E+03	7.140039E-16	8.014555E-17
7.180164E+03	7.106873E-16	8.013822E-17
7.184983E+03	7.069152E-16	7.980079E-17
7.189801E+03	7.008453E-16	7.938878E-17
7.194619E+03	6.963541E-16	8.001441E-17
7.199438E+03	6.957540E-16	8.109813E-17
7.204257E+03	6.960472E-16	8.143254E-17
7.209075E+03	6.945362E-16	8.173797E-17
7.213894E+03	6.924369E-16	8.235273E-17
7.218712E+03	6.945919E-16	8.290498E-17
7.223531E+03	6.976290E-16	8.367257E-17
7.228349E+03	7.006931E-16	8.477259E-17
7.233168E+03	7.048205E-16	8.589926E-17
7.237986E+03	7.082158E-16	8.679206E-17
7.242805E+03	7.117587E-16	8.714286E-17
7.247623E+03	7.152926E-16	8.663817E-17
7.252442E+03	7.162856E-16	8.813289E-17
7.257260E+03	7.166299E-16	8.955277E-17
7.262079E+03	7.154207E-16	8.908105E-17
7.266897E+03	7.119097E-16	8.979632E-17
7.271716E+03	7.080499E-16	8.956160E-17
7.276534E+03	7.041428E-16	8.908718E-17
7.281353E+03	7.018896E-16	8.955458E-17
7.286172E+03	7.015686E-16	8.950378E-17
7.290990E+03	6.991493E-16	8.942076E-17
7.295809E+03	6.950051E-16	8.924463E-17
7.300627E+03	6.906199E-16	8.808400E-17
7.305446E+03	6.868270E-16	8.644247E-17
7.310264E+03	6.843872E-16	8.740663E-17
7.315083E+03	6.807044E-16	8.750918E-17
7.319901E+03	6.792329E-16	8.761375E-17
7.324720E+03	6.793455E-16	8.772800E-17
7.329538E+03	6.783722E-16	8.791387E-17
7.334357E+03	6.767718E-16	8.828068E-17
7.339175E+03	6.785453E-16	8.890418E-17
7.343994E+03	6.806354E-16	8.951540E-17
7.348812E+03	6.793902E-16	8.967231E-17
7.353631E+03	6.761141E-16	8.956755E-17
7.358449E+03	6.740845E-16	8.895753E-17
7.363268E+03	6.753589E-16	8.870560E-17
7.368086E+03	6.776036E-16	8.916828E-17
7.372905E+03	6.800686E-16	8.989456E-17
7.377724E+03	6.811195E-16	8.990364E-17
7.382542E+03	6.806707E-16	8.996416E-17
7.387360E+03	6.813497E-16	9.025117E-17
7.392179E+03	6.852285E-16	9.100702E-17
7.396998E+03	6.888317E-16	9.181128E-17
7.401816E+03	6.906199E-16	9.235888E-17
7.406635E+03	6.914527E-16	9.290820E-17
7.411453E+03	6.915356E-16	9.350250E-17
7.416272E+03	6.883579E-16	9.352817E-17
7.421090E+03	6.839795E-16	9.347058E-17
7.425909E+03	6.823544E-16	9.462345E-17
7.430727E+03	6.814217E-16	9.477534E-17
7.435546E+03	6.807568E-16	9.527389E-17
7.440364E+03	6.788062E-16	9.541789E-17
7.445183E+03	6.762368E-16	9.556342E-17
7.450001E+03	6.749548E-16	9.591494E-17
7.454820E+03	6.692031E-16	9.558119E-17
7.459638E+03	6.636566E-16	9.477172E-17
7.464457E+03	6.613537E-16	9.454422E-17
7.469275E+03	6.604853E-16	9.465531E-17
7.474094E+03	6.635085E-16	9.478643E-17
7.478913E+03	6.677504E-16	9.566015E-17
7.483731E+03	6.720076E-16	9.638807E-17
7.488550E+03	6.739196E-16	9.708891E-17
7.493368E+03	6.743854E-16	9.716395E-17
7.498187E+03	6.758507E-16	9.747598E-17
7.503005E+03	6.770134E-16	9.947203E-17
7.507824E+03	6.810642E-16	1.002220E-16
7.512642E+03	6.880296E-16	1.021097E-16
7.517461E+03	6.956819E-16	1.040036E-16
7.522279E+03	7.018033E-16	1.051008E-16
7.527098E+03	7.058197E-16	1.057834E-16
7.531916E+03	7.076564E-16	1.064264E-16
7.536735E+03	7.057382E-16	1.066629E-16
7.541553E+03	7.016850E-16	1.066122E-16
7.546372E+03	7.012063E-16	1.067804E-16
7.551190E+03	7.055257E-16	1.059276E-16
7.556009E+03	7.065272E-16	1.066306E-16
7.560827E+03	7.013624E-16	1.064925E-16
7.565646E+03	6.982482E-16	1.068201E-16
7.570465E+03	6.956832E-16	1.062854E-16
7.575283E+03	6.917120E-16	1.074345E-16
7.580101E+03	6.854289E-16	1.093036E-16
7.584920E+03	6.757923E-16	1.093571E-16
7.589739E+03	6.656988E-16	1.084843E-16
7.594557E+03	6.540589E-16	1.098524E-16
7.599376E+03	6.375299E-16	1.082527E-16
7.604194E+03	6.231719E-16	1.065029E-16
7.609013E+03	6.103375E-16	1.039513E-16
7.613831E+03	5.995791E-16	1.023444E-16
7.618650E+03	5.936921E-16	1.016891E-16
7.623468E+03	5.905848E-16	9.995958E-17
7.628287E+03	5.903696E-16	9.678592E-17
7.633105E+03	5.893087E-16	9.458304E-17
7.637924E+03	5.892538E-16	9.497106E-17
7.642742E+03	5.890767E-16	9.247166E-17
7.647561E+03	5.876605E-16	9.150077E-17
7.652379E+03	5.906516E-16	9.207118E-17
7.657198E+03	5.981764E-16	9.340826E-17
7.662016E+03	6.076225E-16	9.375407E-17
7.666835E+03	6.167305E-16	9.560635E-17
7.671654E+03	6.243079E-16	9.721248E-17
7.676472E+03	6.270831E-16	9.787212E-17
7.681291E+03	6.244614E-16	9.741032E-17
7.686109E+03	6.224661E-16	9.736054E-17
7.690928E+03	6.244326E-16	9.829081E-17
7.695746E+03	6.249729E-16	9.863429E-17
7.700565E+03	6.227929E-16	9.861412E-17
7.705383E+03	6.195775E-16	9.831472E-17
7.710202E+03	6.198596E-16	9.860043E-17
7.715020E+03	6.215842E-16	9.896544E-17
7.719839E+03	6.235816E-16	1.002447E-16
7.724657E+03	6.256176E-16	1.005187E-16
7.729476E+03	6.297275E-16	1.012457E-16
7.734294E+03	6.337539E-16	1.019655E-16
7.739113E+03	6.355122E-16	1.019583E-16
7.743931E+03	6.388277E-16	1.028557E-16
7.748750E+03	6.398855E-16	1.031639E-16
7.753568E+03	6.387950E-16	1.032405E-16
7.758387E+03	6.375682E-16	1.031873E-16
7.763206E+03	6.368850E-16	1.033566E-16
7.768024E+03	6.362264E-16	1.023838E-16
7.772842E+03	6.360750E-16	1.027078E-16
7.777661E+03	6.327318E-16	1.028073E-16
7.782480E+03	6.298200E-16	1.024812E-16
7.787298E+03	6.265230E-16	1.023772E-16
7.792117E+03	6.193482E-16	1.011185E-16
7.796935E+03	6.122437E-16	1.003308E-16
7.801754E+03	6.061883E-16	9.931024E-17
7.806572E+03	5.978487E-16	9.813031E-17
7.811391E+03	5.931495E-16	9.734870E-17
7.816209E+03	5.931733E-16	9.748380E-17
7.821028E+03	5.913239E-16	9.718042E-17
7.825846E+03	5.887786E-16	9.635691E-17
7.830665E+03	5.874734E-16	9.639563E-17
7.835483E+03	5.852238E-16	9.588090E-17
7.840302E+03	5.790228E-16	9.597614E-17
7.845120E+03	5.724079E-16	9.492255E-17
7.849939E+03	5.661123E-16	9.425685E-17
7.854757E+03	5.660052E-16	9.455176E-17
7.859576E+03	5.705003E-16	9.677295E-17
7.864395E+03	5.739409E-16	9.773407E-17
7.869213E+03	5.781431E-16	9.862249E-17
7.874032E+03	5.840413E-16	9.971864E-17
7.878850E+03	5.882747E-16	1.006990E-16
7.883669E+03	5.894462E-16	1.028503E-16
7.888487E+03	5.898336E-16	1.044338E-16
7.893306E+03	5.890745E-16	1.046537E-16
7.898124E+03	5.905472E-16	1.053057E-16
7.902943E+03	5.909732E-16	1.085028E-16
7.907761E+03	5.883924E-16	1.077911E-16
7.912580E+03	5.850612E-16	1.069637E-16
7.917398E+03	5.813035E-16	1.065508E-16
7.922217E+03	5.784053E-16	1.062221E-16
7.927035E+03	5.772920E-16	1.060759E-16
7.931854E+03	5.789151E-16	1.049466E-16
7.936672E+03	5.799892E-16	1.025494E-16
7.941491E+03	5.804389E-16	1.020369E-16
7.946309E+03	5.815269E-16	1.022237E-16
7.951128E+03	5.834292E-16	1.006845E-16
7.955947E+03	5.855706E-16	1.008392E-16
7.960765E+03	5.858727E-16	1.009750E-16
7.965583E+03	5.856740E-16	1.009061E-16
7.970402E+03	5.861894E-16	1.012096E-16
7.975221E+03	5.877582E-16	1.018084E-16
7.980039E+03	5.858047E-16	1.027697E-16
7.984858E+03	5.797738E-16	1.026475E-16
7.989676E+03	5.730363E-16	1.015240E-16
7.994495E+03	5.657925E-16	1.003691E-16
7.999313E+03	5.614064E-16	9.929390E-17
8.004132E+03	5.591149E-16	9.972256E-17
8.008950E+03	5.559173E-16	9.997884E-17
8.013769E+03	5.531575E-16	9.960286E-17
8.018587E+03	5.531490E-16	9.970231E-17
8.023406E+03	5.561208E-16	1.006709E-16
8.028224E+03	5.598870E-16	1.005731E-16
8.033043E+03	5.619317E-16	1.000404E-16
8.037861E+03	5.657904E-16	1.007931E-16
8.042680E+03	5.718047E-16	1.023656E-16
8.047498E+03	5.744724E-16	1.031479E-16
8.052317E+03	5.729084E-16	1.017152E-16
8.057136E+03	5.702846E-16	1.008228E-16
8.061954E+03	5.665369E-16	1.003246E-16
8.066773E+03	5.625850E-16	1.003453E-16
8.071591E+03	5.587566E-16	1.003421E-16
8.076410E+03	5.577274E-16	1.003950E-16
8.081228E+03	5.598283E-16	1.007888E-16
8.086047E+03	5.629407E-16	1.014228E-16
8.090865E+03	5.647667E-16	1.011779E-16
8.095684E+03	5.669602E-16	1.017937E-16
8.100502E+03	5.627209E-16	1.019444E-16
8.105321E+03	5.531425E-16	1.003992E-16
8.110139E+03	5.423056E-16	9.871850E-17
8.114958E+03	5.296015E-16	9.590574E-17
8.119776E+03	5.196736E-16	9.292069E-17
8.124595E+03	5.095746E-16	9.069988E-17
8.129413E+03	4.979617E-16	9.004160E-17
8.134232E+03	4.857203E-16	8.911746E-17
8.139050E+03	4.714050E-16	8.679638E-17
8.143869E+03	4.575114E-16	8.384802E-17
8.148687E+03	4.463987E-16	8.158369E-17
8.153506E+03	4.361540E-16	8.040786E-17
8.158324E+03	4.281614E-16	7.901707E-17
8.163143E+03	4.256349E-16	7.863772E-17
8.167962E+03	4.282623E-16	7.971979E-17
8.172780E+03	4.346132E-16	8.081712E-17
8.177599E+03	4.418704E-16	8.165848E-17
8.182417E+03	4.514964E-16	8.335009E-17
8.187236E+03	4.634808E-16	8.544739E-17
8.192054E+03	4.744300E-16	8.737539E-17
8.196873E+03	4.837576E-16	8.903234E-17
8.200000E+03	4.165630E-16	9.255653E-18
8.210000E+03	4.168260E-16	9.381828E-18
8.220000E+03	4.169998E-16	9.497234E-18
8.230000E+03	4.170893E-16	9.600808E-18
8.240000E+03	4.171371E-16	9.691044E-18
8.250000E+03	4.171721E-16	9.768848E-18
8.260000E+03	4.171985E-16	9.837040E-18
8.270000E+03	4.172942E-16	9.897986E-18
8.280000E+03	4.174949E-16	9.954720E-18
8.290000E+03	4.178350E-16	1.001160E-17
8.300000E+03	4.183563E-16	1.006998E-17
8.310000E+03	4.190751E-16	1.013152E-17
8.320000E+03	4.199757E-16	1.019778E-17
8.330000E+03	4.210317E-16	1.026630E-17
8.340000E+03	4.221835E-16	1.033463E-17
8.350000E+03	4.233414E-16	1.040089E-17
8.360000E+03	4.244062E-16	1.046033E-17
8.370000E+03	4.252954E-16	1.051015E-17
8.380000E+03	4.259211E-16	1.054907E-17
8.390000E+03	4.262272E-16	1.057403E-17
8.400000E+03	4.262106E-16	1.058487E-17
8.410000E+03	4.258740E-16	1.058326E-17
8.420000E+03	4.252968E-16	1.057043E-17
8.430000E+03	4.245500E-16	1.054905E-17
8.440000E+03	4.237194E-16	1.052361E-17
8.450000E+03	4.229163E-16	1.049646E-17
8.460000E+03	4.222021E-16	1.046999E-17
8.470000E+03	4.216185E-16	1.044728E-17
8.480000E+03	4.211952E-16	1.042807E-17
8.490000E+03	4.209250E-16	1.041237E-17
8.500000E+03	4.207697E-16	1.040053E-17
8.510000E+03	4.206818E-16	1.038979E-17
8.520000E+03	4.206393E-16	1.037927E-17
8.530000E+03	4.205793E-16	1.036846E-17
8.540000E+03	4.204667E-16	1.035497E-17
8.550000E+03	4.202939E-16	1.033858E-17
8.560000E+03	4.200264E-16	1.031983E-17
8.570000E+03	4.196747E-16	1.029762E-17
8.580000E+03	4.192147E-16	1.027131E-17
8.590000E+03	4.186423E-16	1.024194E-17
8.600000E+03	4.179536E-16	1.020773E-17
8.610000E+03	4.171597E-16	1.016858E-17
8.620000E+03	4.162785E-16	1.012610E-17
8.630000E+03	4.153667E-16	1.008042E-17
8.640000E+03	4.144989E-16	1.003393E-17
8.650000E+03	4.137107E-16	9.989761E-18
8.660000E+03	4.130961E-16	9.949960E-18
8.670000E+03	4.127023E-16	9.916853E-18
8.680000E+03	4.125852E-16	9.894037E-18
8.690000E+03	4.127311E-16	9.880286E-18
8.700000E+03	4.131664E-16	9.876478E-18
8.710000E+03	4.138059E-16	9.882138E-18
8.720000E+03	4.146341E-16	9.895806E-18
8.730000E+03	4.155673E-16	9.915984E-18
8.740000E+03	4.165677E-16	9.943810E-18
8.750000E+03	4.175911E-16	9.977553E-18
8.760000E+03	4.186071E-16	1.001737E-17
8.770000E+03	4.196170E-16	1.006579E-17
8.780000E+03	4.206809E-16	1.012390E-17
8.790000E+03	4.218426E-16	1.019333E-17
8.800000E+03	4.231578E-16	1.027622E-17
8.810000E+03	4.246932E-16	1.037042E-17
8.820000E+03	4.264760E-16	1.047241E-17
8.830000E+03	4.285127E-16	1.057826E-17
8.840000E+03	4.307959E-16	1.068015E-17
8.850000E+03	4.332619E-16	1.077038E-17
8.860000E+03	4.358532E-16	1.084495E-17
8.870000E+03	4.384578E-16	1.089982E-17
8.880000E+03	4.409649E-16	1.093747E-17
8.890000E+03	4.431721E-16	1.096513E-17
8.900000E+03	4.448991E-16	1.099284E-17
8.910000E+03	4.459396E-16	1.103300E-17
8.920000E+03	4.462050E-16	1.109799E-17
8.930000E+03	4.456517E-16	1.118875E-17
8.940000E+03	4.443928E-16	1.130048E-17
8.950000E+03	4.426125E-16	1.142507E-17
8.960000E+03	4.404948E-16	1.155108E-17
8.970000E+03	4.382122E-16	1.167086E-17
8.980000E+03	4.359070E-16	1.178069E-17
8.990000E+03	4.336693E-16	1.187550E-17
9.000000E+03	4.315485E-16	1.195256E-17
9.040000E+03	4.247916E-16	1.212045E-17
9.080000E+03	4.216062E-16	1.228443E-17
9.120000E+03	4.216760E-16	1.265668E-17
9.160000E+03	4.226973E-16	1.327484E-17
9.200000E+03	4.223860E-16	1.405540E-17
9.240000E+03	4.208547E-16	1.475311E-17
9.280000E+03	4.200338E-16	1.534726E-17
9.320000E+03	4.210419E-16	1.601422E-17
9.360000E+03	4.230229E-16	1.665965E-17
9.400000E+03	4.246671E-16	1.713866E-17
9.440000E+03	4.250776E-16	1.752496E-17
9.480000E+03	4.234231E-16	1.785644E-17
9.520000E+03	4.193555E-16	1.804531E-17
9.560000E+03	4.130903E-16	1.805184E-17
9.600000E+03	4.052920E-16	1.793456E-17
9.640000E+03	3.967329E-16	1.779649E-17
9.680000E+03	3.878972E-16	1.766929E-17
9.720000E+03	3.790792E-16	1.754435E-17
9.760000E+03	3.709006E-16	1.744518E-17
9.800000E+03	3.640485E-16	1.741345E-17
9.840000E+03	3.591602E-16	1.747806E-17
9.880000E+03	3.561359E-16	1.763020E-17
9.920000E+03	3.543344E-16	1.786973E-17
9.960000E+03	3.529589E-16	1.830820E-17
1.000000E+04	3.515652E-16	1.941037E-17
1.004000E+04	3.498494E-16	2.217380E-17
1.008000E+04	3.475779E-16	2.763061E-17
1.012000E+04	3.446291E-16	3.576695E-17
1.016000E+04	3.412289E-16	4.560100E-17
1.020000E+04	3.375531E-16	5.627926E-17
1.024000E+04	3.336050E-16	6.726362E-17
1.028000E+04	3.294239E-16	7.821402E-17
1.032000E+04	3.248943E-16	8.885917E-17
