#wls	flux	fluxerr
1.594277E+03	3.871643E-18	5.098660E-19
1.634133E+03	4.087903E-18	5.354349E-19
1.673990E+03	4.297768E-18	5.597966E-19
1.713847E+03	4.496928E-18	5.823964E-19
1.753704E+03	4.681503E-18	6.027478E-19
1.793561E+03	4.844645E-18	6.199977E-19
1.833418E+03	4.973971E-18	6.326118E-19
1.873275E+03	5.056349E-18	6.390032E-19
1.913132E+03	5.079568E-18	6.377473E-19
1.952989E+03	5.033554E-18	6.277317E-19
1.992846E+03	4.919479E-18	6.092776E-19
2.032703E+03	4.758935E-18	5.852204E-19
2.072560E+03	4.604969E-18	5.621657E-19
2.112416E+03	4.530781E-18	5.489722E-19
2.152273E+03	4.612907E-18	5.546264E-19
2.192130E+03	4.897364E-18	5.841753E-19
2.231987E+03	5.390916E-18	6.378250E-19
2.271844E+03	6.065049E-18	7.115932E-19
2.311701E+03	6.872568E-18	7.994150E-19
2.351558E+03	7.766567E-18	8.954306E-19
2.391415E+03	8.706097E-18	9.946414E-19
2.431272E+03	9.663975E-18	1.093770E-18
2.471129E+03	1.062868E-17	1.191407E-18
2.510986E+03	1.158841E-17	1.286161E-18
2.550842E+03	1.254378E-17	1.378052E-18
2.590699E+03	1.349715E-17	1.467293E-18
2.630556E+03	1.445589E-17	1.554621E-18
2.670413E+03	1.542107E-17	1.640068E-18
2.710270E+03	1.639516E-17	1.723808E-18
2.750127E+03	1.738744E-17	1.806709E-18
2.789984E+03	1.839544E-17	1.888385E-18
2.829841E+03	1.943107E-17	1.969916E-18
2.869698E+03	2.049758E-17	2.051455E-18
2.909555E+03	2.160294E-17	2.133596E-18
2.949412E+03	2.276421E-17	2.217779E-18
2.989269E+03	2.398488E-17	2.304033E-18
2.999233E+03	2.430321E-17	2.326255E-18
3.009197E+03	2.462524E-17	2.348577E-18
3.019161E+03	2.495114E-17	2.371011E-18
3.029125E+03	2.528520E-17	2.393957E-18
3.039090E+03	2.562416E-17	2.417098E-18
3.049054E+03	2.597417E-17	2.441006E-18
3.059018E+03	2.633424E-17	2.465574E-18
3.068982E+03	2.670397E-17	2.490754E-18
3.078947E+03	2.708301E-17	2.516500E-18
3.088911E+03	2.747536E-17	2.543173E-18
3.098875E+03	2.788086E-17	2.570741E-18
3.108839E+03	2.829066E-17	2.598376E-18
3.118803E+03	2.871329E-17	2.626852E-18
3.128768E+03	2.914871E-17	2.656150E-18
3.138732E+03	2.959244E-17	2.685848E-18
3.148696E+03	3.004440E-17	2.715927E-18
3.158660E+03	3.050454E-17	2.746373E-18
3.168625E+03	3.098206E-17	2.777999E-18
3.178589E+03	3.146324E-17	2.809560E-18
3.188553E+03	3.195740E-17	2.841878E-18
3.198517E+03	3.245997E-17	2.874531E-18
3.208482E+03	3.297581E-17	2.907940E-18
3.218446E+03	3.350033E-17	2.941682E-18
3.228410E+03	3.403853E-17	2.976183E-18
3.238374E+03	3.458576E-17	3.011021E-18
3.248338E+03	3.514217E-17	3.046198E-18
3.258303E+03	3.571297E-17	3.082149E-18
3.268267E+03	3.629848E-17	3.118884E-18
3.278231E+03	3.689396E-17	3.155979E-18
3.288195E+03	3.749960E-17	3.193436E-18
3.298160E+03	3.812087E-17	3.231706E-18
3.308124E+03	3.875289E-17	3.270355E-18
3.318088E+03	3.940127E-17	3.309842E-18
3.328052E+03	4.006099E-17	3.349724E-18
3.338017E+03	4.073782E-17	3.390466E-18
3.347981E+03	4.142664E-17	3.431623E-18
3.357945E+03	4.213339E-17	3.473666E-18
3.367909E+03	4.285281E-17	3.516142E-18
3.377873E+03	4.359094E-17	3.559526E-18
3.387838E+03	4.434248E-17	3.603362E-18
3.397802E+03	4.511354E-17	3.648126E-18
3.407766E+03	4.589870E-17	3.693357E-18
3.417730E+03	4.670422E-17	3.739536E-18
3.427695E+03	4.752455E-17	3.786194E-18
3.437659E+03	4.836601E-17	3.833812E-18
3.447623E+03	4.922912E-17	3.882402E-18
3.457587E+03	5.010815E-17	3.931487E-18
3.467551E+03	5.100329E-17	3.981058E-18
3.477516E+03	5.192113E-17	4.031606E-18
3.487480E+03	5.286209E-17	4.083132E-18
3.497444E+03	5.382016E-17	4.135143E-18
3.507408E+03	5.480202E-17	4.188128E-18
3.517373E+03	5.580143E-17	4.241577E-18
3.527337E+03	5.682523E-17	4.295985E-18
3.537301E+03	5.787377E-17	4.351345E-18
3.547265E+03	5.894044E-17	4.407129E-18
3.557230E+03	6.003222E-17	4.463832E-18
3.567194E+03	6.114240E-17	4.520921E-18
3.577158E+03	6.227800E-17	4.578887E-18
3.587122E+03	6.343194E-17	4.637180E-18
3.597086E+03	6.461140E-17	4.696294E-18
3.607051E+03	6.581637E-17	4.756194E-18
3.617015E+03	6.704694E-17	4.816850E-18
3.626979E+03	6.829555E-17	4.877689E-18
3.636943E+03	6.956176E-17	4.938653E-18
3.646908E+03	7.085288E-17	5.000234E-18
3.656872E+03	7.216860E-17	5.062374E-18
3.666836E+03	7.350863E-17	5.125020E-18
3.676800E+03	7.486463E-17	5.187560E-18
3.686765E+03	7.624389E-17	5.250473E-18
3.696729E+03	7.763771E-17	5.313132E-18
3.706693E+03	7.905334E-17	5.376009E-18
3.716657E+03	8.049001E-17	5.439020E-18
3.726621E+03	8.193854E-17	5.501521E-18
3.736586E+03	8.340614E-17	5.563975E-18
3.746550E+03	8.489170E-17	5.626282E-18
3.756514E+03	8.638547E-17	5.687774E-18
3.766478E+03	8.790330E-17	5.749478E-18
3.776443E+03	8.941764E-17	5.809568E-18
3.786407E+03	9.095311E-17	5.869638E-18
3.796371E+03	9.249045E-17	5.928424E-18
3.806335E+03	9.402761E-17	5.985793E-18
3.816299E+03	9.558078E-17	6.042767E-18
3.826264E+03	9.712986E-17	6.098063E-18
3.836228E+03	9.868181E-17	6.152121E-18
3.846192E+03	1.002252E-16	6.204225E-18
3.856156E+03	1.017669E-16	6.254818E-18
3.866121E+03	1.033047E-16	6.303758E-18
3.876085E+03	1.048361E-16	6.350910E-18
3.886049E+03	1.063492E-16	6.395558E-18
3.896013E+03	1.078510E-16	6.438149E-18
3.905978E+03	1.093292E-16	6.477974E-18
3.915942E+03	1.108009E-16	6.516067E-18
3.925906E+03	1.122441E-16	6.551154E-18
3.935870E+03	1.136561E-16	6.583126E-18
3.945834E+03	1.150545E-16	6.613035E-18
3.955799E+03	1.164171E-16	6.639636E-18
3.965763E+03	1.177416E-16	6.662856E-18
3.975727E+03	1.190463E-16	6.683768E-18
3.985691E+03	1.203092E-16	6.701178E-18
3.995656E+03	1.215386E-16	6.715616E-18
4.005620E+03	1.227230E-16	6.726494E-18
4.015584E+03	1.238716E-16	6.734371E-18
4.025548E+03	1.249831E-16	6.739246E-18
4.035513E+03	1.260572E-16	6.741144E-18
4.045477E+03	1.270832E-16	6.739563E-18
4.055441E+03	1.280713E-16	6.735107E-18
4.065405E+03	1.290115E-16	6.727315E-18
4.075369E+03	1.299249E-16	6.717344E-18
4.085334E+03	1.307919E-16	6.704239E-18
4.095298E+03	1.316139E-16	6.688136E-18
4.105262E+03	1.324025E-16	6.669693E-18
4.115226E+03	1.331597E-16	6.649062E-18
4.125191E+03	1.338879E-16	6.626406E-18
4.135155E+03	1.345792E-16	6.601397E-18
4.145119E+03	1.352469E-16	6.574732E-18
4.155083E+03	1.358842E-16	6.546126E-18
4.165047E+03	1.365146E-16	6.516756E-18
4.175012E+03	1.371121E-16	6.485407E-18
4.184976E+03	1.377108E-16	6.453739E-18
4.194940E+03	1.382955E-16	6.421051E-18
4.204904E+03	1.388811E-16	6.388060E-18
4.214869E+03	1.394629E-16	6.354566E-18
4.224833E+03	1.400566E-16	6.321295E-18
4.234797E+03	1.406585E-16	6.288081E-18
4.244761E+03	1.412948E-16	6.256088E-18
4.254726E+03	1.419433E-16	6.224313E-18
4.264690E+03	1.426409E-16	6.194361E-18
4.274654E+03	1.433669E-16	6.165296E-18
4.284618E+03	1.441595E-16	6.138722E-18
4.294582E+03	1.450091E-16	6.114174E-18
4.304547E+03	1.459263E-16	6.092045E-18
4.314511E+03	1.469421E-16	6.073548E-18
4.324475E+03	1.480398E-16	6.057901E-18
4.334439E+03	1.492516E-16	6.046334E-18
4.344404E+03	1.505908E-16	6.039264E-18
4.354368E+03	1.520608E-16	6.036697E-18
4.364332E+03	1.536837E-16	6.039374E-18
4.374296E+03	1.554711E-16	6.047599E-18
4.384261E+03	1.574150E-16	6.060894E-18
4.394225E+03	1.595557E-16	6.080654E-18
4.404189E+03	1.618730E-16	6.105926E-18
4.414153E+03	1.643944E-16	6.137573E-18
4.424117E+03	1.671257E-16	6.175625E-18
4.434082E+03	1.700606E-16	6.219665E-18
4.444046E+03	1.732113E-16	6.269957E-18
4.454010E+03	1.765669E-16	6.325935E-18
4.463974E+03	1.801241E-16	6.387317E-18
4.473939E+03	1.838870E-16	6.454090E-18
4.483903E+03	1.878344E-16	6.525373E-18
4.493867E+03	1.919520E-16	6.600546E-18
4.503831E+03	1.962319E-16	6.679240E-18
4.513795E+03	2.006505E-16	6.760583E-18
4.523760E+03	2.051564E-16	6.842805E-18
4.533724E+03	2.097388E-16	6.925559E-18
4.543688E+03	2.143482E-16	7.007243E-18
4.553652E+03	2.189542E-16	7.086958E-18
4.563617E+03	2.234997E-16	7.162978E-18
4.573581E+03	2.279370E-16	7.233958E-18
4.583545E+03	2.322179E-16	7.298595E-18
4.593509E+03	2.363078E-16	7.356065E-18
4.603474E+03	2.401491E-16	7.404876E-18
4.613438E+03	2.437011E-16	7.444112E-18
4.623402E+03	2.469415E-16	7.473454E-18
4.633366E+03	2.498157E-16	7.491631E-18
4.643330E+03	2.523286E-16	7.499183E-18
4.653295E+03	2.544527E-16	7.495687E-18
4.663259E+03	2.561927E-16	7.481669E-18
4.673223E+03	2.575172E-16	7.456593E-18
4.683187E+03	2.584361E-16	7.421114E-18
4.693152E+03	2.589601E-16	7.375896E-18
4.703116E+03	2.590847E-16	7.321137E-18
4.713080E+03	2.588487E-16	7.258236E-18
4.723044E+03	2.583262E-16	7.189521E-18
4.733008E+03	2.576067E-16	7.117671E-18
4.742973E+03	2.567760E-16	7.045175E-18
4.752937E+03	2.559085E-16	6.974138E-18
4.762901E+03	2.550673E-16	6.906301E-18
4.772865E+03	2.543171E-16	6.843390E-18
4.782830E+03	2.536761E-16	6.785801E-18
4.792794E+03	2.531909E-16	6.734647E-18
4.802758E+03	2.528873E-16	6.690466E-18
4.812722E+03	2.527942E-16	6.653876E-18
4.822687E+03	2.528972E-16	6.624343E-18
4.832651E+03	2.532098E-16	6.602086E-18
4.842615E+03	2.537264E-16	6.586821E-18
4.852579E+03	2.544345E-16	6.578108E-18
4.862543E+03	2.553164E-16	6.575368E-18
4.872508E+03	2.563486E-16	6.577902E-18
4.882472E+03	2.574923E-16	6.584621E-18
4.892436E+03	2.587404E-16	6.595267E-18
4.902400E+03	2.600371E-16	6.608352E-18
4.912365E+03	2.613609E-16	6.623266E-18
4.922329E+03	2.626789E-16	6.639125E-18
4.932293E+03	2.639596E-16	6.655089E-18
4.942257E+03	2.651741E-16	6.670384E-18
4.952222E+03	2.662857E-16	6.684047E-18
4.962186E+03	2.672849E-16	6.695806E-18
4.972150E+03	2.681560E-16	6.705230E-18
4.982114E+03	2.688887E-16	6.712024E-18
4.992078E+03	2.694672E-16	6.715752E-18
5.002043E+03	2.699158E-16	6.716987E-18
5.012007E+03	2.702074E-16	6.715005E-18
5.021971E+03	2.703883E-16	6.710920E-18
5.031935E+03	2.704526E-16	6.704539E-18
5.041900E+03	2.704322E-16	6.696604E-18
5.051864E+03	2.703389E-16	6.687365E-18
5.061828E+03	2.702201E-16	6.677944E-18
5.071792E+03	2.700677E-16	6.668093E-18
5.081756E+03	2.699401E-16	6.659207E-18
5.091721E+03	2.698385E-16	6.651267E-18
5.101685E+03	2.697838E-16	6.644744E-18
5.111649E+03	2.698153E-16	6.640562E-18
5.121613E+03	2.699141E-16	6.638209E-18
5.131578E+03	2.701215E-16	6.638666E-18
5.141542E+03	2.704204E-16	6.641467E-18
5.151506E+03	2.708100E-16	6.646557E-18
5.161470E+03	2.712955E-16	6.654030E-18
5.171435E+03	2.718562E-16	6.663344E-18
5.181399E+03	2.724884E-16	6.674380E-18
5.191363E+03	2.731635E-16	6.686411E-18
5.201327E+03	2.738714E-16	6.699165E-18
5.211291E+03	2.745890E-16	6.712053E-18
5.221256E+03	2.752709E-16	6.723948E-18
5.231220E+03	2.759240E-16	6.735005E-18
5.241184E+03	2.764924E-16	6.743845E-18
5.251148E+03	2.769741E-16	6.750414E-18
5.261113E+03	2.773482E-16	6.754193E-18
5.271077E+03	2.775857E-16	6.754480E-18
5.281041E+03	2.776720E-16	6.750917E-18
5.291005E+03	2.775958E-16	6.743237E-18
5.300970E+03	2.773603E-16	6.731524E-18
5.310934E+03	2.769623E-16	6.715713E-18
5.320898E+03	2.763826E-16	6.695350E-18
5.330862E+03	2.756465E-16	6.671064E-18
5.340826E+03	2.747623E-16	6.643074E-18
5.350791E+03	2.737214E-16	6.611189E-18
5.360755E+03	2.725576E-16	6.576247E-18
5.370719E+03	2.712860E-16	6.538630E-18
5.380683E+03	2.699027E-16	6.498269E-18
5.390648E+03	2.684430E-16	6.456032E-18
5.400612E+03	2.669111E-16	6.412043E-18
5.410576E+03	2.653189E-16	6.366608E-18
5.420540E+03	2.636837E-16	6.320165E-18
5.430504E+03	2.619994E-16	6.272585E-18
5.440469E+03	2.602630E-16	6.223822E-18
5.450433E+03	2.584642E-16	6.173651E-18
5.460397E+03	2.565950E-16	6.121903E-18
5.470361E+03	2.546190E-16	6.067740E-18
5.480326E+03	2.525473E-16	6.011452E-18
5.490290E+03	2.503817E-16	5.953109E-18
5.500254E+03	2.481498E-16	5.893389E-18
5.510218E+03	2.458500E-16	5.832278E-18
5.520183E+03	2.435087E-16	5.770414E-18
5.530147E+03	2.411130E-16	5.707459E-18
5.540111E+03	2.386798E-16	5.643781E-18
5.550075E+03	2.361990E-16	5.579116E-18
5.560039E+03	2.336770E-16	5.513580E-18
5.570004E+03	2.310969E-16	5.446754E-18
5.579968E+03	2.284678E-16	5.378825E-18
5.589932E+03	2.258009E-16	5.310036E-18
5.599896E+03	2.230878E-16	5.240165E-18
5.609861E+03	2.203535E-16	5.169785E-18
5.619825E+03	2.176045E-16	5.099027E-18
5.629789E+03	2.148582E-16	5.028285E-18
5.639753E+03	2.121360E-16	4.958038E-18
5.649718E+03	2.094624E-16	4.888846E-18
5.659682E+03	2.068651E-16	4.821337E-18
5.669646E+03	2.043745E-16	4.756202E-18
5.679610E+03	2.020235E-16	4.694184E-18
5.689574E+03	1.998466E-16	4.636061E-18
5.699539E+03	1.978860E-16	4.582786E-18
5.709503E+03	1.961655E-16	4.534875E-18
5.719467E+03	1.947283E-16	4.493295E-18
5.729431E+03	1.936173E-16	4.458987E-18
5.739396E+03	1.928555E-16	4.432434E-18
5.749360E+03	1.924835E-16	4.414511E-18
5.759324E+03	1.925400E-16	4.406037E-18
5.769288E+03	1.930424E-16	4.407342E-18
5.779252E+03	1.940242E-16	4.419100E-18
5.789217E+03	1.955153E-16	4.441905E-18
5.799181E+03	1.975232E-16	4.475823E-18
5.809145E+03	2.000698E-16	4.521243E-18
5.819109E+03	2.031727E-16	4.578440E-18
5.829074E+03	2.068249E-16	4.647135E-18
5.839038E+03	2.110339E-16	4.727360E-18
5.849002E+03	2.157951E-16	4.818875E-18
5.858966E+03	2.210987E-16	4.921318E-18
5.868931E+03	2.269300E-16	5.034219E-18
5.878895E+03	2.332696E-16	5.157002E-18
5.888859E+03	2.400946E-16	5.289014E-18
5.898823E+03	2.473789E-16	5.429541E-18
5.908787E+03	2.550953E-16	5.577845E-18
5.918752E+03	2.632156E-16	5.733180E-18
5.928716E+03	2.717131E-16	5.894839E-18
5.938680E+03	2.805542E-16	6.061976E-18
5.948644E+03	2.897346E-16	6.234387E-18
5.958609E+03	2.992188E-16	6.411209E-18
5.968573E+03	3.090115E-16	6.592447E-18
5.978537E+03	3.190842E-16	6.777410E-18
5.988501E+03	3.294498E-16	6.966292E-18
5.998466E+03	3.400837E-16	7.158504E-18
6.008430E+03	3.509916E-16	7.354109E-18
6.018394E+03	3.621681E-16	7.552940E-18
6.028358E+03	3.736045E-16	7.754777E-18
6.038322E+03	3.852873E-16	7.959316E-18
6.048287E+03	3.971971E-16	8.166144E-18
6.058251E+03	4.092952E-16	8.374477E-18
6.068215E+03	4.215731E-16	8.584172E-18
6.078179E+03	4.339790E-16	8.794228E-18
6.088144E+03	4.464530E-16	9.003519E-18
6.098108E+03	4.589695E-16	9.211643E-18
6.108072E+03	4.714398E-16	9.416963E-18
6.118036E+03	4.838032E-16	9.618457E-18
6.128000E+03	4.959651E-16	9.814460E-18
6.137965E+03	5.077985E-16	1.000273E-17
6.147929E+03	5.191344E-16	1.018025E-17
6.157893E+03	5.297657E-16	1.034335E-17
6.167857E+03	5.394907E-16	1.048851E-17
6.177822E+03	5.481965E-16	1.061404E-17
6.187786E+03	5.558900E-16	1.072056E-17
6.197750E+03	5.626214E-16	1.080951E-17
6.207714E+03	5.684918E-16	1.088331E-17
6.217679E+03	5.735385E-16	1.094310E-17
6.227643E+03	5.777885E-16	1.098981E-17
6.237607E+03	5.813270E-16	1.102544E-17
6.247571E+03	5.841873E-16	1.105098E-17
6.257535E+03	5.864793E-16	1.106885E-17
6.267500E+03	5.883443E-16	1.108200E-17
6.277464E+03	5.899006E-16	1.109293E-17
6.287428E+03	5.913486E-16	1.110565E-17
6.297392E+03	5.928962E-16	1.112427E-17
6.307357E+03	5.947723E-16	1.115328E-17
6.317321E+03	5.972237E-16	1.119752E-17
6.327285E+03	6.005256E-16	1.126234E-17
6.337249E+03	6.049097E-16	1.135231E-17
6.347214E+03	6.106660E-16	1.147291E-17
6.357178E+03	6.180671E-16	1.162930E-17
6.367142E+03	6.273856E-16	1.182673E-17
6.377106E+03	6.388884E-16	1.207044E-17
6.387070E+03	6.528317E-16	1.236556E-17
6.397035E+03	6.694571E-16	1.271707E-17
6.406999E+03	6.889808E-16	1.312962E-17
6.416963E+03	7.116082E-16	1.360773E-17
6.426927E+03	7.374335E-16	1.415393E-17
6.436892E+03	7.665505E-16	1.477084E-17
6.446856E+03	7.989500E-16	1.545915E-17
6.456820E+03	8.345435E-16	1.621806E-17
6.466784E+03	8.730399E-16	1.704282E-17
6.476748E+03	9.140996E-16	1.792762E-17
6.486713E+03	9.571091E-16	1.886118E-17
6.496677E+03	1.001381E-15	1.983047E-17
6.506641E+03	1.045961E-15	2.081687E-17
6.516605E+03	1.089716E-15	2.179777E-17
6.526570E+03	1.131464E-15	2.274906E-17
6.536534E+03	1.169832E-15	2.364223E-17
6.546498E+03	1.203478E-15	2.444877E-17
6.556462E+03	1.230997E-15	2.513826E-17
6.566427E+03	1.251221E-15	2.568446E-17
6.576391E+03	1.263199E-15	2.606513E-17
6.586355E+03	1.266189E-15	2.626196E-17
6.596319E+03	1.259798E-15	2.626351E-17
6.606283E+03	1.244153E-15	2.606921E-17
6.616248E+03	1.219530E-15	2.568162E-17
6.626212E+03	1.186695E-15	2.511396E-17
6.636176E+03	1.146698E-15	2.438581E-17
6.646140E+03	1.100689E-15	2.351947E-17
6.656105E+03	1.050086E-15	2.254352E-17
6.666069E+03	9.962692E-16	2.148640E-17
6.676033E+03	9.405246E-16	2.037514E-17
6.685997E+03	8.841586E-16	1.923777E-17
6.695961E+03	8.282387E-16	1.809766E-17
6.705926E+03	7.736884E-16	1.697547E-17
6.715890E+03	7.212432E-16	1.588804E-17
6.725854E+03	6.714762E-16	1.484890E-17
6.735818E+03	6.247462E-16	1.386703E-17
6.745783E+03	5.812847E-16	1.294864E-17
6.755747E+03	5.411976E-16	1.209719E-17
6.765711E+03	5.045048E-16	1.131422E-17
6.775675E+03	4.711155E-16	1.059871E-17
6.785640E+03	4.409004E-16	9.948738E-18
6.795604E+03	4.137050E-16	9.361698E-18
6.805568E+03	3.893251E-16	8.833780E-18
6.815532E+03	3.675597E-16	8.361151E-18
6.825496E+03	3.482169E-16	7.940087E-18
6.835461E+03	3.310863E-16	7.566365E-18
6.845425E+03	3.159789E-16	7.236154E-18
6.855389E+03	3.027265E-16	6.946039E-18
6.865353E+03	2.911550E-16	6.692396E-18
6.875318E+03	2.811233E-16	6.472300E-18
6.885282E+03	2.724779E-16	6.282491E-18
6.895246E+03	2.651218E-16	6.120962E-18
6.905210E+03	2.589201E-16	5.984798E-18
6.915175E+03	2.537914E-16	5.872275E-18
6.925139E+03	2.496483E-16	5.781510E-18
6.935103E+03	2.464053E-16	5.710637E-18
6.945067E+03	2.439938E-16	5.658155E-18
6.955031E+03	2.423604E-16	5.622898E-18
6.964996E+03	2.414430E-16	5.603485E-18
6.974960E+03	2.412008E-16	5.599014E-18
6.984924E+03	2.415829E-16	5.608340E-18
6.994888E+03	2.425586E-16	5.630771E-18
7.004853E+03	2.440857E-16	5.665347E-18
7.014817E+03	2.461336E-16	5.711368E-18
7.024781E+03	2.486823E-16	5.768380E-18
7.034745E+03	2.517078E-16	5.835827E-18
7.044709E+03	2.551805E-16	5.913028E-18
7.054674E+03	2.590890E-16	5.999723E-18
7.064638E+03	2.634085E-16	6.095334E-18
7.074602E+03	2.681233E-16	6.199506E-18
7.084566E+03	2.732280E-16	6.312123E-18
7.094531E+03	2.787096E-16	6.432895E-18
7.104495E+03	2.845462E-16	6.561336E-18
7.114459E+03	2.907328E-16	6.697354E-18
7.124423E+03	2.972445E-16	6.840404E-18
7.134388E+03	3.040718E-16	6.990317E-18
7.144352E+03	3.111922E-16	7.146622E-18
7.154316E+03	3.185674E-16	7.308507E-18
7.164280E+03	3.261619E-16	7.475241E-18
7.174244E+03	3.339543E-16	7.646424E-18
7.184209E+03	3.418610E-16	7.820257E-18
7.194173E+03	3.498543E-16	7.996234E-18
7.204137E+03	3.578421E-16	8.172401E-18
7.214101E+03	3.657447E-16	8.347106E-18
7.224066E+03	3.734869E-16	8.518814E-18
7.234030E+03	3.809746E-16	8.685586E-18
7.243994E+03	3.881093E-16	8.845388E-18
7.253958E+03	3.947768E-16	8.995844E-18
7.263923E+03	4.008761E-16	9.134882E-18
7.273887E+03	4.063358E-16	9.261110E-18
7.283851E+03	4.110389E-16	9.372087E-18
7.293815E+03	4.149037E-16	9.466165E-18
7.303779E+03	4.178887E-16	9.542592E-18
7.313744E+03	4.198979E-16	9.599346E-18
7.323708E+03	4.209344E-16	9.636635E-18
7.333672E+03	4.209487E-16	9.653426E-18
7.343636E+03	4.199506E-16	9.650000E-18
7.353601E+03	4.179524E-16	9.626656E-18
7.363565E+03	4.149687E-16	9.583698E-18
7.373529E+03	4.110568E-16	9.522361E-18
7.383493E+03	4.062728E-16	9.443823E-18
7.393457E+03	4.006706E-16	9.349165E-18
7.403422E+03	3.943409E-16	9.240292E-18
7.413386E+03	3.873680E-16	9.118937E-18
7.423350E+03	3.798292E-16	8.986646E-18
7.433314E+03	3.718316E-16	8.845660E-18
7.443279E+03	3.634707E-16	8.697955E-18
7.453243E+03	3.548410E-16	8.545482E-18
7.463207E+03	3.460214E-16	8.389801E-18
7.473171E+03	3.371111E-16	8.232890E-18
7.483136E+03	3.282011E-16	8.076571E-18
7.493100E+03	3.193887E-16	7.922888E-18
7.503064E+03	3.108203E-16	7.775201E-18
7.513028E+03	3.025836E-16	7.635527E-18
7.522992E+03	2.948140E-16	7.507197E-18
7.532957E+03	2.875851E-16	7.392113E-18
7.542921E+03	2.809539E-16	7.291847E-18
7.552885E+03	2.749818E-16	7.208190E-18
7.562849E+03	2.696962E-16	7.142132E-18
7.572814E+03	2.651400E-16	7.095158E-18
7.582778E+03	2.613068E-16	7.067504E-18
7.592742E+03	2.582077E-16	7.059925E-18
7.602706E+03	2.558347E-16	7.072699E-18
7.612671E+03	2.541625E-16	7.105652E-18
7.622635E+03	2.531759E-16	7.158901E-18
7.632599E+03	2.528438E-16	7.232121E-18
7.642563E+03	2.531284E-16	7.324785E-18
7.652527E+03	2.539862E-16	7.436175E-18
7.662492E+03	2.553589E-16	7.565103E-18
7.672456E+03	2.572009E-16	7.710701E-18
7.682420E+03	2.594534E-16	7.871657E-18
7.692384E+03	2.620536E-16	8.046459E-18
7.702349E+03	2.649355E-16	8.233420E-18
7.712313E+03	2.680208E-16	8.430384E-18
7.722277E+03	2.712497E-16	8.635662E-18
7.732241E+03	2.745527E-16	8.847172E-18
7.742205E+03	2.778621E-16	9.062780E-18
7.752170E+03	2.811026E-16	9.279996E-18
7.762134E+03	2.842237E-16	9.497039E-18
7.772098E+03	2.871810E-16	9.712250E-18
7.782062E+03	2.899056E-16	9.923051E-18
7.792027E+03	2.923571E-16	1.012774E-17
7.801991E+03	2.945255E-16	1.032559E-17
7.811955E+03	2.963667E-16	1.051467E-17
7.821919E+03	2.978779E-16	1.069443E-17
7.831884E+03	2.990656E-16	1.086465E-17
7.841848E+03	2.998997E-16	1.102378E-17
7.851812E+03	3.004241E-16	1.117296E-17
7.861776E+03	3.006442E-16	1.131195E-17
7.871740E+03	3.005704E-16	1.144070E-17
7.881705E+03	3.002388E-16	1.156019E-17
7.891669E+03	2.996768E-16	1.167109E-17
7.901633E+03	2.989126E-16	1.177417E-17
7.911597E+03	2.979741E-16	1.187023E-17
7.921562E+03	2.968770E-16	1.195962E-17
7.931526E+03	2.956575E-16	1.204357E-17
7.941490E+03	2.943496E-16	1.212328E-17
7.951454E+03	2.929499E-16	1.219844E-17
7.961419E+03	2.914864E-16	1.227007E-17
7.971383E+03	2.899615E-16	1.233816E-17
7.981347E+03	2.884083E-16	1.240400E-17
7.991311E+03	2.868126E-16	1.246691E-17
8.001275E+03	2.852029E-16	1.252806E-17
8.011240E+03	2.835616E-16	1.258660E-17
8.021204E+03	2.819034E-16	1.264314E-17
8.031168E+03	2.802203E-16	1.269725E-17
8.041132E+03	2.785378E-16	1.275004E-17
8.051097E+03	2.768482E-16	1.280114E-17
8.061061E+03	2.751451E-16	1.285021E-17
8.071025E+03	2.734454E-16	1.289800E-17
8.080989E+03	2.717671E-16	1.294536E-17
8.090953E+03	2.700970E-16	1.299166E-17
8.100918E+03	2.684457E-16	1.303741E-17
8.110882E+03	2.668471E-16	1.308429E-17
8.120846E+03	2.653042E-16	1.313249E-17
8.130810E+03	2.638218E-16	1.318231E-17
8.140775E+03	2.624388E-16	1.323580E-17
8.150739E+03	2.611524E-16	1.329292E-17
8.160703E+03	2.599940E-16	1.335542E-17
8.170667E+03	2.589858E-16	1.342462E-17
8.180632E+03	2.581516E-16	1.350195E-17
8.190596E+03	2.575174E-16	1.358902E-17
8.200560E+03	2.570997E-16	1.368698E-17
8.210524E+03	2.569498E-16	1.379887E-17
8.220488E+03	2.570779E-16	1.392561E-17
8.230453E+03	2.575396E-16	1.407062E-17
8.240417E+03	2.583497E-16	1.423517E-17
8.250381E+03	2.595577E-16	1.442248E-17
8.260345E+03	2.612053E-16	1.463544E-17
8.270310E+03	2.633366E-16	1.487713E-17
8.280274E+03	2.659982E-16	1.515088E-17
8.290238E+03	2.692281E-16	1.545958E-17
8.300202E+03	2.731011E-16	1.580836E-17
8.310167E+03	2.776604E-16	1.620059E-17
8.320131E+03	2.829502E-16	1.663983E-17
8.330095E+03	2.890410E-16	1.713124E-17
8.340059E+03	2.959927E-16	1.767948E-17
8.350023E+03	3.038798E-16	1.829021E-17
8.359988E+03	3.127374E-16	1.896682E-17
8.369952E+03	3.226253E-16	1.971426E-17
8.379916E+03	3.336308E-16	2.053930E-17
8.389880E+03	3.457971E-16	2.144612E-17
8.399845E+03	3.591765E-16	2.243954E-17
8.409809E+03	3.737997E-16	2.352310E-17
8.419773E+03	3.897391E-16	2.470304E-17
8.429737E+03	4.069908E-16	2.598087E-17
8.439701E+03	4.256100E-16	2.736184E-17
8.449666E+03	4.455653E-16	2.884572E-17
8.459630E+03	4.668656E-16	3.043484E-17
8.469594E+03	4.894846E-16	3.212922E-17
8.479558E+03	5.133771E-16	3.392757E-17
8.489523E+03	5.385017E-16	3.582876E-17
8.499487E+03	5.646958E-16	3.782347E-17
8.509451E+03	5.919218E-16	3.991051E-17
8.519415E+03	6.200188E-16	4.208024E-17
8.529380E+03	6.488254E-16	4.432268E-17
8.539344E+03	6.781549E-16	4.662586E-17
8.549308E+03	7.077620E-16	4.897338E-17
8.559272E+03	7.374756E-16	5.135358E-17
8.569236E+03	7.670043E-16	5.374606E-17
8.579201E+03	7.960302E-16	5.612807E-17
8.589165E+03	8.243280E-16	5.848285E-17
8.599129E+03	8.515087E-16	6.078157E-17
8.609093E+03	8.772882E-16	6.300226E-17
8.619058E+03	9.013837E-16	6.512256E-17
8.629022E+03	9.233870E-16	6.711054E-17
8.638986E+03	9.430304E-16	6.894380E-17
8.648950E+03	9.600677E-16	7.060114E-17
8.658914E+03	9.741426E-16	7.205275E-17
8.668879E+03	9.850718E-16	7.328115E-17
8.678843E+03	9.926702E-16	7.426841E-17
8.688807E+03	9.968051E-16	7.500027E-17
8.698771E+03	9.974484E-16	7.547016E-17
8.708736E+03	9.944820E-16	7.566468E-17
8.718700E+03	9.880005E-16	7.558649E-17
8.728664E+03	9.781067E-16	7.523908E-17
8.738628E+03	9.649646E-16	7.463089E-17
8.748593E+03	9.487901E-16	7.377469E-17
8.758557E+03	9.298457E-16	7.268727E-17
8.768521E+03	9.084335E-16	7.138898E-17
8.778485E+03	8.848831E-16	6.990290E-17
8.788449E+03	8.595448E-16	6.825428E-17
8.798414E+03	8.328206E-16	6.647310E-17
8.808378E+03	8.049815E-16	6.457950E-17
8.818342E+03	7.764227E-16	6.260409E-17
8.828306E+03	7.474771E-16	6.057310E-17
8.838271E+03	7.184536E-16	5.851131E-17
8.848235E+03	6.896344E-16	5.644184E-17
8.858199E+03	6.613042E-16	5.438848E-17
8.868163E+03	6.336071E-16	5.236384E-17
8.878128E+03	6.067611E-16	5.038689E-17
8.888092E+03	5.809134E-16	4.847103E-17
8.898056E+03	5.562084E-16	4.662968E-17
8.908020E+03	5.326689E-16	4.486620E-17
8.917984E+03	5.103821E-16	4.318946E-17
8.927949E+03	4.894060E-16	4.160596E-17
8.937913E+03	4.696956E-16	4.011347E-17
8.947877E+03	4.512949E-16	3.871733E-17
8.957841E+03	4.341529E-16	3.741475E-17
8.967806E+03	4.182099E-16	3.620210E-17
9.007662E+03	3.657313E-16	3.221834E-17
9.047519E+03	3.282058E-16	2.940677E-17
9.087376E+03	3.015919E-16	2.746936E-17
9.127233E+03	2.823366E-16	2.612767E-17
9.167090E+03	2.674758E-16	2.513670E-17
9.206947E+03	2.549824E-16	2.432304E-17
9.246804E+03	2.435838E-16	2.357443E-17
9.286661E+03	2.326190E-16	2.283137E-17
9.326518E+03	2.218062E-16	2.206837E-17
9.366375E+03	2.110993E-16	2.128216E-17
9.406232E+03	2.005023E-16	2.047432E-17
9.446089E+03	1.900278E-16	1.964733E-17
9.485945E+03	1.796937E-16	1.880426E-17
9.525802E+03	1.695458E-16	1.795122E-17
9.565659E+03	1.596217E-16	1.709361E-17
9.605516E+03	1.499933E-16	1.624074E-17
9.645373E+03	1.407204E-16	1.540085E-17
9.685230E+03	1.318436E-16	1.458030E-17
9.725087E+03	1.234234E-16	1.378782E-17
9.764944E+03	1.154739E-16	1.302708E-17
9.804801E+03	1.080161E-16	1.230258E-17
9.844658E+03	1.010317E-16	1.161431E-17
9.884515E+03	9.453876E-17	1.096630E-17
9.924372E+03	8.849544E-17	1.035561E-17
9.964228E+03	8.290586E-17	9.784501E-18
1.000409E+04	7.772979E-17	9.249894E-18
1.004394E+04	7.294232E-17	8.750341E-18
1.008380E+04	6.852440E-17	8.284957E-18
1.012366E+04	6.444936E-17	7.851808E-18
1.016351E+04	6.069144E-17	7.448929E-18
1.020337E+04	5.721977E-17	7.073589E-18
1.024323E+04	5.401740E-17	6.724647E-18
1.028308E+04	5.106234E-17	6.400232E-18
