#wls	flux	fluxerr
1.594261E+03	9.251881E-02	2.091113E-03
1.634117E+03	9.166377E-02	2.012035E-03
1.673974E+03	9.030126E-02	1.923771E-03
1.713830E+03	8.839437E-02	1.826689E-03
1.753687E+03	8.595061E-02	1.722123E-03
1.793543E+03	8.309041E-02	1.613554E-03
1.833400E+03	8.020870E-02	1.509290E-03
1.873256E+03	7.803841E-02	1.422831E-03
1.913113E+03	7.740775E-02	1.367691E-03
1.952969E+03	7.900154E-02	1.353228E-03
1.992826E+03	8.311104E-02	1.381105E-03
2.032682E+03	8.910605E-02	1.437988E-03
2.072539E+03	9.499210E-02	1.490830E-03
2.112395E+03	9.908854E-02	1.515101E-03
2.152252E+03	1.022455E-01	1.526328E-03
2.192108E+03	1.049436E-01	1.533049E-03
2.231965E+03	1.069028E-01	1.532118E-03
2.271821E+03	1.080344E-01	1.523214E-03
2.311678E+03	1.068540E-01	1.486313E-03
2.351534E+03	1.034277E-01	1.423241E-03
2.391391E+03	1.005830E-01	1.372932E-03
2.431248E+03	9.872704E-02	1.340140E-03
2.471104E+03	9.555591E-02	1.293020E-03
2.510961E+03	9.101581E-02	1.230473E-03
2.550817E+03	8.775224E-02	1.187741E-03
2.590674E+03	8.722939E-02	1.184285E-03
2.630530E+03	8.805350E-02	1.201053E-03
2.670387E+03	8.839915E-02	1.212880E-03
2.710243E+03	8.790567E-02	1.214289E-03
2.750100E+03	8.736778E-02	1.215730E-03
2.789956E+03	8.776392E-02	1.230574E-03
2.829813E+03	8.923916E-02	1.260884E-03
2.869669E+03	9.091907E-02	1.294311E-03
2.909526E+03	9.154615E-02	1.312666E-03
2.949382E+03	9.045633E-02	1.305855E-03
2.989239E+03	8.795917E-02	1.277761E-03
2.999203E+03	8.721479E-02	1.268813E-03
3.009167E+03	8.645236E-02	1.259524E-03
3.019131E+03	8.568660E-02	1.250109E-03
3.029095E+03	8.492943E-02	1.240743E-03
3.039059E+03	8.419243E-02	1.231595E-03
3.049024E+03	8.348414E-02	1.222792E-03
3.058988E+03	8.281151E-02	1.214439E-03
3.068952E+03	8.217962E-02	1.206613E-03
3.078916E+03	8.159066E-02	1.199348E-03
3.088880E+03	8.104609E-02	1.192671E-03
3.098844E+03	8.054472E-02	1.186565E-03
3.108808E+03	8.008418E-02	1.181000E-03
3.118772E+03	7.966085E-02	1.175923E-03
3.128737E+03	7.927051E-02	1.171277E-03
3.138701E+03	7.890783E-02	1.166983E-03
3.148665E+03	7.856751E-02	1.162966E-03
3.158629E+03	7.824466E-02	1.159156E-03
3.168593E+03	7.793418E-02	1.155478E-03
3.178557E+03	7.763188E-02	1.151872E-03
3.188521E+03	7.733468E-02	1.148293E-03
3.198485E+03	7.704000E-02	1.144706E-03
3.208450E+03	7.674552E-02	1.141076E-03
3.218414E+03	7.645107E-02	1.137402E-03
3.228378E+03	7.615528E-02	1.133667E-03
3.238342E+03	7.585878E-02	1.129879E-03
3.248306E+03	7.556085E-02	1.126032E-03
3.258270E+03	7.526116E-02	1.122120E-03
3.268234E+03	7.495957E-02	1.118144E-03
3.278198E+03	7.465540E-02	1.114095E-03
3.288163E+03	7.434766E-02	1.109961E-03
3.298127E+03	7.403611E-02	1.105738E-03
3.308091E+03	7.372074E-02	1.101430E-03
3.318055E+03	7.340186E-02	1.097041E-03
3.328019E+03	7.308114E-02	1.092600E-03
3.337983E+03	7.276064E-02	1.088139E-03
3.347947E+03	7.244281E-02	1.083696E-03
3.357912E+03	7.212970E-02	1.079305E-03
3.367876E+03	7.182180E-02	1.074973E-03
3.377840E+03	7.151779E-02	1.070685E-03
3.387804E+03	7.121068E-02	1.066336E-03
3.397768E+03	7.088878E-02	1.061755E-03
3.407732E+03	7.053165E-02	1.056636E-03
3.417696E+03	7.011200E-02	1.050572E-03
3.427660E+03	6.959615E-02	1.043059E-03
3.437625E+03	6.894706E-02	1.033543E-03
3.447589E+03	6.813357E-02	1.021552E-03
3.457553E+03	6.714031E-02	1.006853E-03
3.467517E+03	6.597997E-02	9.896359E-04
3.477481E+03	6.470333E-02	9.706584E-04
3.487445E+03	6.338500E-02	9.510389E-04
3.497409E+03	6.210410E-02	9.319640E-04
3.507373E+03	6.092498E-02	9.143992E-04
3.517338E+03	5.988891E-02	8.989643E-04
3.527302E+03	5.901544E-02	8.859535E-04
3.537266E+03	5.830762E-02	8.754127E-04
3.547230E+03	5.775461E-02	8.671796E-04
3.557194E+03	5.733662E-02	8.609574E-04
3.567158E+03	5.702852E-02	8.563685E-04
3.577122E+03	5.680258E-02	8.529961E-04
3.587086E+03	5.663065E-02	8.504172E-04
3.597051E+03	5.648606E-02	8.482308E-04
3.607015E+03	5.634555E-02	8.460870E-04
3.616979E+03	5.618975E-02	8.436947E-04
3.626943E+03	5.600703E-02	8.408786E-04
3.636907E+03	5.579215E-02	8.375603E-04
3.646871E+03	5.554713E-02	8.337698E-04
3.656835E+03	5.527692E-02	8.295816E-04
3.666800E+03	5.499090E-02	8.251366E-04
3.676764E+03	5.469817E-02	8.205714E-04
3.686728E+03	5.440563E-02	8.159896E-04
3.696692E+03	5.411709E-02	8.114487E-04
3.706656E+03	5.383405E-02	8.069712E-04
3.716620E+03	5.355907E-02	8.025956E-04
3.726584E+03	5.329650E-02	7.983874E-04
3.736548E+03	5.305308E-02	7.944477E-04
3.746513E+03	5.283565E-02	7.908788E-04
3.756477E+03	5.264940E-02	7.877585E-04
3.766441E+03	5.249864E-02	7.851510E-04
3.776405E+03	5.238354E-02	7.830583E-04
3.786369E+03	5.230005E-02	7.814199E-04
3.796333E+03	5.223977E-02	7.801099E-04
3.806297E+03	5.219032E-02	7.789437E-04
3.816261E+03	5.213471E-02	7.776678E-04
3.826226E+03	5.205453E-02	7.760087E-04
3.836190E+03	5.193348E-02	7.737250E-04
3.846154E+03	5.175968E-02	7.706413E-04
3.856118E+03	5.152762E-02	7.666783E-04
3.866082E+03	5.123889E-02	7.618624E-04
3.876046E+03	5.090425E-02	7.563560E-04
3.886010E+03	5.053936E-02	7.503942E-04
3.895974E+03	5.016099E-02	7.442280E-04
3.905939E+03	4.978334E-02	7.380698E-04
3.915903E+03	4.941702E-02	7.320777E-04
3.925867E+03	4.906717E-02	7.263287E-04
3.935831E+03	4.873336E-02	7.208174E-04
3.945795E+03	4.841118E-02	7.154791E-04
3.955759E+03	4.809579E-02	7.102433E-04
3.965723E+03	4.778521E-02	7.050819E-04
3.975688E+03	4.748046E-02	7.000111E-04
3.985652E+03	4.718998E-02	6.951563E-04
3.995616E+03	4.692902E-02	6.907429E-04
4.005580E+03	4.671588E-02	6.870404E-04
4.015544E+03	4.656503E-02	6.842612E-04
4.025508E+03	4.648087E-02	6.824689E-04
4.035472E+03	4.645690E-02	6.815672E-04
4.045436E+03	4.647319E-02	6.812637E-04
4.055401E+03	4.649469E-02	6.810450E-04
4.065365E+03	4.647736E-02	6.802681E-04
4.075329E+03	4.637689E-02	6.782879E-04
4.085293E+03	4.615674E-02	6.745748E-04
4.095257E+03	4.578984E-02	6.687388E-04
4.105221E+03	4.526384E-02	6.606057E-04
4.115185E+03	4.458216E-02	6.502314E-04
4.125149E+03	4.376644E-02	6.379365E-04
4.135114E+03	4.285853E-02	6.243352E-04
4.145078E+03	4.191876E-02	6.103086E-04
4.155042E+03	4.101299E-02	5.968158E-04
4.165006E+03	4.019377E-02	5.846208E-04
4.174970E+03	3.949198E-02	5.741709E-04
4.184934E+03	3.892290E-02	5.656864E-04
4.194898E+03	3.849654E-02	5.593109E-04
4.204862E+03	3.822212E-02	5.551773E-04
4.214827E+03	3.811004E-02	5.534359E-04
4.224791E+03	3.817323E-02	5.542743E-04
4.234755E+03	3.842626E-02	5.579049E-04
4.244719E+03	3.887852E-02	5.644661E-04
4.254683E+03	3.951800E-02	5.737865E-04
4.264647E+03	4.030100E-02	5.852358E-04
4.274611E+03	4.115595E-02	5.977799E-04
4.284576E+03	4.199410E-02	6.101346E-04
4.294540E+03	4.271866E-02	6.208981E-04
4.304504E+03	4.323660E-02	6.287201E-04
4.314468E+03	4.347415E-02	6.325267E-04
4.324432E+03	4.339020E-02	6.317135E-04
4.334396E+03	4.298452E-02	6.262657E-04
4.344360E+03	4.229718E-02	6.167547E-04
4.354324E+03	4.142280E-02	6.045468E-04
4.364289E+03	4.053014E-02	5.920956E-04
4.374253E+03	3.979993E-02	5.820387E-04
4.384217E+03	3.931263E-02	5.755575E-04
4.394181E+03	3.904859E-02	5.723728E-04
4.404145E+03	3.896261E-02	5.718306E-04
4.414109E+03	3.898780E-02	5.729561E-04
4.424073E+03	3.904739E-02	5.746242E-04
4.434037E+03	3.907141E-02	5.758049E-04
4.444002E+03	3.901165E-02	5.757826E-04
4.453966E+03	3.884012E-02	5.741366E-04
4.463930E+03	3.854729E-02	5.707162E-04
4.473894E+03	3.813983E-02	5.656097E-04
4.483858E+03	3.763853E-02	5.591151E-04
4.493822E+03	3.707275E-02	5.516603E-04
4.503786E+03	3.647934E-02	5.437870E-04
4.513750E+03	3.589525E-02	5.360425E-04
4.523715E+03	3.535247E-02	5.289041E-04
4.533679E+03	3.487222E-02	5.226909E-04
4.543643E+03	3.446710E-02	5.175957E-04
4.553607E+03	3.413962E-02	5.136610E-04
4.563571E+03	3.388338E-02	5.107957E-04
4.573535E+03	3.368557E-02	5.088108E-04
4.583499E+03	3.353313E-02	5.075130E-04
4.593464E+03	3.341450E-02	5.067298E-04
4.603428E+03	3.332024E-02	5.063200E-04
4.613392E+03	3.324570E-02	5.062141E-04
4.623356E+03	3.318921E-02	5.063873E-04
4.633320E+03	3.315159E-02	5.068533E-04
4.643284E+03	3.313062E-02	5.075789E-04
4.653248E+03	3.311896E-02	5.084524E-04
4.663212E+03	3.310413E-02	5.092822E-04
4.673177E+03	3.307024E-02	5.098218E-04
4.683141E+03	3.300042E-02	5.098089E-04
4.693105E+03	3.288129E-02	5.090319E-04
4.703069E+03	3.271078E-02	5.074533E-04
4.713033E+03	3.250094E-02	5.052552E-04
4.722997E+03	3.228044E-02	5.028797E-04
4.732961E+03	3.209180E-02	5.009893E-04
4.742925E+03	3.198931E-02	5.004359E-04
4.752890E+03	3.202868E-02	5.021012E-04
4.762854E+03	3.225418E-02	5.066939E-04
4.772818E+03	3.268533E-02	5.145400E-04
4.782782E+03	3.331465E-02	5.255412E-04
4.792746E+03	3.410441E-02	5.391206E-04
4.802710E+03	3.498462E-02	5.541853E-04
4.812674E+03	3.585882E-02	5.692129E-04
4.822639E+03	3.662200E-02	5.825327E-04
4.832603E+03	3.718079E-02	5.926453E-04
4.842567E+03	3.746184E-02	5.983592E-04
4.852531E+03	3.741642E-02	5.988668E-04
4.862495E+03	3.702691E-02	5.938538E-04
4.872459E+03	3.631034E-02	5.835598E-04
4.882423E+03	3.532276E-02	5.688553E-04
4.892387E+03	3.415547E-02	5.511867E-04
4.902352E+03	3.291612E-02	5.322776E-04
4.912316E+03	3.170551E-02	5.137538E-04
4.922280E+03	3.060335E-02	4.969129E-04
4.932244E+03	2.966459E-02	4.826597E-04
4.942208E+03	2.891242E-02	4.713890E-04
4.952172E+03	2.834067E-02	4.630187E-04
4.962136E+03	2.792155E-02	4.571125E-04
4.972100E+03	2.761821E-02	4.530813E-04
4.982065E+03	2.739273E-02	4.503142E-04
4.992029E+03	2.720904E-02	4.482252E-04
5.001993E+03	2.703770E-02	4.463329E-04
5.011957E+03	2.685837E-02	4.443027E-04
5.021921E+03	2.665875E-02	4.419303E-04
5.031885E+03	2.643413E-02	4.391360E-04
5.041849E+03	2.618620E-02	4.359455E-04
5.051813E+03	2.592107E-02	4.324588E-04
5.061778E+03	2.564585E-02	4.287933E-04
5.071742E+03	2.536747E-02	4.250643E-04
5.081706E+03	2.509146E-02	4.213650E-04
5.091670E+03	2.482298E-02	4.177827E-04
5.101634E+03	2.456667E-02	4.143971E-04
5.111598E+03	2.432730E-02	4.112901E-04
5.121562E+03	2.410989E-02	4.085498E-04
5.131527E+03	2.392119E-02	4.062933E-04
5.141491E+03	2.376704E-02	4.046241E-04
5.151455E+03	2.364902E-02	4.035737E-04
5.161419E+03	2.356230E-02	4.030646E-04
5.171383E+03	2.349802E-02	4.029493E-04
5.181347E+03	2.344745E-02	4.030813E-04
5.191311E+03	2.340331E-02	4.033374E-04
5.201275E+03	2.335922E-02	4.036093E-04
5.211240E+03	2.331092E-02	4.038235E-04
5.221204E+03	2.325533E-02	4.039271E-04
5.231168E+03	2.319038E-02	4.038837E-04
5.241132E+03	2.311597E-02	4.036909E-04
5.251096E+03	2.303297E-02	4.033629E-04
5.261060E+03	2.294321E-02	4.029318E-04
5.271024E+03	2.284958E-02	4.024477E-04
5.280988E+03	2.275424E-02	4.019489E-04
5.290953E+03	2.265975E-02	4.014810E-04
5.300917E+03	2.256806E-02	4.010794E-04
5.310881E+03	2.247989E-02	4.007580E-04
5.320845E+03	2.239644E-02	4.005393E-04
5.330809E+03	2.231914E-02	4.004501E-04
5.340773E+03	2.225002E-02	4.005291E-04
5.350737E+03	2.219089E-02	4.008106E-04
5.360701E+03	2.214128E-02	4.012885E-04
5.370666E+03	2.209691E-02	4.018877E-04
5.380630E+03	2.204985E-02	4.024646E-04
5.390594E+03	2.198856E-02	4.028083E-04
5.400558E+03	2.189798E-02	4.026388E-04
5.410522E+03	2.176075E-02	4.016290E-04
5.420486E+03	2.156525E-02	3.995525E-04
5.430450E+03	2.132729E-02	3.966897E-04
5.440415E+03	2.106974E-02	3.934566E-04
5.450379E+03	2.081435E-02	3.902550E-04
5.460343E+03	2.058245E-02	3.874849E-04
5.470307E+03	2.039515E-02	3.855497E-04
5.480271E+03	2.026422E-02	3.846812E-04
5.490235E+03	2.017930E-02	3.846947E-04
5.500199E+03	2.012640E-02	3.853323E-04
5.510163E+03	2.009358E-02	3.863713E-04
5.520128E+03	2.007034E-02	3.876133E-04
5.530092E+03	2.004809E-02	3.888934E-04
5.540056E+03	2.002047E-02	3.900869E-04
5.550020E+03	1.998338E-02	3.911118E-04
5.559984E+03	1.993425E-02	3.919141E-04
5.569948E+03	1.987123E-02	3.924534E-04
5.579912E+03	1.979282E-02	3.926954E-04
5.589876E+03	1.969842E-02	3.926231E-04
5.599841E+03	1.958830E-02	3.922365E-04
5.609805E+03	1.946340E-02	3.915496E-04
5.619769E+03	1.932641E-02	3.906112E-04
5.629733E+03	1.918039E-02	3.894797E-04
5.639697E+03	1.902994E-02	3.882449E-04
5.649661E+03	1.887913E-02	3.869886E-04
5.659625E+03	1.873243E-02	3.858014E-04
5.669589E+03	1.859346E-02	3.847589E-04
5.679554E+03	1.846487E-02	3.839175E-04
5.689518E+03	1.834889E-02	3.833259E-04
5.699482E+03	1.824567E-02	3.829907E-04
5.709446E+03	1.815540E-02	3.829189E-04
5.719410E+03	1.807806E-02	3.831131E-04
5.729374E+03	1.801482E-02	3.836017E-04
5.739338E+03	1.796801E-02	3.844385E-04
5.749303E+03	1.794195E-02	3.857206E-04
5.759267E+03	1.794286E-02	3.875885E-04
5.769231E+03	1.797824E-02	3.902127E-04
5.779195E+03	1.805382E-02	3.937286E-04
5.789159E+03	1.817129E-02	3.981856E-04
5.799123E+03	1.832766E-02	4.035304E-04
5.809087E+03	1.851282E-02	4.095514E-04
5.819051E+03	1.870956E-02	4.158753E-04
5.829016E+03	1.889439E-02	4.219806E-04
5.838980E+03	1.904269E-02	4.273107E-04
5.848944E+03	1.913099E-02	4.313251E-04
5.858908E+03	1.914257E-02	4.336254E-04
5.868872E+03	1.906749E-02	4.339604E-04
5.878836E+03	1.890772E-02	4.323473E-04
5.888800E+03	1.867350E-02	4.289934E-04
5.898764E+03	1.838338E-02	4.243026E-04
5.908729E+03	1.805976E-02	4.187756E-04
5.918693E+03	1.772573E-02	4.129395E-04
5.928657E+03	1.740164E-02	4.072668E-04
5.938621E+03	1.710127E-02	4.020837E-04
5.948585E+03	1.683257E-02	3.975858E-04
5.958549E+03	1.659859E-02	3.938553E-04
5.968513E+03	1.639763E-02	3.908628E-04
5.978477E+03	1.622454E-02	3.884953E-04
5.988442E+03	1.607385E-02	3.866299E-04
5.998406E+03	1.593966E-02	3.851315E-04
6.008370E+03	1.581647E-02	3.838715E-04
6.018334E+03	1.570084E-02	3.827694E-04
6.028298E+03	1.559022E-02	3.817652E-04
6.038262E+03	1.548276E-02	3.808147E-04
6.048226E+03	1.537828E-02	3.799143E-04
6.058191E+03	1.527649E-02	3.790581E-04
6.068155E+03	1.517790E-02	3.782589E-04
6.078119E+03	1.508240E-02	3.775153E-04
6.088083E+03	1.499058E-02	3.768429E-04
6.098047E+03	1.490230E-02	3.762393E-04
6.108011E+03	1.481776E-02	3.757106E-04
6.117975E+03	1.473637E-02	3.752425E-04
6.127939E+03	1.465804E-02	3.748343E-04
6.137904E+03	1.458146E-02	3.744529E-04
6.147868E+03	1.450449E-02	3.740437E-04
6.157832E+03	1.442547E-02	3.735636E-04
6.167796E+03	1.434180E-02	3.729442E-04
6.177760E+03	1.425258E-02	3.721602E-04
6.187724E+03	1.415794E-02	3.712134E-04
6.197688E+03	1.405848E-02	3.701178E-04
6.207652E+03	1.395681E-02	3.689409E-04
6.217617E+03	1.385563E-02	3.677537E-04
6.227581E+03	1.375893E-02	3.666623E-04
6.237545E+03	1.366997E-02	3.657554E-04
6.247509E+03	1.359178E-02	3.651173E-04
6.257473E+03	1.352624E-02	3.648018E-04
6.267437E+03	1.347443E-02	3.648423E-04
6.277401E+03	1.343538E-02	3.652168E-04
6.287365E+03	1.340671E-02	3.658644E-04
6.297330E+03	1.338534E-02	3.667042E-04
6.307294E+03	1.336681E-02	3.676153E-04
6.317258E+03	1.334677E-02	3.684791E-04
6.327222E+03	1.332238E-02	3.692163E-04
6.337186E+03	1.329102E-02	3.697524E-04
6.347150E+03	1.325203E-02	3.700670E-04
6.357114E+03	1.320614E-02	3.701778E-04
6.367079E+03	1.315537E-02	3.701396E-04
6.377043E+03	1.310283E-02	3.700384E-04
6.387007E+03	1.305261E-02	3.699900E-04
6.396971E+03	1.300941E-02	3.701280E-04
6.406935E+03	1.297916E-02	3.706243E-04
6.416899E+03	1.296887E-02	3.716836E-04
6.426863E+03	1.298571E-02	3.735184E-04
6.436827E+03	1.303940E-02	3.764175E-04
6.446792E+03	1.313993E-02	3.806821E-04
6.456756E+03	1.329684E-02	3.866033E-04
6.466720E+03	1.351662E-02	3.943885E-04
6.476684E+03	1.379970E-02	4.040689E-04
6.486648E+03	1.414041E-02	4.154973E-04
6.496612E+03	1.452956E-02	4.284201E-04
6.506576E+03	1.495518E-02	4.424977E-04
6.516540E+03	1.539389E-02	4.570465E-04
6.526505E+03	1.580674E-02	4.709101E-04
6.536469E+03	1.615493E-02	4.829197E-04
6.546433E+03	1.640303E-02	4.919930E-04
6.556397E+03	1.652392E-02	4.972829E-04
6.566361E+03	1.650164E-02	4.982691E-04
6.576325E+03	1.633425E-02	4.948494E-04
6.586289E+03	1.603604E-02	4.874147E-04
6.596253E+03	1.563762E-02	4.768598E-04
6.606218E+03	1.517810E-02	4.643514E-04
6.616182E+03	1.469427E-02	4.510006E-04
6.626146E+03	1.421470E-02	4.376807E-04
6.636110E+03	1.375871E-02	4.249902E-04
6.646074E+03	1.333798E-02	4.132978E-04
6.656038E+03	1.295761E-02	4.027735E-04
6.666002E+03	1.261747E-02	3.934251E-04
6.675967E+03	1.231447E-02	3.851678E-04
6.685931E+03	1.204493E-02	3.778975E-04
6.695895E+03	1.180557E-02	3.715204E-04
6.705859E+03	1.159336E-02	3.659504E-04
6.715823E+03	1.140565E-02	3.611112E-04
6.725787E+03	1.124024E-02	3.569405E-04
6.735751E+03	1.109487E-02	3.533721E-04
6.745715E+03	1.096631E-02	3.503092E-04
6.755680E+03	1.085041E-02	3.476236E-04
6.765644E+03	1.074278E-02	3.451778E-04
6.775608E+03	1.063901E-02	3.428323E-04
6.785572E+03	1.053593E-02	3.404859E-04
6.795536E+03	1.043110E-02	3.380592E-04
6.805500E+03	1.032524E-02	3.355762E-04
6.815464E+03	1.022031E-02	3.330997E-04
6.825428E+03	1.011973E-02	3.307423E-04
6.835393E+03	1.002692E-02	3.286171E-04
6.845357E+03	9.945312E-03	3.268397E-04
6.855321E+03	9.877870E-03	3.255102E-04
6.865285E+03	9.826977E-03	3.247117E-04
6.875249E+03	9.793474E-03	3.244763E-04
6.885213E+03	9.776165E-03	3.247690E-04
6.895177E+03	9.773210E-03	3.255329E-04
6.905141E+03	9.781146E-03	3.266561E-04
6.915106E+03	9.796763E-03	3.280340E-04
6.925070E+03	9.817096E-03	3.295691E-04
6.935034E+03	9.841285E-03	3.312335E-04
6.944998E+03	9.869380E-03	3.330301E-04
6.954962E+03	9.902076E-03	3.349832E-04
6.964926E+03	9.941275E-03	3.371586E-04
6.974890E+03	9.987590E-03	3.395787E-04
6.984855E+03	1.004022E-02	3.422181E-04
6.994819E+03	1.009659E-02	3.449899E-04
7.004783E+03	1.015152E-02	3.477181E-04
7.014747E+03	1.019913E-02	3.502003E-04
7.024711E+03	1.023187E-02	3.521746E-04
7.034675E+03	1.024254E-02	3.533888E-04
7.044639E+03	1.022561E-02	3.536464E-04
7.054603E+03	1.017705E-02	3.528010E-04
7.064568E+03	1.009657E-02	3.508343E-04
7.074532E+03	9.986532E-03	3.478215E-04
7.084496E+03	9.852318E-03	3.439430E-04
7.094460E+03	9.702271E-03	3.394853E-04
7.104424E+03	9.544503E-03	3.347291E-04
7.114388E+03	9.388137E-03	3.299934E-04
7.124352E+03	9.241232E-03	3.255628E-04
7.134316E+03	9.109218E-03	3.216314E-04
7.144281E+03	8.996288E-03	3.183512E-04
7.154245E+03	8.903905E-03	3.157788E-04
7.164209E+03	8.832617E-03	3.139387E-04
7.174173E+03	8.780900E-03	3.127815E-04
7.184137E+03	8.746415E-03	3.122284E-04
7.194101E+03	8.726168E-03	3.121764E-04
7.204065E+03	8.716820E-03	3.125091E-04
7.214029E+03	8.715029E-03	3.131089E-04
7.223994E+03	8.717801E-03	3.138699E-04
7.233958E+03	8.722513E-03	3.146985E-04
7.243922E+03	8.727101E-03	3.155205E-04
7.253886E+03	8.729247E-03	3.162520E-04
7.263850E+03	8.727492E-03	3.168394E-04
7.273814E+03	8.720363E-03	3.172284E-04
7.283778E+03	8.706663E-03	3.173742E-04
7.293743E+03	8.685547E-03	3.172445E-04
7.303707E+03	8.656948E-03	3.168352E-04
7.313671E+03	8.620937E-03	3.161474E-04
7.323635E+03	8.578910E-03	3.152309E-04
7.333599E+03	8.532467E-03	3.141433E-04
7.343563E+03	8.483413E-03	3.129504E-04
7.353527E+03	8.433577E-03	3.117192E-04
7.363491E+03	8.384599E-03	3.105104E-04
7.373456E+03	8.337529E-03	3.093632E-04
7.383420E+03	8.293710E-03	3.083280E-04
7.393384E+03	8.253549E-03	3.074209E-04
7.403348E+03	8.217164E-03	3.066470E-04
7.413312E+03	8.185091E-03	3.060272E-04
7.423276E+03	8.156850E-03	3.055446E-04
7.433240E+03	8.132326E-03	3.051957E-04
7.443204E+03	8.110822E-03	3.049552E-04
7.453169E+03	8.090957E-03	3.047718E-04
7.463133E+03	8.070349E-03	3.045559E-04
7.473097E+03	8.045700E-03	3.041827E-04
7.483061E+03	8.013114E-03	3.035041E-04
7.493025E+03	7.968499E-03	3.023630E-04
7.502989E+03	7.909442E-03	3.006654E-04
7.512953E+03	7.834892E-03	2.983683E-04
7.522917E+03	7.747213E-03	2.955589E-04
7.532882E+03	7.650903E-03	2.924064E-04
7.542846E+03	7.551523E-03	2.891221E-04
7.552810E+03	7.455457E-03	2.859504E-04
7.562774E+03	7.367870E-03	2.830903E-04
7.572738E+03	7.293665E-03	2.807326E-04
7.582702E+03	7.236365E-03	2.790157E-04
7.592666E+03	7.198317E-03	2.780340E-04
7.602631E+03	7.180572E-03	2.778319E-04
7.612595E+03	7.183442E-03	2.784257E-04
7.622559E+03	7.204537E-03	2.797269E-04
7.632523E+03	7.239878E-03	2.815843E-04
7.642487E+03	7.283202E-03	2.837570E-04
7.652451E+03	7.327613E-03	2.859774E-04
7.662415E+03	7.365561E-03	2.879506E-04
7.672379E+03	7.391824E-03	2.894710E-04
7.682344E+03	7.403453E-03	2.904204E-04
7.692308E+03	7.399789E-03	2.907702E-04
7.702272E+03	7.382842E-03	2.905964E-04
7.712236E+03	7.356106E-03	2.900343E-04
7.722200E+03	7.323906E-03	2.892527E-04
7.732164E+03	7.290320E-03	2.884120E-04
7.742128E+03	7.259300E-03	2.876685E-04
7.752092E+03	7.233713E-03	2.871366E-04
7.762057E+03	7.215311E-03	2.868871E-04
7.772021E+03	7.204531E-03	2.869390E-04
7.781985E+03	7.201142E-03	2.872845E-04
7.791949E+03	7.203645E-03	2.878653E-04
7.801913E+03	7.209603E-03	2.885852E-04
7.811877E+03	7.216695E-03	2.893517E-04
7.821841E+03	7.222384E-03	2.900634E-04
7.831806E+03	7.224091E-03	2.906161E-04
7.841770E+03	7.220009E-03	2.909365E-04
7.851734E+03	7.208650E-03	2.909633E-04
7.861698E+03	7.188900E-03	2.906500E-04
7.871662E+03	7.160825E-03	2.899978E-04
7.881626E+03	7.125122E-03	2.890331E-04
7.891590E+03	7.083125E-03	2.878088E-04
7.901554E+03	7.036185E-03	2.863786E-04
7.911519E+03	6.985854E-03	2.848048E-04
7.921483E+03	6.934087E-03	2.831666E-04
7.931447E+03	6.881633E-03	2.814944E-04
7.941411E+03	6.830246E-03	2.798599E-04
7.951375E+03	6.780391E-03	2.782823E-04
7.961339E+03	6.733008E-03	2.768008E-04
7.971303E+03	6.688419E-03	2.754289E-04
7.981267E+03	6.647395E-03	2.741990E-04
7.991232E+03	6.609518E-03	2.730944E-04
8.001196E+03	6.575262E-03	2.721356E-04
8.011160E+03	6.544428E-03	2.713147E-04
8.021124E+03	6.515228E-03	2.705584E-04
8.031088E+03	6.484819E-03	2.697486E-04
8.041052E+03	6.451178E-03	2.688007E-04
8.051016E+03	6.412622E-03	2.676438E-04
8.060980E+03	6.368906E-03	2.662665E-04
8.070945E+03	6.320410E-03	2.646837E-04
8.080909E+03	6.268823E-03	2.629650E-04
8.090873E+03	6.216128E-03	2.611933E-04
8.100837E+03	6.165289E-03	2.594928E-04
8.110801E+03	6.118224E-03	2.579449E-04
8.120765E+03	6.077475E-03	2.566576E-04
8.130729E+03	6.044534E-03	2.556953E-04
8.140694E+03	6.020018E-03	2.550858E-04
8.150658E+03	6.003174E-03	2.547990E-04
8.160622E+03	5.993444E-03	2.548127E-04
8.170586E+03	5.988825E-03	2.550430E-04
8.180550E+03	5.987548E-03	2.554157E-04
8.190514E+03	5.988072E-03	2.558654E-04
8.200478E+03	5.988897E-03	2.563285E-04
8.210442E+03	5.988753E-03	2.567504E-04
8.220407E+03	5.987281E-03	2.571156E-04
8.230371E+03	5.984272E-03	2.574146E-04
8.240335E+03	5.980492E-03	2.576802E-04
8.250299E+03	5.976644E-03	2.579426E-04
8.260263E+03	5.973718E-03	2.582444E-04
8.270227E+03	5.973011E-03	2.586420E-04
8.280191E+03	5.974576E-03	2.591381E-04
8.290155E+03	5.979165E-03	2.597660E-04
8.300120E+03	5.986772E-03	2.605259E-04
8.310084E+03	5.996860E-03	2.613950E-04
8.320048E+03	6.009095E-03	2.623594E-04
8.330012E+03	6.022576E-03	2.633800E-04
8.339976E+03	6.036681E-03	2.644298E-04
8.349940E+03	6.050258E-03	2.654583E-04
8.359904E+03	6.062494E-03	2.664298E-04
8.369868E+03	6.072079E-03	2.672863E-04
8.379833E+03	6.077875E-03	2.679769E-04
8.389797E+03	6.078992E-03	2.684616E-04
8.399761E+03	6.074496E-03	2.686979E-04
8.409725E+03	6.063541E-03	2.686472E-04
8.419689E+03	6.045919E-03	2.682988E-04
8.429653E+03	6.022136E-03	2.676738E-04
8.439617E+03	5.992783E-03	2.667971E-04
8.449582E+03	5.959350E-03	2.657341E-04
8.459546E+03	5.923234E-03	2.645460E-04
8.469510E+03	5.886386E-03	2.633198E-04
8.479474E+03	5.850250E-03	2.621198E-04
8.489438E+03	5.816264E-03	2.610108E-04
8.499402E+03	5.785689E-03	2.600499E-04
8.509366E+03	5.759046E-03	2.592613E-04
8.519330E+03	5.736205E-03	2.586398E-04
8.529295E+03	5.716919E-03	2.581752E-04
8.539259E+03	5.700910E-03	2.578556E-04
8.549223E+03	5.687322E-03	2.576430E-04
8.559187E+03	5.675506E-03	2.575083E-04
8.569151E+03	5.665101E-03	2.574355E-04
8.579115E+03	5.655622E-03	2.574029E-04
8.589079E+03	5.646250E-03	2.573733E-04
8.599043E+03	5.637370E-03	2.573643E-04
8.609008E+03	5.628215E-03	2.573408E-04
8.618972E+03	5.619253E-03	2.573243E-04
8.628936E+03	5.610482E-03	2.573147E-04
8.638900E+03	5.602467E-03	2.573380E-04
8.648864E+03	5.595398E-03	2.574030E-04
8.658828E+03	5.589897E-03	2.575386E-04
8.668792E+03	5.586074E-03	2.577503E-04
8.678756E+03	5.584052E-03	2.580439E-04
8.688721E+03	5.583933E-03	2.584245E-04
8.698685E+03	5.585145E-03	2.588662E-04
8.708649E+03	5.587395E-03	2.593555E-04
8.718613E+03	5.589871E-03	2.598548E-04
8.728577E+03	5.591957E-03	2.603355E-04
8.738541E+03	5.593331E-03	2.607826E-04
8.748505E+03	5.593395E-03	2.611679E-04
8.758470E+03	5.591941E-03	2.614814E-04
8.768434E+03	5.589180E-03	2.617327E-04
8.778398E+03	5.585077E-03	2.619199E-04
8.788362E+03	5.579881E-03	2.620543E-04
8.798326E+03	5.573930E-03	2.621517E-04
8.808290E+03	5.566845E-03	2.621939E-04
8.818254E+03	5.558415E-03	2.621710E-04
8.828218E+03	5.547702E-03	2.620381E-04
8.838183E+03	5.533821E-03	2.617531E-04
8.848147E+03	5.516105E-03	2.612837E-04
8.858111E+03	5.493729E-03	2.605900E-04
8.868075E+03	5.466647E-03	2.596688E-04
8.878039E+03	5.435658E-03	2.585573E-04
8.888003E+03	5.401726E-03	2.573006E-04
8.897967E+03	5.366611E-03	2.559820E-04
8.907931E+03	5.332631E-03	2.547121E-04
8.917896E+03	5.301649E-03	2.535802E-04
8.927860E+03	5.275390E-03	2.526694E-04
8.937824E+03	5.255222E-03	2.520465E-04
8.947788E+03	5.241348E-03	2.517222E-04
8.957752E+03	5.233350E-03	2.516778E-04
8.967716E+03	5.230011E-03	2.518557E-04
9.007573E+03	5.227530E-03	2.530798E-04
9.047429E+03	5.182057E-03	2.521944E-04
9.087286E+03	5.146213E-03	2.517408E-04
9.127142E+03	5.228730E-03	2.570721E-04
9.166999E+03	5.362746E-03	2.649714E-04
9.206855E+03	5.228441E-03	2.595956E-04
9.246712E+03	4.677769E-03	2.333659E-04
9.286568E+03	4.107719E-03	2.058891E-04
9.326425E+03	3.901001E-03	1.964280E-04
9.366281E+03	3.997164E-03	2.021783E-04
9.406138E+03	4.183448E-03	2.125365E-04
9.445994E+03	4.419337E-03	2.254935E-04
9.485851E+03	4.686058E-03	2.401176E-04
9.525707E+03	4.844633E-03	2.492750E-04
9.565564E+03	4.832380E-03	2.496565E-04
9.605420E+03	4.766790E-03	2.472490E-04
9.645277E+03	4.728615E-03	2.462252E-04
9.685134E+03	4.685341E-03	2.449026E-04
9.724990E+03	4.637250E-03	2.432935E-04
9.764847E+03	4.620007E-03	2.432737E-04
9.804703E+03	4.598901E-03	2.430268E-04
9.844560E+03	4.519440E-03	2.396613E-04
9.884416E+03	4.366575E-03	2.323451E-04
9.924273E+03	4.137701E-03	2.209011E-04
9.964129E+03	3.835350E-03	2.054267E-04
1.000399E+04	3.485902E-03	1.873044E-04
1.004384E+04	3.154513E-03	1.700256E-04
1.008370E+04	2.909806E-03	1.573127E-04
1.012356E+04	2.748854E-03	1.490523E-04
1.016341E+04	2.642120E-03	1.436801E-04
1.020327E+04	2.568697E-03	1.400828E-04
1.024312E+04	2.516390E-03	1.376094E-04
1.028298E+04	2.478211E-03	1.358871E-04
