#wls	flux	fluxerr
1.596966E+03	1.133536E-05	1.971762E-07
1.636890E+03	1.141144E-05	1.982311E-07
1.676814E+03	1.141959E-05	1.980975E-07
1.716738E+03	1.135314E-05	1.966645E-07
1.756662E+03	1.121520E-05	1.939915E-07
1.796586E+03	1.098849E-05	1.897858E-07
1.836511E+03	1.066078E-05	1.838435E-07
1.876435E+03	1.021465E-05	1.758732E-07
1.916359E+03	9.640600E-06	1.657219E-07
1.956283E+03	8.945329E-06	1.535164E-07
1.996207E+03	8.167167E-06	1.399248E-07
2.036131E+03	7.383300E-06	1.262760E-07
2.076055E+03	6.711775E-06	1.145873E-07
2.115980E+03	6.272858E-06	1.068992E-07
2.155904E+03	6.156513E-06	1.047213E-07
2.195828E+03	6.388642E-06	1.084628E-07
2.235752E+03	6.942682E-06	1.176392E-07
2.275676E+03	7.749446E-06	1.310473E-07
2.315600E+03	8.730609E-06	1.473379E-07
2.355525E+03	9.816122E-06	1.653110E-07
2.395449E+03	1.095856E-05	1.841563E-07
2.435373E+03	1.213190E-05	2.034286E-07
2.475297E+03	1.332689E-05	2.229671E-07
2.515221E+03	1.455137E-05	2.428975E-07
2.555145E+03	1.582302E-05	2.635080E-07
2.595069E+03	1.716422E-05	2.851620E-07
2.634994E+03	1.860251E-05	3.083045E-07
2.674918E+03	2.017304E-05	3.335014E-07
2.714842E+03	2.191100E-05	3.613131E-07
2.754766E+03	2.386637E-05	3.925364E-07
2.794690E+03	2.608813E-05	4.279426E-07
2.834614E+03	2.864055E-05	4.685431E-07
2.874538E+03	3.159966E-05	5.155284E-07
2.914463E+03	3.504653E-05	5.701557E-07
2.954387E+03	3.908857E-05	6.340925E-07
2.994311E+03	4.384050E-05	7.091025E-07
3.004292E+03	4.515518E-05	7.298271E-07
3.014273E+03	4.652101E-05	7.513444E-07
3.024254E+03	4.794543E-05	7.737721E-07
3.034235E+03	4.943232E-05	7.971706E-07
3.044216E+03	5.098391E-05	8.215735E-07
3.054197E+03	5.262056E-05	8.473057E-07
3.064178E+03	5.432593E-05	8.741014E-07
3.074159E+03	5.611958E-05	9.022720E-07
3.084140E+03	5.799074E-05	9.316413E-07
3.094121E+03	5.994725E-05	9.623317E-07
3.104102E+03	6.199077E-05	9.943667E-07
3.114083E+03	6.412297E-05	1.027769E-06
3.124064E+03	6.633826E-05	1.062447E-06
3.134045E+03	6.864495E-05	1.098528E-06
3.144026E+03	7.103687E-05	1.135911E-06
3.154007E+03	7.353038E-05	1.174854E-06
3.163988E+03	7.611116E-05	1.215124E-06
3.173969E+03	7.878778E-05	1.256854E-06
3.183950E+03	8.156106E-05	1.300052E-06
3.193932E+03	8.443150E-05	1.344724E-06
3.203913E+03	8.739036E-05	1.390725E-06
3.213894E+03	9.045544E-05	1.438335E-06
3.223875E+03	9.360805E-05	1.487253E-06
3.233856E+03	9.685652E-05	1.537607E-06
3.243837E+03	1.001997E-04	1.589374E-06
3.253818E+03	1.036362E-04	1.642529E-06
3.263799E+03	1.071534E-04	1.696866E-06
3.273780E+03	1.107698E-04	1.752677E-06
3.283761E+03	1.144609E-04	1.809571E-06
3.293742E+03	1.182341E-04	1.867657E-06
3.303723E+03	1.220855E-04	1.926872E-06
3.313704E+03	1.260226E-04	1.987332E-06
3.323685E+03	1.300166E-04	2.048579E-06
3.333666E+03	1.340739E-04	2.110708E-06
3.343647E+03	1.381753E-04	2.173418E-06
3.353628E+03	1.423401E-04	2.237009E-06
3.363609E+03	1.465486E-04	2.301167E-06
3.373590E+03	1.507934E-04	2.365775E-06
3.383571E+03	1.550665E-04	2.430705E-06
3.393552E+03	1.593452E-04	2.495602E-06
3.403533E+03	1.636497E-04	2.560778E-06
3.413514E+03	1.679569E-04	2.625873E-06
3.423495E+03	1.722425E-04	2.690506E-06
3.433476E+03	1.765278E-04	2.755010E-06
3.443457E+03	1.807886E-04	2.819006E-06
3.453438E+03	1.850158E-04	2.882355E-06
3.463420E+03	1.892006E-04	2.944919E-06
3.473401E+03	1.933178E-04	3.006310E-06
3.483382E+03	1.973921E-04	3.066913E-06
3.493363E+03	2.013998E-04	3.126360E-06
3.503344E+03	2.053337E-04	3.184544E-06
3.513325E+03	2.091880E-04	3.241378E-06
3.523306E+03	2.129749E-04	3.297052E-06
3.533287E+03	2.166556E-04	3.350969E-06
3.543268E+03	2.202448E-04	3.403362E-06
3.553249E+03	2.237592E-04	3.454492E-06
3.563230E+03	2.271631E-04	3.503811E-06
3.573211E+03	2.304946E-04	3.551909E-06
3.583192E+03	2.337212E-04	3.598290E-06
3.593173E+03	2.368851E-04	3.643608E-06
3.603154E+03	2.399757E-04	3.687701E-06
3.613135E+03	2.430025E-04	3.730720E-06
3.623116E+03	2.459773E-04	3.772848E-06
3.633097E+03	2.489327E-04	3.814586E-06
3.643078E+03	2.518469E-04	3.855599E-06
3.653059E+03	2.547754E-04	3.896742E-06
3.663040E+03	2.576998E-04	3.937731E-06
3.673021E+03	2.606791E-04	3.979466E-06
3.683002E+03	2.637170E-04	4.022003E-06
3.692983E+03	2.668378E-04	4.065707E-06
3.702964E+03	2.700659E-04	4.110949E-06
3.712945E+03	2.734465E-04	4.158407E-06
3.722926E+03	2.769666E-04	4.207881E-06
3.732907E+03	2.806717E-04	4.260055E-06
3.742889E+03	2.846074E-04	4.315609E-06
3.752870E+03	2.887787E-04	4.374612E-06
3.762851E+03	2.932091E-04	4.437409E-06
3.772832E+03	2.979213E-04	4.504329E-06
3.782813E+03	3.029349E-04	4.575659E-06
3.792794E+03	3.082671E-04	4.651642E-06
3.802775E+03	3.139319E-04	4.732478E-06
3.812756E+03	3.199605E-04	4.818619E-06
3.822737E+03	3.263176E-04	4.909519E-06
3.832718E+03	3.330457E-04	5.005803E-06
3.842699E+03	3.400982E-04	5.106754E-06
3.852680E+03	3.475078E-04	5.212848E-06
3.862661E+03	3.552135E-04	5.323157E-06
3.872642E+03	3.632360E-04	5.437973E-06
3.882623E+03	3.715228E-04	5.556501E-06
3.892604E+03	3.800121E-04	5.677805E-06
3.902585E+03	3.887055E-04	5.801900E-06
3.912566E+03	3.975288E-04	5.927670E-06
3.922547E+03	4.064002E-04	6.053891E-06
3.932528E+03	4.153065E-04	6.180365E-06
3.942509E+03	4.241332E-04	6.305387E-06
3.952490E+03	4.328627E-04	6.428702E-06
3.962471E+03	4.413776E-04	6.548570E-06
3.972452E+03	4.496378E-04	6.664411E-06
3.982433E+03	4.575826E-04	6.775333E-06
3.992414E+03	4.651576E-04	6.880550E-06
4.002395E+03	4.723167E-04	6.979395E-06
4.012376E+03	4.789975E-04	7.070969E-06
4.022358E+03	4.852028E-04	7.155331E-06
4.032339E+03	4.909217E-04	7.232346E-06
4.042320E+03	4.961565E-04	7.302069E-06
4.052301E+03	5.008975E-04	7.364380E-06
4.062282E+03	5.052009E-04	7.420126E-06
4.072263E+03	5.091091E-04	7.469951E-06
4.082244E+03	5.126482E-04	7.514255E-06
4.092225E+03	5.159075E-04	7.554362E-06
4.102206E+03	5.189566E-04	7.591306E-06
4.112187E+03	5.218431E-04	7.625790E-06
4.122168E+03	5.246444E-04	7.658952E-06
4.132149E+03	5.274655E-04	7.692330E-06
4.142130E+03	5.303838E-04	7.727050E-06
4.152111E+03	5.334203E-04	7.763413E-06
4.162092E+03	5.367250E-04	7.803598E-06
4.172073E+03	5.402824E-04	7.847366E-06
4.182054E+03	5.442027E-04	7.896309E-06
4.192035E+03	5.485085E-04	7.950738E-06
4.202016E+03	5.532660E-04	8.011595E-06
4.211997E+03	5.584519E-04	8.078525E-06
4.221978E+03	5.641372E-04	8.152536E-06
4.231959E+03	5.703010E-04	8.233305E-06
4.241940E+03	5.769356E-04	8.320703E-06
4.251921E+03	5.840184E-04	8.414386E-06
4.261902E+03	5.915115E-04	8.513787E-06
4.271883E+03	5.993616E-04	8.618126E-06
4.281864E+03	6.074978E-04	8.726370E-06
4.291845E+03	6.158338E-04	8.837271E-06
4.301827E+03	6.242388E-04	8.948945E-06
4.311808E+03	6.326525E-04	9.060528E-06
4.321789E+03	6.408919E-04	9.169405E-06
4.331770E+03	6.488821E-04	9.274513E-06
4.341751E+03	6.564090E-04	9.372809E-06
4.351732E+03	6.634440E-04	9.463905E-06
4.361713E+03	6.698448E-04	9.545796E-06
4.371694E+03	6.756009E-04	9.618365E-06
4.381675E+03	6.807030E-04	9.681503E-06
4.391656E+03	6.852256E-04	9.736300E-06
4.401637E+03	6.892396E-04	9.783790E-06
4.411618E+03	6.928389E-04	9.825327E-06
4.421599E+03	6.961816E-04	9.863167E-06
4.431580E+03	6.994695E-04	9.900180E-06
4.441561E+03	7.028454E-04	9.938391E-06
4.451542E+03	7.064656E-04	9.980003E-06
4.461523E+03	7.104905E-04	1.002727E-05
4.471504E+03	7.149919E-04	1.008119E-05
4.481485E+03	7.200368E-04	1.014268E-05
4.491466E+03	7.256566E-04	1.021217E-05
4.501447E+03	7.318475E-04	1.028959E-05
4.511428E+03	7.386002E-04	1.037477E-05
4.521409E+03	7.458162E-04	1.046632E-05
4.531390E+03	7.533682E-04	1.056243E-05
4.541371E+03	7.611919E-04	1.066219E-05
4.551352E+03	7.691171E-04	1.076321E-05
4.561333E+03	7.769588E-04	1.086290E-05
4.571315E+03	7.846136E-04	1.095982E-05
4.581296E+03	7.918585E-04	1.105087E-05
4.591277E+03	7.985945E-04	1.113468E-05
4.601258E+03	8.046138E-04	1.120838E-05
4.611239E+03	8.098141E-04	1.127057E-05
4.621220E+03	8.140830E-04	1.131972E-05
4.631201E+03	8.173292E-04	1.135460E-05
4.641182E+03	8.194559E-04	1.137390E-05
4.651163E+03	8.204494E-04	1.137748E-05
4.661144E+03	8.202906E-04	1.136512E-05
4.671125E+03	8.189821E-04	1.133689E-05
4.681106E+03	8.165190E-04	1.129276E-05
4.691087E+03	8.129762E-04	1.123382E-05
4.701068E+03	8.084179E-04	1.116099E-05
4.711049E+03	8.028989E-04	1.107507E-05
4.721030E+03	7.965497E-04	1.097787E-05
4.731011E+03	7.894892E-04	1.087108E-05
4.740992E+03	7.818264E-04	1.075621E-05
4.750973E+03	7.737163E-04	1.063542E-05
4.760954E+03	7.653828E-04	1.051179E-05
4.770935E+03	7.569576E-04	1.038715E-05
4.780916E+03	7.486397E-04	1.026421E-05
4.790897E+03	7.406663E-04	1.014623E-05
4.800878E+03	7.332556E-04	1.003618E-05
4.810859E+03	7.266068E-04	9.936753E-06
4.820840E+03	7.209450E-04	9.851009E-06
4.830821E+03	7.165158E-04	9.782263E-06
4.840802E+03	7.135301E-04	9.733349E-06
4.850784E+03	7.121591E-04	9.706549E-06
4.860765E+03	7.125999E-04	9.704494E-06
4.870746E+03	7.149723E-04	9.728752E-06
4.880727E+03	7.194079E-04	9.781049E-06
4.890708E+03	7.259471E-04	9.861862E-06
4.900689E+03	7.346280E-04	9.971643E-06
4.910670E+03	7.453840E-04	1.010942E-05
4.920651E+03	7.581348E-04	1.027403E-05
4.930632E+03	7.726859E-04	1.046278E-05
4.940613E+03	7.888270E-04	1.067278E-05
4.950594E+03	8.062351E-04	1.089960E-05
4.960575E+03	8.245836E-04	1.113879E-05
4.970556E+03	8.434520E-04	1.138466E-05
4.980537E+03	8.624513E-04	1.163194E-05
4.990518E+03	8.811344E-04	1.187462E-05
5.000499E+03	8.991337E-04	1.210774E-05
5.010480E+03	9.161010E-04	1.232665E-05
5.020461E+03	9.317252E-04	1.252722E-05
5.030442E+03	9.458081E-04	1.270681E-05
5.040423E+03	9.582733E-04	1.286445E-05
5.050404E+03	9.691091E-04	1.300004E-05
5.060385E+03	9.783558E-04	1.311417E-05
5.070366E+03	9.861877E-04	1.320924E-05
5.080347E+03	9.927686E-04	1.328746E-05
5.090328E+03	9.983562E-04	1.335234E-05
5.100309E+03	1.003187E-03	1.340707E-05
5.110290E+03	1.007458E-03	1.345429E-05
5.120271E+03	1.011375E-03	1.349677E-05
5.130253E+03	1.015174E-03	1.353767E-05
5.140234E+03	1.018922E-03	1.357790E-05
5.150215E+03	1.022712E-03	1.361868E-05
5.160196E+03	1.026626E-03	1.366113E-05
5.170177E+03	1.030681E-03	1.370544E-05
5.180158E+03	1.034862E-03	1.375144E-05
5.190139E+03	1.039102E-03	1.379821E-05
5.200120E+03	1.043379E-03	1.384549E-05
5.210101E+03	1.047599E-03	1.389202E-05
5.220082E+03	1.051730E-03	1.393738E-05
5.230063E+03	1.055707E-03	1.398069E-05
5.240044E+03	1.059436E-03	1.402075E-05
5.250025E+03	1.062930E-03	1.405772E-05
5.260006E+03	1.066079E-03	1.409016E-05
5.269987E+03	1.068850E-03	1.411765E-05
5.279968E+03	1.071254E-03	1.414033E-05
5.289949E+03	1.073315E-03	1.415855E-05
5.299930E+03	1.074939E-03	1.417107E-05
5.309911E+03	1.076244E-03	1.417946E-05
5.319892E+03	1.077202E-03	1.418334E-05
5.329873E+03	1.077895E-03	1.418384E-05
5.339854E+03	1.078396E-03	1.418190E-05
5.349835E+03	1.078791E-03	1.417867E-05
5.359816E+03	1.079155E-03	1.417511E-05
5.369797E+03	1.079674E-03	1.417370E-05
5.379778E+03	1.080418E-03	1.417533E-05
5.389759E+03	1.081561E-03	1.418231E-05
5.399740E+03	1.083218E-03	1.419611E-05
5.409722E+03	1.085592E-03	1.421939E-05
5.419703E+03	1.088738E-03	1.425286E-05
5.429684E+03	1.092812E-03	1.429855E-05
5.439665E+03	1.097793E-03	1.435616E-05
5.449646E+03	1.103697E-03	1.442588E-05
5.459627E+03	1.110429E-03	1.450647E-05
5.469608E+03	1.117804E-03	1.459549E-05
5.479589E+03	1.125537E-03	1.468921E-05
5.489570E+03	1.133200E-03	1.478205E-05
5.499551E+03	1.140357E-03	1.486832E-05
5.509532E+03	1.146392E-03	1.494002E-05
5.519513E+03	1.150651E-03	1.498863E-05
5.529494E+03	1.152584E-03	1.500702E-05
5.539475E+03	1.151543E-03	1.498682E-05
5.549456E+03	1.147108E-03	1.492260E-05
5.559437E+03	1.138842E-03	1.480874E-05
5.569418E+03	1.126598E-03	1.464338E-05
5.579399E+03	1.110295E-03	1.442554E-05
5.589380E+03	1.090029E-03	1.415652E-05
5.599361E+03	1.066166E-03	1.384113E-05
5.609342E+03	1.039128E-03	1.348488E-05
5.619323E+03	1.009501E-03	1.309542E-05
5.629304E+03	9.779765E-04	1.268175E-05
5.639285E+03	9.453144E-04	1.225373E-05
5.649266E+03	9.123145E-04	1.182173E-05
5.659247E+03	8.797810E-04	1.139617E-05
5.669228E+03	8.485182E-04	1.098744E-05
5.679210E+03	8.192033E-04	1.060429E-05
5.689191E+03	7.925467E-04	1.025586E-05
5.699172E+03	7.690995E-04	9.949255E-06
5.709153E+03	7.493489E-04	9.690717E-06
5.719134E+03	7.337134E-04	9.485610E-06
5.729115E+03	7.224558E-04	9.337276E-06
5.739096E+03	7.158430E-04	9.249109E-06
5.749077E+03	7.139947E-04	9.222601E-06
5.759058E+03	7.169941E-04	9.258772E-06
5.769039E+03	7.247776E-04	9.356750E-06
5.779020E+03	7.372786E-04	9.515627E-06
5.789001E+03	7.542879E-04	9.732658E-06
5.798982E+03	7.754357E-04	1.000303E-05
5.808963E+03	8.003161E-04	1.032148E-05
5.818944E+03	8.283151E-04	1.068006E-05
5.828925E+03	8.587261E-04	1.106964E-05
5.838906E+03	8.906569E-04	1.147871E-05
5.848887E+03	9.231266E-04	1.189462E-05
5.858868E+03	9.551046E-04	1.230410E-05
5.868849E+03	9.854762E-04	1.269281E-05
5.878830E+03	1.013186E-03	1.304717E-05
5.888811E+03	1.037309E-03	1.335531E-05
5.898792E+03	1.057019E-03	1.360661E-05
5.908773E+03	1.071767E-03	1.379407E-05
5.918754E+03	1.081193E-03	1.391305E-05
5.928735E+03	1.085269E-03	1.396328E-05
5.938716E+03	1.084167E-03	1.394697E-05
5.948697E+03	1.078327E-03	1.386981E-05
5.958679E+03	1.068416E-03	1.374042E-05
5.968660E+03	1.055211E-03	1.356879E-05
5.978641E+03	1.039538E-03	1.336558E-05
5.988622E+03	1.022290E-03	1.314227E-05
5.998603E+03	1.004374E-03	1.291050E-05
6.008584E+03	9.866109E-04	1.268084E-05
6.018565E+03	9.697166E-04	1.246248E-05
6.028546E+03	9.543767E-04	1.226422E-05
6.038527E+03	9.411227E-04	1.209289E-05
6.048508E+03	9.304539E-04	1.195489E-05
6.058489E+03	9.227302E-04	1.185483E-05
6.068470E+03	9.182974E-04	1.179714E-05
6.078451E+03	9.174146E-04	1.178514E-05
6.088432E+03	9.202644E-04	1.182118E-05
6.098413E+03	9.270491E-04	1.190785E-05
6.108394E+03	9.378797E-04	1.204656E-05
6.118375E+03	9.529257E-04	1.223950E-05
6.128356E+03	9.721773E-04	1.248653E-05
6.138337E+03	9.957628E-04	1.278931E-05
6.148318E+03	1.023612E-03	1.314694E-05
6.158299E+03	1.055646E-03	1.355842E-05
6.168280E+03	1.091771E-03	1.402255E-05
6.178261E+03	1.131657E-03	1.453511E-05
6.188242E+03	1.174915E-03	1.509111E-05
6.198223E+03	1.221089E-03	1.568471E-05
6.208204E+03	1.269425E-03	1.630627E-05
6.218185E+03	1.319131E-03	1.694559E-05
6.228166E+03	1.369234E-03	1.759022E-05
6.238148E+03	1.418603E-03	1.822564E-05
6.248129E+03	1.466117E-03	1.883745E-05
6.258110E+03	1.510591E-03	1.941045E-05
6.268091E+03	1.550831E-03	1.992929E-05
6.278072E+03	1.585895E-03	2.038188E-05
6.288053E+03	1.614815E-03	2.075574E-05
6.298034E+03	1.636987E-03	2.104312E-05
6.308015E+03	1.652015E-03	2.123890E-05
6.317996E+03	1.659718E-03	2.134072E-05
6.327977E+03	1.660334E-03	2.135162E-05
6.337958E+03	1.654122E-03	2.127488E-05
6.347939E+03	1.641689E-03	2.111828E-05
6.357920E+03	1.623724E-03	2.089063E-05
6.367901E+03	1.600993E-03	2.060176E-05
6.377882E+03	1.574237E-03	2.026117E-05
6.387863E+03	1.544326E-03	1.988003E-05
6.397844E+03	1.511874E-03	1.946620E-05
6.407825E+03	1.477616E-03	1.902911E-05
6.417806E+03	1.442008E-03	1.857462E-05
6.427787E+03	1.405568E-03	1.810938E-05
6.437768E+03	1.368694E-03	1.763850E-05
6.447749E+03	1.331729E-03	1.716638E-05
6.457730E+03	1.294977E-03	1.669694E-05
6.467711E+03	1.258722E-03	1.623382E-05
6.477692E+03	1.223236E-03	1.578053E-05
6.487673E+03	1.188793E-03	1.534060E-05
6.497654E+03	1.155627E-03	1.491703E-05
6.507635E+03	1.124083E-03	1.451430E-05
6.517617E+03	1.094379E-03	1.413522E-05
6.527598E+03	1.066665E-03	1.378174E-05
6.537579E+03	1.040943E-03	1.345389E-05
6.547560E+03	1.017176E-03	1.315121E-05
6.557541E+03	9.952818E-04	1.287267E-05
6.567522E+03	9.751248E-04	1.261650E-05
6.577503E+03	9.565105E-04	1.238022E-05
6.587484E+03	9.391884E-04	1.216060E-05
6.597465E+03	9.228612E-04	1.195380E-05
6.607446E+03	9.072264E-04	1.175589E-05
6.617427E+03	8.918770E-04	1.156162E-05
6.627408E+03	8.765004E-04	1.136693E-05
6.637389E+03	8.608085E-04	1.116806E-05
6.647370E+03	8.445021E-04	1.096114E-05
6.657351E+03	8.273768E-04	1.074347E-05
6.667332E+03	8.093068E-04	1.051342E-05
6.677313E+03	7.902535E-04	1.027046E-05
6.687294E+03	7.702643E-04	1.001518E-05
6.697275E+03	7.494963E-04	9.749598E-06
6.707256E+03	7.281026E-04	9.475690E-06
6.717237E+03	7.063937E-04	9.197478E-06
6.727218E+03	6.846465E-04	8.918558E-06
6.737199E+03	6.631856E-04	8.643155E-06
6.747180E+03	6.423640E-04	8.375867E-06
6.757161E+03	6.224627E-04	8.120369E-06
6.767142E+03	6.038293E-04	7.881210E-06
6.777123E+03	5.867253E-04	7.661822E-06
6.787105E+03	5.714049E-04	7.465555E-06
6.797086E+03	5.580951E-04	7.295405E-06
6.807067E+03	5.470162E-04	7.154292E-06
6.817048E+03	5.383304E-04	7.044379E-06
6.827029E+03	5.322023E-04	6.967870E-06
6.837010E+03	5.287854E-04	6.926823E-06
6.846991E+03	5.282244E-04	6.923194E-06
6.856972E+03	5.306764E-04	6.959100E-06
6.866953E+03	5.362578E-04	7.036133E-06
6.876934E+03	5.450947E-04	7.156016E-06
6.886915E+03	5.572995E-04	7.320297E-06
6.896896E+03	5.729644E-04	7.530261E-06
6.906877E+03	5.921678E-04	7.787019E-06
6.916858E+03	6.149031E-04	8.090565E-06
6.926839E+03	6.411184E-04	8.440295E-06
6.936820E+03	6.706821E-04	8.834558E-06
6.946801E+03	7.033890E-04	9.270730E-06
6.956782E+03	7.388803E-04	9.744154E-06
6.966763E+03	7.766789E-04	1.024860E-05
6.976744E+03	8.162745E-04	1.077740E-05
6.986725E+03	8.570163E-04	1.132198E-05
6.996706E+03	8.981252E-04	1.187210E-05
7.006687E+03	9.389119E-04	1.241863E-05
7.016668E+03	9.786182E-04	1.295155E-05
7.026649E+03	1.016553E-03	1.346168E-05
7.036630E+03	1.052283E-03	1.394324E-05
7.046611E+03	1.085331E-03	1.438985E-05
7.056592E+03	1.115545E-03	1.479944E-05
7.066574E+03	1.142981E-03	1.517269E-05
7.076555E+03	1.167775E-03	1.551133E-05
7.086536E+03	1.190393E-03	1.582149E-05
7.096517E+03	1.211327E-03	1.610966E-05
7.106498E+03	1.231204E-03	1.638416E-05
7.116479E+03	1.250712E-03	1.665411E-05
7.126460E+03	1.270542E-03	1.692872E-05
7.136441E+03	1.291351E-03	1.721675E-05
7.146422E+03	1.313719E-03	1.752597E-05
7.156403E+03	1.338154E-03	1.786320E-05
7.166384E+03	1.364882E-03	1.823151E-05
7.176365E+03	1.394084E-03	1.863337E-05
7.186346E+03	1.425743E-03	1.906863E-05
7.196327E+03	1.459470E-03	1.953215E-05
7.206308E+03	1.494838E-03	2.001826E-05
7.216289E+03	1.530978E-03	2.051537E-05
7.226270E+03	1.566949E-03	2.101086E-05
7.236251E+03	1.601613E-03	2.148949E-05
7.246232E+03	1.633520E-03	2.193174E-05
7.256213E+03	1.661303E-03	2.231918E-05
7.266194E+03	1.683548E-03	2.263270E-05
7.276175E+03	1.698940E-03	2.285446E-05
7.286156E+03	1.706367E-03	2.296932E-05
7.296137E+03	1.705002E-03	2.296592E-05
7.306118E+03	1.694374E-03	2.283769E-05
7.316099E+03	1.674343E-03	2.258250E-05
7.326080E+03	1.645341E-03	2.220592E-05
7.336061E+03	1.607926E-03	2.171524E-05
7.346043E+03	1.563132E-03	2.112421E-05
7.356024E+03	1.512151E-03	2.044876E-05
7.366005E+03	1.456253E-03	1.970590E-05
7.375986E+03	1.396906E-03	1.891536E-05
7.385967E+03	1.335335E-03	1.809365E-05
7.395948E+03	1.272822E-03	1.725810E-05
7.405929E+03	1.210460E-03	1.642350E-05
7.415910E+03	1.149184E-03	1.560254E-05
7.425891E+03	1.089726E-03	1.480519E-05
7.435872E+03	1.032738E-03	1.404037E-05
7.445853E+03	9.786897E-04	1.331452E-05
7.455834E+03	9.278912E-04	1.263195E-05
7.465815E+03	8.806192E-04	1.199651E-05
7.475796E+03	8.370328E-04	1.141046E-05
7.485777E+03	7.971979E-04	1.087481E-05
7.495758E+03	7.611917E-04	1.039070E-05
7.505739E+03	7.290252E-04	9.958391E-06
7.515720E+03	7.006841E-04	9.577793E-06
7.525701E+03	6.761128E-04	9.248249E-06
7.535682E+03	6.552703E-04	8.969302E-06
7.545663E+03	6.381533E-04	8.741012E-06
7.555644E+03	6.246594E-04	8.562078E-06
7.565625E+03	6.147289E-04	8.431784E-06
7.575606E+03	6.083202E-04	8.349657E-06
7.585587E+03	6.053629E-04	8.314834E-06
7.595568E+03	6.057556E-04	8.326017E-06
7.605549E+03	6.094278E-04	8.382334E-06
7.615530E+03	6.162450E-04	8.482028E-06
7.625512E+03	6.260902E-04	8.623579E-06
7.635493E+03	6.387677E-04	8.804379E-06
7.645474E+03	6.540831E-04	9.021832E-06
7.655455E+03	6.717702E-04	9.272341E-06
7.665436E+03	6.914814E-04	9.551175E-06
7.675417E+03	7.128323E-04	9.853085E-06
7.685398E+03	7.354093E-04	1.017240E-05
7.695379E+03	7.586963E-04	1.050202E-05
7.705360E+03	7.821965E-04	1.083507E-05
7.715341E+03	8.053723E-04	1.116413E-05
7.725322E+03	8.276692E-04	1.148149E-05
7.735303E+03	8.486034E-04	1.178041E-05
7.745284E+03	8.678008E-04	1.205566E-05
7.755265E+03	8.849298E-04	1.230258E-05
7.765246E+03	8.998570E-04	1.251925E-05
7.775227E+03	9.125302E-04	1.270488E-05
7.785208E+03	9.231200E-04	1.286178E-05
7.795189E+03	9.318753E-04	1.299336E-05
7.805170E+03	9.392467E-04	1.310585E-05
7.815151E+03	9.457190E-04	1.320598E-05
7.825132E+03	9.518842E-04	1.330200E-05
7.835113E+03	9.584074E-04	1.340320E-05
7.845094E+03	9.658806E-04	1.351789E-05
7.855075E+03	9.749317E-04	1.365487E-05
7.865056E+03	9.860460E-04	1.382102E-05
7.875037E+03	9.996768E-04	1.402276E-05
7.885018E+03	1.016068E-03	1.426358E-05
7.895000E+03	1.035327E-03	1.454511E-05
7.904981E+03	1.057397E-03	1.486664E-05
7.914962E+03	1.081901E-03	1.522295E-05
7.924943E+03	1.108265E-03	1.560606E-05
7.934924E+03	1.135536E-03	1.600258E-05
7.944905E+03	1.162493E-03	1.639535E-05
7.954886E+03	1.187682E-03	1.676383E-05
7.964867E+03	1.209344E-03	1.708312E-05
7.974848E+03	1.225715E-03	1.732817E-05
7.984829E+03	1.235010E-03	1.747356E-05
7.994810E+03	1.235818E-03	1.749907E-05
8.004791E+03	1.227128E-03	1.739007E-05
8.014772E+03	1.208651E-03	1.714215E-05
8.024753E+03	1.180873E-03	1.676186E-05
8.034734E+03	1.144426E-03	1.625787E-05
8.044715E+03	1.100365E-03	1.564483E-05
8.054696E+03	1.050327E-03	1.494579E-05
8.064677E+03	9.962127E-04	1.418759E-05
8.074658E+03	9.399491E-04	1.339755E-05
8.084639E+03	8.833730E-04	1.260176E-05
8.094620E+03	8.280503E-04	1.182257E-05
8.104601E+03	7.752748E-04	1.107850E-05
8.114582E+03	7.258309E-04	1.038084E-05
8.124563E+03	6.803465E-04	9.738695E-06
8.134544E+03	6.390932E-04	9.156091E-06
8.144525E+03	6.021924E-04	8.634916E-06
8.154506E+03	5.695667E-04	8.174215E-06
8.164487E+03	5.410917E-04	7.772352E-06
8.174469E+03	5.165431E-04	7.426257E-06
8.184450E+03	4.957188E-04	7.133160E-06
8.194431E+03	4.783763E-04	6.889708E-06
8.204412E+03	4.643137E-04	6.693121E-06
8.214393E+03	4.533762E-04	6.541288E-06
8.224374E+03	4.454079E-04	6.432075E-06
8.234355E+03	4.403321E-04	6.364487E-06
8.244336E+03	4.380964E-04	6.337878E-06
8.254317E+03	4.386579E-04	6.351735E-06
8.264298E+03	4.421122E-04	6.407553E-06
8.274279E+03	4.484901E-04	6.505893E-06
8.284260E+03	4.579819E-04	6.649635E-06
8.294241E+03	4.707125E-04	6.840717E-06
8.304222E+03	4.869715E-04	7.083480E-06
8.314203E+03	5.069757E-04	7.381226E-06
8.324184E+03	5.311141E-04	7.739773E-06
8.334165E+03	5.596901E-04	8.163715E-06
8.344146E+03	5.931861E-04	8.660277E-06
8.354127E+03	6.319728E-04	9.235077E-06
8.364108E+03	6.765991E-04	9.896362E-06
8.374089E+03	7.274592E-04	1.065014E-05
8.384070E+03	7.851161E-04	1.150493E-05
8.394051E+03	8.499432E-04	1.246647E-05
8.404032E+03	9.223097E-04	1.354050E-05
8.414013E+03	1.002530E-03	1.473194E-05
8.423994E+03	1.090749E-03	1.604327E-05
8.433975E+03	1.186888E-03	1.747363E-05
8.443956E+03	1.290751E-03	1.902050E-05
8.453938E+03	1.401795E-03	2.067618E-05
8.463919E+03	1.519327E-03	2.243074E-05
8.473900E+03	1.642252E-03	2.426827E-05
8.483881E+03	1.769338E-03	2.617081E-05
8.493862E+03	1.899041E-03	2.811563E-05
8.503843E+03	2.029504E-03	3.007536E-05
8.513824E+03	2.158874E-03	3.202253E-05
8.523805E+03	2.284994E-03	3.392510E-05
8.533786E+03	2.405969E-03	3.575473E-05
8.543767E+03	2.519369E-03	3.747512E-05
8.553748E+03	2.623509E-03	3.906082E-05
8.563729E+03	2.716253E-03	4.047964E-05
8.573710E+03	2.795872E-03	4.170530E-05
8.583691E+03	2.861139E-03	4.271893E-05
8.593672E+03	2.910569E-03	4.349771E-05
8.603653E+03	2.943240E-03	4.402723E-05
8.613634E+03	2.958860E-03	4.430237E-05
8.623615E+03	2.956938E-03	4.431507E-05
8.633596E+03	2.937786E-03	4.406926E-05
8.643577E+03	2.901813E-03	4.357036E-05
8.653558E+03	2.850081E-03	4.283362E-05
8.663539E+03	2.783850E-03	4.187730E-05
8.673520E+03	2.704666E-03	4.072412E-05
8.683501E+03	2.614181E-03	3.939839E-05
8.693482E+03	2.514473E-03	3.793098E-05
8.703463E+03	2.407563E-03	3.635202E-05
8.713444E+03	2.295481E-03	3.469189E-05
8.723425E+03	2.180078E-03	3.297836E-05
8.733407E+03	2.063413E-03	3.124249E-05
8.743388E+03	1.946933E-03	2.950613E-05
8.753369E+03	1.832105E-03	2.779156E-05
8.763350E+03	1.720347E-03	2.612037E-05
8.773331E+03	1.612555E-03	2.450630E-05
8.783312E+03	1.509420E-03	2.296006E-05
8.793293E+03	1.411595E-03	2.149175E-05
8.803274E+03	1.319455E-03	2.010732E-05
8.813255E+03	1.233212E-03	1.881026E-05
8.823236E+03	1.152945E-03	1.760202E-05
8.833217E+03	1.078562E-03	1.648143E-05
8.843198E+03	1.010062E-03	1.544874E-05
8.853179E+03	9.471449E-04	1.449960E-05
8.863160E+03	8.896833E-04	1.363229E-05
8.873141E+03	8.373114E-04	1.284142E-05
8.883122E+03	7.897953E-04	1.212363E-05
8.893103E+03	7.468828E-04	1.147524E-05
8.903084E+03	7.081970E-04	1.089065E-05
8.913065E+03	6.734950E-04	1.036629E-05
8.923046E+03	6.425000E-04	9.898075E-06
8.933027E+03	6.149524E-04	9.482149E-06
8.943008E+03	5.906412E-04	9.115399E-06
8.952989E+03	5.692729E-04	8.793429E-06
8.962970E+03	5.506763E-04	8.513712E-06
8.972951E+03	5.346635E-04	8.273457E-06
8.982932E+03	5.210962E-04	8.070626E-06
9.022857E+03	4.881753E-04	7.587284E-06
9.062781E+03	4.847277E-04	7.559844E-06
9.102705E+03	5.064638E-04	7.925930E-06
9.142629E+03	5.488781E-04	8.618789E-06
9.182553E+03	6.051454E-04	9.534098E-06
9.222477E+03	6.636009E-04	1.048955E-05
9.262401E+03	7.090181E-04	1.124391E-05
9.302326E+03	7.280037E-04	1.158199E-05
9.342250E+03	7.149632E-04	1.141043E-05
9.382174E+03	6.738091E-04	1.078706E-05
9.422098E+03	6.147071E-04	9.870995E-06
9.462022E+03	5.490990E-04	8.843987E-06
9.501946E+03	4.860188E-04	7.851155E-06
9.541870E+03	4.311054E-04	6.984335E-06
9.581795E+03	3.866283E-04	6.281660E-06
9.621719E+03	3.529504E-04	5.750578E-06
9.661643E+03	3.291344E-04	5.377324E-06
9.701567E+03	3.138887E-04	5.142112E-06
9.741491E+03	3.056733E-04	5.020816E-06
9.781415E+03	3.029972E-04	4.989814E-06
9.821339E+03	3.042854E-04	5.023817E-06
9.861264E+03	3.080766E-04	5.099138E-06
9.901188E+03	3.129928E-04	5.193211E-06
9.941112E+03	3.180875E-04	5.290424E-06
9.981036E+03	3.228841E-04	5.382838E-06
1.002096E+04	3.271775E-04	5.466984E-06
1.006088E+04	3.309433E-04	5.542385E-06
1.010081E+04	3.341186E-04	5.607920E-06
1.014073E+04	3.366554E-04	5.662708E-06
1.018066E+04	3.384416E-04	5.704789E-06
1.022058E+04	3.393010E-04	5.731103E-06
1.026051E+04	3.392063E-04	5.741092E-06
1.030043E+04	3.381389E-04	5.734342E-06
