#wls	flux	fluxerr
1.600000E+03	6.647043E-15	5.426574E-15
1.640000E+03	7.151437E-15	5.829232E-15
1.680000E+03	7.686147E-15	6.253915E-15
1.720000E+03	8.250599E-15	6.699552E-15
1.760000E+03	8.843524E-15	7.164404E-15
1.800000E+03	9.462611E-15	7.645776E-15
1.840000E+03	1.010435E-14	8.139881E-15
1.880000E+03	1.076365E-14	8.641536E-15
1.920000E+03	1.143342E-14	9.143863E-15
1.960000E+03	1.210411E-14	9.637905E-15
2.000000E+03	1.276320E-14	1.011233E-14
2.040000E+03	1.339472E-14	1.055311E-14
2.080000E+03	1.397960E-14	1.094394E-14
2.120000E+03	1.449678E-14	1.126727E-14
2.160000E+03	1.492360E-14	1.150482E-14
2.200000E+03	1.523629E-14	1.163813E-14
2.240000E+03	1.541432E-14	1.165218E-14
2.280000E+03	1.544921E-14	1.154207E-14
2.320000E+03	1.535060E-14	1.131718E-14
2.360000E+03	1.514116E-14	1.099678E-14
2.400000E+03	1.484780E-14	1.060289E-14
2.440000E+03	1.449667E-14	1.015640E-14
2.480000E+03	1.411106E-14	9.675421E-15
2.520000E+03	1.371028E-14	9.174492E-15
2.560000E+03	1.330785E-14	8.663433E-15
2.600000E+03	1.290926E-14	8.146281E-15
2.640000E+03	1.251471E-14	7.623582E-15
2.680000E+03	1.212188E-14	7.094598E-15
2.720000E+03	1.172694E-14	6.558224E-15
2.760000E+03	1.132533E-14	6.013700E-15
2.800000E+03	1.091210E-14	5.461014E-15
2.840000E+03	1.048233E-14	4.901345E-15
2.880000E+03	1.003144E-14	4.337353E-15
2.920000E+03	9.555466E-15	3.773390E-15
2.960000E+03	9.051426E-15	3.215671E-15
3.000000E+03	8.517734E-15	2.672298E-15
3.010000E+03	8.379664E-15	2.539819E-15
3.020000E+03	8.239783E-15	2.409021E-15
3.030000E+03	8.098114E-15	2.280076E-15
3.040000E+03	7.954722E-15	2.153170E-15
3.050000E+03	7.809652E-15	2.028485E-15
3.060000E+03	7.662975E-15	1.906212E-15
3.070000E+03	7.514758E-15	1.786540E-15
3.080000E+03	7.365127E-15	1.669673E-15
3.090000E+03	7.214158E-15	1.555802E-15
3.100000E+03	7.062002E-15	1.445136E-15
3.110000E+03	6.908765E-15	1.337867E-15
3.120000E+03	6.754612E-15	1.234203E-15
3.130000E+03	6.599726E-15	1.134346E-15
3.140000E+03	6.444265E-15	1.038492E-15
3.150000E+03	6.288468E-15	9.468475E-16
3.160000E+03	6.132560E-15	8.596063E-16
3.170000E+03	5.976827E-15	7.769653E-16
3.180000E+03	5.821585E-15	6.991144E-16
3.190000E+03	5.667210E-15	6.262374E-16
3.200000E+03	5.514153E-15	5.585100E-16
3.210000E+03	5.362962E-15	4.960968E-16
3.220000E+03	5.214316E-15	4.391508E-16
3.230000E+03	5.069037E-15	3.878082E-16
3.240000E+03	4.928075E-15	3.421828E-16
3.250000E+03	4.792536E-15	3.023531E-16
3.260000E+03	4.663616E-15	2.683229E-16
3.270000E+03	4.542437E-15	2.399432E-16
3.280000E+03	4.429774E-15	2.168237E-16
3.290000E+03	4.325919E-15	1.983289E-16
3.300000E+03	4.230633E-15	1.836879E-16
3.310000E+03	4.143089E-15	1.721109E-16
3.320000E+03	4.062020E-15	1.628703E-16
3.330000E+03	3.986010E-15	1.553599E-16
3.340000E+03	3.913908E-15	1.490973E-16
3.350000E+03	3.844918E-15	1.436887E-16
3.360000E+03	3.778716E-15	1.388361E-16
3.370000E+03	3.715290E-15	1.343340E-16
3.380000E+03	3.654700E-15	1.300504E-16
3.390000E+03	3.596850E-15	1.259269E-16
3.400000E+03	3.541320E-15	1.219637E-16
3.410000E+03	3.487224E-15	1.181905E-16
3.420000E+03	3.433488E-15	1.146574E-16
3.430000E+03	3.379107E-15	1.114001E-16
3.440000E+03	3.323411E-15	1.084174E-16
3.450000E+03	3.266416E-15	1.057085E-16
3.460000E+03	3.208989E-15	1.032786E-16
3.470000E+03	3.152640E-15	1.011172E-16
3.480000E+03	3.099294E-15	9.921968E-17
3.490000E+03	3.050751E-15	9.757876E-17
3.500000E+03	3.008264E-15	9.615564E-17
3.510000E+03	2.972449E-15	9.490389E-17
3.520000E+03	2.943266E-15	9.378828E-17
3.530000E+03	2.920061E-15	9.277922E-17
3.540000E+03	2.901754E-15	9.186005E-17
3.550000E+03	2.887003E-15	9.101049E-17
3.560000E+03	2.874337E-15	9.018485E-17
3.570000E+03	2.862433E-15	8.934342E-17
3.580000E+03	2.850367E-15	8.847094E-17
3.590000E+03	2.837716E-15	8.757183E-17
3.600000E+03	2.824594E-15	8.668848E-17
3.610000E+03	2.811617E-15	8.588818E-17
3.620000E+03	2.799700E-15	8.522858E-17
3.630000E+03	2.789994E-15	8.476877E-17
3.640000E+03	2.783776E-15	8.455539E-17
3.650000E+03	2.782245E-15	8.459037E-17
3.660000E+03	2.786270E-15	8.485038E-17
3.670000E+03	2.796083E-15	8.529584E-17
3.680000E+03	2.811020E-15	8.585602E-17
3.690000E+03	2.829564E-15	8.645241E-17
3.700000E+03	2.849509E-15	8.701040E-17
3.710000E+03	2.868062E-15	8.745108E-17
3.720000E+03	2.882129E-15	8.771958E-17
3.730000E+03	2.888701E-15	8.778926E-17
3.740000E+03	2.885244E-15	8.764205E-17
3.750000E+03	2.870294E-15	8.728811E-17
3.760000E+03	2.843848E-15	8.674159E-17
3.770000E+03	2.807358E-15	8.597727E-17
3.780000E+03	2.763551E-15	8.497199E-17
3.790000E+03	2.715855E-15	8.373869E-17
3.800000E+03	2.667674E-15	8.231675E-17
3.810000E+03	2.621913E-15	8.077944E-17
3.820000E+03	2.580580E-15	7.921695E-17
3.830000E+03	2.544572E-15	7.770586E-17
3.840000E+03	2.513882E-15	7.631850E-17
3.850000E+03	2.487954E-15	7.510749E-17
3.860000E+03	2.465847E-15	7.407826E-17
3.870000E+03	2.446568E-15	7.322360E-17
3.880000E+03	2.429268E-15	7.253642E-17
3.890000E+03	2.413339E-15	7.199726E-17
3.900000E+03	2.398484E-15	7.159369E-17
3.910000E+03	2.384645E-15	7.131407E-17
3.920000E+03	2.371870E-15	7.112250E-17
3.930000E+03	2.360285E-15	7.097651E-17
3.940000E+03	2.349957E-15	7.083041E-17
3.950000E+03	2.340802E-15	7.062349E-17
3.960000E+03	2.332630E-15	7.030684E-17
3.970000E+03	2.325189E-15	6.986297E-17
3.980000E+03	2.318270E-15	6.930391E-17
3.990000E+03	2.311804E-15	6.867627E-17
4.000000E+03	2.305981E-15	6.804270E-17
4.010000E+03	2.301225E-15	6.745375E-17
4.020000E+03	2.298061E-15	6.695220E-17
4.030000E+03	2.296912E-15	6.655326E-17
4.040000E+03	2.297723E-15	6.621577E-17
4.050000E+03	2.299904E-15	6.587885E-17
4.060000E+03	2.302229E-15	6.548786E-17
4.070000E+03	2.302869E-15	6.499601E-17
4.080000E+03	2.299739E-15	6.438757E-17
4.090000E+03	2.290913E-15	6.366541E-17
4.100000E+03	2.274953E-15	6.282304E-17
4.110000E+03	2.251256E-15	6.187240E-17
4.120000E+03	2.220043E-15	6.083035E-17
4.130000E+03	2.182257E-15	5.968415E-17
4.140000E+03	2.139434E-15	5.843062E-17
4.150000E+03	2.093483E-15	5.709533E-17
4.160000E+03	2.046319E-15	5.571017E-17
4.170000E+03	1.999571E-15	5.432011E-17
4.180000E+03	1.954307E-15	5.296588E-17
4.190000E+03	1.910926E-15	5.165728E-17
4.200000E+03	1.869312E-15	5.039553E-17
4.210000E+03	1.829113E-15	4.917784E-17
4.220000E+03	1.789899E-15	4.798151E-17
4.230000E+03	1.751330E-15	4.678828E-17
4.240000E+03	1.713126E-15	4.558394E-17
4.250000E+03	1.675015E-15	4.433896E-17
4.260000E+03	1.636690E-15	4.302763E-17
4.270000E+03	1.597819E-15	4.162837E-17
4.280000E+03	1.557929E-15	4.010221E-17
4.290000E+03	1.516287E-15	3.840625E-17
4.300000E+03	1.471833E-15	3.648978E-17
4.310000E+03	1.423336E-15	3.428092E-17
4.320000E+03	1.369670E-15	3.171018E-17
4.330000E+03	1.310336E-15	2.872735E-17
4.340000E+03	1.245988E-15	2.530870E-17
4.350000E+03	1.179068E-15	2.150575E-17
4.360000E+03	1.114191E-15	1.749791E-17
4.370000E+03	1.058061E-15	1.368466E-17
4.380000E+03	1.018920E-15	1.098407E-17
4.390000E+03	1.005613E-15	1.095550E-17
4.400000E+03	1.018547E-15	1.351853E-17
4.410000E+03	1.050657E-15	1.714854E-17
4.420000E+03	1.095911E-15	2.104574E-17
4.430000E+03	1.149509E-15	2.489749E-17
4.440000E+03	1.207564E-15	2.856156E-17
4.450000E+03	1.266863E-15	3.195499E-17
4.460000E+03	1.324855E-15	3.501800E-17
4.470000E+03	1.379601E-15	3.771383E-17
4.480000E+03	1.429816E-15	4.002969E-17
4.490000E+03	1.474753E-15	4.196714E-17
4.500000E+03	1.514239E-15	4.355159E-17
4.510000E+03	1.548482E-15	4.482401E-17
4.520000E+03	1.578029E-15	4.582894E-17
4.530000E+03	1.603699E-15	4.662497E-17
4.540000E+03	1.626562E-15	4.728445E-17
4.550000E+03	1.647846E-15	4.787997E-17
4.560000E+03	1.668799E-15	4.849160E-17
4.570000E+03	1.690511E-15	4.919626E-17
4.580000E+03	1.713591E-15	5.004038E-17
4.590000E+03	1.738122E-15	5.104585E-17
4.600000E+03	1.763519E-15	5.219605E-17
4.610000E+03	1.788536E-15	5.341262E-17
4.620000E+03	1.811345E-15	5.457596E-17
4.630000E+03	1.829940E-15	5.556154E-17
4.640000E+03	1.842365E-15	5.625595E-17
4.650000E+03	1.846984E-15	5.658767E-17
4.660000E+03	1.842662E-15	5.653651E-17
4.670000E+03	1.828966E-15	5.612168E-17
4.680000E+03	1.806246E-15	5.539726E-17
4.690000E+03	1.775711E-15	5.443094E-17
4.700000E+03	1.739241E-15	5.327806E-17
4.710000E+03	1.699181E-15	5.199964E-17
4.720000E+03	1.657974E-15	5.067031E-17
4.730000E+03	1.617804E-15	4.936522E-17
4.740000E+03	1.580544E-15	4.816132E-17
4.750000E+03	1.547621E-15	4.712066E-17
4.760000E+03	1.519917E-15	4.627103E-17
4.770000E+03	1.497854E-15	4.561989E-17
4.780000E+03	1.481458E-15	4.515770E-17
4.790000E+03	1.470294E-15	4.484874E-17
4.800000E+03	1.463649E-15	4.465368E-17
4.810000E+03	1.460557E-15	4.453667E-17
4.820000E+03	1.459851E-15	4.445746E-17
4.830000E+03	1.460225E-15	4.437731E-17
4.840000E+03	1.460359E-15	4.425726E-17
4.850000E+03	1.458940E-15	4.404821E-17
4.860000E+03	1.454899E-15	4.370907E-17
4.870000E+03	1.447471E-15	4.321331E-17
4.880000E+03	1.436345E-15	4.255077E-17
4.890000E+03	1.421608E-15	4.174311E-17
4.900000E+03	1.403836E-15	4.084222E-17
4.910000E+03	1.383934E-15	3.990514E-17
4.920000E+03	1.362929E-15	3.899258E-17
4.930000E+03	1.341810E-15	3.815030E-17
4.940000E+03	1.321267E-15	3.738552E-17
4.950000E+03	1.301827E-15	3.669483E-17
4.960000E+03	1.283776E-15	3.607232E-17
4.970000E+03	1.267227E-15	3.550332E-17
4.980000E+03	1.252152E-15	3.497921E-17
4.990000E+03	1.238416E-15	3.449746E-17
5.000000E+03	1.225805E-15	3.404916E-17
5.010000E+03	1.214057E-15	3.363113E-17
5.020000E+03	1.202933E-15	3.324568E-17
5.030000E+03	1.192256E-15	3.288889E-17
5.040000E+03	1.181984E-15	3.256525E-17
5.050000E+03	1.172159E-15	3.228363E-17
5.060000E+03	1.162892E-15	3.204266E-17
5.070000E+03	1.154376E-15	3.184526E-17
5.080000E+03	1.146765E-15	3.169464E-17
5.090000E+03	1.140143E-15	3.157949E-17
5.100000E+03	1.134446E-15	3.148547E-17
5.110000E+03	1.129566E-15	3.140054E-17
5.120000E+03	1.125224E-15	3.130098E-17
5.130000E+03	1.121085E-15	3.116746E-17
5.140000E+03	1.116740E-15	3.098942E-17
5.150000E+03	1.111795E-15	3.075930E-17
5.160000E+03	1.105923E-15	3.048024E-17
5.170000E+03	1.098956E-15	3.016056E-17
5.180000E+03	1.090975E-15	2.980179E-17
5.190000E+03	1.082220E-15	2.941045E-17
5.200000E+03	1.073056E-15	2.900316E-17
5.210000E+03	1.063844E-15	2.859517E-17
5.220000E+03	1.054916E-15	2.820675E-17
5.230000E+03	1.046415E-15	2.785138E-17
5.240000E+03	1.038325E-15	2.752397E-17
5.250000E+03	1.030450E-15	2.721407E-17
5.260000E+03	1.022567E-15	2.690945E-17
5.270000E+03	1.014410E-15	2.658403E-17
5.280000E+03	1.005770E-15	2.621894E-17
5.290000E+03	9.964494E-16	2.580733E-17
5.300000E+03	9.862359E-16	2.534373E-17
5.310000E+03	9.750134E-16	2.483544E-17
5.320000E+03	9.627011E-16	2.429303E-17
5.330000E+03	9.493133E-16	2.371659E-17
5.340000E+03	9.348553E-16	2.310768E-17
5.350000E+03	9.192940E-16	2.247012E-17
5.360000E+03	9.024509E-16	2.179738E-17
5.370000E+03	8.840239E-16	2.108676E-17
5.380000E+03	8.636778E-16	2.033605E-17
5.390000E+03	8.410515E-16	1.952729E-17
5.400000E+03	8.158175E-16	1.864208E-17
5.410000E+03	7.877885E-16	1.765810E-17
5.420000E+03	7.569613E-16	1.653210E-17
5.430000E+03	7.236316E-16	1.522462E-17
5.440000E+03	6.884414E-16	1.371808E-17
5.450000E+03	6.525505E-16	1.201984E-17
5.460000E+03	6.177540E-16	1.018649E-17
5.470000E+03	5.865893E-16	8.360492E-18
5.480000E+03	5.623735E-16	6.855068E-18
5.490000E+03	5.491360E-16	6.281013E-18
5.500000E+03	5.491902E-16	7.021805E-18
5.510000E+03	5.589228E-16	8.479989E-18
5.520000E+03	5.746404E-16	1.010459E-17
5.530000E+03	5.935819E-16	1.165148E-17
5.540000E+03	6.137228E-16	1.303059E-17
5.550000E+03	6.336721E-16	1.422252E-17
5.560000E+03	6.524770E-16	1.523521E-17
5.570000E+03	6.696145E-16	1.608414E-17
5.580000E+03	6.848244E-16	1.679146E-17
5.590000E+03	6.981345E-16	1.738202E-17
5.600000E+03	7.097334E-16	1.787005E-17
5.610000E+03	7.200099E-16	1.827033E-17
5.620000E+03	7.294106E-16	1.859976E-17
5.630000E+03	7.384182E-16	1.887291E-17
5.640000E+03	7.474089E-16	1.910835E-17
5.650000E+03	7.565726E-16	1.932608E-17
5.660000E+03	7.658110E-16	1.953571E-17
5.670000E+03	7.747643E-16	1.974469E-17
5.680000E+03	7.829108E-16	1.995437E-17
5.690000E+03	7.895707E-16	2.014349E-17
5.700000E+03	7.941769E-16	2.028929E-17
5.710000E+03	7.963408E-16	2.037993E-17
5.720000E+03	7.959918E-16	2.041379E-17
5.730000E+03	7.933710E-16	2.040690E-17
5.740000E+03	7.890284E-16	2.038385E-17
5.750000E+03	7.836539E-16	2.035743E-17
5.760000E+03	7.779917E-16	2.034143E-17
5.770000E+03	7.726628E-16	2.034851E-17
5.780000E+03	7.680652E-16	2.037612E-17
5.790000E+03	7.643611E-16	2.041850E-17
5.800000E+03	7.614606E-16	2.046998E-17
5.810000E+03	7.591050E-16	2.051764E-17
5.820000E+03	7.569167E-16	2.054916E-17
5.830000E+03	7.545364E-16	2.055663E-17
5.840000E+03	7.516812E-16	2.053143E-17
5.850000E+03	7.481723E-16	2.047204E-17
5.860000E+03	7.439734E-16	2.038072E-17
5.870000E+03	7.391330E-16	2.025076E-17
5.880000E+03	7.338062E-16	2.007789E-17
5.890000E+03	7.281439E-16	1.986546E-17
5.900000E+03	7.222667E-16	1.962085E-17
5.910000E+03	7.162479E-16	1.935892E-17
5.920000E+03	7.101114E-16	1.909423E-17
5.930000E+03	7.038511E-16	1.883060E-17
5.940000E+03	6.974414E-16	1.857083E-17
5.950000E+03	6.908718E-16	1.831773E-17
5.960000E+03	6.841999E-16	1.806687E-17
5.970000E+03	6.774904E-16	1.781532E-17
5.980000E+03	6.708367E-16	1.756610E-17
5.990000E+03	6.643352E-16	1.732170E-17
6.000000E+03	6.580827E-16	1.709219E-17
6.010000E+03	6.521126E-16	1.688908E-17
6.020000E+03	6.464220E-16	1.671400E-17
6.030000E+03	6.410302E-16	1.656887E-17
6.040000E+03	6.359141E-16	1.645034E-17
6.050000E+03	6.310856E-16	1.634064E-17
6.060000E+03	6.265596E-16	1.622193E-17
6.070000E+03	6.223421E-16	1.608644E-17
6.080000E+03	6.183886E-16	1.593189E-17
6.090000E+03	6.146132E-16	1.576736E-17
6.100000E+03	6.109538E-16	1.561058E-17
6.110000E+03	6.073592E-16	1.547739E-17
6.120000E+03	6.037909E-16	1.538621E-17
6.130000E+03	6.002679E-16	1.534679E-17
6.140000E+03	5.968322E-16	1.534262E-17
6.150000E+03	5.935595E-16	1.534989E-17
6.160000E+03	5.905121E-16	1.535332E-17
6.170000E+03	5.877524E-16	1.534478E-17
6.180000E+03	5.853218E-16	1.532705E-17
6.190000E+03	5.832315E-16	1.530774E-17
6.200000E+03	5.814471E-16	1.528802E-17
6.210000E+03	5.798884E-16	1.526887E-17
6.220000E+03	5.784571E-16	1.525060E-17
6.230000E+03	5.770496E-16	1.522545E-17
6.240000E+03	5.756044E-16	1.518920E-17
6.250000E+03	5.740995E-16	1.514588E-17
6.260000E+03	5.726026E-16	1.510402E-17
6.270000E+03	5.712082E-16	1.507794E-17
6.280000E+03	5.699897E-16	1.507903E-17
6.290000E+03	5.689683E-16	1.510326E-17
6.300000E+03	5.681138E-16	1.514000E-17
6.310000E+03	5.673571E-16	1.517817E-17
6.320000E+03	5.665772E-16	1.520224E-17
6.330000E+03	5.656285E-16	1.519853E-17
6.340000E+03	5.643662E-16	1.515676E-17
6.350000E+03	5.626625E-16	1.506555E-17
6.360000E+03	5.603705E-16	1.491674E-17
6.370000E+03	5.573758E-16	1.470856E-17
6.380000E+03	5.535595E-16	1.444147E-17
6.390000E+03	5.488026E-16	1.412285E-17
6.400000E+03	5.429908E-16	1.376373E-17
6.410000E+03	5.360266E-16	1.337171E-17
6.420000E+03	5.278009E-16	1.295282E-17
6.430000E+03	5.181704E-16	1.250090E-17
6.440000E+03	5.070183E-16	1.198617E-17
6.450000E+03	4.942471E-16	1.136839E-17
6.460000E+03	4.798826E-16	1.061171E-17
6.470000E+03	4.641679E-16	9.685414E-18
6.480000E+03	4.476180E-16	8.569307E-18
6.490000E+03	4.310723E-16	7.253000E-18
6.500000E+03	4.157528E-16	5.731969E-18
6.510000E+03	4.032162E-16	4.027851E-18
6.520000E+03	3.952530E-16	2.326778E-18
6.530000E+03	3.937999E-16	1.978527E-18
6.540000E+03	3.992437E-16	3.626445E-18
6.550000E+03	4.094904E-16	5.553859E-18
6.560000E+03	4.225780E-16	7.379333E-18
6.570000E+03	4.367185E-16	9.011850E-18
6.580000E+03	4.504804E-16	1.040635E-17
6.590000E+03	4.628607E-16	1.154296E-17
6.600000E+03	4.733293E-16	1.242885E-17
6.610000E+03	4.817839E-16	1.309370E-17
6.620000E+03	4.884995E-16	1.358150E-17
6.630000E+03	4.939448E-16	1.394237E-17
6.640000E+03	4.986108E-16	1.422161E-17
6.650000E+03	5.028078E-16	1.444906E-17
6.660000E+03	5.066744E-16	1.464288E-17
6.670000E+03	5.101693E-16	1.480887E-17
6.680000E+03	5.131030E-16	1.493903E-17
6.690000E+03	5.152606E-16	1.502299E-17
6.700000E+03	5.164304E-16	1.505465E-17
6.710000E+03	5.164736E-16	1.503417E-17
6.720000E+03	5.153532E-16	1.497199E-17
6.730000E+03	5.131246E-16	1.488320E-17
6.740000E+03	5.099624E-16	1.477994E-17
6.750000E+03	5.060804E-16	1.467364E-17
6.760000E+03	5.017208E-16	1.457454E-17
6.770000E+03	4.971296E-16	1.448609E-17
6.780000E+03	4.925061E-16	1.440970E-17
6.790000E+03	4.879916E-16	1.434654E-17
6.800000E+03	4.836880E-16	1.429454E-17
6.810000E+03	4.796357E-16	1.425192E-17
6.820000E+03	4.758403E-16	1.421807E-17
6.830000E+03	4.723236E-16	1.419082E-17
6.840000E+03	4.690861E-16	1.416823E-17
6.850000E+03	4.660889E-16	1.414768E-17
6.860000E+03	4.633226E-16	1.412445E-17
6.870000E+03	4.606964E-16	1.409262E-17
6.880000E+03	4.581491E-16	1.405002E-17
6.890000E+03	4.555855E-16	1.399362E-17
6.900000E+03	4.529389E-16	1.392408E-17
6.910000E+03	4.501438E-16	1.384365E-17
6.920000E+03	4.472227E-16	1.375458E-17
6.930000E+03	4.442041E-16	1.365892E-17
6.940000E+03	4.411896E-16	1.356037E-17
6.950000E+03	4.382782E-16	1.345923E-17
6.960000E+03	4.355749E-16	1.335657E-17
6.970000E+03	4.331844E-16	1.325500E-17
6.980000E+03	4.311687E-16	1.315520E-17
6.990000E+03	4.295548E-16	1.306003E-17
7.000000E+03	4.283299E-16	1.297466E-17
7.010000E+03	4.274274E-16	1.290293E-17
7.020000E+03	4.267668E-16	1.285050E-17
7.030000E+03	4.262282E-16	1.282085E-17
7.040000E+03	4.256978E-16	1.281132E-17
7.050000E+03	4.250453E-16	1.281637E-17
7.060000E+03	4.241694E-16	1.282983E-17
7.070000E+03	4.230108E-16	1.284247E-17
7.080000E+03	4.215286E-16	1.284580E-17
7.090000E+03	4.197393E-16	1.283566E-17
7.100000E+03	4.176645E-16	1.280880E-17
7.110000E+03	4.153892E-16	1.276654E-17
7.120000E+03	4.129717E-16	1.271094E-17
7.130000E+03	4.105076E-16	1.264362E-17
7.140000E+03	4.080499E-16	1.256615E-17
7.150000E+03	4.056251E-16	1.248171E-17
7.160000E+03	4.032589E-16	1.239428E-17
7.170000E+03	4.009237E-16	1.230860E-17
7.180000E+03	3.986181E-16	1.223095E-17
7.190000E+03	3.963342E-16	1.216470E-17
7.200000E+03	3.940732E-16	1.211243E-17
7.210000E+03	3.918301E-16	1.207455E-17
7.220000E+03	3.896118E-16	1.204720E-17
7.230000E+03	3.874032E-16	1.202561E-17
7.240000E+03	3.852123E-16	1.200842E-17
7.250000E+03	3.830420E-16	1.199545E-17
7.260000E+03	3.808878E-16	1.198772E-17
7.270000E+03	3.787541E-16	1.198467E-17
7.280000E+03	3.766640E-16	1.198040E-17
7.290000E+03	3.745942E-16	1.196525E-17
7.300000E+03	3.725711E-16	1.193231E-17
7.310000E+03	3.705994E-16	1.187537E-17
7.320000E+03	3.687051E-16	1.179273E-17
7.330000E+03	3.668886E-16	1.168609E-17
7.340000E+03	3.651546E-16	1.155977E-17
7.350000E+03	3.634779E-16	1.142043E-17
7.360000E+03	3.618434E-16	1.127691E-17
7.370000E+03	3.602118E-16	1.113633E-17
7.380000E+03	3.585653E-16	1.100580E-17
7.390000E+03	3.568871E-16	1.088873E-17
7.400000E+03	3.552055E-16	1.078304E-17
7.410000E+03	3.535535E-16	1.068434E-17
7.420000E+03	3.519721E-16	1.058893E-17
7.430000E+03	3.504666E-16	1.049206E-17
7.440000E+03	3.490647E-16	1.039338E-17
7.450000E+03	3.477414E-16	1.029480E-17
7.460000E+03	3.465078E-16	1.020010E-17
7.470000E+03	3.453246E-16	1.011414E-17
7.480000E+03	3.442246E-16	1.004456E-17
7.490000E+03	3.432599E-16	9.996697E-18
7.500000E+03	3.424970E-16	9.977169E-18
7.510000E+03	3.420197E-16	9.994471E-18
7.520000E+03	3.419050E-16	1.005568E-17
7.530000E+03	3.421984E-16	1.016914E-17
7.540000E+03	3.429018E-16	1.034328E-17
7.550000E+03	3.439230E-16	1.057896E-17
7.560000E+03	3.451804E-16	1.087052E-17
7.570000E+03	3.465156E-16	1.119811E-17
7.580000E+03	3.477829E-16	1.152502E-17
7.590000E+03	3.488157E-16	1.180509E-17
7.600000E+03	3.494688E-16	1.199844E-17
7.610000E+03	3.496344E-16	1.208106E-17
7.620000E+03	3.492356E-16	1.204934E-17
7.630000E+03	3.482290E-16	1.191980E-17
7.640000E+03	3.466696E-16	1.172598E-17
7.650000E+03	3.446434E-16	1.150622E-17
7.660000E+03	3.422984E-16	1.129119E-17
7.670000E+03	3.398168E-16	1.109552E-17
7.680000E+03	3.373871E-16	1.092316E-17
7.690000E+03	3.351304E-16	1.077345E-17
7.700000E+03	3.331023E-16	1.064536E-17
7.710000E+03	3.312770E-16	1.053939E-17
7.720000E+03	3.296044E-16	1.045643E-17
7.730000E+03	3.279712E-16	1.039204E-17
7.740000E+03	3.262602E-16	1.033913E-17
7.750000E+03	3.243614E-16	1.028820E-17
7.760000E+03	3.221871E-16	1.022647E-17
7.770000E+03	3.196813E-16	1.014198E-17
7.780000E+03	3.168178E-16	1.002668E-17
7.790000E+03	3.136414E-16	9.878017E-18
7.800000E+03	3.101919E-16	9.698725E-18
7.810000E+03	3.065504E-16	9.497549E-18
7.820000E+03	3.028187E-16	9.285833E-18
7.830000E+03	2.990726E-16	9.076773E-18
7.840000E+03	2.953348E-16	8.882300E-18
7.850000E+03	2.915856E-16	8.709384E-18
7.860000E+03	2.877794E-16	8.560315E-18
7.870000E+03	2.838379E-16	8.429532E-18
7.880000E+03	2.797295E-16	8.303401E-18
7.890000E+03	2.753978E-16	8.164313E-18
7.900000E+03	2.708124E-16	7.998746E-18
7.910000E+03	2.659236E-16	7.797271E-18
7.920000E+03	2.606535E-16	7.554033E-18
7.930000E+03	2.549208E-16	7.263771E-18
7.940000E+03	2.486178E-16	6.917864E-18
7.950000E+03	2.416579E-16	6.508944E-18
7.960000E+03	2.339788E-16	6.033879E-18
7.970000E+03	2.256073E-16	5.494741E-18
7.980000E+03	2.166848E-16	4.897693E-18
7.990000E+03	2.074808E-16	4.248447E-18
8.000000E+03	1.984495E-16	3.552310E-18
8.010000E+03	1.901669E-16	2.825391E-18
8.020000E+03	1.834062E-16	2.127274E-18
8.030000E+03	1.791060E-16	1.648688E-18
8.040000E+03	1.783981E-16	1.748387E-18
8.050000E+03	1.809129E-16	2.316892E-18
8.060000E+03	1.855156E-16	3.016609E-18
8.070000E+03	1.913869E-16	3.717504E-18
8.080000E+03	1.979195E-16	4.382446E-18
8.090000E+03	2.046692E-16	5.001114E-18
8.100000E+03	2.113685E-16	5.573677E-18
8.110000E+03	2.178593E-16	6.103792E-18
8.120000E+03	2.240805E-16	6.594473E-18
8.130000E+03	2.300108E-16	7.046611E-18
8.140000E+03	2.356541E-16	7.458646E-18
8.150000E+03	2.410103E-16	7.825143E-18
8.160000E+03	2.460832E-16	8.139996E-18
8.170000E+03	2.508193E-16	8.398024E-18
8.180000E+03	2.551964E-16	8.599822E-18
8.190000E+03	2.591741E-16	8.751429E-18
8.200000E+03	2.627125E-16	8.863744E-18
8.210000E+03	2.658071E-16	8.950777E-18
8.220000E+03	2.684585E-16	9.026401E-18
8.230000E+03	2.706620E-16	9.099692E-18
8.240000E+03	2.724303E-16	9.172543E-18
8.250000E+03	2.737652E-16	9.242398E-18
8.260000E+03	2.746735E-16	9.307044E-18
8.270000E+03	2.751617E-16	9.365664E-18
8.280000E+03	2.752713E-16	9.420629E-18
8.290000E+03	2.750486E-16	9.474008E-18
8.300000E+03	2.745501E-16	9.524738E-18
8.310000E+03	2.738237E-16	9.569773E-18
8.320000E+03	2.729393E-16	9.607059E-18
8.330000E+03	2.719089E-16	9.632890E-18
8.340000E+03	2.707657E-16	9.646357E-18
8.350000E+03	2.695239E-16	9.648343E-18
8.360000E+03	2.682390E-16	9.642434E-18
8.370000E+03	2.669336E-16	9.632065E-18
8.380000E+03	2.656653E-16	9.621573E-18
8.390000E+03	2.644774E-16	9.613003E-18
8.400000E+03	2.634050E-16	9.608154E-18
8.410000E+03	2.624629E-16	9.609366E-18
8.420000E+03	2.616763E-16	9.620015E-18
8.430000E+03	2.610474E-16	9.643154E-18
8.440000E+03	2.605645E-16	9.679931E-18
8.450000E+03	2.602036E-16	9.727486E-18
8.460000E+03	2.599199E-16	9.780295E-18
8.470000E+03	2.596835E-16	9.833223E-18
8.480000E+03	2.594523E-16	9.880740E-18
8.490000E+03	2.591867E-16	9.918850E-18
8.500000E+03	2.588455E-16	9.945166E-18
8.510000E+03	2.584244E-16	9.959595E-18
8.520000E+03	2.579241E-16	9.963763E-18
8.530000E+03	2.573597E-16	9.961187E-18
8.540000E+03	2.567487E-16	9.955534E-18
8.550000E+03	2.561363E-16	9.951616E-18
8.560000E+03	2.555529E-16	9.952684E-18
8.570000E+03	2.550195E-16	9.959316E-18
8.580000E+03	2.545334E-16	9.970357E-18
8.590000E+03	2.541022E-16	9.985476E-18
8.600000E+03	2.537114E-16	1.000392E-17
8.610000E+03	2.533298E-16	1.002535E-17
8.620000E+03	2.529646E-16	1.005128E-17
8.630000E+03	2.525884E-16	1.008074E-17
8.640000E+03	2.522082E-16	1.011379E-17
8.650000E+03	2.518665E-16	1.015194E-17
8.660000E+03	2.515719E-16	1.019464E-17
8.670000E+03	2.513707E-16	1.024298E-17
8.680000E+03	2.512761E-16	1.029657E-17
8.690000E+03	2.513207E-16	1.035458E-17
8.700000E+03	2.514727E-16	1.041363E-17
8.710000E+03	2.517078E-16	1.047148E-17
8.720000E+03	2.520128E-16	1.052686E-17
8.730000E+03	2.523165E-16	1.057707E-17
8.740000E+03	2.525797E-16	1.062138E-17
8.750000E+03	2.527401E-16	1.065798E-17
8.760000E+03	2.527600E-16	1.068711E-17
8.770000E+03	2.525913E-16	1.071009E-17
8.780000E+03	2.521938E-16	1.072915E-17
8.790000E+03	2.515307E-16	1.074653E-17
8.800000E+03	2.506172E-16	1.076486E-17
8.810000E+03	2.494768E-16	1.078362E-17
8.820000E+03	2.481953E-16	1.080237E-17
8.830000E+03	2.468064E-16	1.081687E-17
8.840000E+03	2.454196E-16	1.082509E-17
8.850000E+03	2.440755E-16	1.082256E-17
8.860000E+03	2.428410E-16	1.080747E-17
8.870000E+03	2.417459E-16	1.077789E-17
8.880000E+03	2.408321E-16	1.073465E-17
8.890000E+03	2.401153E-16	1.067975E-17
8.900000E+03	2.395846E-16	1.061585E-17
8.910000E+03	2.392397E-16	1.054796E-17
8.920000E+03	2.390415E-16	1.048054E-17
8.930000E+03	2.389668E-16	1.041871E-17
8.940000E+03	2.389777E-16	1.036669E-17
8.950000E+03	2.390300E-16	1.032734E-17
8.960000E+03	2.391151E-16	1.030285E-17
8.970000E+03	2.392039E-16	1.029240E-17
8.980000E+03	2.392917E-16	1.029395E-17
8.990000E+03	2.393432E-16	1.030181E-17
9.000000E+03	2.393461E-16	1.031060E-17
9.040000E+03	2.385290E-16	1.027972E-17
9.080000E+03	2.361944E-16	1.016737E-17
9.120000E+03	2.305384E-16	1.004370E-17
9.160000E+03	2.219439E-16	9.833124E-18
9.200000E+03	2.141434E-16	9.746950E-18
9.240000E+03	2.097441E-16	1.006997E-17
9.280000E+03	2.081110E-16	1.159112E-17
9.320000E+03	2.072466E-16	1.578175E-17
9.360000E+03	2.071301E-16	2.267205E-17
9.400000E+03	2.074801E-16	3.105712E-17
9.440000E+03	2.078964E-16	4.008066E-17
9.480000E+03	2.081256E-16	4.924503E-17
9.520000E+03	2.079873E-16	5.822123E-17
9.560000E+03	2.073700E-16	6.677293E-17
9.600000E+03	2.062152E-16	7.472646E-17
9.640000E+03	2.045037E-16	8.195746E-17
9.680000E+03	2.022454E-16	8.838324E-17
9.720000E+03	1.994542E-16	9.394930E-17
9.760000E+03	1.962068E-16	9.865415E-17
9.800000E+03	1.925405E-16	1.025000E-16
9.840000E+03	1.885137E-16	1.055164E-16
9.880000E+03	1.841866E-16	1.077489E-16
9.920000E+03	1.796189E-16	1.092543E-16
9.960000E+03	1.748843E-16	1.101069E-16
1.000000E+04	1.700034E-16	1.103549E-16
1.004000E+04	1.650581E-16	1.100886E-16
1.008000E+04	1.600920E-16	1.093772E-16
1.012000E+04	1.551118E-16	1.082650E-16
1.016000E+04	1.501830E-16	1.068362E-16
1.020000E+04	1.453183E-16	1.051374E-16
1.024000E+04	1.405262E-16	1.032096E-16
1.028000E+04	1.358726E-16	1.011340E-16
1.032000E+04	1.313269E-16	9.891864E-17
