#wls	flux	fluxerr
1.568627E+03	3.738055E-04	1.076057E-05
1.607843E+03	3.746580E-04	1.073909E-05
1.647059E+03	3.755841E-04	1.071841E-05
1.686275E+03	3.767194E-04	1.070233E-05
1.725490E+03	3.779988E-04	1.068891E-05
1.764706E+03	3.794250E-04	1.067812E-05
1.803922E+03	3.810668E-04	1.067181E-05
1.843137E+03	3.829269E-04	1.066993E-05
1.882353E+03	3.850083E-04	1.067243E-05
1.921569E+03	3.873142E-04	1.067927E-05
1.960784E+03	3.899146E-04	1.069222E-05
2.000000E+03	3.927471E-04	1.070940E-05
2.039216E+03	3.958826E-04	1.073258E-05
2.078431E+03	3.993257E-04	1.076170E-05
2.117647E+03	4.031481E-04	1.079847E-05
2.156863E+03	4.072896E-04	1.084104E-05
2.196078E+03	4.118892E-04	1.089286E-05
2.235294E+03	4.168880E-04	1.095208E-05
2.274510E+03	4.223606E-04	1.102038E-05
2.313725E+03	4.283824E-04	1.109936E-05
2.352941E+03	4.348976E-04	1.118722E-05
2.392157E+03	4.420505E-04	1.128726E-05
2.431373E+03	4.497882E-04	1.139769E-05
2.470588E+03	4.582584E-04	1.152179E-05
2.509804E+03	4.675454E-04	1.166109E-05
2.549020E+03	4.776026E-04	1.181384E-05
2.588235E+03	4.885198E-04	1.198164E-05
2.627451E+03	5.005244E-04	1.216932E-05
2.666667E+03	5.135143E-04	1.237359E-05
2.705882E+03	5.277277E-04	1.259932E-05
2.745098E+03	5.432088E-04	1.284657E-05
2.784314E+03	5.602128E-04	1.312026E-05
2.823529E+03	5.786658E-04	1.341744E-05
2.862745E+03	5.989830E-04	1.374638E-05
2.901961E+03	6.211854E-04	1.410601E-05
2.941176E+03	6.455171E-04	1.450017E-05
2.950980E+03	6.520146E-04	1.460572E-05
2.960784E+03	6.586337E-04	1.471302E-05
2.970588E+03	6.653765E-04	1.482209E-05
2.980392E+03	6.723154E-04	1.493450E-05
2.990196E+03	6.794526E-04	1.505027E-05
3.000000E+03	6.867217E-04	1.516789E-05
3.009804E+03	6.941952E-04	1.528891E-05
3.019608E+03	7.018768E-04	1.541338E-05
3.029412E+03	7.096978E-04	1.553975E-05
3.039216E+03	7.177328E-04	1.566962E-05
3.049020E+03	7.259855E-04	1.580302E-05
3.058824E+03	7.343886E-04	1.593844E-05
3.068627E+03	7.430879E-04	1.607900E-05
3.078431E+03	7.519450E-04	1.622165E-05
3.088235E+03	7.610352E-04	1.636797E-05
3.098039E+03	7.704357E-04	1.651957E-05
3.107843E+03	7.800064E-04	1.667339E-05
3.117647E+03	7.898249E-04	1.683104E-05
3.127451E+03	7.999685E-04	1.699411E-05
3.137255E+03	8.102976E-04	1.715956E-05
3.147059E+03	8.209633E-04	1.733055E-05
3.156863E+03	8.318997E-04	1.750561E-05
3.166667E+03	8.431118E-04	1.768478E-05
3.176471E+03	8.546818E-04	1.786973E-05
3.186275E+03	8.665421E-04	1.805897E-05
3.196078E+03	8.787006E-04	1.825258E-05
3.205882E+03	8.912404E-04	1.845223E-05
3.215686E+03	9.041694E-04	1.865799E-05
3.225490E+03	9.174236E-04	1.886845E-05
3.235294E+03	9.310115E-04	1.908373E-05
3.245098E+03	9.450192E-04	1.930548E-05
3.254902E+03	9.594587E-04	1.953388E-05
3.264706E+03	9.743418E-04	1.976905E-05
3.274510E+03	9.896828E-04	2.001119E-05
3.284314E+03	1.005418E-03	2.025891E-05
3.294118E+03	1.021717E-03	2.051551E-05
3.303922E+03	1.038441E-03	2.077811E-05
3.313725E+03	1.055764E-03	2.105005E-05
3.323529E+03	1.073547E-03	2.132846E-05
3.333333E+03	1.091968E-03	2.161674E-05
3.343137E+03	1.110970E-03	2.191362E-05
3.352941E+03	1.130657E-03	2.222101E-05
3.362745E+03	1.150975E-03	2.253769E-05
3.372549E+03	1.171950E-03	2.286403E-05
3.382353E+03	1.193692E-03	2.320202E-05
3.392157E+03	1.216152E-03	2.355052E-05
3.401961E+03	1.239445E-03	2.391158E-05
3.411765E+03	1.263607E-03	2.428574E-05
3.421569E+03	1.288678E-03	2.467350E-05
3.431373E+03	1.314615E-03	2.507387E-05
3.441176E+03	1.341544E-03	2.548904E-05
3.450980E+03	1.369595E-03	2.592122E-05
3.460784E+03	1.398646E-03	2.636786E-05
3.470588E+03	1.428916E-03	2.683284E-05
3.480392E+03	1.460370E-03	2.731522E-05
3.490196E+03	1.493057E-03	2.781564E-05
3.500000E+03	1.527116E-03	2.833637E-05
3.509804E+03	1.562508E-03	2.887640E-05
3.519608E+03	1.599278E-03	2.943622E-05
3.529412E+03	1.637556E-03	3.001790E-05
3.539216E+03	1.677371E-03	3.062161E-05
3.549020E+03	1.718742E-03	3.124734E-05
3.558824E+03	1.761591E-03	3.189331E-05
3.568627E+03	1.806115E-03	3.256272E-05
3.578431E+03	1.852130E-03	3.325185E-05
3.588235E+03	1.899825E-03	3.396376E-05
3.598039E+03	1.948998E-03	3.469443E-05
3.607843E+03	1.999834E-03	3.544679E-05
3.617647E+03	2.052318E-03	3.622018E-05
3.627451E+03	2.106327E-03	3.701203E-05
3.637255E+03	2.161830E-03	3.782143E-05
3.647059E+03	2.218897E-03	3.864926E-05
3.656863E+03	2.277384E-03	3.949261E-05
3.666667E+03	2.337352E-03	4.035219E-05
3.676471E+03	2.398749E-03	4.122677E-05
3.686275E+03	2.461520E-03	4.211503E-05
3.696078E+03	2.525601E-03	4.301555E-05
3.705882E+03	2.590923E-03	4.392685E-05
3.715686E+03	2.657411E-03	4.484733E-05
3.725490E+03	2.724982E-03	4.577532E-05
3.735294E+03	2.793546E-03	4.670904E-05
3.745098E+03	2.863122E-03	4.764858E-05
3.754902E+03	2.933495E-03	4.859008E-05
3.764706E+03	3.004672E-03	4.953349E-05
3.774510E+03	3.076300E-03	5.047280E-05
3.784314E+03	3.148615E-03	5.141175E-05
3.794118E+03	3.221252E-03	5.234421E-05
3.803922E+03	3.294196E-03	5.326987E-05
3.813725E+03	3.367188E-03	5.418447E-05
3.823529E+03	3.440203E-03	5.508762E-05
3.833333E+03	3.513097E-03	5.597697E-05
3.843137E+03	3.585717E-03	5.685012E-05
3.852941E+03	3.657782E-03	5.770273E-05
3.862745E+03	3.729262E-03	5.853443E-05
3.872549E+03	3.799998E-03	5.934287E-05
3.882353E+03	3.869833E-03	6.012580E-05
3.892157E+03	3.938612E-03	6.088104E-05
3.901961E+03	4.006052E-03	6.160450E-05
3.911765E+03	4.072134E-03	6.229620E-05
3.921569E+03	4.136714E-03	6.295430E-05
3.931373E+03	4.199659E-03	6.357713E-05
3.941176E+03	4.260844E-03	6.416322E-05
3.950980E+03	4.320025E-03	6.470936E-05
3.960784E+03	4.377232E-03	6.521649E-05
3.970588E+03	4.432252E-03	6.568192E-05
3.980392E+03	4.485013E-03	6.610516E-05
3.990196E+03	4.535592E-03	6.648789E-05
4.000000E+03	4.583953E-03	6.683014E-05
4.009804E+03	4.629829E-03	6.712859E-05
4.019608E+03	4.673351E-03	6.738574E-05
4.029412E+03	4.714544E-03	6.760255E-05
4.039216E+03	4.753450E-03	6.778022E-05
4.049020E+03	4.790010E-03	6.791847E-05
4.058824E+03	4.824428E-03	6.802080E-05
4.068627E+03	4.856683E-03	6.808744E-05
4.078431E+03	4.886773E-03	6.811893E-05
4.088235E+03	4.915073E-03	6.812102E-05
4.098039E+03	4.941497E-03	6.809298E-05
4.107843E+03	4.966207E-03	6.803755E-05
4.117647E+03	4.989272E-03	6.795608E-05
4.127451E+03	5.011112E-03	6.785471E-05
4.137255E+03	5.031698E-03	6.773340E-05
4.147059E+03	5.051246E-03	6.759536E-05
4.156863E+03	5.069974E-03	6.744381E-05
4.166667E+03	5.088004E-03	6.728057E-05
4.176471E+03	5.105569E-03	6.710895E-05
4.186275E+03	5.122805E-03	6.693087E-05
4.196078E+03	5.140067E-03	6.675106E-05
4.205882E+03	5.157496E-03	6.657140E-05
4.215686E+03	5.175344E-03	6.639513E-05
4.225490E+03	5.193653E-03	6.622276E-05
4.235294E+03	5.212887E-03	6.606010E-05
4.245098E+03	5.232984E-03	6.590620E-05
4.254902E+03	5.254390E-03	6.576652E-05
4.264706E+03	5.277133E-03	6.564116E-05
4.274510E+03	5.301428E-03	6.553254E-05
4.284314E+03	5.327469E-03	6.544273E-05
4.294118E+03	5.355320E-03	6.537220E-05
4.303922E+03	5.385115E-03	6.532222E-05
4.313725E+03	5.416875E-03	6.529268E-05
4.323529E+03	5.450707E-03	6.528446E-05
4.333333E+03	5.486678E-03	6.529802E-05
4.343137E+03	5.524731E-03	6.533224E-05
4.352941E+03	5.564969E-03	6.538799E-05
4.362745E+03	5.607092E-03	6.546133E-05
4.372549E+03	5.651254E-03	6.555373E-05
4.382353E+03	5.697309E-03	6.566303E-05
4.392157E+03	5.745186E-03	6.578803E-05
4.401961E+03	5.794610E-03	6.592516E-05
4.411765E+03	5.845674E-03	6.607515E-05
4.421569E+03	5.898168E-03	6.623527E-05
4.431373E+03	5.951867E-03	6.640269E-05
4.441176E+03	6.006625E-03	6.657554E-05
4.450980E+03	6.062371E-03	6.675282E-05
4.460784E+03	6.118735E-03	6.693025E-05
4.470588E+03	6.175609E-03	6.710654E-05
4.480392E+03	6.232775E-03	6.727923E-05
4.490196E+03	6.289898E-03	6.744468E-05
4.500000E+03	6.346723E-03	6.760018E-05
4.509804E+03	6.402984E-03	6.774299E-05
4.519608E+03	6.458495E-03	6.787129E-05
4.529412E+03	6.512875E-03	6.798126E-05
4.539216E+03	6.565736E-03	6.806916E-05
4.549020E+03	6.616987E-03	6.813436E-05
4.558824E+03	6.666158E-03	6.817242E-05
4.568627E+03	6.713086E-03	6.818213E-05
4.578431E+03	6.757534E-03	6.816161E-05
4.588235E+03	6.799295E-03	6.810930E-05
4.598039E+03	6.838100E-03	6.802313E-05
4.607843E+03	6.874013E-03	6.790435E-05
4.617647E+03	6.906756E-03	6.775086E-05
4.627451E+03	6.936482E-03	6.756487E-05
4.637255E+03	6.963012E-03	6.734525E-05
4.647059E+03	6.986600E-03	6.709517E-05
4.656863E+03	7.007259E-03	6.681539E-05
4.666667E+03	7.025142E-03	6.650799E-05
4.676471E+03	7.040446E-03	6.617543E-05
4.686275E+03	7.053595E-03	6.582225E-05
4.696078E+03	7.064659E-03	6.544959E-05
4.705882E+03	7.074021E-03	6.506144E-05
4.715686E+03	7.081986E-03	6.466099E-05
4.725490E+03	7.088872E-03	6.425149E-05
4.735294E+03	7.095098E-03	6.383699E-05
4.745098E+03	7.100895E-03	6.341976E-05
4.754902E+03	7.106677E-03	6.300364E-05
4.764706E+03	7.112847E-03	6.259229E-05
4.774510E+03	7.119512E-03	6.218666E-05
4.784314E+03	7.127135E-03	6.179079E-05
4.794118E+03	7.135966E-03	6.140676E-05
4.803922E+03	7.146228E-03	6.103637E-05
4.813725E+03	7.158112E-03	6.068111E-05
4.823529E+03	7.171866E-03	6.034290E-05
4.833333E+03	7.187513E-03	6.002176E-05
4.843137E+03	7.205221E-03	5.971888E-05
4.852941E+03	7.225113E-03	5.943510E-05
4.862745E+03	7.246987E-03	5.916856E-05
4.872549E+03	7.271063E-03	5.892089E-05
4.882353E+03	7.297046E-03	5.868957E-05
4.892157E+03	7.324879E-03	5.847404E-05
4.901961E+03	7.354371E-03	5.827272E-05
4.911765E+03	7.385390E-03	5.808458E-05
4.921569E+03	7.417584E-03	5.790689E-05
4.931373E+03	7.450866E-03	5.773912E-05
4.941176E+03	7.484753E-03	5.757769E-05
4.950980E+03	7.519044E-03	5.742133E-05
4.960784E+03	7.553448E-03	5.726814E-05
4.970588E+03	7.587784E-03	5.711715E-05
4.980392E+03	7.621802E-03	5.696691E-05
4.990196E+03	7.655183E-03	5.681552E-05
5.000000E+03	7.687741E-03	5.666217E-05
5.009804E+03	7.719532E-03	5.650786E-05
5.019608E+03	7.750243E-03	5.635091E-05
5.029412E+03	7.780026E-03	5.619306E-05
5.039216E+03	7.808655E-03	5.603334E-05
5.049020E+03	7.836233E-03	5.587317E-05
5.058824E+03	7.862905E-03	5.571423E-05
5.068627E+03	7.888513E-03	5.555610E-05
5.078431E+03	7.913340E-03	5.540145E-05
5.088235E+03	7.937352E-03	5.525069E-05
5.098039E+03	7.960539E-03	5.510444E-05
5.107843E+03	7.983154E-03	5.496512E-05
5.117647E+03	8.005085E-03	5.483263E-05
5.127451E+03	8.026563E-03	5.470920E-05
5.137255E+03	8.047439E-03	5.459448E-05
5.147059E+03	8.067750E-03	5.448938E-05
5.156863E+03	8.087701E-03	5.439597E-05
5.166667E+03	8.107014E-03	5.431301E-05
5.176471E+03	8.125886E-03	5.424248E-05
5.186275E+03	8.144216E-03	5.418436E-05
5.196078E+03	8.162111E-03	5.414000E-05
5.205882E+03	8.179381E-03	5.410877E-05
5.215686E+03	8.196065E-03	5.409153E-05
5.225490E+03	8.212392E-03	5.409043E-05
5.235294E+03	8.228160E-03	5.410469E-05
5.245098E+03	8.243669E-03	5.413686E-05
5.254902E+03	8.258989E-03	5.418792E-05
5.264706E+03	8.274334E-03	5.425981E-05
5.274510E+03	8.289861E-03	5.435404E-05
5.284314E+03	8.306113E-03	5.447464E-05
5.294118E+03	8.323191E-03	5.462275E-05
5.303922E+03	8.341742E-03	5.480303E-05
5.313725E+03	8.362195E-03	5.501845E-05
5.323529E+03	8.385108E-03	5.527245E-05
5.333333E+03	8.411059E-03	5.556867E-05
5.343137E+03	8.440630E-03	5.591078E-05
5.352941E+03	8.474317E-03	5.630195E-05
5.362745E+03	8.512436E-03	5.674423E-05
5.372549E+03	8.555413E-03	5.724047E-05
5.382353E+03	8.603033E-03	5.778928E-05
5.392157E+03	8.655199E-03	5.839011E-05
5.401961E+03	8.711618E-03	5.904106E-05
5.411765E+03	8.771768E-03	5.973872E-05
5.421569E+03	8.834862E-03	6.047778E-05
5.431373E+03	8.900010E-03	6.125215E-05
5.441176E+03	8.965974E-03	6.205321E-05
5.450980E+03	9.031528E-03	6.287219E-05
5.460784E+03	9.095509E-03	6.370059E-05
5.470588E+03	9.156662E-03	6.452903E-05
5.480392E+03	9.213905E-03	6.534907E-05
5.490196E+03	9.265893E-03	6.615019E-05
5.500000E+03	9.311987E-03	6.692665E-05
5.509804E+03	9.351110E-03	6.766932E-05
5.519608E+03	9.382699E-03	6.837261E-05
5.529412E+03	9.406264E-03	6.903125E-05
5.539216E+03	9.421612E-03	6.964203E-05
5.549020E+03	9.428520E-03	7.020145E-05
5.558824E+03	9.427178E-03	7.070899E-05
5.568627E+03	9.417930E-03	7.116532E-05
5.578431E+03	9.401077E-03	7.157081E-05
5.588235E+03	9.377152E-03	7.192767E-05
5.598039E+03	9.346921E-03	7.224003E-05
5.607843E+03	9.311122E-03	7.251193E-05
5.617647E+03	9.270577E-03	7.274830E-05
5.627451E+03	9.226128E-03	7.295437E-05
5.637255E+03	9.178765E-03	7.313679E-05
5.647059E+03	9.129249E-03	7.330063E-05
5.656863E+03	9.078430E-03	7.345187E-05
5.666667E+03	9.027253E-03	7.359749E-05
5.676471E+03	8.976608E-03	7.374427E-05
5.686275E+03	8.926864E-03	7.389497E-05
5.696078E+03	8.879024E-03	7.405767E-05
5.705882E+03	8.833544E-03	7.423619E-05
5.715686E+03	8.790922E-03	7.443484E-05
5.725490E+03	8.751576E-03	7.465736E-05
5.735294E+03	8.715854E-03	7.490706E-05
5.745098E+03	8.683987E-03	7.518629E-05
5.754902E+03	8.656173E-03	7.549724E-05
5.764706E+03	8.632507E-03	7.584124E-05
5.774510E+03	8.613133E-03	7.622008E-05
5.784314E+03	8.597800E-03	7.663211E-05
5.794118E+03	8.586533E-03	7.707807E-05
5.803922E+03	8.579215E-03	7.755744E-05
5.813725E+03	8.575659E-03	7.806906E-05
5.823529E+03	8.575557E-03	7.861060E-05
5.833333E+03	8.578801E-03	7.918151E-05
5.843137E+03	8.585131E-03	7.977981E-05
5.852941E+03	8.594202E-03	8.040265E-05
5.862745E+03	8.605762E-03	8.104799E-05
5.872549E+03	8.619670E-03	8.171475E-05
5.882353E+03	8.635596E-03	8.240006E-05
5.892157E+03	8.653343E-03	8.310220E-05
5.901961E+03	8.672715E-03	8.381945E-05
5.911765E+03	8.693467E-03	8.454956E-05
5.921569E+03	8.715687E-03	8.529346E-05
5.931373E+03	8.738957E-03	8.604715E-05
5.941176E+03	8.763560E-03	8.681345E-05
5.950980E+03	8.789143E-03	8.758891E-05
5.960784E+03	8.815926E-03	8.837578E-05
5.970588E+03	8.843829E-03	8.917329E-05
5.980392E+03	8.872901E-03	8.998199E-05
5.990196E+03	8.903211E-03	9.080263E-05
6.000000E+03	8.934837E-03	9.163609E-05
6.009804E+03	8.967749E-03	9.248213E-05
6.019608E+03	9.002134E-03	9.334275E-05
6.029412E+03	9.037937E-03	9.421750E-05
6.039216E+03	9.075346E-03	9.510844E-05
6.049020E+03	9.114259E-03	9.601460E-05
6.058824E+03	9.154800E-03	9.693742E-05
6.068627E+03	9.196836E-03	9.787559E-05
6.078431E+03	9.240287E-03	9.882836E-05
6.088235E+03	9.285052E-03	9.979471E-05
6.098039E+03	9.330971E-03	1.007730E-04
6.107843E+03	9.377966E-03	1.017624E-04
6.117647E+03	9.425558E-03	1.027577E-04
6.127451E+03	9.473684E-03	1.037582E-04
6.137255E+03	9.521902E-03	1.047590E-04
6.147059E+03	9.569696E-03	1.057542E-04
6.156863E+03	9.616909E-03	1.067419E-04
6.166667E+03	9.662982E-03	1.077156E-04
6.176471E+03	9.707455E-03	1.086700E-04
6.186275E+03	9.749848E-03	1.095992E-04
6.196078E+03	9.789826E-03	1.104991E-04
6.205882E+03	9.826652E-03	1.113608E-04
6.215686E+03	9.860148E-03	1.121819E-04
6.225490E+03	9.889734E-03	1.129552E-04
6.235294E+03	9.915163E-03	1.136772E-04
6.245098E+03	9.935943E-03	1.143417E-04
6.254902E+03	9.951754E-03	1.149443E-04
6.264706E+03	9.962468E-03	1.154827E-04
6.274510E+03	9.967733E-03	1.159524E-04
6.284314E+03	9.967663E-03	1.163539E-04
6.294118E+03	9.961861E-03	1.166819E-04
6.303922E+03	9.950418E-03	1.169368E-04
6.313725E+03	9.933291E-03	1.171175E-04
6.323529E+03	9.910365E-03	1.172219E-04
6.333333E+03	9.882082E-03	1.172547E-04
6.343137E+03	9.848126E-03	1.172116E-04
6.352941E+03	9.808837E-03	1.170961E-04
6.362745E+03	9.764203E-03	1.169075E-04
6.372549E+03	9.714463E-03	1.166484E-04
6.382353E+03	9.659745E-03	1.163197E-04
6.392157E+03	9.600039E-03	1.159209E-04
6.401961E+03	9.535737E-03	1.154565E-04
6.411765E+03	9.466721E-03	1.149247E-04
6.421569E+03	9.393500E-03	1.143314E-04
6.431373E+03	9.315837E-03	1.136735E-04
6.441176E+03	9.234141E-03	1.129557E-04
6.450980E+03	9.148565E-03	1.121796E-04
6.460784E+03	9.059291E-03	1.113475E-04
6.470588E+03	8.966502E-03	1.104614E-04
6.480392E+03	8.870530E-03	1.095253E-04
6.490196E+03	8.771354E-03	1.085390E-04
6.500000E+03	8.669585E-03	1.075098E-04
6.509804E+03	8.565249E-03	1.064383E-04
6.519608E+03	8.458732E-03	1.053291E-04
6.529412E+03	8.350348E-03	1.041863E-04
6.539216E+03	8.240394E-03	1.030137E-04
6.549020E+03	8.129308E-03	1.018168E-04
6.558824E+03	8.017288E-03	1.005984E-04
6.568627E+03	7.904786E-03	9.936433E-05
6.578431E+03	7.792123E-03	9.811874E-05
6.588235E+03	7.679620E-03	9.686596E-05
6.598039E+03	7.567583E-03	9.561009E-05
6.607843E+03	7.456318E-03	9.435527E-05
6.617647E+03	7.346225E-03	9.310683E-05
6.627451E+03	7.237470E-03	9.186719E-05
6.637255E+03	7.130419E-03	9.064132E-05
6.647059E+03	7.025216E-03	8.943132E-05
6.656863E+03	6.922191E-03	8.824176E-05
6.666667E+03	6.821656E-03	8.707690E-05
6.676471E+03	6.723605E-03	8.593705E-05
6.686275E+03	6.628320E-03	8.482610E-05
6.696078E+03	6.536063E-03	8.374776E-05
6.705882E+03	6.446887E-03	8.270301E-05
6.715686E+03	6.360930E-03	8.169399E-05
6.725490E+03	6.278411E-03	8.072379E-05
6.735294E+03	6.199348E-03	7.979299E-05
6.745098E+03	6.123935E-03	7.890437E-05
6.754902E+03	6.052170E-03	7.805822E-05
6.764706E+03	5.984220E-03	7.725700E-05
6.774510E+03	5.920152E-03	7.650185E-05
6.784314E+03	5.859934E-03	7.579264E-05
6.794118E+03	5.803614E-03	7.513027E-05
6.803922E+03	5.751401E-03	7.451769E-05
6.813725E+03	5.703148E-03	7.395327E-05
6.823529E+03	5.658957E-03	7.343856E-05
6.833333E+03	5.618751E-03	7.297283E-05
6.843137E+03	5.582614E-03	7.255736E-05
6.852941E+03	5.550534E-03	7.219223E-05
6.862745E+03	5.522412E-03	7.187637E-05
6.872549E+03	5.498305E-03	7.161073E-05
6.882353E+03	5.478098E-03	7.139398E-05
6.892157E+03	5.461834E-03	7.122691E-05
6.901961E+03	5.449302E-03	7.110691E-05
6.911765E+03	5.440696E-03	7.103672E-05
6.921569E+03	5.435709E-03	7.101248E-05
6.931373E+03	5.434438E-03	7.103564E-05
6.941176E+03	5.436730E-03	7.110433E-05
6.950980E+03	5.442420E-03	7.121659E-05
6.960784E+03	5.451590E-03	7.137361E-05
6.970588E+03	5.463983E-03	7.157218E-05
6.980392E+03	5.479582E-03	7.181223E-05
6.990196E+03	5.498201E-03	7.209147E-05
7.000000E+03	5.519819E-03	7.240975E-05
7.009804E+03	5.544236E-03	7.276459E-05
7.019608E+03	5.571421E-03	7.315573E-05
7.029412E+03	5.601084E-03	7.357950E-05
7.039216E+03	5.633184E-03	7.403550E-05
7.049020E+03	5.667596E-03	7.452221E-05
7.058824E+03	5.704102E-03	7.503692E-05
7.068627E+03	5.742658E-03	7.557919E-05
7.078431E+03	5.782955E-03	7.614509E-05
7.088235E+03	5.825034E-03	7.673533E-05
7.098039E+03	5.868675E-03	7.734712E-05
7.107843E+03	5.913653E-03	7.797767E-05
7.117647E+03	5.959926E-03	7.862658E-05
7.127451E+03	6.007365E-03	7.929230E-05
7.137255E+03	6.055659E-03	7.997087E-05
7.147059E+03	6.104871E-03	8.066330E-05
7.156863E+03	6.154696E-03	8.136571E-05
7.166667E+03	6.205118E-03	8.207808E-05
7.176471E+03	6.256036E-03	8.279923E-05
7.186275E+03	6.307263E-03	8.352686E-05
7.196078E+03	6.358716E-03	8.426004E-05
7.205882E+03	6.410328E-03	8.499809E-05
7.215686E+03	6.462047E-03	8.574049E-05
7.225490E+03	6.513837E-03	8.648695E-05
7.235294E+03	6.565684E-03	8.723747E-05
7.245098E+03	6.617487E-03	8.799093E-05
7.254902E+03	6.669375E-03	8.874923E-05
7.264706E+03	6.721291E-03	8.951183E-05
7.274510E+03	6.773409E-03	9.028126E-05
7.284314E+03	6.825713E-03	9.105755E-05
7.294118E+03	6.878315E-03	9.184241E-05
7.303922E+03	6.931447E-03	9.263919E-05
7.313725E+03	6.985036E-03	9.344716E-05
7.323529E+03	7.039441E-03	9.427139E-05
7.333333E+03	7.094698E-03	9.511266E-05
7.343137E+03	7.151052E-03	9.597452E-05
7.352941E+03	7.208391E-03	9.685581E-05
7.362745E+03	7.267022E-03	9.776095E-05
7.372549E+03	7.326835E-03	9.868882E-05
7.382353E+03	7.387737E-03	9.963848E-05
7.392157E+03	7.449704E-03	1.006100E-04
7.401961E+03	7.512451E-03	1.015998E-04
7.411765E+03	7.575897E-03	1.026072E-04
7.421569E+03	7.639694E-03	1.036279E-04
7.431373E+03	7.703746E-03	1.046607E-04
7.441176E+03	7.767809E-03	1.057029E-04
7.450980E+03	7.831529E-03	1.067498E-04
7.460784E+03	7.894784E-03	1.078001E-04
7.470588E+03	7.957365E-03	1.088513E-04
7.480392E+03	8.019053E-03	1.099006E-04
7.490196E+03	8.079637E-03	1.109454E-04
7.500000E+03	8.138930E-03	1.119834E-04
7.509804E+03	8.196753E-03	1.130123E-04
7.519608E+03	8.252926E-03	1.140298E-04
7.529412E+03	8.307308E-03	1.150342E-04
7.539216E+03	8.359863E-03	1.160248E-04
7.549020E+03	8.410209E-03	1.169963E-04
7.558824E+03	8.458485E-03	1.179504E-04
7.568627E+03	8.504435E-03	1.188833E-04
7.578431E+03	8.548102E-03	1.197954E-04
7.588235E+03	8.589111E-03	1.206812E-04
7.598039E+03	8.627652E-03	1.215431E-04
7.607843E+03	8.663504E-03	1.223776E-04
7.617647E+03	8.696594E-03	1.231835E-04
7.627451E+03	8.726857E-03	1.239594E-04
7.637255E+03	8.754380E-03	1.247062E-04
7.647059E+03	8.778812E-03	1.254184E-04
7.656863E+03	8.800398E-03	1.260991E-04
7.666667E+03	8.818817E-03	1.267433E-04
7.676471E+03	8.834155E-03	1.273518E-04
7.686275E+03	8.846387E-03	1.279236E-04
7.696078E+03	8.855485E-03	1.284578E-04
7.705882E+03	8.861281E-03	1.289514E-04
7.715686E+03	8.863890E-03	1.294056E-04
7.725490E+03	8.863159E-03	1.298174E-04
7.735294E+03	8.859212E-03	1.301883E-04
7.745098E+03	8.851910E-03	1.305153E-04
7.754902E+03	8.841233E-03	1.307977E-04
7.764706E+03	8.827194E-03	1.310350E-04
7.774510E+03	8.809796E-03	1.312265E-04
7.784314E+03	8.789199E-03	1.313740E-04
7.794118E+03	8.765131E-03	1.314726E-04
7.803922E+03	8.737753E-03	1.315242E-04
7.813725E+03	8.707089E-03	1.315284E-04
7.823529E+03	8.673033E-03	1.314828E-04
7.833333E+03	8.635915E-03	1.313917E-04
7.843137E+03	8.595486E-03	1.312507E-04
7.852941E+03	8.551801E-03	1.310599E-04
7.862745E+03	8.505051E-03	1.308214E-04
7.872549E+03	8.455297E-03	1.305355E-04
7.882353E+03	8.402470E-03	1.302005E-04
7.892157E+03	8.346780E-03	1.298188E-04
7.901961E+03	8.288163E-03	1.293888E-04
7.911765E+03	8.226847E-03	1.289134E-04
7.921569E+03	8.162773E-03	1.283909E-04
7.931373E+03	8.096177E-03	1.278244E-04
7.941176E+03	8.027156E-03	1.272149E-04
7.950980E+03	7.955802E-03	1.265631E-04
7.960784E+03	7.882096E-03	1.258682E-04
7.970588E+03	7.806412E-03	1.251354E-04
7.980392E+03	7.728580E-03	1.243616E-04
7.990196E+03	7.648870E-03	1.235506E-04
8.000000E+03	7.567387E-03	1.227035E-04
8.009804E+03	7.484378E-03	1.218238E-04
8.019608E+03	7.399710E-03	1.209090E-04
8.029412E+03	7.313759E-03	1.199646E-04
8.039216E+03	7.226517E-03	1.189902E-04
8.049020E+03	7.138110E-03	1.179875E-04
8.058824E+03	7.048784E-03	1.169602E-04
8.068627E+03	6.958538E-03	1.159079E-04
8.078431E+03	6.867493E-03	1.148323E-04
8.088235E+03	6.776013E-03	1.137393E-04
8.098039E+03	6.683852E-03	1.126245E-04
8.107843E+03	6.591369E-03	1.114937E-04
8.117647E+03	6.498677E-03	1.103487E-04
8.127451E+03	6.405886E-03	1.091911E-04
8.137255E+03	6.312988E-03	1.080206E-04
8.147059E+03	6.220207E-03	1.068411E-04
8.156863E+03	6.127530E-03	1.056522E-04
8.166667E+03	6.035171E-03	1.044575E-04
8.176471E+03	5.943222E-03	1.032586E-04
8.186275E+03	5.851667E-03	1.020552E-04
8.196078E+03	5.760700E-03	1.008507E-04
8.205882E+03	5.670405E-03	9.964656E-05
8.215686E+03	5.580754E-03	9.844240E-05
8.225490E+03	5.491824E-03	9.723961E-05
8.235294E+03	5.403788E-03	9.604134E-05
8.245098E+03	5.316711E-03	9.484888E-05
8.254902E+03	5.230552E-03	9.366162E-05
8.264706E+03	5.145370E-03	9.248072E-05
8.274510E+03	5.061218E-03	9.130731E-05
8.284314E+03	4.978241E-03	9.014415E-05
8.294118E+03	4.896385E-03	8.899046E-05
8.303922E+03	4.815690E-03	8.784716E-05
8.313725E+03	4.736193E-03	8.671509E-05
8.323529E+03	4.657926E-03	8.559504E-05
8.333333E+03	4.580913E-03	8.448770E-05
8.343137E+03	4.505092E-03	8.339212E-05
8.352941E+03	4.430660E-03	8.231215E-05
8.362745E+03	4.357455E-03	8.124507E-05
8.372549E+03	4.285579E-03	8.019297E-05
8.382353E+03	4.214956E-03	7.915468E-05
8.392157E+03	4.145679E-03	7.813217E-05
8.401961E+03	4.077667E-03	7.712418E-05
8.411765E+03	4.011002E-03	7.613251E-05
8.421569E+03	3.945603E-03	7.515586E-05
8.431373E+03	3.881466E-03	7.419438E-05
8.441176E+03	3.818586E-03	7.324824E-05
8.450980E+03	3.757032E-03	7.231899E-05
8.460784E+03	3.696714E-03	7.140518E-05
8.470588E+03	3.637546E-03	7.050533E-05
8.480392E+03	3.579665E-03	6.962239E-05
8.490196E+03	3.522980E-03	6.875480E-05
8.500000E+03	3.467474E-03	6.790247E-05
8.509804E+03	3.413056E-03	6.706385E-05
8.519608E+03	3.359852E-03	6.624164E-05
8.529412E+03	3.307697E-03	6.543281E-05
8.539216E+03	3.256713E-03	6.464001E-05
8.549020E+03	3.206736E-03	6.386017E-05
8.558824E+03	3.157813E-03	6.309447E-05
8.568627E+03	3.109990E-03	6.234403E-05
8.578431E+03	3.063105E-03	6.160579E-05
8.588235E+03	3.017201E-03	6.088084E-05
8.598039E+03	2.972255E-03	6.016890E-05
8.607843E+03	2.928239E-03	5.946961E-05
8.617647E+03	2.885130E-03	5.878266E-05
8.627451E+03	2.842901E-03	5.810771E-05
8.637255E+03	2.801592E-03	5.744573E-05
8.647059E+03	2.761111E-03	5.679504E-05
8.656863E+03	2.721433E-03	5.615528E-05
8.666667E+03	2.682595E-03	5.552740E-05
8.676471E+03	2.644508E-03	5.490970E-05
8.686275E+03	2.607209E-03	5.430313E-05
8.696078E+03	2.570612E-03	5.370601E-05
8.705882E+03	2.534751E-03	5.311926E-05
8.715686E+03	2.499665E-03	5.254379E-05
8.725490E+03	2.465203E-03	5.197662E-05
8.735294E+03	2.431405E-03	5.141869E-05
8.745098E+03	2.398305E-03	5.087089E-05
8.754902E+03	2.365820E-03	5.033158E-05
8.764706E+03	2.333926E-03	4.980037E-05
8.774510E+03	2.302718E-03	4.927943E-05
8.784314E+03	2.272056E-03	4.876589E-05
8.794118E+03	2.241917E-03	4.825935E-05
8.803922E+03	2.212396E-03	4.776202E-05
8.813725E+03	2.183472E-03	4.727352E-05
8.823529E+03	2.155006E-03	4.679098E-05
8.862745E+03	2.046368E-03	4.493650E-05
8.901961E+03	1.945345E-03	4.319170E-05
8.941176E+03	1.851310E-03	4.154876E-05
8.980392E+03	1.763634E-03	3.999922E-05
9.019608E+03	1.681802E-03	3.853649E-05
9.058824E+03	1.605403E-03	3.715589E-05
9.098039E+03	1.533966E-03	3.585081E-05
9.137255E+03	1.467218E-03	3.461888E-05
9.176471E+03	1.404758E-03	3.345432E-05
9.215686E+03	1.346259E-03	3.235273E-05
9.254902E+03	1.291465E-03	3.131105E-05
9.294118E+03	1.240179E-03	3.032742E-05
9.333333E+03	1.192096E-03	2.939703E-05
9.372549E+03	1.147009E-03	2.851721E-05
9.411765E+03	1.104752E-03	2.768614E-05
9.450980E+03	1.065138E-03	2.690122E-05
9.490196E+03	1.027896E-03	2.615753E-05
9.529412E+03	9.930008E-04	2.545623E-05
9.568627E+03	9.601707E-04	2.479173E-05
9.607843E+03	9.294188E-04	2.416589E-05
9.647059E+03	9.004313E-04	2.357196E-05
9.686275E+03	8.732488E-04	2.301229E-05
9.725490E+03	8.476321E-04	2.248178E-05
9.764706E+03	8.235805E-04	2.198150E-05
9.803922E+03	8.009235E-04	2.150792E-05
9.843137E+03	7.796120E-04	2.106068E-05
9.882353E+03	7.595410E-04	2.063778E-05
9.921569E+03	7.406049E-04	2.023718E-05
9.960784E+03	7.228236E-04	1.986015E-05
1.000000E+04	7.059709E-04	1.950116E-05
1.003922E+04	6.901291E-04	1.916310E-05
1.007843E+04	6.751951E-04	1.884372E-05
1.011765E+04	6.610651E-04	1.854064E-05
