#wls	flux	fluxerr
1.600000E+03	4.119463E-17	2.644719E-18
1.640000E+03	4.158805E-17	2.664422E-18
1.680000E+03	4.199375E-17	2.684671E-18
1.720000E+03	4.242579E-17	2.706355E-18
1.760000E+03	4.288439E-17	2.729470E-18
1.800000E+03	4.336990E-17	2.754019E-18
1.840000E+03	4.388272E-17	2.780009E-18
1.880000E+03	4.442341E-17	2.807458E-18
1.920000E+03	4.499265E-17	2.836386E-18
1.960000E+03	4.559128E-17	2.866825E-18
2.000000E+03	4.622027E-17	2.898816E-18
2.040000E+03	4.688083E-17	2.932408E-18
2.080000E+03	4.757434E-17	2.967665E-18
2.120000E+03	4.830246E-17	3.004662E-18
2.160000E+03	4.906706E-17	3.043489E-18
2.200000E+03	4.987039E-17	3.084254E-18
2.240000E+03	5.071500E-17	3.127085E-18
2.280000E+03	5.160385E-17	3.172127E-18
2.320000E+03	5.254036E-17	3.219556E-18
2.360000E+03	5.351569E-17	3.268790E-18
2.400000E+03	5.454715E-17	3.320849E-18
2.440000E+03	5.562716E-17	3.375227E-18
2.480000E+03	5.677442E-17	3.433010E-18
2.520000E+03	5.799573E-17	3.494553E-18
2.560000E+03	5.927332E-17	3.558727E-18
2.600000E+03	6.064171E-17	3.627544E-18
2.640000E+03	6.209835E-17	3.700778E-18
2.680000E+03	6.366798E-17	3.779821E-18
2.720000E+03	6.532520E-17	3.863076E-18
2.760000E+03	6.712461E-17	3.953680E-18
2.800000E+03	6.905802E-17	4.051032E-18
2.840000E+03	7.115944E-17	4.157002E-18
2.880000E+03	7.343959E-17	4.272069E-18
2.920000E+03	7.592619E-17	4.397683E-18
2.960000E+03	7.866568E-17	4.536341E-18
3.000000E+03	8.168222E-17	4.689211E-18
3.010000E+03	8.249555E-17	4.730533E-18
3.020000E+03	8.332978E-17	4.772927E-18
3.030000E+03	8.418576E-17	4.816438E-18
3.040000E+03	8.506426E-17	4.861104E-18
3.050000E+03	8.596621E-17	4.906974E-18
3.060000E+03	8.690741E-17	4.954944E-18
3.070000E+03	8.787402E-17	5.004217E-18
3.080000E+03	8.886709E-17	5.054846E-18
3.090000E+03	8.990282E-17	5.107747E-18
3.100000E+03	9.096731E-17	5.162123E-18
3.110000E+03	9.207720E-17	5.218908E-18
3.120000E+03	9.320265E-17	5.276405E-18
3.130000E+03	9.439177E-17	5.337330E-18
3.140000E+03	9.561497E-17	5.399998E-18
3.150000E+03	9.687346E-17	5.464470E-18
3.160000E+03	9.818481E-17	5.531728E-18
3.170000E+03	9.955085E-17	5.601863E-18
3.180000E+03	1.009736E-16	5.674978E-18
3.190000E+03	1.024385E-16	5.750243E-18
3.200000E+03	1.039640E-16	5.828678E-18
3.210000E+03	1.055354E-16	5.909453E-18
3.220000E+03	1.071886E-16	5.994560E-18
3.230000E+03	1.089094E-16	6.083194E-18
3.240000E+03	1.106829E-16	6.174504E-18
3.250000E+03	1.125463E-16	6.270555E-18
3.260000E+03	1.144675E-16	6.369536E-18
3.270000E+03	1.164847E-16	6.473561E-18
3.280000E+03	1.185835E-16	6.581803E-18
3.290000E+03	1.207668E-16	6.694410E-18
3.300000E+03	1.230381E-16	6.811555E-18
3.310000E+03	1.254196E-16	6.934449E-18
3.320000E+03	1.278965E-16	7.062244E-18
3.330000E+03	1.304725E-16	7.195127E-18
3.340000E+03	1.331712E-16	7.334375E-18
3.350000E+03	1.359974E-16	7.480220E-18
3.360000E+03	1.389359E-16	7.631802E-18
3.370000E+03	1.420116E-16	7.790465E-18
3.380000E+03	1.452092E-16	7.955331E-18
3.390000E+03	1.485756E-16	8.128940E-18
3.400000E+03	1.520747E-16	8.309286E-18
3.410000E+03	1.557551E-16	8.498985E-18
3.420000E+03	1.595799E-16	8.695988E-18
3.430000E+03	1.635993E-16	8.902995E-18
3.440000E+03	1.677984E-16	9.119152E-18
3.450000E+03	1.721842E-16	9.344787E-18
3.460000E+03	1.767870E-16	9.581512E-18
3.470000E+03	1.815915E-16	9.828446E-18
3.480000E+03	1.866294E-16	1.008725E-17
3.490000E+03	1.919097E-16	1.035836E-17
3.500000E+03	1.974160E-16	1.064084E-17
3.510000E+03	2.031821E-16	1.093645E-17
3.520000E+03	2.092432E-16	1.124702E-17
3.530000E+03	2.155836E-16	1.157165E-17
3.540000E+03	2.222129E-16	1.191077E-17
3.550000E+03	2.291405E-16	1.226484E-17
3.560000E+03	2.364039E-16	1.263578E-17
3.570000E+03	2.439854E-16	1.302256E-17
3.580000E+03	2.519233E-16	1.342717E-17
3.590000E+03	2.602281E-16	1.385006E-17
3.600000E+03	2.689101E-16	1.429171E-17
3.610000E+03	2.779480E-16	1.475089E-17
3.620000E+03	2.873808E-16	1.522958E-17
3.630000E+03	2.972492E-16	1.572985E-17
3.640000E+03	3.075301E-16	1.625038E-17
3.650000E+03	3.181970E-16	1.678967E-17
3.660000E+03	3.293560E-16	1.735321E-17
3.670000E+03	3.409113E-16	1.793585E-17
3.680000E+03	3.529354E-16	1.854131E-17
3.690000E+03	3.654320E-16	1.916967E-17
3.700000E+03	3.784034E-16	1.982093E-17
3.710000E+03	3.918124E-16	2.049304E-17
3.720000E+03	4.056935E-16	2.118769E-17
3.730000E+03	4.200428E-16	2.190458E-17
3.740000E+03	4.348542E-16	2.264326E-17
3.750000E+03	4.501589E-16	2.340526E-17
3.760000E+03	4.659061E-16	2.418780E-17
3.770000E+03	4.820808E-16	2.499001E-17
3.780000E+03	4.987074E-16	2.581304E-17
3.790000E+03	5.157664E-16	2.665576E-17
3.800000E+03	5.331904E-16	2.751460E-17
3.810000E+03	5.510396E-16	2.839256E-17
3.820000E+03	5.691943E-16	2.928337E-17
3.830000E+03	5.877087E-16	3.018975E-17
3.840000E+03	6.064986E-16	3.110726E-17
3.850000E+03	6.255667E-16	3.203600E-17
3.860000E+03	6.448186E-16	3.297103E-17
3.870000E+03	6.642489E-16	3.391205E-17
3.880000E+03	6.838016E-16	3.485614E-17
3.890000E+03	7.034154E-16	3.580014E-17
3.900000E+03	7.230251E-16	3.674072E-17
3.910000E+03	7.426106E-16	3.767684E-17
3.920000E+03	7.620490E-16	3.860227E-17
3.930000E+03	7.813127E-16	3.951566E-17
3.940000E+03	8.003212E-16	4.041294E-17
3.950000E+03	8.189907E-16	4.128997E-17
3.960000E+03	8.372348E-16	4.214244E-17
3.970000E+03	8.549652E-16	4.296602E-17
3.980000E+03	8.721433E-16	4.375889E-17
3.990000E+03	8.886285E-16	4.451413E-17
4.000000E+03	9.044334E-16	4.523251E-17
4.010000E+03	9.193703E-16	4.590483E-17
4.020000E+03	9.334576E-16	4.653220E-17
4.030000E+03	9.465668E-16	4.710842E-17
4.040000E+03	9.586287E-16	4.763030E-17
4.050000E+03	9.696326E-16	4.809754E-17
4.060000E+03	9.795318E-16	4.850808E-17
4.070000E+03	9.883403E-16	4.886288E-17
4.080000E+03	9.959429E-16	4.915652E-17
4.090000E+03	1.002438E-15	4.939412E-17
4.100000E+03	1.007840E-15	4.957669E-17
4.110000E+03	1.012139E-15	4.970401E-17
4.120000E+03	1.015478E-15	4.978335E-17
4.130000E+03	1.017881E-15	4.981608E-17
4.140000E+03	1.019428E-15	4.980642E-17
4.150000E+03	1.020260E-15	4.976136E-17
4.160000E+03	1.020437E-15	4.968409E-17
4.170000E+03	1.020157E-15	4.958438E-17
4.180000E+03	1.019464E-15	4.946444E-17
4.190000E+03	1.018565E-15	4.933443E-17
4.200000E+03	1.017590E-15	4.920065E-17
4.210000E+03	1.016635E-15	4.906780E-17
4.220000E+03	1.015870E-15	4.894405E-17
4.230000E+03	1.015423E-15	4.883550E-17
4.240000E+03	1.015418E-15	4.874803E-17
4.250000E+03	1.016005E-15	4.868873E-17
4.260000E+03	1.017262E-15	4.866111E-17
4.270000E+03	1.019323E-15	4.867144E-17
4.280000E+03	1.022286E-15	4.872419E-17
4.290000E+03	1.026211E-15	4.882192E-17
4.300000E+03	1.031248E-15	4.897157E-17
4.310000E+03	1.037454E-15	4.917552E-17
4.320000E+03	1.044947E-15	4.943906E-17
4.330000E+03	1.053791E-15	4.976483E-17
4.340000E+03	1.064087E-15	5.015724E-17
4.350000E+03	1.076000E-15	5.062366E-17
4.360000E+03	1.089564E-15	5.116528E-17
4.370000E+03	1.104997E-15	5.179178E-17
4.380000E+03	1.122384E-15	5.250678E-17
4.390000E+03	1.141889E-15	5.331725E-17
4.400000E+03	1.163711E-15	5.423199E-17
4.410000E+03	1.188039E-15	5.525911E-17
4.420000E+03	1.215022E-15	5.640479E-17
4.430000E+03	1.244928E-15	5.768084E-17
4.440000E+03	1.277927E-15	5.909418E-17
4.450000E+03	1.314273E-15	6.065574E-17
4.460000E+03	1.354136E-15	6.237241E-17
4.470000E+03	1.397757E-15	6.425425E-17
4.480000E+03	1.445264E-15	6.630611E-17
4.490000E+03	1.496800E-15	6.853343E-17
4.500000E+03	1.552419E-15	7.093755E-17
4.510000E+03	1.612090E-15	7.351590E-17
4.520000E+03	1.675647E-15	7.625976E-17
4.530000E+03	1.742857E-15	7.915745E-17
4.540000E+03	1.813285E-15	8.218812E-17
4.550000E+03	1.886364E-15	8.532531E-17
4.560000E+03	1.961405E-15	8.853704E-17
4.570000E+03	2.037566E-15	9.178486E-17
4.580000E+03	2.113829E-15	9.502259E-17
4.590000E+03	2.189140E-15	9.820290E-17
4.600000E+03	2.262257E-15	1.012705E-16
4.610000E+03	2.332029E-15	1.041743E-16
4.620000E+03	2.397290E-15	1.068636E-16
4.630000E+03	2.456849E-15	1.092864E-16
4.640000E+03	2.509853E-15	1.114064E-16
4.650000E+03	2.555491E-15	1.131897E-16
4.660000E+03	2.593275E-15	1.146167E-16
4.670000E+03	2.622915E-15	1.156769E-16
4.680000E+03	2.644486E-15	1.163759E-16
4.690000E+03	2.658312E-15	1.167301E-16
4.700000E+03	2.664941E-15	1.167659E-16
4.710000E+03	2.665221E-15	1.165224E-16
4.720000E+03	2.660098E-15	1.160428E-16
4.730000E+03	2.650667E-15	1.153761E-16
4.740000E+03	2.638045E-15	1.145723E-16
4.750000E+03	2.623414E-15	1.136834E-16
4.760000E+03	2.607837E-15	1.127561E-16
4.770000E+03	2.592286E-15	1.118325E-16
4.780000E+03	2.577689E-15	1.109526E-16
4.790000E+03	2.564764E-15	1.101470E-16
4.800000E+03	2.554088E-15	1.094399E-16
4.810000E+03	2.546112E-15	1.088500E-16
4.820000E+03	2.541160E-15	1.083904E-16
4.830000E+03	2.539275E-15	1.080619E-16
4.840000E+03	2.540500E-15	1.078656E-16
4.850000E+03	2.544678E-15	1.077938E-16
4.860000E+03	2.551524E-15	1.078337E-16
4.870000E+03	2.560677E-15	1.079693E-16
4.880000E+03	2.571660E-15	1.081799E-16
4.890000E+03	2.583967E-15	1.084436E-16
4.900000E+03	2.597055E-15	1.087374E-16
4.910000E+03	2.610337E-15	1.090366E-16
4.920000E+03	2.623298E-15	1.093196E-16
4.930000E+03	2.635368E-15	1.095629E-16
4.940000E+03	2.646116E-15	1.097488E-16
4.950000E+03	2.655154E-15	1.098617E-16
4.960000E+03	2.662182E-15	1.098897E-16
4.970000E+03	2.666987E-15	1.098248E-16
4.980000E+03	2.669458E-15	1.096629E-16
4.990000E+03	2.669570E-15	1.094039E-16
5.000000E+03	2.667448E-15	1.090535E-16
5.010000E+03	2.663180E-15	1.086160E-16
5.020000E+03	2.657048E-15	1.081035E-16
5.030000E+03	2.649367E-15	1.075294E-16
5.040000E+03	2.640466E-15	1.069074E-16
5.050000E+03	2.630789E-15	1.062560E-16
5.060000E+03	2.620804E-15	1.055942E-16
5.070000E+03	2.611115E-15	1.049464E-16
5.080000E+03	2.602222E-15	1.043326E-16
5.090000E+03	2.594789E-15	1.037790E-16
5.100000E+03	2.589377E-15	1.033078E-16
5.110000E+03	2.586612E-15	1.029433E-16
5.120000E+03	2.587030E-15	1.027059E-16
5.130000E+03	2.591125E-15	1.026143E-16
5.140000E+03	2.599306E-15	1.026836E-16
5.150000E+03	2.611873E-15	1.029245E-16
5.160000E+03	2.629010E-15	1.033429E-16
5.170000E+03	2.650745E-15	1.039387E-16
5.180000E+03	2.677043E-15	1.047091E-16
5.190000E+03	2.707708E-15	1.056453E-16
5.200000E+03	2.742502E-15	1.067366E-16
5.210000E+03	2.781034E-15	1.079669E-16
5.220000E+03	2.823003E-15	1.093234E-16
5.230000E+03	2.867912E-15	1.107860E-16
5.240000E+03	2.915359E-15	1.123383E-16
5.250000E+03	2.964954E-15	1.139648E-16
5.260000E+03	3.016221E-15	1.156467E-16
5.270000E+03	3.068793E-15	1.173694E-16
5.280000E+03	3.122316E-15	1.191192E-16
5.290000E+03	3.176352E-15	1.208793E-16
5.300000E+03	3.230534E-15	1.226356E-16
5.310000E+03	3.284527E-15	1.243755E-16
5.320000E+03	3.337968E-15	1.260855E-16
5.330000E+03	3.390490E-15	1.277519E-16
5.340000E+03	3.441651E-15	1.293586E-16
5.350000E+03	3.491152E-15	1.308947E-16
5.360000E+03	3.538590E-15	1.323458E-16
5.370000E+03	3.583611E-15	1.336993E-16
5.380000E+03	3.625883E-15	1.349437E-16
5.390000E+03	3.665104E-15	1.360686E-16
5.400000E+03	3.700984E-15	1.370642E-16
5.410000E+03	3.733326E-15	1.379242E-16
5.420000E+03	3.762052E-15	1.386468E-16
5.430000E+03	3.787084E-15	1.392302E-16
5.440000E+03	3.808432E-15	1.396759E-16
5.450000E+03	3.826266E-15	1.399910E-16
5.460000E+03	3.840741E-15	1.401825E-16
5.470000E+03	3.852093E-15	1.402597E-16
5.480000E+03	3.860523E-15	1.402308E-16
5.490000E+03	3.866308E-15	1.401068E-16
5.500000E+03	3.869500E-15	1.398903E-16
5.510000E+03	3.870260E-15	1.395877E-16
5.520000E+03	3.868508E-15	1.391970E-16
5.530000E+03	3.864282E-15	1.387201E-16
5.540000E+03	3.857482E-15	1.381541E-16
5.550000E+03	3.848223E-15	1.375038E-16
5.560000E+03	3.836736E-15	1.367779E-16
5.570000E+03	3.823365E-15	1.359891E-16
5.580000E+03	3.808512E-15	1.351521E-16
5.590000E+03	3.792706E-15	1.342859E-16
5.600000E+03	3.776364E-15	1.334055E-16
5.610000E+03	3.759952E-15	1.325272E-16
5.620000E+03	3.743786E-15	1.316622E-16
5.630000E+03	3.727956E-15	1.308135E-16
5.640000E+03	3.712454E-15	1.299807E-16
5.650000E+03	3.697103E-15	1.291574E-16
5.660000E+03	3.681559E-15	1.283316E-16
5.670000E+03	3.665439E-15	1.274899E-16
5.680000E+03	3.648283E-15	1.266165E-16
5.690000E+03	3.629838E-15	1.257026E-16
5.700000E+03	3.609784E-15	1.247376E-16
5.710000E+03	3.588231E-15	1.237256E-16
5.720000E+03	3.565283E-15	1.226702E-16
5.730000E+03	3.541441E-15	1.215891E-16
5.740000E+03	3.517396E-15	1.205060E-16
5.750000E+03	3.493957E-15	1.194485E-16
5.760000E+03	3.472111E-15	1.184502E-16
5.770000E+03	3.452995E-15	1.175493E-16
5.780000E+03	3.437648E-15	1.167805E-16
5.790000E+03	3.427216E-15	1.161818E-16
5.800000E+03	3.422695E-15	1.157858E-16
5.810000E+03	3.424924E-15	1.156195E-16
5.820000E+03	3.434640E-15	1.157063E-16
5.830000E+03	3.452228E-15	1.160575E-16
5.840000E+03	3.477874E-15	1.166778E-16
5.850000E+03	3.511443E-15	1.175609E-16
5.860000E+03	3.552388E-15	1.186868E-16
5.870000E+03	3.599835E-15	1.200251E-16
5.880000E+03	3.652570E-15	1.215339E-16
5.890000E+03	3.709116E-15	1.231631E-16
5.900000E+03	3.767744E-15	1.248547E-16
5.910000E+03	3.826527E-15	1.265447E-16
5.920000E+03	3.883654E-15	1.281731E-16
5.930000E+03	3.937317E-15	1.296808E-16
5.940000E+03	3.985985E-15	1.310183E-16
5.950000E+03	4.028326E-15	1.321428E-16
5.960000E+03	4.063478E-15	1.330273E-16
5.970000E+03	4.090931E-15	1.336568E-16
5.980000E+03	4.110555E-15	1.340283E-16
5.990000E+03	4.122531E-15	1.341495E-16
6.000000E+03	4.127384E-15	1.340388E-16
6.010000E+03	4.125783E-15	1.337192E-16
6.020000E+03	4.118537E-15	1.332183E-16
6.030000E+03	4.106591E-15	1.325675E-16
6.040000E+03	4.090873E-15	1.317977E-16
6.050000E+03	4.072246E-15	1.309373E-16
6.060000E+03	4.051575E-15	1.300147E-16
6.070000E+03	4.029539E-15	1.290518E-16
6.080000E+03	4.006810E-15	1.280705E-16
6.090000E+03	3.983887E-15	1.270867E-16
6.100000E+03	3.961183E-15	1.261138E-16
6.110000E+03	3.939007E-15	1.251613E-16
6.120000E+03	3.917590E-15	1.242365E-16
6.130000E+03	3.896954E-15	1.233400E-16
6.140000E+03	3.877232E-15	1.224758E-16
6.150000E+03	3.858310E-15	1.216401E-16
6.160000E+03	3.840185E-15	1.208326E-16
6.170000E+03	3.822731E-15	1.200494E-16
6.180000E+03	3.805853E-15	1.192871E-16
6.190000E+03	3.789344E-15	1.185394E-16
6.200000E+03	3.773111E-15	1.178031E-16
6.210000E+03	3.756868E-15	1.170693E-16
6.220000E+03	3.740369E-15	1.163304E-16
6.230000E+03	3.723339E-15	1.155779E-16
6.240000E+03	3.705415E-15	1.148006E-16
6.250000E+03	3.686213E-15	1.139868E-16
6.260000E+03	3.665322E-15	1.131241E-16
6.270000E+03	3.642412E-15	1.122025E-16
6.280000E+03	3.617114E-15	1.112112E-16
6.290000E+03	3.589113E-15	1.101408E-16
6.300000E+03	3.558212E-15	1.089857E-16
6.310000E+03	3.524306E-15	1.077433E-16
6.320000E+03	3.487499E-15	1.064173E-16
6.330000E+03	3.447990E-15	1.050142E-16
6.340000E+03	3.406262E-15	1.035491E-16
6.350000E+03	3.362927E-15	1.020409E-16
6.360000E+03	3.318862E-15	1.005165E-16
6.370000E+03	3.275142E-15	9.900852E-17
6.380000E+03	3.232955E-15	9.755267E-17
6.390000E+03	3.193679E-15	9.619018E-17
6.400000E+03	3.158723E-15	9.496294E-17
6.410000E+03	3.129597E-15	9.391549E-17
6.420000E+03	3.107751E-15	9.309037E-17
6.430000E+03	3.094614E-15	9.252905E-17
6.440000E+03	3.091497E-15	9.226926E-17
6.450000E+03	3.099601E-15	9.234519E-17
6.460000E+03	3.119889E-15	9.278370E-17
6.470000E+03	3.153135E-15	9.360590E-17
6.480000E+03	3.199732E-15	9.482136E-17
6.490000E+03	3.259823E-15	9.643220E-17
6.500000E+03	3.333048E-15	9.842564E-17
6.510000E+03	3.418578E-15	1.007753E-16
6.520000E+03	3.515128E-15	1.034413E-16
6.530000E+03	3.620888E-15	1.063690E-16
6.540000E+03	3.733643E-15	1.094918E-16
6.550000E+03	3.850671E-15	1.127291E-16
6.560000E+03	3.968964E-15	1.159923E-16
6.570000E+03	4.085354E-15	1.191888E-16
6.580000E+03	4.196538E-15	1.222227E-16
6.590000E+03	4.299380E-15	1.250034E-16
6.600000E+03	4.390897E-15	1.274457E-16
6.610000E+03	4.468531E-15	1.294771E-16
6.620000E+03	4.530199E-15	1.310392E-16
6.630000E+03	4.574572E-15	1.320961E-16
6.640000E+03	4.600786E-15	1.326253E-16
6.650000E+03	4.608907E-15	1.326314E-16
6.660000E+03	4.599531E-15	1.321341E-16
6.670000E+03	4.573834E-15	1.311696E-16
6.680000E+03	4.533497E-15	1.297884E-16
6.690000E+03	4.480565E-15	1.280510E-16
6.700000E+03	4.417127E-15	1.260189E-16
6.710000E+03	4.345459E-15	1.237583E-16
6.720000E+03	4.267654E-15	1.213301E-16
6.730000E+03	4.185859E-15	1.187959E-16
6.740000E+03	4.101906E-15	1.162082E-16
6.750000E+03	4.017420E-15	1.136133E-16
6.760000E+03	3.933839E-15	1.110519E-16
6.770000E+03	3.852374E-15	1.085579E-16
6.780000E+03	3.774000E-15	1.061584E-16
6.790000E+03	3.699441E-15	1.038732E-16
6.800000E+03	3.629298E-15	1.017187E-16
6.810000E+03	3.563912E-15	9.970374E-17
6.820000E+03	3.503512E-15	9.783391E-17
6.830000E+03	3.448201E-15	9.611136E-17
6.840000E+03	3.397944E-15	9.453433E-17
6.850000E+03	3.352705E-15	9.310104E-17
6.860000E+03	3.312321E-15	9.180616E-17
6.870000E+03	3.276591E-15	9.064342E-17
6.880000E+03	3.245398E-15	8.960884E-17
6.890000E+03	3.218500E-15	8.869503E-17
6.900000E+03	3.195641E-15	8.789428E-17
6.910000E+03	3.176592E-15	8.719965E-17
6.920000E+03	3.161143E-15	8.660474E-17
6.930000E+03	3.148998E-15	8.610093E-17
6.940000E+03	3.139874E-15	8.567993E-17
6.950000E+03	3.133469E-15	8.533299E-17
6.960000E+03	3.129415E-15	8.504971E-17
6.970000E+03	3.127392E-15	8.482099E-17
6.980000E+03	3.127028E-15	8.463640E-17
6.990000E+03	3.127897E-15	8.448420E-17
7.000000E+03	3.129615E-15	8.435381E-17
7.010000E+03	3.131812E-15	8.423513E-17
7.020000E+03	3.134152E-15	8.411908E-17
7.030000E+03	3.136309E-15	8.399686E-17
7.040000E+03	3.138128E-15	8.386442E-17
7.050000E+03	3.139380E-15	8.371571E-17
7.060000E+03	3.140017E-15	8.354956E-17
7.070000E+03	3.139960E-15	8.336397E-17
7.080000E+03	3.139375E-15	8.316353E-17
7.090000E+03	3.138271E-15	8.294853E-17
7.100000E+03	3.136889E-15	8.272547E-17
7.110000E+03	3.135349E-15	8.249759E-17
7.120000E+03	3.133906E-15	8.227164E-17
7.130000E+03	3.132774E-15	8.205324E-17
7.140000E+03	3.132156E-15	8.184767E-17
7.150000E+03	3.132188E-15	8.165839E-17
7.160000E+03	3.133037E-15	8.148971E-17
7.170000E+03	3.134747E-15	8.134262E-17
7.180000E+03	3.137339E-15	8.121759E-17
7.190000E+03	3.140781E-15	8.111363E-17
7.200000E+03	3.145017E-15	8.102924E-17
7.210000E+03	3.149838E-15	8.095889E-17
7.220000E+03	3.155141E-15	8.089996E-17
7.230000E+03	3.160651E-15	8.084531E-17
7.240000E+03	3.166184E-15	8.079030E-17
7.250000E+03	3.171511E-15	8.072918E-17
7.260000E+03	3.176361E-15	8.065513E-17
7.270000E+03	3.180538E-15	8.056335E-17
7.280000E+03	3.183764E-15	8.044704E-17
7.290000E+03	3.185843E-15	8.030151E-17
7.300000E+03	3.186458E-15	8.011908E-17
7.310000E+03	3.185459E-15	7.989632E-17
7.320000E+03	3.182585E-15	7.962712E-17
7.330000E+03	3.177678E-15	7.930797E-17
7.340000E+03	3.170489E-15	7.893310E-17
7.350000E+03	3.160930E-15	7.850090E-17
7.360000E+03	3.148922E-15	7.800990E-17
7.370000E+03	3.134401E-15	7.745909E-17
7.380000E+03	3.117476E-15	7.685168E-17
7.390000E+03	3.098111E-15	7.618736E-17
7.400000E+03	3.076553E-15	7.547267E-17
7.410000E+03	3.052852E-15	7.470935E-17
7.420000E+03	3.027285E-15	7.390461E-17
7.430000E+03	3.000031E-15	7.306325E-17
7.440000E+03	2.971329E-15	7.219146E-17
7.450000E+03	2.941433E-15	7.129569E-17
7.460000E+03	2.910568E-15	7.038168E-17
7.470000E+03	2.879044E-15	6.945716E-17
7.480000E+03	2.847142E-15	6.852904E-17
7.490000E+03	2.815109E-15	6.760341E-17
7.500000E+03	2.783265E-15	6.668799E-17
7.510000E+03	2.751850E-15	6.578858E-17
7.520000E+03	2.721200E-15	6.491317E-17
7.530000E+03	2.691527E-15	6.406671E-17
7.540000E+03	2.663091E-15	6.325531E-17
7.550000E+03	2.636058E-15	6.248276E-17
7.560000E+03	2.610637E-15	6.175387E-17
7.570000E+03	2.586980E-15	6.107202E-17
7.580000E+03	2.565206E-15	6.043986E-17
7.590000E+03	2.545412E-15	5.985944E-17
7.600000E+03	2.527694E-15	5.933285E-17
7.610000E+03	2.512048E-15	5.885979E-17
7.620000E+03	2.498468E-15	5.843992E-17
7.630000E+03	2.486971E-15	5.807352E-17
7.640000E+03	2.477395E-15	5.775666E-17
7.650000E+03	2.469630E-15	5.748663E-17
7.660000E+03	2.463485E-15	5.725895E-17
7.670000E+03	2.458731E-15	5.706825E-17
7.680000E+03	2.455134E-15	5.690910E-17
7.690000E+03	2.452342E-15	5.677336E-17
7.700000E+03	2.450158E-15	5.665659E-17
7.710000E+03	2.448226E-15	5.655064E-17
7.720000E+03	2.446304E-15	5.645008E-17
7.730000E+03	2.444145E-15	5.634933E-17
7.740000E+03	2.441493E-15	5.624267E-17
7.750000E+03	2.438234E-15	5.612765E-17
7.760000E+03	2.434220E-15	5.600103E-17
7.770000E+03	2.429271E-15	5.585887E-17
7.780000E+03	2.423389E-15	5.570131E-17
7.790000E+03	2.416544E-15	5.552785E-17
7.800000E+03	2.408719E-15	5.533822E-17
7.810000E+03	2.400039E-15	5.513540E-17
7.820000E+03	2.390535E-15	5.492017E-17
7.830000E+03	2.380407E-15	5.469724E-17
7.840000E+03	2.369744E-15	5.446867E-17
7.850000E+03	2.358817E-15	5.424078E-17
7.860000E+03	2.347695E-15	5.401517E-17
7.870000E+03	2.336634E-15	5.379782E-17
7.880000E+03	2.325700E-15	5.359024E-17
7.890000E+03	2.315023E-15	5.339550E-17
7.900000E+03	2.304656E-15	5.321488E-17
7.910000E+03	2.294616E-15	5.304881E-17
7.920000E+03	2.284906E-15	5.289742E-17
7.930000E+03	2.275395E-15	5.275776E-17
7.940000E+03	2.266090E-15	5.262999E-17
7.950000E+03	2.256801E-15	5.250979E-17
7.960000E+03	2.247429E-15	5.239479E-17
7.970000E+03	2.237825E-15	5.228135E-17
7.980000E+03	2.227838E-15	5.216567E-17
7.990000E+03	2.217313E-15	5.204385E-17
8.000000E+03	2.206097E-15	5.191198E-17
8.010000E+03	2.194080E-15	5.176712E-17
8.020000E+03	2.181105E-15	5.160519E-17
8.030000E+03	2.167088E-15	5.142371E-17
8.040000E+03	2.152033E-15	5.122234E-17
8.050000E+03	2.135943E-15	5.100066E-17
8.060000E+03	2.118918E-15	5.076056E-17
8.070000E+03	2.101098E-15	5.050493E-17
8.080000E+03	2.082673E-15	5.023783E-17
8.090000E+03	2.063703E-15	4.996033E-17
8.100000E+03	2.044425E-15	4.967775E-17
8.110000E+03	2.024864E-15	4.939031E-17
8.120000E+03	2.005172E-15	4.910140E-17
8.130000E+03	1.985376E-15	4.881136E-17
8.140000E+03	1.965495E-15	4.852036E-17
8.150000E+03	1.945481E-15	4.822688E-17
8.160000E+03	1.925275E-15	4.792920E-17
8.170000E+03	1.904809E-15	4.762530E-17
8.180000E+03	1.883927E-15	4.731086E-17
8.190000E+03	1.862472E-15	4.698158E-17
8.200000E+03	1.840271E-15	4.663262E-17
8.210000E+03	1.817121E-15	4.625828E-17
8.220000E+03	1.792882E-15	4.585442E-17
8.230000E+03	1.767386E-15	4.541605E-17
8.240000E+03	1.740528E-15	4.493979E-17
8.250000E+03	1.712257E-15	4.442354E-17
8.260000E+03	1.682555E-15	4.386603E-17
8.270000E+03	1.651554E-15	4.326994E-17
8.280000E+03	1.619357E-15	4.263720E-17
8.290000E+03	1.586192E-15	4.197318E-17
8.300000E+03	1.552360E-15	4.128518E-17
8.310000E+03	1.518223E-15	4.058240E-17
8.320000E+03	1.484219E-15	3.987626E-17
8.330000E+03	1.450757E-15	3.917759E-17
8.340000E+03	1.418318E-15	3.849949E-17
8.350000E+03	1.387418E-15	3.785622E-17
8.360000E+03	1.358523E-15	3.726105E-17
8.370000E+03	1.332127E-15	3.672829E-17
8.380000E+03	1.308636E-15	3.627006E-17
8.390000E+03	1.288500E-15	3.590003E-17
8.400000E+03	1.272045E-15	3.562870E-17
8.410000E+03	1.259589E-15	3.546647E-17
8.420000E+03	1.251418E-15	3.542320E-17
8.430000E+03	1.247728E-15	3.550625E-17
8.440000E+03	1.248699E-15	3.572274E-17
8.450000E+03	1.254404E-15	3.607684E-17
8.460000E+03	1.264942E-15	3.657353E-17
8.470000E+03	1.280286E-15	3.721427E-17
8.480000E+03	1.300406E-15	3.800030E-17
8.490000E+03	1.325252E-15	3.893245E-17
8.500000E+03	1.354722E-15	4.000987E-17
8.510000E+03	1.388640E-15	4.122956E-17
8.520000E+03	1.426895E-15	4.259026E-17
8.530000E+03	1.469266E-15	4.408749E-17
8.540000E+03	1.515585E-15	4.571810E-17
8.550000E+03	1.565634E-15	4.747743E-17
8.560000E+03	1.619123E-15	4.935847E-17
8.570000E+03	1.675838E-15	5.135629E-17
8.580000E+03	1.735359E-15	5.345961E-17
8.590000E+03	1.797292E-15	5.565753E-17
8.600000E+03	1.861122E-15	5.793528E-17
8.610000E+03	1.926200E-15	6.027346E-17
8.620000E+03	1.991821E-15	6.265056E-17
8.630000E+03	2.057114E-15	6.503926E-17
8.640000E+03	2.121142E-15	6.740968E-17
8.650000E+03	2.182903E-15	6.972919E-17
8.660000E+03	2.241365E-15	7.196351E-17
8.670000E+03	2.295472E-15	7.407696E-17
8.680000E+03	2.344264E-15	7.603622E-17
8.690000E+03	2.386885E-15	7.781075E-17
8.700000E+03	2.422663E-15	7.937546E-17
8.710000E+03	2.450993E-15	8.070701E-17
8.720000E+03	2.471539E-15	8.179057E-17
8.730000E+03	2.484212E-15	8.261926E-17
8.740000E+03	2.489008E-15	8.318906E-17
8.750000E+03	2.486227E-15	8.350606E-17
8.760000E+03	2.476296E-15	8.358089E-17
8.770000E+03	2.459698E-15	8.342631E-17
8.780000E+03	2.437174E-15	8.306429E-17
8.790000E+03	2.409343E-15	8.251305E-17
8.800000E+03	2.377056E-15	8.179914E-17
8.810000E+03	2.341056E-15	8.094611E-17
8.820000E+03	2.302076E-15	7.997748E-17
8.830000E+03	2.260853E-15	7.891748E-17
8.840000E+03	2.218144E-15	7.779157E-17
8.850000E+03	2.174504E-15	7.661855E-17
8.860000E+03	2.130564E-15	7.542022E-17
8.870000E+03	2.086809E-15	7.421375E-17
8.880000E+03	2.043656E-15	7.301406E-17
8.890000E+03	2.001481E-15	7.183499E-17
8.900000E+03	1.960532E-15	7.068587E-17
8.910000E+03	1.921086E-15	6.957743E-17
8.920000E+03	1.883271E-15	6.851503E-17
8.930000E+03	1.847196E-15	6.750345E-17
8.940000E+03	1.812986E-15	6.654812E-17
8.950000E+03	1.780608E-15	6.564873E-17
8.960000E+03	1.750146E-15	6.480932E-17
8.970000E+03	1.721481E-15	6.402638E-17
8.980000E+03	1.694649E-15	6.330214E-17
8.990000E+03	1.669525E-15	6.263284E-17
9.000000E+03	1.646086E-15	6.201835E-17
9.040000E+03	1.567066E-15	6.004459E-17
9.080000E+03	1.506677E-15	5.868683E-17
9.120000E+03	1.457964E-15	5.770550E-17
9.160000E+03	1.414444E-15	5.686227E-17
9.200000E+03	1.371036E-15	5.595977E-17
9.240000E+03	1.324220E-15	5.485288E-17
9.280000E+03	1.272987E-15	5.349362E-17
9.320000E+03	1.219919E-15	5.198490E-17
9.360000E+03	1.169873E-15	5.053436E-17
9.400000E+03	1.126591E-15	4.931210E-17
9.440000E+03	1.091144E-15	4.837810E-17
9.480000E+03	1.062715E-15	4.770981E-17
9.520000E+03	1.039633E-15	4.724368E-17
9.560000E+03	1.019938E-15	4.689888E-17
9.600000E+03	1.001791E-15	4.659577E-17
9.640000E+03	9.836936E-16	4.626689E-17
9.680000E+03	9.641764E-16	4.584284E-17
9.720000E+03	9.416447E-16	4.524535E-17
9.760000E+03	9.149285E-16	4.441369E-17
9.800000E+03	8.837006E-16	4.332637E-17
9.840000E+03	8.486498E-16	4.201178E-17
9.880000E+03	8.110802E-16	4.053062E-17
9.920000E+03	7.723644E-16	3.894963E-17
9.960000E+03	7.338264E-16	3.733569E-17
1.000000E+04	6.964883E-16	3.574256E-17
1.004000E+04	6.611113E-16	3.421226E-17
1.008000E+04	6.279764E-16	3.276296E-17
1.012000E+04	5.971690E-16	3.140292E-17
1.016000E+04	5.685524E-16	3.012863E-17
1.020000E+04	5.419410E-16	2.893362E-17
1.024000E+04	5.171687E-16	2.781209E-17
1.028000E+04	4.940796E-16	2.675839E-17
1.032000E+04	4.725110E-16	2.576621E-17
