#wls	flux	fluxerr
1.581262E+03	2.386622E-18	1.551889E-19
1.620794E+03	2.429726E-18	1.574974E-19
1.660325E+03	2.470591E-18	1.596307E-19
1.699857E+03	2.508949E-18	1.615720E-19
1.739388E+03	2.544460E-18	1.633002E-19
1.778920E+03	2.575610E-18	1.647193E-19
1.818451E+03	2.601924E-18	1.658013E-19
1.857983E+03	2.622656E-18	1.665014E-19
1.897514E+03	2.634840E-18	1.666353E-19
1.937046E+03	2.637777E-18	1.661646E-19
1.976578E+03	2.631025E-18	1.650681E-19
2.016109E+03	2.616427E-18	1.634683E-19
2.055641E+03	2.600244E-18	1.617607E-19
2.095172E+03	2.591559E-18	1.605091E-19
2.134704E+03	2.601507E-18	1.603937E-19
2.174235E+03	2.637427E-18	1.618486E-19
2.213767E+03	2.699723E-18	1.648750E-19
2.253298E+03	2.781130E-18	1.690063E-19
2.292830E+03	2.873366E-18	1.737225E-19
2.332362E+03	2.968992E-18	1.785636E-19
2.371893E+03	3.063320E-18	1.832436E-19
2.411425E+03	3.153467E-18	1.875895E-19
2.450956E+03	3.240036E-18	1.916388E-19
2.490488E+03	3.322619E-18	1.953688E-19
2.530019E+03	3.402479E-18	1.988548E-19
2.569551E+03	3.479755E-18	2.021056E-19
2.609082E+03	3.555894E-18	2.052052E-19
2.648614E+03	3.632327E-18	2.082344E-19
2.688145E+03	3.709174E-18	2.111973E-19
2.727677E+03	3.788457E-18	2.142054E-19
2.767209E+03	3.869627E-18	2.172225E-19
2.806740E+03	3.955342E-18	2.203916E-19
2.846272E+03	4.045728E-18	2.237113E-19
2.885803E+03	4.142231E-18	2.272520E-19
2.925335E+03	4.245713E-18	2.310496E-19
2.964866E+03	4.358389E-18	2.352109E-19
2.974749E+03	4.388332E-18	2.363244E-19
2.984632E+03	4.418572E-18	2.374443E-19
2.994515E+03	4.449765E-18	2.386058E-19
3.004398E+03	4.481298E-18	2.397755E-19
3.014281E+03	4.513854E-18	2.409898E-19
3.024164E+03	4.547479E-18	2.422507E-19
3.034047E+03	4.581589E-18	2.435267E-19
3.043929E+03	4.616750E-18	2.448476E-19
3.053812E+03	4.653198E-18	2.462255E-19
3.063695E+03	4.690285E-18	2.476255E-19
3.073578E+03	4.728645E-18	2.490808E-19
3.083461E+03	4.768279E-18	2.505909E-19
3.093344E+03	4.808545E-18	2.521216E-19
3.103227E+03	4.850089E-18	2.537064E-19
3.113110E+03	4.892918E-18	2.553450E-19
3.122993E+03	4.937042E-18	2.570375E-19
3.132875E+03	4.982473E-18	2.587840E-19
3.142758E+03	5.028576E-18	2.605508E-19
3.152641E+03	5.076015E-18	2.623720E-19
3.162524E+03	5.124808E-18	2.642479E-19
3.172407E+03	5.174973E-18	2.661790E-19
3.182290E+03	5.226536E-18	2.681657E-19
3.192173E+03	5.279520E-18	2.702087E-19
3.202056E+03	5.333950E-18	2.723087E-19
3.211939E+03	5.389197E-18	2.744329E-19
3.221821E+03	5.446605E-18	2.766491E-19
3.231704E+03	5.505550E-18	2.789249E-19
3.241587E+03	5.565400E-18	2.812274E-19
3.251470E+03	5.627516E-18	2.836250E-19
3.261353E+03	5.691275E-18	2.860851E-19
3.271236E+03	5.756039E-18	2.885752E-19
3.281119E+03	5.823192E-18	2.911637E-19
3.291002E+03	5.892104E-18	2.938182E-19
3.300885E+03	5.963497E-18	2.965739E-19
3.310767E+03	6.036061E-18	2.993644E-19
3.320650E+03	6.110516E-18	3.022250E-19
3.330533E+03	6.187598E-18	3.051909E-19
3.340416E+03	6.266674E-18	3.082297E-19
3.350299E+03	6.347794E-18	3.113430E-19
3.360182E+03	6.431705E-18	3.145663E-19
3.370065E+03	6.517075E-18	3.178331E-19
3.379948E+03	6.605349E-18	3.212133E-19
3.389831E+03	6.696597E-18	3.247086E-19
3.399713E+03	6.790177E-18	3.282865E-19
3.409596E+03	6.886148E-18	3.319488E-19
3.419479E+03	6.985289E-18	3.357318E-19
3.429362E+03	7.086952E-18	3.396027E-19
3.439245E+03	7.191202E-18	3.435634E-19
3.449128E+03	7.298831E-18	3.476504E-19
3.459011E+03	7.409922E-18	3.518658E-19
3.468894E+03	7.523816E-18	3.561768E-19
3.478776E+03	7.641325E-18	3.606202E-19
3.488659E+03	7.761789E-18	3.651632E-19
3.498542E+03	7.886032E-18	3.698429E-19
3.508425E+03	8.014142E-18	3.746614E-19
3.518308E+03	8.145444E-18	3.795853E-19
3.528191E+03	8.281557E-18	3.846883E-19
3.538074E+03	8.420276E-18	3.898656E-19
3.547957E+03	8.563980E-18	3.952257E-19
3.557840E+03	8.711231E-18	4.007000E-19
3.567722E+03	8.863693E-18	4.063627E-19
3.577605E+03	9.019881E-18	4.121434E-19
3.587488E+03	9.180686E-18	4.180806E-19
3.597371E+03	9.346211E-18	4.241765E-19
3.607254E+03	9.516561E-18	4.304335E-19
3.617137E+03	9.691030E-18	4.368171E-19
3.627020E+03	9.871345E-18	4.434027E-19
3.636903E+03	1.005681E-17	4.501558E-19
3.646786E+03	1.024752E-17	4.570784E-19
3.656668E+03	1.044361E-17	4.641732E-19
3.666551E+03	1.064518E-17	4.714416E-19
3.676434E+03	1.085233E-17	4.788853E-19
3.686317E+03	1.106605E-17	4.865450E-19
3.696200E+03	1.128472E-17	4.943457E-19
3.706083E+03	1.151020E-17	5.023663E-19
3.715966E+03	1.174173E-17	5.105693E-19
3.725849E+03	1.197941E-17	5.189565E-19
3.735732E+03	1.222428E-17	5.275689E-19
3.745614E+03	1.247554E-17	5.363679E-19
3.755497E+03	1.273331E-17	5.453552E-19
3.765380E+03	1.299862E-17	5.545714E-19
3.775263E+03	1.327065E-17	5.639774E-19
3.785146E+03	1.354951E-17	5.735738E-19
3.795029E+03	1.383627E-17	5.834016E-19
3.804912E+03	1.413006E-17	5.934203E-19
3.814795E+03	1.443197E-17	6.036711E-19
3.824678E+03	1.474211E-17	6.141538E-19
3.834560E+03	1.505959E-17	6.248272E-19
3.844443E+03	1.538448E-17	6.356898E-19
3.854326E+03	1.571788E-17	6.467823E-19
3.864209E+03	1.605988E-17	6.581038E-19
3.874092E+03	1.640954E-17	6.696102E-19
3.883975E+03	1.676795E-17	6.813421E-19
3.893858E+03	1.713517E-17	6.932967E-19
3.903741E+03	1.751022E-17	7.054288E-19
3.913624E+03	1.789420E-17	7.177780E-19
3.923506E+03	1.828714E-17	7.303405E-19
3.933389E+03	1.868798E-17	7.430685E-19
3.943272E+03	1.909782E-17	7.560009E-19
3.953155E+03	1.951667E-17	7.691326E-19
3.963038E+03	1.994453E-17	7.824580E-19
3.972921E+03	2.038022E-17	7.959261E-19
3.982804E+03	2.082484E-17	8.095741E-19
3.992687E+03	2.127832E-17	8.233945E-19
4.002570E+03	2.174061E-17	8.373792E-19
4.012452E+03	2.221160E-17	8.515194E-19
4.022335E+03	2.268999E-17	8.657593E-19
4.032218E+03	2.317680E-17	8.801337E-19
4.042101E+03	2.367191E-17	8.946318E-19
4.051984E+03	2.417511E-17	9.092415E-19
4.061867E+03	2.468620E-17	9.239496E-19
4.071750E+03	2.520369E-17	9.386958E-19
4.081633E+03	2.572982E-17	9.535586E-19
4.091516E+03	2.626178E-17	9.684287E-19
4.101398E+03	2.680048E-17	9.833364E-19
4.111281E+03	2.734428E-17	9.982170E-19
4.121164E+03	2.789539E-17	1.013147E-18
4.131047E+03	2.845076E-17	1.028012E-18
4.140930E+03	2.901125E-17	1.042839E-18
4.150813E+03	2.957638E-17	1.057608E-18
4.160696E+03	3.014563E-17	1.072297E-18
4.170579E+03	3.071707E-17	1.086835E-18
4.180462E+03	3.129150E-17	1.101248E-18
4.190344E+03	3.186691E-17	1.115463E-18
4.200227E+03	3.244546E-17	1.129555E-18
4.210110E+03	3.302234E-17	1.143354E-18
4.219993E+03	3.360111E-17	1.156984E-18
4.229876E+03	3.417832E-17	1.170325E-18
4.239759E+03	3.475479E-17	1.183405E-18
4.249642E+03	3.532851E-17	1.196156E-18
4.259525E+03	3.589899E-17	1.208562E-18
4.269408E+03	3.646719E-17	1.220658E-18
4.279290E+03	3.703280E-17	1.232434E-18
4.289173E+03	3.759415E-17	1.243835E-18
4.299056E+03	3.815113E-17	1.254860E-18
4.308939E+03	3.870375E-17	1.265512E-18
4.318822E+03	3.925355E-17	1.275844E-18
4.328705E+03	3.979915E-17	1.285811E-18
4.338588E+03	4.034044E-17	1.295413E-18
4.348471E+03	4.087850E-17	1.304686E-18
4.358354E+03	4.140966E-17	1.313516E-18
4.368236E+03	4.193447E-17	1.321924E-18
4.378119E+03	4.245191E-17	1.329881E-18
4.388002E+03	4.296251E-17	1.337409E-18
4.397885E+03	4.346242E-17	1.344392E-18
4.407768E+03	4.395239E-17	1.350860E-18
4.417651E+03	4.443027E-17	1.356753E-18
4.427534E+03	4.489852E-17	1.362153E-18
4.437417E+03	4.535230E-17	1.366920E-18
4.447300E+03	4.579575E-17	1.371186E-18
4.457182E+03	4.622570E-17	1.374864E-18
4.467065E+03	4.664203E-17	1.377958E-18
4.476948E+03	4.704616E-17	1.380517E-18
4.486831E+03	4.743667E-17	1.382506E-18
4.496714E+03	4.781362E-17	1.383935E-18
4.506597E+03	4.817862E-17	1.384857E-18
4.516480E+03	4.852891E-17	1.385200E-18
4.526363E+03	4.886760E-17	1.385060E-18
4.536245E+03	4.919347E-17	1.384409E-18
4.546128E+03	4.950532E-17	1.383221E-18
4.556011E+03	4.980487E-17	1.381551E-18
4.565894E+03	5.009241E-17	1.379414E-18
4.575777E+03	5.036824E-17	1.376824E-18
4.585660E+03	5.063124E-17	1.373759E-18
4.595543E+03	5.088319E-17	1.370273E-18
4.605426E+03	5.112299E-17	1.366343E-18
4.615309E+03	5.135242E-17	1.362022E-18
4.625191E+03	5.157042E-17	1.357290E-18
4.635074E+03	5.177737E-17	1.352162E-18
4.644957E+03	5.197503E-17	1.346690E-18
4.654840E+03	5.216101E-17	1.340818E-18
4.664723E+03	5.233846E-17	1.334634E-18
4.674606E+03	5.250503E-17	1.328083E-18
4.684489E+03	5.266384E-17	1.321249E-18
4.694372E+03	5.281259E-17	1.314080E-18
4.704255E+03	5.295303E-17	1.306625E-18
4.714137E+03	5.308555E-17	1.298899E-18
4.724020E+03	5.320926E-17	1.290885E-18
4.733903E+03	5.332587E-17	1.282629E-18
4.743786E+03	5.343452E-17	1.274116E-18
4.753669E+03	5.353690E-17	1.265389E-18
4.763552E+03	5.363215E-17	1.256434E-18
4.773435E+03	5.372069E-17	1.247264E-18
4.783318E+03	5.380422E-17	1.237923E-18
4.793201E+03	5.388187E-17	1.228394E-18
4.803083E+03	5.395409E-17	1.218692E-18
4.812966E+03	5.402127E-17	1.208829E-18
4.822849E+03	5.408386E-17	1.198818E-18
4.832732E+03	5.414227E-17	1.188673E-18
4.842615E+03	5.419691E-17	1.178404E-18
4.852498E+03	5.424820E-17	1.168025E-18
4.862381E+03	5.429654E-17	1.157546E-18
4.872264E+03	5.434117E-17	1.146953E-18
4.882147E+03	5.438369E-17	1.136284E-18
4.892029E+03	5.442450E-17	1.125549E-18
4.901912E+03	5.446400E-17	1.114759E-18
4.911795E+03	5.450142E-17	1.103898E-18
4.921678E+03	5.453720E-17	1.092979E-18
4.931561E+03	5.457288E-17	1.082034E-18
4.941444E+03	5.460886E-17	1.071073E-18
4.951327E+03	5.464439E-17	1.060081E-18
4.961210E+03	5.468100E-17	1.049091E-18
4.971093E+03	5.471795E-17	1.038088E-18
4.980975E+03	5.475565E-17	1.027083E-18
4.990858E+03	5.479560E-17	1.016103E-18
5.000741E+03	5.483707E-17	1.005136E-18
5.010624E+03	5.488046E-17	9.941910E-19
5.020507E+03	5.492725E-17	9.832941E-19
5.030390E+03	5.497565E-17	9.724140E-19
5.040273E+03	5.502931E-17	9.616157E-19
5.050156E+03	5.508535E-17	9.508490E-19
5.060039E+03	5.514526E-17	9.401399E-19
5.069921E+03	5.521049E-17	9.295135E-19
5.079804E+03	5.528035E-17	9.189578E-19
5.089687E+03	5.535523E-17	9.084793E-19
5.099570E+03	5.543553E-17	8.980849E-19
5.109453E+03	5.552270E-17	8.877974E-19
5.119336E+03	5.561503E-17	8.775894E-19
5.129219E+03	5.571501E-17	8.675005E-19
5.139102E+03	5.582200E-17	8.575201E-19
5.148985E+03	5.593640E-17	8.476545E-19
5.158867E+03	5.605864E-17	8.379100E-19
5.168750E+03	5.618912E-17	8.282929E-19
5.178633E+03	5.632827E-17	8.188096E-19
5.188516E+03	5.647756E-17	8.094814E-19
5.198399E+03	5.663536E-17	8.002853E-19
5.208282E+03	5.680419E-17	7.912573E-19
5.218165E+03	5.698245E-17	7.823759E-19
5.228048E+03	5.717268E-17	7.736766E-19
5.237931E+03	5.737434E-17	7.651530E-19
5.247813E+03	5.758796E-17	7.568133E-19
5.257696E+03	5.781508E-17	7.486792E-19
5.267579E+03	5.805425E-17	7.407335E-19
5.277462E+03	5.830710E-17	7.329994E-19
5.287345E+03	5.857528E-17	7.255000E-19
5.297228E+03	5.885747E-17	7.182216E-19
5.307111E+03	5.915647E-17	7.112016E-19
5.316994E+03	5.947211E-17	7.044412E-19
5.326877E+03	5.980535E-17	6.979558E-19
5.336759E+03	6.015724E-17	6.917619E-19
5.346642E+03	6.052900E-17	6.858783E-19
5.356525E+03	6.092201E-17	6.803259E-19
5.366408E+03	6.133887E-17	6.751390E-19
5.376291E+03	6.177934E-17	6.703209E-19
5.386174E+03	6.224756E-17	6.659226E-19
5.396057E+03	6.274375E-17	6.619531E-19
5.405940E+03	6.327244E-17	6.584673E-19
5.415823E+03	6.383398E-17	6.554760E-19
5.425705E+03	6.443249E-17	6.530295E-19
5.435588E+03	6.506809E-17	6.511379E-19
5.445471E+03	6.574094E-17	6.498128E-19
5.455354E+03	6.645032E-17	6.490592E-19
5.465237E+03	6.719401E-17	6.488695E-19
5.475120E+03	6.797286E-17	6.492678E-19
5.485003E+03	6.878455E-17	6.502496E-19
5.494886E+03	6.962687E-17	6.518135E-19
5.504768E+03	7.050109E-17	6.539922E-19
5.514651E+03	7.140523E-17	6.567894E-19
5.524534E+03	7.233739E-17	6.602106E-19
5.534417E+03	7.329792E-17	6.642778E-19
5.544300E+03	7.428604E-17	6.689874E-19
5.554183E+03	7.530100E-17	6.743328E-19
5.564066E+03	7.634210E-17	6.803069E-19
5.573949E+03	7.740740E-17	6.868911E-19
5.583832E+03	7.849748E-17	6.940878E-19
5.593714E+03	7.961158E-17	7.018870E-19
5.603597E+03	8.074887E-17	7.102768E-19
5.613480E+03	8.190747E-17	7.192355E-19
5.623363E+03	8.308769E-17	7.287593E-19
5.633246E+03	8.428754E-17	7.388236E-19
5.643129E+03	8.550721E-17	7.494219E-19
5.653012E+03	8.674458E-17	7.605269E-19
5.662895E+03	8.799973E-17	7.721294E-19
5.672778E+03	8.927034E-17	7.841987E-19
5.682660E+03	9.055661E-17	7.967254E-19
5.692543E+03	9.185576E-17	8.096736E-19
5.702426E+03	9.316658E-17	8.230201E-19
5.712309E+03	9.448758E-17	8.367393E-19
5.722192E+03	9.581854E-17	8.508160E-19
5.732075E+03	9.715664E-17	8.652118E-19
5.741958E+03	9.850006E-17	8.798966E-19
5.751841E+03	9.984710E-17	8.948413E-19
5.761724E+03	1.011957E-16	9.100133E-19
5.771606E+03	1.025441E-16	9.253825E-19
5.781489E+03	1.038902E-16	9.409145E-19
5.791372E+03	1.052317E-16	9.565755E-19
5.801255E+03	1.065665E-16	9.723317E-19
5.811138E+03	1.078922E-16	9.881470E-19
5.821021E+03	1.092048E-16	1.003970E-18
5.830904E+03	1.105035E-16	1.019780E-18
5.840787E+03	1.117856E-16	1.035538E-18
5.850670E+03	1.130483E-16	1.051206E-18
5.860552E+03	1.142875E-16	1.066731E-18
5.870435E+03	1.155019E-16	1.082090E-18
5.880318E+03	1.166870E-16	1.097227E-18
5.890201E+03	1.178416E-16	1.112121E-18
5.900084E+03	1.189626E-16	1.126732E-18
5.909967E+03	1.200457E-16	1.141006E-18
5.919850E+03	1.210875E-16	1.154906E-18
5.929733E+03	1.220871E-16	1.168409E-18
5.939616E+03	1.230397E-16	1.181465E-18
5.949498E+03	1.239425E-16	1.194038E-18
5.959381E+03	1.247944E-16	1.206111E-18
5.969264E+03	1.255912E-16	1.217638E-18
5.979147E+03	1.263302E-16	1.228588E-18
5.989030E+03	1.270092E-16	1.238936E-18
5.998913E+03	1.276281E-16	1.248677E-18
6.008796E+03	1.281832E-16	1.257775E-18
6.018679E+03	1.286734E-16	1.266216E-18
6.028562E+03	1.290976E-16	1.273991E-18
6.038444E+03	1.294573E-16	1.281114E-18
6.048327E+03	1.297491E-16	1.287555E-18
6.058210E+03	1.299774E-16	1.293360E-18
6.068093E+03	1.301422E-16	1.298532E-18
6.077976E+03	1.302457E-16	1.303098E-18
6.087859E+03	1.302910E-16	1.307095E-18
6.097742E+03	1.302817E-16	1.310565E-18
6.107625E+03	1.302231E-16	1.313570E-18
6.117508E+03	1.301145E-16	1.316110E-18
6.127390E+03	1.299607E-16	1.318244E-18
6.137273E+03	1.297598E-16	1.319958E-18
6.147156E+03	1.295107E-16	1.321247E-18
6.157039E+03	1.292144E-16	1.322119E-18
6.166922E+03	1.288680E-16	1.322548E-18
6.176805E+03	1.284697E-16	1.322514E-18
6.186688E+03	1.280254E-16	1.322080E-18
6.196571E+03	1.275309E-16	1.321204E-18
6.206454E+03	1.269914E-16	1.319941E-18
6.216336E+03	1.264075E-16	1.318299E-18
6.226219E+03	1.257833E-16	1.316323E-18
6.236102E+03	1.251202E-16	1.314029E-18
6.245985E+03	1.244211E-16	1.311450E-18
6.255868E+03	1.236911E-16	1.308644E-18
6.265751E+03	1.229338E-16	1.305649E-18
6.275634E+03	1.221508E-16	1.302487E-18
6.285517E+03	1.213473E-16	1.299215E-18
6.295400E+03	1.205252E-16	1.295858E-18
6.305282E+03	1.196913E-16	1.292493E-18
6.315165E+03	1.188457E-16	1.289124E-18
6.325048E+03	1.179917E-16	1.285792E-18
6.334931E+03	1.171362E-16	1.282574E-18
6.344814E+03	1.162807E-16	1.279494E-18
6.354697E+03	1.154270E-16	1.276574E-18
6.364580E+03	1.145817E-16	1.273892E-18
6.374463E+03	1.137465E-16	1.271474E-18
6.384346E+03	1.129250E-16	1.269363E-18
6.394228E+03	1.121206E-16	1.267606E-18
6.404111E+03	1.113371E-16	1.266251E-18
6.413994E+03	1.105798E-16	1.265366E-18
6.423877E+03	1.098512E-16	1.264981E-18
6.433760E+03	1.091546E-16	1.265127E-18
6.443643E+03	1.084945E-16	1.265849E-18
6.453526E+03	1.078728E-16	1.267158E-18
6.463409E+03	1.072879E-16	1.269032E-18
6.473291E+03	1.067397E-16	1.271461E-18
6.483174E+03	1.062252E-16	1.274404E-18
6.493057E+03	1.057396E-16	1.277797E-18
6.502940E+03	1.052823E-16	1.281626E-18
6.512823E+03	1.048474E-16	1.285813E-18
6.522706E+03	1.044335E-16	1.290330E-18
6.532589E+03	1.040394E-16	1.295160E-18
6.542472E+03	1.036601E-16	1.300230E-18
6.552355E+03	1.032968E-16	1.305546E-18
6.562237E+03	1.029463E-16	1.311061E-18
6.572120E+03	1.026071E-16	1.316748E-18
6.582003E+03	1.022779E-16	1.322583E-18
6.591886E+03	1.019594E-16	1.328565E-18
6.601769E+03	1.016503E-16	1.334671E-18
6.611652E+03	1.013470E-16	1.340845E-18
6.621535E+03	1.010532E-16	1.347128E-18
6.631418E+03	1.007652E-16	1.353465E-18
6.641301E+03	1.004841E-16	1.359862E-18
6.651183E+03	1.002077E-16	1.366283E-18
6.661066E+03	9.993725E-17	1.372738E-18
6.670949E+03	9.967239E-17	1.379215E-18
6.680832E+03	9.941279E-17	1.385704E-18
6.690715E+03	9.915815E-17	1.392195E-18
6.700598E+03	9.890832E-17	1.398678E-18
6.710481E+03	9.866328E-17	1.405150E-18
6.720364E+03	9.842279E-17	1.411601E-18
6.730247E+03	9.818674E-17	1.418024E-18
6.740129E+03	9.795525E-17	1.424417E-18
6.750012E+03	9.772831E-17	1.430775E-18
6.759895E+03	9.750735E-17	1.437115E-18
6.769778E+03	9.729096E-17	1.443413E-18
6.779661E+03	9.707926E-17	1.449666E-18
6.789544E+03	9.687233E-17	1.455873E-18
6.799427E+03	9.667179E-17	1.462054E-18
6.809310E+03	9.647764E-17	1.468208E-18
6.819193E+03	9.628727E-17	1.474293E-18
6.829075E+03	9.610368E-17	1.480351E-18
6.838958E+03	9.592699E-17	1.486384E-18
6.848841E+03	9.575597E-17	1.492369E-18
6.858724E+03	9.559214E-17	1.498331E-18
6.868607E+03	9.543410E-17	1.504244E-18
6.878490E+03	9.528365E-17	1.510138E-18
6.888373E+03	9.514088E-17	1.516011E-18
6.898256E+03	9.500430E-17	1.521842E-18
6.908139E+03	9.487562E-17	1.527655E-18
6.918021E+03	9.475485E-17	1.533451E-18
6.927904E+03	9.464067E-17	1.539208E-18
6.937787E+03	9.453451E-17	1.544951E-18
6.947670E+03	9.443656E-17	1.550682E-18
6.957553E+03	9.434524E-17	1.556375E-18
6.967436E+03	9.426357E-17	1.562081E-18
6.977319E+03	9.418863E-17	1.567752E-18
6.987202E+03	9.412180E-17	1.573411E-18
6.997085E+03	9.406306E-17	1.579060E-18
7.006967E+03	9.401233E-17	1.584697E-18
7.016850E+03	9.396801E-17	1.590296E-18
7.026733E+03	9.393304E-17	1.595909E-18
7.036616E+03	9.390424E-17	1.601482E-18
7.046499E+03	9.388299E-17	1.607040E-18
7.056382E+03	9.386913E-17	1.612581E-18
7.066265E+03	9.386248E-17	1.618104E-18
7.076148E+03	9.386281E-17	1.623605E-18
7.086031E+03	9.386994E-17	1.629084E-18
7.095913E+03	9.388362E-17	1.634537E-18
7.105796E+03	9.390362E-17	1.639962E-18
7.115679E+03	9.392967E-17	1.645355E-18
7.125562E+03	9.395994E-17	1.650686E-18
7.135445E+03	9.399726E-17	1.656007E-18
7.145328E+03	9.403976E-17	1.661286E-18
7.155211E+03	9.408559E-17	1.666493E-18
7.165094E+03	9.413755E-17	1.671678E-18
7.174977E+03	9.419218E-17	1.676782E-18
7.184859E+03	9.425229E-17	1.681859E-18
7.194742E+03	9.431439E-17	1.686846E-18
7.204625E+03	9.438131E-17	1.691797E-18
7.214508E+03	9.444952E-17	1.696652E-18
7.224391E+03	9.452025E-17	1.701434E-18
7.234274E+03	9.459476E-17	1.706169E-18
7.244157E+03	9.466949E-17	1.710796E-18
7.254040E+03	9.474730E-17	1.715368E-18
7.263923E+03	9.482462E-17	1.719824E-18
7.273805E+03	9.490270E-17	1.724190E-18
7.283688E+03	9.498284E-17	1.728493E-18
7.293571E+03	9.506139E-17	1.732669E-18
7.303454E+03	9.514142E-17	1.736778E-18
7.313337E+03	9.521914E-17	1.740754E-18
7.323220E+03	9.529588E-17	1.744626E-18
7.333103E+03	9.537307E-17	1.748423E-18
7.342986E+03	9.544701E-17	1.752082E-18
7.352869E+03	9.551912E-17	1.755634E-18
7.362751E+03	9.559065E-17	1.759105E-18
7.372634E+03	9.565797E-17	1.762434E-18
7.382517E+03	9.572424E-17	1.765683E-18
7.392400E+03	9.578574E-17	1.768790E-18
7.402283E+03	9.584390E-17	1.771785E-18
7.412166E+03	9.590015E-17	1.774701E-18
7.422049E+03	9.595068E-17	1.777473E-18
7.431932E+03	9.599711E-17	1.780137E-18
7.441814E+03	9.604078E-17	1.782722E-18
7.451697E+03	9.607796E-17	1.785167E-18
7.461580E+03	9.611200E-17	1.787540E-18
7.471463E+03	9.613907E-17	1.789777E-18
7.481346E+03	9.616061E-17	1.791910E-18
7.491229E+03	9.617824E-17	1.793977E-18
7.501112E+03	9.618813E-17	1.795913E-18
7.510995E+03	9.619354E-17	1.797787E-18
7.520878E+03	9.619084E-17	1.799538E-18
7.530760E+03	9.618134E-17	1.801198E-18
7.540643E+03	9.616659E-17	1.802803E-18
7.550526E+03	9.614286E-17	1.804292E-18
7.560409E+03	9.611348E-17	1.805734E-18
7.570292E+03	9.607462E-17	1.807067E-18
7.580175E+03	9.602944E-17	1.808356E-18
7.590058E+03	9.597430E-17	1.809543E-18
7.599941E+03	9.591053E-17	1.810659E-18
7.609824E+03	9.583980E-17	1.811744E-18
7.619706E+03	9.575816E-17	1.812733E-18
7.629589E+03	9.566895E-17	1.813697E-18
7.639472E+03	9.556830E-17	1.814569E-18
7.649355E+03	9.545949E-17	1.815421E-18
7.659238E+03	9.533864E-17	1.816186E-18
7.669121E+03	9.520909E-17	1.816936E-18
7.679004E+03	9.506689E-17	1.817605E-18
7.688887E+03	9.491541E-17	1.818262E-18
7.698770E+03	9.475072E-17	1.818841E-18
7.708652E+03	9.457617E-17	1.819413E-18
7.718535E+03	9.438968E-17	1.819945E-18
7.728418E+03	9.418917E-17	1.820403E-18
7.738301E+03	9.397803E-17	1.820859E-18
7.748184E+03	9.375240E-17	1.821246E-18
7.758067E+03	9.351576E-17	1.821634E-18
7.767950E+03	9.326430E-17	1.821957E-18
7.777833E+03	9.300157E-17	1.822287E-18
7.787716E+03	9.272389E-17	1.822558E-18
7.797598E+03	9.243494E-17	1.822845E-18
7.807481E+03	9.213304E-17	1.823119E-18
7.817364E+03	9.181660E-17	1.823352E-18
7.827247E+03	9.148966E-17	1.823626E-18
7.837130E+03	9.114914E-17	1.823882E-18
7.847013E+03	9.079942E-17	1.824209E-18
7.856896E+03	9.043788E-17	1.824557E-18
7.866779E+03	9.006941E-17	1.825024E-18
7.876662E+03	8.969196E-17	1.825562E-18
7.886544E+03	8.931110E-17	1.826273E-18
7.896427E+03	8.892551E-17	1.827120E-18
7.906310E+03	8.853969E-17	1.828186E-18
7.916193E+03	8.815837E-17	1.829560E-18
7.926076E+03	8.778093E-17	1.831222E-18
7.935959E+03	8.741165E-17	1.833252E-18
7.945842E+03	8.705189E-17	1.835675E-18
7.955725E+03	8.670321E-17	1.838517E-18
7.965608E+03	8.636033E-17	1.841661E-18
7.975490E+03	8.602252E-17	1.845084E-18
7.985373E+03	8.568705E-17	1.848721E-18
7.995256E+03	8.534965E-17	1.852471E-18
8.005139E+03	8.501175E-17	1.856356E-18
8.015022E+03	8.466986E-17	1.860292E-18
8.024905E+03	8.432268E-17	1.864238E-18
8.034788E+03	8.396748E-17	1.868125E-18
8.044671E+03	8.360721E-17	1.872006E-18
8.054554E+03	8.323793E-17	1.875781E-18
8.064436E+03	8.286126E-17	1.879476E-18
8.074319E+03	8.247722E-17	1.883080E-18
8.084202E+03	8.208774E-17	1.886625E-18
8.094085E+03	8.168775E-17	1.889984E-18
8.103968E+03	8.128291E-17	1.893276E-18
8.113851E+03	8.087186E-17	1.896459E-18
8.123734E+03	8.045326E-17	1.899491E-18
8.133617E+03	8.003113E-17	1.902456E-18
8.143500E+03	7.960241E-17	1.905272E-18
8.153382E+03	7.916935E-17	1.907983E-18
8.163265E+03	7.873246E-17	1.910592E-18
8.173148E+03	7.829046E-17	1.913058E-18
8.183031E+03	7.784730E-17	1.915470E-18
8.192914E+03	7.739996E-17	1.917746E-18
8.202797E+03	7.695059E-17	1.919930E-18
8.212680E+03	7.649961E-17	1.922027E-18
8.222563E+03	7.604567E-17	1.923993E-18
8.232446E+03	7.559256E-17	1.925920E-18
8.242328E+03	7.513718E-17	1.927722E-18
8.252211E+03	7.468154E-17	1.929444E-18
8.262094E+03	7.422591E-17	1.931087E-18
8.271977E+03	7.376883E-17	1.932608E-18
8.281860E+03	7.331221E-17	1.934052E-18
8.291743E+03	7.285624E-17	1.935419E-18
8.301626E+03	7.240107E-17	1.936709E-18
8.311509E+03	7.194516E-17	1.937875E-18
8.321392E+03	7.149194E-17	1.939007E-18
8.331274E+03	7.103649E-17	1.939966E-18
8.341157E+03	7.058387E-17	1.940887E-18
8.351040E+03	7.013077E-17	1.941676E-18
8.360923E+03	6.967884E-17	1.942374E-18
8.370806E+03	6.922810E-17	1.942979E-18
8.380689E+03	6.877682E-17	1.943439E-18
8.390572E+03	6.832661E-17	1.943797E-18
8.400455E+03	6.787739E-17	1.944047E-18
8.410338E+03	6.742744E-17	1.944138E-18
8.420220E+03	6.697826E-17	1.944108E-18
8.430103E+03	6.652975E-17	1.943953E-18
8.439986E+03	6.608015E-17	1.943619E-18
8.449869E+03	6.563094E-17	1.943146E-18
8.459752E+03	6.518197E-17	1.942527E-18
8.469635E+03	6.473147E-17	1.941708E-18
8.479518E+03	6.428089E-17	1.940727E-18
8.489401E+03	6.382848E-17	1.939531E-18
8.499283E+03	6.337567E-17	1.938159E-18
8.509166E+03	6.292232E-17	1.936604E-18
8.519049E+03	6.246824E-17	1.934860E-18
8.528932E+03	6.201174E-17	1.932869E-18
8.538815E+03	6.155424E-17	1.930675E-18
8.548698E+03	6.109404E-17	1.928222E-18
8.558581E+03	6.063261E-17	1.925551E-18
8.568464E+03	6.016984E-17	1.922659E-18
8.578347E+03	5.970408E-17	1.919489E-18
8.588229E+03	5.923683E-17	1.916087E-18
8.598112E+03	5.876647E-17	1.912398E-18
8.607995E+03	5.829453E-17	1.908469E-18
8.617878E+03	5.782098E-17	1.904297E-18
8.627761E+03	5.734583E-17	1.899881E-18
8.637644E+03	5.686757E-17	1.895168E-18
8.647527E+03	5.638626E-17	1.890158E-18
8.657410E+03	5.590500E-17	1.884951E-18
8.667293E+03	5.542086E-17	1.879449E-18
8.677175E+03	5.493545E-17	1.873704E-18
8.687058E+03	5.444740E-17	1.867667E-18
8.696941E+03	5.395837E-17	1.861394E-18
8.706824E+03	5.346851E-17	1.854888E-18
8.716707E+03	5.297655E-17	1.848105E-18
8.726590E+03	5.248415E-17	1.841100E-18
8.736473E+03	5.199154E-17	1.833882E-18
8.746356E+03	5.149748E-17	1.826407E-18
8.756239E+03	5.100371E-17	1.818733E-18
8.766121E+03	5.051045E-17	1.810871E-18
8.776004E+03	5.001655E-17	1.802778E-18
8.785887E+03	4.952514E-17	1.794568E-18
8.795770E+03	4.903365E-17	1.786147E-18
8.805653E+03	4.854240E-17	1.777529E-18
8.815536E+03	4.805446E-17	1.768825E-18
8.825419E+03	4.756733E-17	1.759946E-18
8.835302E+03	4.708271E-17	1.750955E-18
8.845185E+03	4.660087E-17	1.741863E-18
8.855067E+03	4.612209E-17	1.732684E-18
8.864950E+03	4.564532E-17	1.723378E-18
8.874833E+03	4.517216E-17	1.714009E-18
8.884716E+03	4.470289E-17	1.704590E-18
8.894599E+03	4.423777E-17	1.695131E-18
8.934131E+03	4.242081E-17	1.657047E-18
8.973662E+03	4.068506E-17	1.619152E-18
9.013194E+03	3.904424E-17	1.582207E-18
9.052725E+03	3.750256E-17	1.546622E-18
9.092257E+03	3.606839E-17	1.512990E-18
9.131788E+03	3.473837E-17	1.481428E-18
9.171320E+03	3.351240E-17	1.452179E-18
9.210851E+03	3.238612E-17	1.425296E-18
9.250383E+03	3.135341E-17	1.400739E-18
9.289915E+03	3.040583E-17	1.378339E-18
9.329446E+03	2.953643E-17	1.357971E-18
9.368978E+03	2.873544E-17	1.339358E-18
9.408509E+03	2.799414E-17	1.322240E-18
9.448041E+03	2.730268E-17	1.306282E-18
9.487572E+03	2.665494E-17	1.291302E-18
9.527104E+03	2.603953E-17	1.276840E-18
9.566635E+03	2.545030E-17	1.262670E-18
9.606167E+03	2.487964E-17	1.248475E-18
9.645698E+03	2.432200E-17	1.234026E-18
9.685230E+03	2.377175E-17	1.219074E-18
9.724762E+03	2.322432E-17	1.203416E-18
9.764293E+03	2.267751E-17	1.186959E-18
9.803825E+03	2.212778E-17	1.169537E-18
9.843356E+03	2.157622E-17	1.151224E-18
9.882888E+03	2.102000E-17	1.131884E-18
9.922419E+03	2.046188E-17	1.111680E-18
9.961951E+03	1.990159E-17	1.090615E-18
1.000148E+04	1.934053E-17	1.068782E-18
1.004101E+04	1.878161E-17	1.046361E-18
1.008055E+04	1.822426E-17	1.023343E-18
1.012008E+04	1.767166E-17	9.999299E-19
1.015961E+04	1.712572E-17	9.762539E-19
1.019914E+04	1.658831E-17	9.524493E-19
