#wls	flux	fluxerr
1.573796E+03	1.218951E-04	4.040374E-05
1.613141E+03	1.256543E-04	4.136382E-05
1.652486E+03	1.296882E-04	4.239053E-05
1.691831E+03	1.340095E-04	4.348533E-05
1.731176E+03	1.385849E-04	4.463483E-05
1.770521E+03	1.435120E-04	4.586759E-05
1.809866E+03	1.487541E-04	4.716860E-05
1.849211E+03	1.542680E-04	4.852098E-05
1.888556E+03	1.601457E-04	4.995043E-05
1.927900E+03	1.662864E-04	5.142196E-05
1.967245E+03	1.727743E-04	5.295824E-05
2.006590E+03	1.795423E-04	5.453498E-05
2.045935E+03	1.865121E-04	5.612507E-05
2.085280E+03	1.937513E-04	5.774585E-05
2.124625E+03	2.011672E-04	5.936638E-05
2.163970E+03	2.086562E-04	6.095354E-05
2.203315E+03	2.162721E-04	6.252096E-05
2.242660E+03	2.238465E-04	6.401805E-05
2.282005E+03	2.313750E-04	6.544258E-05
2.321350E+03	2.387423E-04	6.676149E-05
2.360694E+03	2.459527E-04	6.797623E-05
2.400039E+03	2.529633E-04	6.907538E-05
2.439384E+03	2.596841E-04	7.003549E-05
2.478729E+03	2.661001E-04	7.085436E-05
2.518074E+03	2.722764E-04	7.155110E-05
2.557419E+03	2.781818E-04	7.211915E-05
2.596764E+03	2.838704E-04	7.257427E-05
2.636109E+03	2.894243E-04	7.293855E-05
2.675454E+03	2.949554E-04	7.324046E-05
2.714799E+03	3.006080E-04	7.351466E-05
2.754144E+03	3.065005E-04	7.378753E-05
2.793488E+03	3.128497E-04	7.410685E-05
2.832833E+03	3.199758E-04	7.454105E-05
2.872178E+03	3.281911E-04	7.515165E-05
2.911523E+03	3.378113E-04	7.599560E-05
2.950868E+03	3.494182E-04	7.718328E-05
2.960704E+03	3.526589E-04	7.753721E-05
2.970541E+03	3.561240E-04	7.793245E-05
2.980377E+03	3.597613E-04	7.835698E-05
2.990213E+03	3.635824E-04	7.881272E-05
3.000049E+03	3.675991E-04	7.930161E-05
3.009885E+03	3.718890E-04	7.983968E-05
3.019722E+03	3.764017E-04	8.041530E-05
3.029558E+03	3.811516E-04	8.103076E-05
3.039394E+03	3.862206E-04	8.170262E-05
3.049230E+03	3.915597E-04	8.241953E-05
3.059067E+03	3.971863E-04	8.318423E-05
3.068903E+03	4.031873E-04	8.401391E-05
3.078739E+03	4.095850E-04	8.491191E-05
3.088575E+03	4.162628E-04	8.585291E-05
3.098411E+03	4.234536E-04	8.688372E-05
3.108248E+03	4.310433E-04	8.797938E-05
3.118084E+03	4.391306E-04	8.915859E-05
3.127920E+03	4.476725E-04	9.041102E-05
3.137756E+03	4.568483E-04	9.177113E-05
3.147593E+03	4.665445E-04	9.321417E-05
3.157429E+03	4.767952E-04	9.474511E-05
3.167265E+03	4.877934E-04	9.640026E-05
3.177101E+03	4.995058E-04	9.817054E-05
3.186937E+03	5.118962E-04	1.000465E-04
3.196774E+03	5.251744E-04	1.020665E-04
3.206610E+03	5.392265E-04	1.042057E-04
3.216446E+03	5.542745E-04	1.065040E-04
3.226282E+03	5.702922E-04	1.089530E-04
3.236119E+03	5.873390E-04	1.115608E-04
3.245955E+03	6.054772E-04	1.143355E-04
3.255791E+03	6.248662E-04	1.173034E-04
3.265627E+03	6.454821E-04	1.204557E-04
3.275464E+03	6.673927E-04	1.238007E-04
3.285300E+03	6.907692E-04	1.273657E-04
3.295136E+03	7.156884E-04	1.311596E-04
3.304972E+03	7.421167E-04	1.351709E-04
3.314808E+03	7.702297E-04	1.394263E-04
3.324645E+03	8.000958E-04	1.439323E-04
3.334481E+03	8.316575E-04	1.486724E-04
3.344317E+03	8.650789E-04	1.536700E-04
3.354153E+03	9.005267E-04	1.589480E-04
3.363990E+03	9.377750E-04	1.644596E-04
3.373826E+03	9.770865E-04	1.702445E-04
3.383662E+03	1.018317E-03	1.762704E-04
3.393498E+03	1.061422E-03	1.825231E-04
3.403334E+03	1.106477E-03	1.890087E-04
3.413171E+03	1.153238E-03	1.956789E-04
3.423007E+03	1.201725E-03	2.025313E-04
3.432843E+03	1.251620E-03	2.095064E-04
3.442679E+03	1.302893E-03	2.165943E-04
3.452516E+03	1.355338E-03	2.237559E-04
3.462352E+03	1.408911E-03	2.309799E-04
3.472188E+03	1.463029E-03	2.381674E-04
3.482024E+03	1.517827E-03	2.453383E-04
3.491861E+03	1.572714E-03	2.523949E-04
3.501697E+03	1.628062E-03	2.593964E-04
3.511533E+03	1.683315E-03	2.662530E-04
3.521369E+03	1.738314E-03	2.729400E-04
3.531205E+03	1.793128E-03	2.794690E-04
3.541042E+03	1.847661E-03	2.858256E-04
3.550878E+03	1.901620E-03	2.919661E-04
3.560714E+03	1.955378E-03	2.979488E-04
3.570550E+03	2.008683E-03	3.037369E-04
3.580387E+03	2.061295E-03	3.092955E-04
3.590223E+03	2.113655E-03	3.146927E-04
3.600059E+03	2.165547E-03	3.198979E-04
3.609895E+03	2.217223E-03	3.249493E-04
3.619731E+03	2.268484E-03	3.298191E-04
3.629568E+03	2.319597E-03	3.345472E-04
3.639404E+03	2.370372E-03	3.391071E-04
3.649240E+03	2.421087E-03	3.435394E-04
3.659076E+03	2.471786E-03	3.478509E-04
3.668913E+03	2.522515E-03	3.520480E-04
3.678749E+03	2.573321E-03	3.561374E-04
3.688585E+03	2.624251E-03	3.601254E-04
3.698421E+03	2.675587E-03	3.640503E-04
3.708258E+03	2.727143E-03	3.678856E-04
3.718094E+03	2.778969E-03	3.716376E-04
3.727930E+03	2.831361E-03	3.753449E-04
3.737766E+03	2.884381E-03	3.790139E-04
3.747602E+03	2.938098E-03	3.826516E-04
3.757439E+03	2.992584E-03	3.862653E-04
3.767275E+03	3.047914E-03	3.898623E-04
3.777111E+03	3.104165E-03	3.934499E-04
3.786947E+03	3.161658E-03	3.970653E-04
3.796784E+03	3.220467E-03	4.007142E-04
3.806620E+03	3.280421E-03	4.043713E-04
3.816456E+03	3.341824E-03	4.080701E-04
3.826292E+03	3.404736E-03	4.118135E-04
3.836128E+03	3.469200E-03	4.156020E-04
3.845965E+03	3.535252E-03	4.194352E-04
3.855801E+03	3.603156E-03	4.233392E-04
3.865637E+03	3.672919E-03	4.273090E-04
3.875473E+03	3.744283E-03	4.313096E-04
3.885310E+03	3.817449E-03	4.353589E-04
3.895146E+03	3.892340E-03	4.394431E-04
3.904982E+03	3.969092E-03	4.435724E-04
3.914818E+03	4.047325E-03	4.476992E-04
3.924655E+03	4.126858E-03	4.517998E-04
3.934491E+03	4.207714E-03	4.558736E-04
3.944327E+03	4.289645E-03	4.598903E-04
3.954163E+03	4.372377E-03	4.638189E-04
3.963999E+03	4.455611E-03	4.676262E-04
3.973836E+03	4.539260E-03	4.713032E-04
3.983672E+03	4.622736E-03	4.747894E-04
3.993508E+03	4.705907E-03	4.780739E-04
4.003344E+03	4.788368E-03	4.811181E-04
4.013181E+03	4.869681E-03	4.838831E-04
4.023017E+03	4.949388E-03	4.863292E-04
4.032853E+03	5.027241E-03	4.884395E-04
4.042689E+03	5.102535E-03	4.901543E-04
4.052525E+03	5.175053E-03	4.914634E-04
4.062362E+03	5.244421E-03	4.923429E-04
4.072198E+03	5.310363E-03	4.927793E-04
4.082034E+03	5.372749E-03	4.927741E-04
4.091870E+03	5.431842E-03	4.923646E-04
4.101707E+03	5.487872E-03	4.915842E-04
4.111543E+03	5.541057E-03	4.904643E-04
4.121379E+03	5.592474E-03	4.891102E-04
4.131215E+03	5.642523E-03	4.875646E-04
4.141051E+03	5.692632E-03	4.859559E-04
4.150888E+03	5.743931E-03	4.843817E-04
4.160724E+03	5.797448E-03	4.829265E-04
4.170560E+03	5.854688E-03	4.817101E-04
4.180396E+03	5.916963E-03	4.808304E-04
4.190233E+03	5.985762E-03	4.803949E-04
4.200069E+03	6.061917E-03	4.804532E-04
4.209905E+03	6.146928E-03	4.811045E-04
4.219741E+03	6.241771E-03	4.824020E-04
4.229578E+03	6.347222E-03	4.843805E-04
4.239414E+03	6.463853E-03	4.870573E-04
4.249250E+03	6.591780E-03	4.904142E-04
4.259086E+03	6.731411E-03	4.944552E-04
4.268922E+03	6.882301E-03	4.991214E-04
4.278759E+03	7.044079E-03	5.043622E-04
4.288595E+03	7.215571E-03	5.100727E-04
4.298431E+03	7.396386E-03	5.162076E-04
4.308267E+03	7.585181E-03	5.226585E-04
4.318104E+03	7.781371E-03	5.293746E-04
4.327940E+03	7.984284E-03	5.363017E-04
4.337776E+03	8.194040E-03	5.434419E-04
4.347612E+03	8.410789E-03	5.507995E-04
4.357448E+03	8.635418E-03	5.584270E-04
4.367285E+03	8.868484E-03	5.663541E-04
4.377121E+03	9.111540E-03	5.746724E-04
4.386957E+03	9.365507E-03	5.834311E-04
4.396793E+03	9.632059E-03	5.927236E-04
4.406630E+03	9.912425E-03	6.026134E-04
4.416466E+03	1.020858E-02	6.132070E-04
4.426302E+03	1.052204E-02	6.245791E-04
4.436138E+03	1.085463E-02	6.368210E-04
4.445975E+03	1.120844E-02	6.500379E-04
4.455811E+03	1.158534E-02	6.643179E-04
4.465647E+03	1.198684E-02	6.797270E-04
4.475483E+03	1.241476E-02	6.963489E-04
4.485319E+03	1.286951E-02	7.141879E-04
4.495156E+03	1.335162E-02	7.332566E-04
4.504992E+03	1.386012E-02	7.534899E-04
4.514828E+03	1.439322E-02	7.747830E-04
4.524664E+03	1.494736E-02	7.969407E-04
4.534501E+03	1.551679E-02	8.196499E-04
4.544337E+03	1.609441E-02	8.425378E-04
4.554173E+03	1.667158E-02	8.651646E-04
4.564009E+03	1.723724E-02	8.869794E-04
4.573845E+03	1.777921E-02	9.073896E-04
4.583682E+03	1.828439E-02	9.257737E-04
4.593518E+03	1.873964E-02	9.415236E-04
4.603354E+03	1.913164E-02	9.540371E-04
4.613190E+03	1.944882E-02	9.628116E-04
4.623027E+03	1.968075E-02	9.674109E-04
4.632863E+03	1.982032E-02	9.675673E-04
4.642699E+03	1.986406E-02	9.631934E-04
4.652535E+03	1.981147E-02	9.543437E-04
4.662372E+03	1.966686E-02	9.412970E-04
4.672208E+03	1.943732E-02	9.244544E-04
4.682044E+03	1.913462E-02	9.044276E-04
4.691880E+03	1.877245E-02	8.819017E-04
4.701716E+03	1.836613E-02	8.576212E-04
4.711553E+03	1.793256E-02	8.323874E-04
4.721389E+03	1.748815E-02	8.069595E-04
4.731225E+03	1.704841E-02	7.820403E-04
4.741061E+03	1.662759E-02	7.582586E-04
4.750898E+03	1.623790E-02	7.361383E-04
4.760734E+03	1.588930E-02	7.160904E-04
4.770570E+03	1.558924E-02	6.984035E-04
4.780406E+03	1.534343E-02	6.832838E-04
4.790242E+03	1.515497E-02	6.708145E-04
4.800079E+03	1.502525E-02	6.610028E-04
4.809915E+03	1.495442E-02	6.537995E-04
4.819751E+03	1.494098E-02	6.490827E-04
4.829587E+03	1.498235E-02	6.466860E-04
4.839424E+03	1.507528E-02	6.464163E-04
4.849260E+03	1.521589E-02	6.480553E-04
4.859096E+03	1.539964E-02	6.513616E-04
4.868932E+03	1.562215E-02	6.561035E-04
4.878769E+03	1.587828E-02	6.620226E-04
4.888605E+03	1.616274E-02	6.688589E-04
4.898441E+03	1.647069E-02	6.763765E-04
4.908277E+03	1.679693E-02	6.843299E-04
4.918113E+03	1.713632E-02	6.924827E-04
4.927950E+03	1.748404E-02	7.006176E-04
4.937786E+03	1.783511E-02	7.085162E-04
4.947622E+03	1.818538E-02	7.160013E-04
4.957458E+03	1.853089E-02	7.229078E-04
4.967295E+03	1.886773E-02	7.290802E-04
4.977131E+03	1.919315E-02	7.344130E-04
4.986967E+03	1.950466E-02	7.388163E-04
4.996803E+03	1.980096E-02	7.422493E-04
5.006639E+03	2.008099E-02	7.446841E-04
5.016476E+03	2.034524E-02	7.461528E-04
5.026312E+03	2.059476E-02	7.467080E-04
5.036148E+03	2.083189E-02	7.464493E-04
5.045984E+03	2.105958E-02	7.454953E-04
5.055821E+03	2.128102E-02	7.439684E-04
5.065657E+03	2.150060E-02	7.420291E-04
5.075493E+03	2.172202E-02	7.398083E-04
5.085329E+03	2.194969E-02	7.374545E-04
5.095165E+03	2.218678E-02	7.350687E-04
5.105002E+03	2.243671E-02	7.327551E-04
5.114838E+03	2.270123E-02	7.305589E-04
5.124674E+03	2.298185E-02	7.285168E-04
5.134510E+03	2.327922E-02	7.266360E-04
5.144347E+03	2.359213E-02	7.248678E-04
5.154183E+03	2.391996E-02	7.231864E-04
5.164019E+03	2.426048E-02	7.215214E-04
5.173855E+03	2.461087E-02	7.197925E-04
5.183692E+03	2.496843E-02	7.179315E-04
5.193528E+03	2.532963E-02	7.158565E-04
5.203364E+03	2.569155E-02	7.135131E-04
5.213200E+03	2.605018E-02	7.108268E-04
5.223036E+03	2.640195E-02	7.077476E-04
5.232873E+03	2.674357E-02	7.042442E-04
5.242709E+03	2.707120E-02	7.002825E-04
5.252545E+03	2.738157E-02	6.958540E-04
5.262381E+03	2.767092E-02	6.909482E-04
5.272218E+03	2.793603E-02	6.855789E-04
5.282054E+03	2.817298E-02	6.797513E-04
5.291890E+03	2.837882E-02	6.735028E-04
5.301726E+03	2.855058E-02	6.668754E-04
5.311562E+03	2.868555E-02	6.599224E-04
5.321399E+03	2.878116E-02	6.527010E-04
5.331235E+03	2.883577E-02	6.452895E-04
5.341071E+03	2.884727E-02	6.377514E-04
5.350907E+03	2.881499E-02	6.301753E-04
5.360744E+03	2.873724E-02	6.226177E-04
5.370580E+03	2.861312E-02	6.151399E-04
5.380416E+03	2.844095E-02	6.077717E-04
5.390252E+03	2.821923E-02	6.005286E-04
5.400089E+03	2.794695E-02	5.934052E-04
5.409925E+03	2.762512E-02	5.863613E-04
5.419761E+03	2.725618E-02	5.793503E-04
5.429597E+03	2.684540E-02	5.723728E-04
5.439433E+03	2.639643E-02	5.653864E-04
5.449270E+03	2.591308E-02	5.583463E-04
5.459106E+03	2.539904E-02	5.512041E-04
5.468942E+03	2.485735E-02	5.438993E-04
5.478778E+03	2.429132E-02	5.363812E-04
5.488615E+03	2.370514E-02	5.286256E-04
5.498451E+03	2.310343E-02	5.206271E-04
5.508287E+03	2.249102E-02	5.123969E-04
5.518123E+03	2.187397E-02	5.039865E-04
5.527959E+03	2.125913E-02	4.954806E-04
5.537796E+03	2.065304E-02	4.869732E-04
5.547632E+03	2.006283E-02	4.785868E-04
5.557468E+03	1.949528E-02	4.704524E-04
5.567304E+03	1.895635E-02	4.626950E-04
5.577141E+03	1.845094E-02	4.554270E-04
5.586977E+03	1.798270E-02	4.487408E-04
5.596813E+03	1.755360E-02	4.426938E-04
5.606649E+03	1.716338E-02	4.372934E-04
5.616486E+03	1.681029E-02	4.325101E-04
5.626322E+03	1.649085E-02	4.282698E-04
5.636158E+03	1.619992E-02	4.244523E-04
5.645994E+03	1.593183E-02	4.209204E-04
5.655830E+03	1.568067E-02	4.175256E-04
5.665667E+03	1.544067E-02	4.141192E-04
5.675503E+03	1.520742E-02	4.105855E-04
5.685339E+03	1.497792E-02	4.068453E-04
5.695175E+03	1.475108E-02	4.028708E-04
5.705012E+03	1.452783E-02	3.986900E-04
5.714848E+03	1.431112E-02	3.943879E-04
5.724684E+03	1.410537E-02	3.900924E-04
5.734520E+03	1.391598E-02	3.859603E-04
5.744356E+03	1.374923E-02	3.821740E-04
5.754193E+03	1.361145E-02	3.789174E-04
5.764029E+03	1.350823E-02	3.763531E-04
5.773865E+03	1.344479E-02	3.746296E-04
5.783701E+03	1.342516E-02	3.738593E-04
5.793538E+03	1.345224E-02	3.741185E-04
5.803374E+03	1.352720E-02	3.754293E-04
5.813210E+03	1.365018E-02	3.777798E-04
5.823046E+03	1.381925E-02	3.810956E-04
5.832883E+03	1.403133E-02	3.852654E-04
5.842719E+03	1.428123E-02	3.901167E-04
5.852555E+03	1.456259E-02	3.954438E-04
5.862391E+03	1.486768E-02	4.010035E-04
5.872227E+03	1.518776E-02	4.065285E-04
5.882064E+03	1.551401E-02	4.117548E-04
5.891900E+03	1.583772E-02	4.164277E-04
5.901736E+03	1.615127E-02	4.203304E-04
5.911572E+03	1.644876E-02	4.233002E-04
5.921409E+03	1.672594E-02	4.252248E-04
5.931245E+03	1.698107E-02	4.260638E-04
5.941081E+03	1.721487E-02	4.258424E-04
5.950917E+03	1.742999E-02	4.246361E-04
5.960753E+03	1.763060E-02	4.225556E-04
5.970590E+03	1.782284E-02	4.197538E-04
5.980426E+03	1.801323E-02	4.163850E-04
5.990262E+03	1.820934E-02	4.126166E-04
6.000098E+03	1.841864E-02	4.086013E-04
6.009935E+03	1.864883E-02	4.044815E-04
6.019771E+03	1.890683E-02	4.003684E-04
6.029607E+03	1.919897E-02	3.963442E-04
6.039443E+03	1.953050E-02	3.924555E-04
6.049279E+03	1.990450E-02	3.886927E-04
6.059116E+03	2.032240E-02	3.850065E-04
6.068952E+03	2.078220E-02	3.812808E-04
6.078788E+03	2.127870E-02	3.773479E-04
6.088624E+03	2.180249E-02	3.729832E-04
6.098461E+03	2.234098E-02	3.679367E-04
6.108297E+03	2.287818E-02	3.619445E-04
6.118133E+03	2.339799E-02	3.547921E-04
6.127969E+03	2.388541E-02	3.463364E-04
6.137806E+03	2.432963E-02	3.365490E-04
6.147642E+03	2.472248E-02	3.254844E-04
6.157478E+03	2.505754E-02	3.132651E-04
6.167314E+03	2.533439E-02	3.001286E-04
6.177150E+03	2.555777E-02	2.864031E-04
6.186987E+03	2.573614E-02	2.724822E-04
6.196823E+03	2.587948E-02	2.587967E-04
6.206659E+03	2.599618E-02	2.457897E-04
6.216495E+03	2.609297E-02	2.339251E-04
6.226332E+03	2.617370E-02	2.236813E-04
6.236168E+03	2.624016E-02	2.155487E-04
6.246004E+03	2.629106E-02	2.099914E-04
6.255840E+03	2.632461E-02	2.074144E-04
6.265676E+03	2.633782E-02	2.080849E-04
6.275513E+03	2.632793E-02	2.119743E-04
6.285349E+03	2.629207E-02	2.187663E-04
6.295185E+03	2.622937E-02	2.280323E-04
6.305021E+03	2.613977E-02	2.392925E-04
6.314858E+03	2.602531E-02	2.520852E-04
6.324694E+03	2.589013E-02	2.660089E-04
6.334530E+03	2.574053E-02	2.807462E-04
6.344366E+03	2.558553E-02	2.960826E-04
6.354203E+03	2.543624E-02	3.119058E-04
6.364039E+03	2.530675E-02	3.282189E-04
6.373875E+03	2.521312E-02	3.451308E-04
6.383711E+03	2.517272E-02	3.628465E-04
6.393547E+03	2.520470E-02	3.816733E-04
6.403384E+03	2.532811E-02	4.019906E-04
6.413220E+03	2.556167E-02	4.242407E-04
6.423056E+03	2.592267E-02	4.489026E-04
6.432892E+03	2.642551E-02	4.764552E-04
6.442729E+03	2.708176E-02	5.073642E-04
6.452565E+03	2.789821E-02	5.420292E-04
6.462401E+03	2.887668E-02	5.807608E-04
6.472237E+03	3.001332E-02	6.237451E-04
6.482073E+03	3.129700E-02	6.709899E-04
6.491910E+03	3.270985E-02	7.223113E-04
6.501746E+03	3.422664E-02	7.772997E-04
6.511582E+03	3.581636E-02	8.353348E-04
6.521418E+03	3.744161E-02	8.955583E-04
6.531255E+03	3.906279E-02	9.569619E-04
6.541091E+03	4.063676E-02	1.018355E-03
6.550927E+03	4.212321E-02	1.078524E-03
6.560763E+03	4.348369E-02	1.136221E-03
6.570600E+03	4.468496E-02	1.190271E-03
6.580436E+03	4.570142E-02	1.239652E-03
6.590272E+03	4.651613E-02	1.283550E-03
6.600108E+03	4.711969E-02	1.321355E-03
6.609944E+03	4.751233E-02	1.352739E-03
6.619781E+03	4.770296E-02	1.377650E-03
6.629617E+03	4.770626E-02	1.396244E-03
6.639453E+03	4.754226E-02	1.408886E-03
6.649289E+03	4.723547E-02	1.416123E-03
6.659126E+03	4.681158E-02	1.418595E-03
6.668962E+03	4.629531E-02	1.416962E-03
6.678798E+03	4.571195E-02	1.411944E-03
6.688634E+03	4.508245E-02	1.404166E-03
6.698470E+03	4.442629E-02	1.394237E-03
6.708307E+03	4.375870E-02	1.382656E-03
6.718143E+03	4.309266E-02	1.369865E-03
6.727979E+03	4.243667E-02	1.356174E-03
6.737815E+03	4.179840E-02	1.341875E-03
6.747652E+03	4.118121E-02	1.327119E-03
6.757488E+03	4.058742E-02	1.312028E-03
6.767324E+03	4.001787E-02	1.296672E-03
6.777160E+03	3.947152E-02	1.281057E-03
6.786997E+03	3.894539E-02	1.265125E-03
6.796833E+03	3.843759E-02	1.248848E-03
6.806669E+03	3.794420E-02	1.232133E-03
6.816505E+03	3.746325E-02	1.214947E-03
6.826341E+03	3.699120E-02	1.197203E-03
6.836178E+03	3.652787E-02	1.178927E-03
6.846014E+03	3.607151E-02	1.160090E-03
6.855850E+03	3.562328E-02	1.140758E-03
6.865686E+03	3.518383E-02	1.120979E-03
6.875523E+03	3.475455E-02	1.100823E-03
6.885359E+03	3.433690E-02	1.080360E-03
6.895195E+03	3.393164E-02	1.059637E-03
6.905031E+03	3.353975E-02	1.038702E-03
6.914867E+03	3.316098E-02	1.017568E-03
6.924704E+03	3.279382E-02	9.962045E-04
6.934540E+03	3.243618E-02	9.745648E-04
6.944376E+03	3.208545E-02	9.525892E-04
6.954212E+03	3.173755E-02	9.301777E-04
6.964049E+03	3.138800E-02	9.072240E-04
6.973885E+03	3.103331E-02	8.836582E-04
6.983721E+03	3.066877E-02	8.593834E-04
6.993557E+03	3.029143E-02	8.343608E-04
7.003393E+03	2.989888E-02	8.085745E-04
7.013230E+03	2.948949E-02	7.820365E-04
7.023066E+03	2.906325E-02	7.548074E-04
7.032902E+03	2.862176E-02	7.269910E-04
7.042738E+03	2.816709E-02	6.987027E-04
7.052575E+03	2.770266E-02	6.700880E-04
7.062411E+03	2.723302E-02	6.413132E-04
7.072247E+03	2.676224E-02	6.125234E-04
7.082083E+03	2.629555E-02	5.838808E-04
7.091920E+03	2.583774E-02	5.555243E-04
7.101756E+03	2.539281E-02	5.275639E-04
7.111592E+03	2.496463E-02	5.000965E-04
7.121428E+03	2.455578E-02	4.731829E-04
7.131264E+03	2.416742E-02	4.468516E-04
7.141101E+03	2.380020E-02	4.211201E-04
7.150937E+03	2.345274E-02	3.959742E-04
7.160773E+03	2.312424E-02	3.714182E-04
7.170609E+03	2.281141E-02	3.474302E-04
7.180446E+03	2.251189E-02	3.240251E-04
7.190282E+03	2.222197E-02	3.012239E-04
7.200118E+03	2.193899E-02	2.790979E-04
7.209954E+03	2.165929E-02	2.577464E-04
7.219790E+03	2.138049E-02	2.373384E-04
7.229627E+03	2.109960E-02	2.180988E-04
7.239463E+03	2.081384E-02	2.003331E-04
7.249299E+03	2.052118E-02	1.844401E-04
7.259135E+03	2.021952E-02	1.709000E-04
7.268972E+03	1.990703E-02	1.602454E-04
7.278808E+03	1.958231E-02	1.529843E-04
7.288644E+03	1.924427E-02	1.494760E-04
7.298480E+03	1.889309E-02	1.497881E-04
7.308317E+03	1.852962E-02	1.535600E-04
7.318153E+03	1.815566E-02	1.601807E-04
7.327989E+03	1.777399E-02	1.689688E-04
7.337825E+03	1.738794E-02	1.792898E-04
7.347661E+03	1.700208E-02	1.906286E-04
7.357498E+03	1.662049E-02	2.025912E-04
7.367334E+03	1.624716E-02	2.148997E-04
7.377170E+03	1.588608E-02	2.273757E-04
7.387006E+03	1.554030E-02	2.399089E-04
7.396843E+03	1.521206E-02	2.524381E-04
7.406679E+03	1.490270E-02	2.649337E-04
7.416515E+03	1.461255E-02	2.773813E-04
7.426351E+03	1.434189E-02	2.897878E-04
7.436187E+03	1.408997E-02	3.021546E-04
7.446024E+03	1.385578E-02	3.144866E-04
7.455860E+03	1.363884E-02	3.268043E-04
7.465696E+03	1.343808E-02	3.391185E-04
7.475532E+03	1.325253E-02	3.514426E-04
7.485369E+03	1.308101E-02	3.637842E-04
7.495205E+03	1.292128E-02	3.761162E-04
7.505041E+03	1.277038E-02	3.883815E-04
7.514877E+03	1.262506E-02	4.005008E-04
7.524714E+03	1.248206E-02	4.123779E-04
7.534550E+03	1.233874E-02	4.239230E-04
7.544386E+03	1.219319E-02	4.350596E-04
7.554222E+03	1.204501E-02	4.457572E-04
7.564058E+03	1.189426E-02	4.560013E-04
7.573895E+03	1.174198E-02	4.658177E-04
7.583731E+03	1.159009E-02	4.752745E-04
7.593567E+03	1.144073E-02	4.844594E-04
7.603403E+03	1.129657E-02	4.934952E-04
7.613240E+03	1.116080E-02	5.025433E-04
7.623076E+03	1.103604E-02	5.117546E-04
7.632912E+03	1.092536E-02	5.213185E-04
7.642748E+03	1.083093E-02	5.313955E-04
7.652584E+03	1.075507E-02	5.421654E-04
7.662421E+03	1.069902E-02	5.537654E-04
7.672257E+03	1.066355E-02	5.663153E-04
7.682093E+03	1.064829E-02	5.798765E-04
7.691929E+03	1.065229E-02	5.944755E-04
7.701766E+03	1.067352E-02	6.100733E-04
7.711602E+03	1.070928E-02	6.265806E-04
7.721438E+03	1.075573E-02	6.438250E-04
7.731274E+03	1.080914E-02	6.616205E-04
7.741111E+03	1.086511E-02	6.797176E-04
7.750947E+03	1.091956E-02	6.978659E-04
7.760783E+03	1.096861E-02	7.158052E-04
7.770619E+03	1.100902E-02	7.332948E-04
7.780455E+03	1.103845E-02	7.501417E-04
7.790292E+03	1.105504E-02	7.661704E-04
7.800128E+03	1.105868E-02	7.813201E-04
7.809964E+03	1.104929E-02	7.955320E-04
7.819800E+03	1.102801E-02	8.088362E-04
7.829637E+03	1.099634E-02	8.212964E-04
7.839473E+03	1.095609E-02	8.330062E-04
7.849309E+03	1.090912E-02	8.440755E-04
7.859145E+03	1.085738E-02	8.546298E-04
7.868981E+03	1.080239E-02	8.647716E-04
7.878818E+03	1.074537E-02	8.745854E-04
7.888654E+03	1.068702E-02	8.841203E-04
7.898490E+03	1.062816E-02	8.934413E-04
7.908326E+03	1.056875E-02	9.025407E-04
7.918163E+03	1.050901E-02	9.114367E-04
7.927999E+03	1.044897E-02	9.201287E-04
7.937835E+03	1.038852E-02	9.286058E-04
7.947671E+03	1.032787E-02	9.368855E-04
7.957508E+03	1.026745E-02	9.450066E-04
7.967344E+03	1.020798E-02	9.530367E-04
7.977180E+03	1.015031E-02	9.610597E-04
7.987016E+03	1.009585E-02	9.692189E-04
7.996852E+03	1.004590E-02	9.776515E-04
8.006689E+03	1.000197E-02	9.865252E-04
8.016525E+03	9.965381E-03	9.959962E-04
8.026361E+03	9.937627E-03	1.006243E-03
8.036197E+03	9.919636E-03	1.017397E-03
8.046034E+03	9.912172E-03	1.029574E-03
8.055870E+03	9.915794E-03	1.042875E-03
8.065706E+03	9.930081E-03	1.057296E-03
8.075542E+03	9.955143E-03	1.072892E-03
8.085378E+03	9.989821E-03	1.089578E-03
8.095215E+03	1.003338E-02	1.107308E-03
8.105051E+03	1.008426E-02	1.125944E-03
8.114887E+03	1.014061E-02	1.145302E-03
8.124723E+03	1.020056E-02	1.165190E-03
8.134560E+03	1.026177E-02	1.185352E-03
8.144396E+03	1.032149E-02	1.205468E-03
8.154232E+03	1.037685E-02	1.225195E-03
8.164068E+03	1.042482E-02	1.244152E-03
8.173904E+03	1.046225E-02	1.261932E-03
8.183741E+03	1.048603E-02	1.278114E-03
8.193577E+03	1.049320E-02	1.292281E-03
8.203413E+03	1.048080E-02	1.304002E-03
8.213249E+03	1.044720E-02	1.312997E-03
8.223086E+03	1.039046E-02	1.318940E-03
8.232922E+03	1.031012E-02	1.321683E-03
8.242758E+03	1.020645E-02	1.321175E-03
8.252594E+03	1.008072E-02	1.317495E-03
8.262431E+03	9.935192E-03	1.310858E-03
8.272267E+03	9.772894E-03	1.301595E-03
8.282103E+03	9.597834E-03	1.290184E-03
8.291939E+03	9.414837E-03	1.277233E-03
8.301775E+03	9.228765E-03	1.263380E-03
8.311612E+03	9.045298E-03	1.249399E-03
8.321448E+03	8.869568E-03	1.236017E-03
8.331284E+03	8.706904E-03	1.224013E-03
8.341120E+03	8.561922E-03	1.214090E-03
8.350957E+03	8.438907E-03	1.206928E-03
8.360793E+03	8.341116E-03	1.203078E-03
8.370629E+03	8.271098E-03	1.203003E-03
8.380465E+03	8.230370E-03	1.207028E-03
8.390301E+03	8.219920E-03	1.215404E-03
8.400138E+03	8.239345E-03	1.228182E-03
8.409974E+03	8.287810E-03	1.245342E-03
8.419810E+03	8.363526E-03	1.266719E-03
8.429646E+03	8.464443E-03	1.292095E-03
8.439483E+03	8.587795E-03	1.321136E-03
8.449319E+03	8.731133E-03	1.353538E-03
8.459155E+03	8.892056E-03	1.388998E-03
8.468991E+03	9.068566E-03	1.427260E-03
8.478828E+03	9.258955E-03	1.468109E-03
8.488664E+03	9.462729E-03	1.511511E-03
8.498500E+03	9.679762E-03	1.557490E-03
8.508336E+03	9.910112E-03	1.606102E-03
8.518172E+03	1.015439E-02	1.657490E-03
8.528009E+03	1.041335E-02	1.711821E-03
8.537845E+03	1.068719E-02	1.769180E-03
8.547681E+03	1.097526E-02	1.829506E-03
8.557517E+03	1.127588E-02	1.892563E-03
8.567354E+03	1.158653E-02	1.957964E-03
8.577190E+03	1.190317E-02	2.025055E-03
8.587026E+03	1.222012E-02	2.092878E-03
8.596862E+03	1.253132E-02	2.160386E-03
8.606698E+03	1.282927E-02	2.226256E-03
8.616535E+03	1.310585E-02	2.289021E-03
8.626371E+03	1.335374E-02	2.347321E-03
8.636207E+03	1.356556E-02	2.399747E-03
8.646043E+03	1.373485E-02	2.445029E-03
8.655880E+03	1.385697E-02	2.482189E-03
8.665716E+03	1.392818E-02	2.510396E-03
8.675552E+03	1.394718E-02	2.529243E-03
8.685388E+03	1.391416E-02	2.538592E-03
8.695225E+03	1.383071E-02	2.538563E-03
8.705061E+03	1.370051E-02	2.529668E-03
8.714897E+03	1.352769E-02	2.512525E-03
8.724733E+03	1.331772E-02	2.488016E-03
8.734569E+03	1.307638E-02	2.457109E-03
8.744406E+03	1.280978E-02	2.420857E-03
8.754242E+03	1.252450E-02	2.380435E-03
8.764078E+03	1.222637E-02	2.336898E-03
8.773914E+03	1.192113E-02	2.291311E-03
8.783751E+03	1.161430E-02	2.244722E-03
8.793587E+03	1.131067E-02	2.198059E-03
8.803423E+03	1.101440E-02	2.152150E-03
8.813259E+03	1.072918E-02	2.107746E-03
8.823095E+03	1.045762E-02	2.065399E-03
8.832932E+03	1.020195E-02	2.025601E-03
8.842768E+03	9.963549E-03	1.988675E-03
8.852604E+03	9.743254E-03	1.954849E-03
8.891949E+03	9.036177E-03	1.850291E-03
8.931294E+03	8.555955E-03	1.786788E-03
8.970639E+03	8.209864E-03	1.747459E-03
9.009984E+03	7.909317E-03	1.714772E-03
9.049329E+03	7.561709E-03	1.668883E-03
9.088674E+03	7.082546E-03	1.590331E-03
9.128018E+03	6.457374E-03	1.474383E-03
9.167363E+03	5.762234E-03	1.337136E-03
9.206708E+03	5.098615E-03	1.201851E-03
9.246053E+03	4.529599E-03	1.084087E-03
9.285398E+03	4.074836E-03	9.897401E-04
9.324743E+03	3.730213E-03	9.190937E-04
9.364088E+03	3.479645E-03	8.693453E-04
9.403433E+03	3.300436E-03	8.357623E-04
9.442778E+03	3.168498E-03	8.129216E-04
9.482123E+03	3.061526E-03	7.955234E-04
9.521468E+03	2.960185E-03	7.787452E-04
9.560812E+03	2.854133E-03	7.599064E-04
9.600157E+03	2.744240E-03	7.392143E-04
9.639502E+03	2.636392E-03	7.182553E-04
9.678847E+03	2.533995E-03	6.980045E-04
9.718192E+03	2.438053E-03	6.788084E-04
9.757537E+03	2.348020E-03	6.605862E-04
9.796882E+03	2.263530E-03	6.433010E-04
9.836227E+03	2.183685E-03	6.267566E-04
9.875572E+03	2.108139E-03	6.109046E-04
9.914917E+03	2.036327E-03	5.956284E-04
9.954262E+03	1.967779E-03	5.808304E-04
9.993606E+03	1.902325E-03	5.664981E-04
1.003295E+04	1.839477E-03	5.525189E-04
1.007230E+04	1.779263E-03	5.389315E-04
1.011164E+04	1.721288E-03	5.256447E-04
1.015099E+04	1.665427E-03	5.126458E-04
