#wls	flux	fluxerr
1.600000E+03	2.652509E-17	9.070920E-18
1.640000E+03	2.761555E-17	9.078182E-18
1.680000E+03	2.876560E-17	9.081167E-18
1.720000E+03	2.997820E-17	9.080782E-18
1.760000E+03	3.126516E-17	9.080878E-18
1.800000E+03	3.262087E-17	9.080474E-18
1.840000E+03	3.406681E-17	9.086748E-18
1.880000E+03	3.557805E-17	9.094768E-18
1.920000E+03	3.718577E-17	9.115199E-18
1.960000E+03	3.887307E-17	9.146833E-18
2.000000E+03	4.066239E-17	9.198659E-18
2.040000E+03	4.253487E-17	9.270324E-18
2.080000E+03	4.450209E-17	9.368534E-18
2.120000E+03	4.656509E-17	9.496772E-18
2.160000E+03	4.872460E-17	9.656930E-18
2.200000E+03	5.099292E-17	9.851735E-18
2.240000E+03	5.335807E-17	1.007819E-17
2.280000E+03	5.581836E-17	1.033482E-17
2.320000E+03	5.838377E-17	1.062208E-17
2.360000E+03	6.103724E-17	1.093557E-17
2.400000E+03	6.379977E-17	1.127819E-17
2.440000E+03	6.663683E-17	1.164361E-17
2.480000E+03	6.955240E-17	1.203312E-17
2.520000E+03	7.254986E-17	1.244850E-17
2.560000E+03	7.558703E-17	1.288405E-17
2.600000E+03	7.869461E-17	1.334623E-17
2.640000E+03	8.182833E-17	1.382704E-17
2.680000E+03	8.500599E-17	1.432551E-17
2.720000E+03	8.818416E-17	1.482652E-17
2.760000E+03	9.138356E-17	1.532325E-17
2.800000E+03	9.459405E-17	1.580208E-17
2.840000E+03	9.780571E-17	1.624865E-17
2.880000E+03	1.010257E-16	1.665135E-17
2.920000E+03	1.042278E-16	1.699358E-17
2.960000E+03	1.074195E-16	1.726555E-17
3.000000E+03	1.106090E-16	1.745924E-17
3.010000E+03	1.113904E-16	1.749211E-17
3.020000E+03	1.121978E-16	1.752368E-17
3.030000E+03	1.129795E-16	1.754575E-17
3.040000E+03	1.137698E-16	1.756364E-17
3.050000E+03	1.145684E-16	1.757728E-17
3.060000E+03	1.153581E-16	1.758395E-17
3.070000E+03	1.161387E-16	1.758364E-17
3.080000E+03	1.169273E-16	1.757897E-17
3.090000E+03	1.177064E-16	1.756733E-17
3.100000E+03	1.184933E-16	1.755135E-17
3.110000E+03	1.192878E-16	1.753102E-17
3.120000E+03	1.200724E-16	1.750387E-17
3.130000E+03	1.208470E-16	1.747001E-17
3.140000E+03	1.216287E-16	1.743206E-17
3.150000E+03	1.224001E-16	1.738767E-17
3.160000E+03	1.231784E-16	1.733946E-17
3.170000E+03	1.239635E-16	1.728759E-17
3.180000E+03	1.247377E-16	1.722985E-17
3.190000E+03	1.255184E-16	1.716888E-17
3.200000E+03	1.262881E-16	1.710259E-17
3.210000E+03	1.270639E-16	1.703362E-17
3.220000E+03	1.278283E-16	1.695999E-17
3.230000E+03	1.285986E-16	1.688437E-17
3.240000E+03	1.293746E-16	1.680712E-17
3.250000E+03	1.301388E-16	1.672645E-17
3.260000E+03	1.309084E-16	1.664504E-17
3.270000E+03	1.316660E-16	1.656122E-17
3.280000E+03	1.324286E-16	1.647769E-17
3.290000E+03	1.331962E-16	1.639500E-17
3.300000E+03	1.339514E-16	1.631166E-17
3.310000E+03	1.347112E-16	1.623040E-17
3.320000E+03	1.354755E-16	1.615187E-17
3.330000E+03	1.362271E-16	1.607474E-17
3.340000E+03	1.369829E-16	1.600176E-17
3.350000E+03	1.377258E-16	1.593169E-17
3.360000E+03	1.384895E-16	1.586922E-17
3.370000E+03	1.392401E-16	1.581121E-17
3.380000E+03	1.399945E-16	1.576036E-17
3.390000E+03	1.407355E-16	1.571556E-17
3.400000E+03	1.414968E-16	1.568133E-17
3.410000E+03	1.422446E-16	1.565465E-17
3.420000E+03	1.429789E-16	1.563626E-17
3.430000E+03	1.437330E-16	1.563047E-17
3.440000E+03	1.444735E-16	1.563423E-17
3.450000E+03	1.452169E-16	1.564986E-17
3.460000E+03	1.459631E-16	1.567776E-17
3.470000E+03	1.467119E-16	1.571822E-17
3.480000E+03	1.474468E-16	1.576963E-17
3.490000E+03	1.482004E-16	1.583552E-17
3.500000E+03	1.489397E-16	1.591221E-17
3.510000E+03	1.496810E-16	1.600120E-17
3.520000E+03	1.504240E-16	1.610207E-17
3.530000E+03	1.511524E-16	1.621259E-17
3.540000E+03	1.518983E-16	1.633566E-17
3.550000E+03	1.526291E-16	1.646714E-17
3.560000E+03	1.533608E-16	1.660807E-17
3.570000E+03	1.540932E-16	1.675767E-17
3.580000E+03	1.548421E-16	1.691690E-17
3.590000E+03	1.555592E-16	1.707969E-17
3.600000E+03	1.562923E-16	1.725043E-17
3.610000E+03	1.570252E-16	1.742651E-17
3.620000E+03	1.577577E-16	1.760706E-17
3.630000E+03	1.584895E-16	1.779121E-17
3.640000E+03	1.592047E-16	1.797634E-17
3.650000E+03	1.599345E-16	1.816512E-17
3.660000E+03	1.606474E-16	1.835318E-17
3.670000E+03	1.613743E-16	1.854323E-17
3.680000E+03	1.620841E-16	1.873092E-17
3.690000E+03	1.628072E-16	1.891901E-17
3.700000E+03	1.635128E-16	1.910319E-17
3.710000E+03	1.642313E-16	1.928628E-17
3.720000E+03	1.649319E-16	1.946400E-17
3.730000E+03	1.656447E-16	1.963923E-17
3.740000E+03	1.663393E-16	1.980773E-17
3.750000E+03	1.670455E-16	1.997244E-17
3.760000E+03	1.677331E-16	2.012918E-17
3.770000E+03	1.684318E-16	2.028093E-17
3.780000E+03	1.691262E-16	2.042534E-17
3.790000E+03	1.698015E-16	2.056011E-17
3.800000E+03	1.704869E-16	2.068829E-17
3.810000E+03	1.711672E-16	2.080760E-17
3.820000E+03	1.718424E-16	2.091761E-17
3.830000E+03	1.725120E-16	2.101788E-17
3.840000E+03	1.731758E-16	2.110800E-17
3.850000E+03	1.738479E-16	2.118933E-17
3.860000E+03	1.744992E-16	2.125804E-17
3.870000E+03	1.751440E-16	2.131554E-17
3.880000E+03	1.757959E-16	2.136324E-17
3.890000E+03	1.764405E-16	2.139914E-17
3.900000E+03	1.770635E-16	2.142129E-17
3.910000E+03	1.776926E-16	2.143285E-17
3.920000E+03	1.783136E-16	2.143192E-17
3.930000E+03	1.789260E-16	2.141834E-17
3.940000E+03	1.795433E-16	2.139358E-17
3.950000E+03	1.801377E-16	2.135424E-17
3.960000E+03	1.807362E-16	2.130349E-17
3.970000E+03	1.813115E-16	2.123804E-17
3.980000E+03	1.818901E-16	2.116103E-17
3.990000E+03	1.824583E-16	2.107086E-17
4.000000E+03	1.830158E-16	2.096756E-17
4.010000E+03	1.835622E-16	2.085118E-17
4.020000E+03	1.841103E-16	2.072327E-17
4.030000E+03	1.846337E-16	2.058099E-17
4.040000E+03	1.851580E-16	2.042741E-17
4.050000E+03	1.856699E-16	2.026125E-17
4.060000E+03	1.861564E-16	2.008134E-17
4.070000E+03	1.866428E-16	1.989073E-17
4.080000E+03	1.871285E-16	1.968963E-17
4.090000E+03	1.875880E-16	1.947568E-17
4.100000E+03	1.880337E-16	1.925063E-17
4.110000E+03	1.884776E-16	1.901612E-17
4.120000E+03	1.888948E-16	1.877010E-17
4.130000E+03	1.893095E-16	1.851552E-17
4.140000E+03	1.897092E-16	1.825167E-17
4.150000E+03	1.900936E-16	1.797915E-17
4.160000E+03	1.904624E-16	1.769859E-17
4.170000E+03	1.908154E-16	1.741067E-17
4.180000E+03	1.911642E-16	1.711717E-17
4.190000E+03	1.914848E-16	1.681673E-17
4.200000E+03	1.917890E-16	1.651127E-17
4.210000E+03	1.920880E-16	1.620262E-17
4.220000E+03	1.923586E-16	1.588975E-17
4.230000E+03	1.926234E-16	1.557553E-17
4.240000E+03	1.928709E-16	1.526001E-17
4.250000E+03	1.930896E-16	1.494338E-17
4.260000E+03	1.933020E-16	1.462849E-17
4.270000E+03	1.934965E-16	1.431555E-17
4.280000E+03	1.936732E-16	1.400572E-17
4.290000E+03	1.938211E-16	1.369936E-17
4.300000E+03	1.939620E-16	1.339918E-17
4.310000E+03	1.940849E-16	1.310550E-17
4.320000E+03	1.941793E-16	1.281870E-17
4.330000E+03	1.942665E-16	1.254122E-17
4.340000E+03	1.943255E-16	1.227257E-17
4.350000E+03	1.943776E-16	1.201486E-17
4.360000E+03	1.944021E-16	1.176739E-17
4.370000E+03	1.944098E-16	1.153116E-17
4.380000E+03	1.944011E-16	1.130624E-17
4.390000E+03	1.943768E-16	1.109232E-17
4.400000E+03	1.943374E-16	1.088873E-17
4.410000E+03	1.942838E-16	1.069439E-17
4.420000E+03	1.942073E-16	1.050740E-17
4.430000E+03	1.941188E-16	1.032667E-17
4.440000E+03	1.940196E-16	1.015039E-17
4.450000E+03	1.939109E-16	9.976649E-18
4.460000E+03	1.937938E-16	9.803508E-18
4.470000E+03	1.936605E-16	9.628560E-18
4.480000E+03	1.935217E-16	9.450404E-18
4.490000E+03	1.933787E-16	9.267241E-18
4.500000E+03	1.932239E-16	9.076956E-18
4.510000E+03	1.930678E-16	8.878458E-18
4.520000E+03	1.929029E-16	8.669960E-18
4.530000E+03	1.927486E-16	8.451074E-18
4.540000E+03	1.925795E-16	8.219626E-18
4.550000E+03	1.924236E-16	7.975989E-18
4.560000E+03	1.922647E-16	7.718870E-18
4.570000E+03	1.921044E-16	7.448015E-18
4.580000E+03	1.919527E-16	7.163786E-18
4.590000E+03	1.918108E-16	6.866526E-18
4.600000E+03	1.916716E-16	6.556700E-18
4.610000E+03	1.915364E-16	6.235602E-18
4.620000E+03	1.914149E-16	5.905407E-18
4.630000E+03	1.913000E-16	5.568549E-18
4.640000E+03	1.912009E-16	5.229011E-18
4.650000E+03	1.911108E-16	4.891671E-18
4.660000E+03	1.910306E-16	4.563448E-18
4.670000E+03	1.909614E-16	4.253535E-18
4.680000E+03	1.909121E-16	3.973998E-18
4.690000E+03	1.908756E-16	3.739349E-18
4.700000E+03	1.908606E-16	3.566411E-18
4.710000E+03	1.908525E-16	3.471210E-18
4.720000E+03	1.908676E-16	3.466166E-18
4.730000E+03	1.908992E-16	3.555361E-18
4.740000E+03	1.909482E-16	3.733911E-18
4.750000E+03	1.910234E-16	3.990182E-18
4.760000E+03	1.911108E-16	4.309063E-18
4.770000E+03	1.912190E-16	4.676121E-18
4.780000E+03	1.913564E-16	5.078919E-18
4.790000E+03	1.915094E-16	5.506872E-18
4.800000E+03	1.916934E-16	5.952401E-18
4.810000E+03	1.918950E-16	6.408917E-18
4.820000E+03	1.921293E-16	6.872141E-18
4.830000E+03	1.923828E-16	7.337896E-18
4.840000E+03	1.926705E-16	7.803822E-18
4.850000E+03	1.929791E-16	8.267065E-18
4.860000E+03	1.933162E-16	8.726043E-18
4.870000E+03	1.936826E-16	9.179235E-18
4.880000E+03	1.940788E-16	9.625376E-18
4.890000E+03	1.944987E-16	1.006304E-17
4.900000E+03	1.949566E-16	1.049199E-17
4.910000E+03	1.954393E-16	1.091072E-17
4.920000E+03	1.959544E-16	1.131885E-17
4.930000E+03	1.965023E-16	1.171575E-17
4.940000E+03	1.970770E-16	1.210043E-17
4.950000E+03	1.976857E-16	1.247274E-17
4.960000E+03	1.983224E-16	1.283175E-17
4.970000E+03	1.990010E-16	1.317785E-17
4.980000E+03	1.997086E-16	1.350971E-17
4.990000E+03	2.004460E-16	1.382689E-17
5.000000E+03	2.012203E-16	1.412941E-17
5.010000E+03	2.020322E-16	1.441688E-17
5.020000E+03	2.028756E-16	1.468842E-17
5.030000E+03	2.037577E-16	1.494413E-17
5.040000E+03	2.046727E-16	1.518312E-17
5.050000E+03	2.056210E-16	1.540501E-17
5.060000E+03	2.066100E-16	1.560992E-17
5.070000E+03	2.076403E-16	1.579747E-17
5.080000E+03	2.087060E-16	1.596678E-17
5.090000E+03	2.098077E-16	1.611747E-17
5.100000E+03	2.109528E-16	1.624969E-17
5.110000E+03	2.121354E-16	1.636253E-17
5.120000E+03	2.133561E-16	1.645563E-17
5.130000E+03	2.146224E-16	1.652913E-17
5.140000E+03	2.159282E-16	1.658213E-17
5.150000E+03	2.172746E-16	1.661426E-17
5.160000E+03	2.186687E-16	1.662568E-17
5.170000E+03	2.201048E-16	1.661549E-17
5.180000E+03	2.215838E-16	1.658334E-17
5.190000E+03	2.231063E-16	1.652888E-17
5.200000E+03	2.246800E-16	1.645226E-17
5.210000E+03	2.262923E-16	1.635217E-17
5.220000E+03	2.279574E-16	1.622928E-17
5.230000E+03	2.296697E-16	1.608280E-17
5.240000E+03	2.314299E-16	1.591247E-17
5.250000E+03	2.332458E-16	1.571853E-17
5.260000E+03	2.351048E-16	1.549987E-17
5.270000E+03	2.370213E-16	1.525726E-17
5.280000E+03	2.389827E-16	1.498975E-17
5.290000E+03	2.410037E-16	1.469824E-17
5.300000E+03	2.430784E-16	1.438242E-17
5.310000E+03	2.452077E-16	1.404253E-17
5.320000E+03	2.473858E-16	1.367863E-17
5.330000E+03	2.496275E-16	1.329213E-17
5.340000E+03	2.519269E-16	1.288353E-17
5.350000E+03	2.542849E-16	1.245408E-17
5.360000E+03	2.567027E-16	1.200545E-17
5.370000E+03	2.591740E-16	1.153955E-17
5.380000E+03	2.617141E-16	1.105998E-17
5.390000E+03	2.643169E-16	1.057029E-17
5.400000E+03	2.669761E-16	1.007528E-17
5.410000E+03	2.697071E-16	9.582121E-18
5.420000E+03	2.724964E-16	9.098835E-18
5.430000E+03	2.753520E-16	8.636653E-18
5.440000E+03	2.782749E-16	8.209344E-18
5.450000E+03	2.812659E-16	7.833699E-18
5.460000E+03	2.843260E-16	7.529220E-18
5.470000E+03	2.874559E-16	7.316878E-18
5.480000E+03	2.906487E-16	7.216459E-18
5.490000E+03	2.939129E-16	7.243720E-18
5.500000E+03	2.972573E-16	7.406761E-18
5.510000E+03	3.006591E-16	7.703780E-18
5.520000E+03	3.041428E-16	8.126082E-18
5.530000E+03	3.076936E-16	8.658760E-18
5.540000E+03	3.113282E-16	9.285701E-18
5.550000E+03	3.150233E-16	9.989924E-18
5.560000E+03	3.188041E-16	1.075749E-17
5.570000E+03	3.226548E-16	1.157528E-17
5.580000E+03	3.265846E-16	1.243299E-17
5.590000E+03	3.305939E-16	1.332189E-17
5.600000E+03	3.346750E-16	1.423436E-17
5.610000E+03	3.388367E-16	1.516464E-17
5.620000E+03	3.430795E-16	1.610760E-17
5.630000E+03	3.473951E-16	1.705840E-17
5.640000E+03	3.517925E-16	1.801355E-17
5.650000E+03	3.562718E-16	1.896960E-17
5.660000E+03	3.608242E-16	1.992295E-17
5.670000E+03	3.654587E-16	2.087114E-17
5.680000E+03	3.701753E-16	2.181148E-17
5.690000E+03	3.749645E-16	2.274083E-17
5.700000E+03	3.798258E-16	2.365663E-17
5.710000E+03	3.847683E-16	2.455703E-17
5.720000E+03	3.897913E-16	2.543964E-17
5.730000E+03	3.948848E-16	2.630147E-17
5.740000E+03	4.000576E-16	2.714079E-17
5.750000E+03	4.053089E-16	2.795525E-17
5.760000E+03	4.106177E-16	2.874109E-17
5.770000E+03	4.160129E-16	2.949800E-17
5.780000E+03	4.214730E-16	3.022218E-17
5.790000E+03	4.269964E-16	3.091115E-17
5.800000E+03	4.325919E-16	3.156320E-17
5.810000E+03	4.382471E-16	3.217509E-17
5.820000E+03	4.439707E-16	3.274508E-17
5.830000E+03	4.497498E-16	3.326984E-17
5.840000E+03	4.555929E-16	3.374763E-17
5.850000E+03	4.614866E-16	3.417506E-17
5.860000E+03	4.674281E-16	3.454955E-17
5.870000E+03	4.734255E-16	3.486933E-17
5.880000E+03	4.794645E-16	3.513099E-17
5.890000E+03	4.855531E-16	3.533278E-17
5.900000E+03	4.916763E-16	3.547132E-17
5.910000E+03	4.978420E-16	3.554491E-17
5.920000E+03	5.040343E-16	3.555024E-17
5.930000E+03	5.102489E-16	3.548487E-17
5.940000E+03	5.164932E-16	3.534731E-17
5.950000E+03	5.227503E-16	3.513445E-17
5.960000E+03	5.290152E-16	3.484416E-17
5.970000E+03	5.352949E-16	3.447529E-17
5.980000E+03	5.415714E-16	3.402519E-17
5.990000E+03	5.478515E-16	3.349308E-17
6.000000E+03	5.541164E-16	3.287683E-17
6.010000E+03	5.603597E-16	3.217545E-17
6.020000E+03	5.665877E-16	3.138910E-17
6.030000E+03	5.727805E-16	3.051691E-17
6.040000E+03	5.789307E-16	2.955941E-17
6.050000E+03	5.850445E-16	2.851859E-17
6.060000E+03	5.910869E-16	2.739540E-17
6.070000E+03	5.970911E-16	2.619537E-17
6.080000E+03	6.030075E-16	2.492193E-17
6.090000E+03	6.088554E-16	2.358387E-17
6.100000E+03	6.146265E-16	2.219188E-17
6.110000E+03	6.202834E-16	2.076002E-17
6.120000E+03	6.258456E-16	1.931053E-17
6.130000E+03	6.313039E-16	1.787313E-17
6.140000E+03	6.366200E-16	1.648879E-17
6.150000E+03	6.418133E-16	1.521612E-17
6.160000E+03	6.468598E-16	1.413179E-17
6.170000E+03	6.517651E-16	1.333117E-17
6.180000E+03	6.565056E-16	1.291486E-17
6.190000E+03	6.610885E-16	1.296354E-17
6.200000E+03	6.654772E-16	1.350692E-17
6.210000E+03	6.696969E-16	1.451625E-17
6.220000E+03	6.737441E-16	1.592107E-17
6.230000E+03	6.776005E-16	1.763807E-17
6.240000E+03	6.812640E-16	1.959155E-17
6.250000E+03	6.847325E-16	2.172030E-17
6.260000E+03	6.880201E-16	2.397800E-17
6.270000E+03	6.911254E-16	2.632952E-17
6.280000E+03	6.940158E-16	2.874702E-17
6.290000E+03	6.967376E-16	3.121200E-17
6.300000E+03	6.992423E-16	3.370640E-17
6.310000E+03	7.015609E-16	3.621881E-17
6.320000E+03	7.036930E-16	3.873881E-17
6.330000E+03	7.056222E-16	4.125671E-17
6.340000E+03	7.073481E-16	4.376489E-17
6.350000E+03	7.088867E-16	4.625772E-17
6.360000E+03	7.102220E-16	4.872837E-17
6.370000E+03	7.113703E-16	5.117269E-17
6.380000E+03	7.123158E-16	5.358481E-17
6.390000E+03	7.130752E-16	5.596160E-17
6.400000E+03	7.136329E-16	5.829782E-17
6.410000E+03	7.140060E-16	6.059109E-17
6.420000E+03	7.141791E-16	6.283664E-17
6.430000E+03	7.141695E-16	6.503267E-17
6.440000E+03	7.139786E-16	6.717628E-17
6.450000E+03	7.135914E-16	6.926320E-17
6.460000E+03	7.130256E-16	7.129239E-17
6.470000E+03	7.122666E-16	7.325984E-17
6.480000E+03	7.113324E-16	7.516494E-17
6.490000E+03	7.102088E-16	7.700393E-17
6.500000E+03	7.089140E-16	7.877663E-17
6.510000E+03	7.074501E-16	8.048132E-17
6.520000E+03	7.058194E-16	8.211644E-17
6.530000E+03	7.040083E-16	8.367869E-17
6.540000E+03	7.020353E-16	8.516861E-17
6.550000E+03	6.998871E-16	8.658311E-17
6.560000E+03	6.975827E-16	8.792311E-17
6.570000E+03	6.951248E-16	8.918777E-17
6.580000E+03	6.925164E-16	9.037636E-17
6.590000E+03	6.897607E-16	9.148831E-17
6.600000E+03	6.868452E-16	9.252102E-17
6.610000E+03	6.837889E-16	9.347625E-17
6.620000E+03	6.805954E-16	9.435380E-17
6.630000E+03	6.772681E-16	9.515359E-17
6.640000E+03	6.738107E-16	9.587567E-17
6.650000E+03	6.702114E-16	9.651795E-17
6.660000E+03	6.665049E-16	9.708516E-17
6.670000E+03	6.626642E-16	9.757322E-17
6.680000E+03	6.587088E-16	9.798483E-17
6.690000E+03	6.546425E-16	9.832060E-17
6.700000E+03	6.504846E-16	9.858351E-17
6.710000E+03	6.462088E-16	9.876979E-17
6.720000E+03	6.418345E-16	9.888261E-17
6.730000E+03	6.373658E-16	9.892293E-17
6.740000E+03	6.328068E-16	9.889183E-17
6.750000E+03	6.281619E-16	9.879042E-17
6.760000E+03	6.234353E-16	9.861994E-17
6.770000E+03	6.186312E-16	9.838165E-17
6.780000E+03	6.137538E-16	9.807691E-17
6.790000E+03	6.088074E-16	9.770714E-17
6.800000E+03	6.038104E-16	9.727608E-17
6.810000E+03	5.987386E-16	9.678068E-17
6.820000E+03	5.936244E-16	9.622706E-17
6.830000E+03	5.884577E-16	9.561454E-17
6.840000E+03	5.832428E-16	9.494479E-17
6.850000E+03	5.779836E-16	9.421946E-17
6.860000E+03	5.726842E-16	9.344029E-17
6.870000E+03	5.673486E-16	9.260899E-17
6.880000E+03	5.619940E-16	9.172950E-17
6.890000E+03	5.566107E-16	9.080139E-17
6.900000E+03	5.512024E-16	8.982643E-17
6.910000E+03	5.457860E-16	8.880853E-17
6.920000E+03	5.403388E-16	8.774524E-17
6.930000E+03	5.348904E-16	8.664256E-17
6.940000E+03	5.294311E-16	8.550017E-17
6.950000E+03	5.239770E-16	8.432187E-17
6.960000E+03	5.185184E-16	8.310738E-17
6.970000E+03	5.130586E-16	8.185846E-17
6.980000E+03	5.076007E-16	8.057686E-17
6.990000E+03	5.021598E-16	7.926623E-17
7.000000E+03	4.967383E-16	7.792820E-17
7.010000E+03	4.913151E-16	7.656066E-17
7.020000E+03	4.859167E-16	7.516903E-17
7.030000E+03	4.805452E-16	7.375485E-17
7.040000E+03	4.751799E-16	7.231612E-17
7.050000E+03	4.698577E-16	7.085971E-17
7.060000E+03	4.645463E-16	6.938191E-17
7.070000E+03	4.592706E-16	6.788765E-17
7.080000E+03	4.540324E-16	6.637833E-17
7.090000E+03	4.488224E-16	6.485372E-17
7.100000E+03	4.436424E-16	6.331525E-17
7.110000E+03	4.385051E-16	6.176583E-17
7.120000E+03	4.334118E-16	6.020673E-17
7.130000E+03	4.283532E-16	5.863772E-17
7.140000E+03	4.233310E-16	5.706010E-17
7.150000E+03	4.183569E-16	5.547651E-17
7.160000E+03	4.134319E-16	5.388807E-17
7.170000E+03	4.085469E-16	5.229457E-17
7.180000E+03	4.037131E-16	5.069846E-17
7.190000E+03	3.989214E-16	4.909955E-17
7.200000E+03	3.941728E-16	4.749895E-17
7.210000E+03	3.894879E-16	4.590006E-17
7.220000E+03	3.848476E-16	4.430151E-17
7.230000E+03	3.802528E-16	4.270436E-17
7.240000E+03	3.757137E-16	4.111069E-17
7.250000E+03	3.712308E-16	3.952142E-17
7.260000E+03	3.667951E-16	3.793650E-17
7.270000E+03	3.624166E-16	3.635790E-17
7.280000E+03	3.580954E-16	3.478652E-17
7.290000E+03	3.538228E-16	3.322249E-17
7.300000E+03	3.495993E-16	3.166688E-17
7.310000E+03	3.454429E-16	3.012238E-17
7.320000E+03	3.413362E-16	2.858851E-17
7.330000E+03	3.372880E-16	2.706724E-17
7.340000E+03	3.332899E-16	2.555922E-17
7.350000E+03	3.293507E-16	2.406665E-17
7.360000E+03	3.254704E-16	2.259123E-17
7.370000E+03	3.216407E-16	2.113438E-17
7.380000E+03	3.178701E-16	1.969909E-17
7.390000E+03	3.141585E-16	1.828830E-17
7.400000E+03	3.105060E-16	1.690563E-17
7.410000E+03	3.069045E-16	1.555535E-17
7.420000E+03	3.033621E-16	1.424401E-17
7.430000E+03	2.998710E-16	1.297929E-17
7.440000E+03	2.964390E-16	1.177241E-17
7.450000E+03	2.930662E-16	1.063798E-17
7.460000E+03	2.897525E-16	9.595858E-18
7.470000E+03	2.864902E-16	8.672236E-18
7.480000E+03	2.832945E-16	7.901231E-18
7.490000E+03	2.801500E-16	7.321206E-18
7.500000E+03	2.770565E-16	6.969093E-18
7.510000E+03	2.740283E-16	6.867978E-18
7.520000E+03	2.710495E-16	7.014821E-18
7.530000E+03	2.681264E-16	7.381013E-18
7.540000E+03	2.652503E-16	7.922222E-18
7.550000E+03	2.624338E-16	8.592812E-18
7.560000E+03	2.596612E-16	9.352674E-18
7.570000E+03	2.569378E-16	1.017122E-17
7.580000E+03	2.542552E-16	1.102547E-17
7.590000E+03	2.516257E-16	1.189970E-17
7.600000E+03	2.490341E-16	1.278162E-17
7.610000E+03	2.464859E-16	1.366323E-17
7.620000E+03	2.439798E-16	1.453856E-17
7.630000E+03	2.415078E-16	1.540291E-17
7.640000E+03	2.390821E-16	1.625399E-17
7.650000E+03	2.366884E-16	1.708871E-17
7.660000E+03	2.343321E-16	1.790588E-17
7.670000E+03	2.320057E-16	1.870386E-17
7.680000E+03	2.297214E-16	1.948288E-17
7.690000E+03	2.274652E-16	2.024135E-17
7.700000E+03	2.252427E-16	2.097949E-17
7.710000E+03	2.230530E-16	2.169712E-17
7.720000E+03	2.208954E-16	2.239420E-17
7.730000E+03	2.187629E-16	2.307014E-17
7.740000E+03	2.166609E-16	2.372566E-17
7.750000E+03	2.145949E-16	2.436165E-17
7.760000E+03	2.125459E-16	2.497626E-17
7.770000E+03	2.105315E-16	2.557181E-17
7.780000E+03	2.085450E-16	2.614792E-17
7.790000E+03	2.065799E-16	2.670413E-17
7.800000E+03	2.046416E-16	2.724149E-17
7.810000E+03	2.027295E-16	2.776035E-17
7.820000E+03	2.008432E-16	2.826107E-17
7.830000E+03	1.989821E-16	2.874399E-17
7.840000E+03	1.971400E-16	2.920865E-17
7.850000E+03	1.953280E-16	2.965708E-17
7.860000E+03	1.935341E-16	3.008795E-17
7.870000E+03	1.917636E-16	3.050248E-17
7.880000E+03	1.900107E-16	3.090012E-17
7.890000E+03	1.882860E-16	3.128306E-17
7.900000E+03	1.865837E-16	3.165076E-17
7.910000E+03	1.848977E-16	3.200265E-17
7.920000E+03	1.832335E-16	3.234001E-17
7.930000E+03	1.815905E-16	3.266320E-17
7.940000E+03	1.799685E-16	3.297258E-17
7.950000E+03	1.783618E-16	3.326750E-17
7.960000E+03	1.767809E-16	3.355030E-17
7.970000E+03	1.752147E-16	3.381932E-17
7.980000E+03	1.736685E-16	3.407589E-17
7.990000E+03	1.721418E-16	3.432036E-17
8.000000E+03	1.706344E-16	3.455305E-17
8.010000E+03	1.691462E-16	3.477429E-17
8.020000E+03	1.676767E-16	3.498441E-17
8.030000E+03	1.662208E-16	3.518264E-17
8.040000E+03	1.647832E-16	3.537035E-17
8.050000E+03	1.633639E-16	3.554786E-17
8.060000E+03	1.619625E-16	3.571546E-17
8.070000E+03	1.605789E-16	3.587345E-17
8.080000E+03	1.592128E-16	3.602212E-17
8.090000E+03	1.578591E-16	3.616063E-17
8.100000E+03	1.565275E-16	3.629150E-17
8.110000E+03	1.552079E-16	3.641275E-17
8.120000E+03	1.539051E-16	3.652578E-17
8.130000E+03	1.526188E-16	3.663084E-17
8.140000E+03	1.513489E-16	3.672820E-17
8.150000E+03	1.500904E-16	3.681693E-17
8.160000E+03	1.488527E-16	3.689962E-17
8.170000E+03	1.476261E-16	3.697416E-17
8.180000E+03	1.464198E-16	3.704314E-17
8.190000E+03	1.452242E-16	3.710441E-17
8.200000E+03	1.440438E-16	3.715938E-17
8.210000E+03	1.428738E-16	3.720707E-17
8.220000E+03	1.417234E-16	3.725008E-17
8.230000E+03	1.405876E-16	3.728743E-17
8.240000E+03	1.394616E-16	3.731808E-17
8.250000E+03	1.383500E-16	3.734344E-17
8.260000E+03	1.372524E-16	3.736371E-17
8.270000E+03	1.361687E-16	3.737904E-17
8.280000E+03	1.350987E-16	3.738964E-17
8.290000E+03	1.340422E-16	3.739565E-17
8.300000E+03	1.329989E-16	3.739725E-17
8.310000E+03	1.319642E-16	3.739332E-17
8.320000E+03	1.309423E-16	3.738528E-17
8.330000E+03	1.299376E-16	3.737454E-17
8.340000E+03	1.289408E-16	3.735871E-17
8.350000E+03	1.279563E-16	3.733917E-17
8.360000E+03	1.269837E-16	3.731608E-17
8.370000E+03	1.260186E-16	3.728825E-17
8.380000E+03	1.250694E-16	3.725839E-17
8.390000E+03	1.241272E-16	3.722402E-17
8.400000E+03	1.232005E-16	3.718785E-17
8.410000E+03	1.222804E-16	3.714738E-17
8.420000E+03	1.213710E-16	3.710401E-17
8.430000E+03	1.204720E-16	3.705784E-17
8.440000E+03	1.195833E-16	3.700896E-17
8.450000E+03	1.187047E-16	3.695746E-17
8.460000E+03	1.178316E-16	3.690210E-17
8.470000E+03	1.169724E-16	3.684559E-17
8.480000E+03	1.161184E-16	3.678538E-17
8.490000E+03	1.152777E-16	3.672418E-17
8.500000E+03	1.144418E-16	3.665941E-17
8.510000E+03	1.136147E-16	3.659246E-17
8.520000E+03	1.127961E-16	3.652341E-17
8.530000E+03	1.119859E-16	3.645230E-17
8.540000E+03	1.111839E-16	3.637920E-17
8.550000E+03	1.103857E-16	3.630283E-17
8.560000E+03	1.095993E-16	3.622592E-17
8.570000E+03	1.088165E-16	3.614584E-17
8.580000E+03	1.080452E-16	3.606532E-17
8.590000E+03	1.072770E-16	3.598174E-17
8.600000E+03	1.065159E-16	3.589648E-17
8.610000E+03	1.057616E-16	3.580959E-17
8.620000E+03	1.050181E-16	3.572247E-17
8.630000E+03	1.042771E-16	3.563246E-17
8.640000E+03	1.035386E-16	3.553960E-17
8.650000E+03	1.028103E-16	3.544665E-17
8.660000E+03	1.020882E-16	3.535230E-17
8.670000E+03	1.013720E-16	3.525659E-17
8.680000E+03	1.006578E-16	3.515820E-17
8.690000E+03	9.995331E-17	3.505990E-17
8.700000E+03	9.925053E-17	3.495901E-17
8.710000E+03	9.855716E-17	3.485830E-17
8.720000E+03	9.786536E-17	3.475508E-17
8.730000E+03	9.717892E-17	3.465077E-17
8.740000E+03	9.650157E-17	3.454678E-17
8.750000E+03	9.582556E-17	3.444040E-17
8.760000E+03	9.515467E-17	3.433307E-17
8.770000E+03	9.448882E-17	3.422483E-17
8.780000E+03	9.382794E-17	3.411571E-17
8.790000E+03	9.317200E-17	3.400578E-17
8.800000E+03	9.252093E-17	3.389508E-17
8.810000E+03	9.187469E-17	3.378365E-17
8.820000E+03	9.123325E-17	3.367155E-17
8.830000E+03	9.059657E-17	3.355882E-17
8.840000E+03	8.996463E-17	3.344552E-17
8.850000E+03	8.933741E-17	3.333169E-17
8.860000E+03	8.871488E-17	3.321740E-17
8.870000E+03	8.809704E-17	3.310268E-17
8.880000E+03	8.748387E-17	3.298759E-17
8.890000E+03	8.687538E-17	3.287218E-17
8.900000E+03	8.627156E-17	3.275651E-17
8.910000E+03	8.567242E-17	3.264063E-17
8.920000E+03	8.507795E-17	3.252458E-17
8.930000E+03	8.448818E-17	3.240843E-17
8.940000E+03	8.390311E-17	3.229223E-17
8.950000E+03	8.332276E-17	3.217602E-17
8.960000E+03	8.274714E-17	3.205985E-17
8.970000E+03	8.217628E-17	3.194379E-17
8.980000E+03	8.161018E-17	3.182788E-17
8.990000E+03	8.105248E-17	3.171359E-17
9.000000E+03	8.049597E-17	3.159813E-17
9.040000E+03	7.832565E-17	3.114267E-17
9.080000E+03	7.623751E-17	3.069653E-17
9.120000E+03	7.423271E-17	3.026251E-17
9.160000E+03	7.231907E-17	2.984596E-17
9.200000E+03	7.048984E-17	2.944613E-17
9.240000E+03	6.875165E-17	2.906760E-17
9.280000E+03	6.710343E-17	2.871168E-17
9.320000E+03	6.554688E-17	2.838074E-17
9.360000E+03	6.407268E-17	2.807225E-17
9.400000E+03	6.268813E-17	2.779077E-17
9.440000E+03	6.138617E-17	2.753456E-17
9.480000E+03	6.016271E-17	2.730301E-17
9.520000E+03	5.901327E-17	2.709523E-17
9.560000E+03	5.793997E-17	2.691330E-17
9.600000E+03	5.693439E-17	2.675440E-17
9.640000E+03	5.599136E-17	2.661707E-17
9.680000E+03	5.510923E-17	2.650146E-17
9.720000E+03	5.428282E-17	2.640597E-17
9.760000E+03	5.350705E-17	2.632897E-17
9.800000E+03	5.277689E-17	2.626876E-17
9.840000E+03	5.209118E-17	2.622548E-17
9.880000E+03	5.144160E-17	2.619564E-17
9.920000E+03	5.082742E-17	2.617946E-17
9.960000E+03	5.024067E-17	2.617338E-17
1.000000E+04	4.968117E-17	2.617776E-17
1.004000E+04	4.914524E-17	2.619112E-17
1.008000E+04	4.862551E-17	2.620984E-17
1.012000E+04	4.812675E-17	2.623678E-17
1.016000E+04	4.763804E-17	2.626623E-17
1.020000E+04	4.716079E-17	2.629906E-17
1.024000E+04	4.669264E-17	2.633405E-17
1.028000E+04	4.623154E-17	2.637005E-17
1.032000E+04	4.577566E-17	2.640599E-17
