#wls	flux	fluxerr
1.600160E+03	4.385302E-16	1.545784E-17
1.640164E+03	4.437268E-16	1.558667E-17
1.680168E+03	4.470395E-16	1.564694E-17
1.720172E+03	4.486144E-16	1.564440E-17
1.760176E+03	4.481509E-16	1.556924E-17
1.800180E+03	4.452857E-16	1.540969E-17
1.840184E+03	4.394020E-16	1.514544E-17
1.880188E+03	4.299946E-16	1.476046E-17
1.920192E+03	4.166440E-16	1.424195E-17
1.960196E+03	3.990920E-16	1.358296E-17
2.000200E+03	3.781961E-16	1.281455E-17
2.040204E+03	3.559754E-16	1.200656E-17
2.080208E+03	3.360522E-16	1.128142E-17
2.120212E+03	3.228792E-16	1.078697E-17
2.160216E+03	3.199972E-16	1.063778E-17
2.200220E+03	3.286373E-16	1.086950E-17
2.240224E+03	3.474383E-16	1.143137E-17
2.280228E+03	3.736366E-16	1.222748E-17
2.320232E+03	4.040617E-16	1.315044E-17
2.360236E+03	4.362426E-16	1.411764E-17
2.400240E+03	4.687813E-16	1.508275E-17
2.440244E+03	5.008233E-16	1.601787E-17
2.480248E+03	5.322837E-16	1.692021E-17
2.520252E+03	5.633533E-16	1.779576E-17
2.560256E+03	5.944985E-16	1.865904E-17
2.600260E+03	6.262151E-16	1.952508E-17
2.640264E+03	6.589715E-16	2.040767E-17
2.680268E+03	6.935683E-16	2.133041E-17
2.720272E+03	7.305999E-16	2.230986E-17
2.760276E+03	7.709455E-16	2.337067E-17
2.800280E+03	8.155210E-16	2.453775E-17
2.840284E+03	8.654233E-16	2.584049E-17
2.880288E+03	9.220025E-16	2.731470E-17
2.920292E+03	9.870842E-16	2.900877E-17
2.960296E+03	1.063008E-15	3.098419E-17
3.000300E+03	1.152552E-15	3.331264E-17
3.010301E+03	1.177405E-15	3.395846E-17
3.020302E+03	1.203496E-15	3.463653E-17
3.030303E+03	1.230903E-15	3.534894E-17
3.040304E+03	1.259589E-15	3.609433E-17
3.050305E+03	1.289888E-15	3.688200E-17
3.060306E+03	1.321845E-15	3.771290E-17
3.070307E+03	1.355702E-15	3.859360E-17
3.080308E+03	1.391400E-15	3.952205E-17
3.090309E+03	1.429042E-15	4.050078E-17
3.100310E+03	1.469084E-15	4.154234E-17
3.110311E+03	1.511153E-15	4.263567E-17
3.120312E+03	1.555911E-15	4.379906E-17
3.130313E+03	1.602989E-15	4.502155E-17
3.140314E+03	1.653106E-15	4.632283E-17
3.150315E+03	1.706086E-15	4.769739E-17
3.160316E+03	1.762130E-15	4.915026E-17
3.170317E+03	1.821660E-15	5.069251E-17
3.180318E+03	1.884928E-15	5.233048E-17
3.190319E+03	1.951992E-15	5.406499E-17
3.200320E+03	2.023351E-15	5.590906E-17
3.210321E+03	2.099090E-15	5.786418E-17
3.220322E+03	2.179766E-15	5.994471E-17
3.230323E+03	2.265495E-15	6.215286E-17
3.240324E+03	2.356889E-15	6.450436E-17
3.250325E+03	2.454354E-15	6.700908E-17
3.260326E+03	2.558039E-15	6.966989E-17
3.270327E+03	2.668639E-15	7.250433E-17
3.280328E+03	2.786603E-15	7.552317E-17
3.290329E+03	2.912080E-15	7.872892E-17
3.300330E+03	3.045803E-15	8.213975E-17
3.310331E+03	3.187870E-15	8.575663E-17
3.320332E+03	3.338983E-15	8.959666E-17
3.330333E+03	3.499478E-15	9.366691E-17
3.340334E+03	3.669230E-15	9.796209E-17
3.350335E+03	3.848695E-15	1.024924E-16
3.360336E+03	4.037391E-15	1.072431E-16
3.370337E+03	4.235774E-15	1.122242E-16
3.380338E+03	4.441856E-15	1.173812E-16
3.390339E+03	4.655715E-15	1.227145E-16
3.400340E+03	4.874632E-15	1.281509E-16
3.410341E+03	5.096528E-15	1.336349E-16
3.420342E+03	5.317592E-15	1.390661E-16
3.430343E+03	5.534847E-15	1.443670E-16
3.440344E+03	5.742136E-15	1.493782E-16
3.450345E+03	5.936302E-15	1.540198E-16
3.460346E+03	6.111672E-15	1.581476E-16
3.470347E+03	6.265011E-15	1.616820E-16
3.480348E+03	6.393225E-15	1.645481E-16
3.490349E+03	6.496792E-15	1.667632E-16
3.500350E+03	6.575847E-15	1.683359E-16
3.510351E+03	6.633833E-15	1.693594E-16
3.520352E+03	6.677299E-15	1.700047E-16
3.530353E+03	6.711746E-15	1.704146E-16
3.540354E+03	6.744620E-15	1.707794E-16
3.550355E+03	6.784606E-15	1.713190E-16
3.560356E+03	6.837289E-15	1.721725E-16
3.570357E+03	6.908362E-15	1.734801E-16
3.580358E+03	7.003261E-15	1.753743E-16
3.590359E+03	7.123401E-15	1.778853E-16
3.600360E+03	7.270399E-15	1.810483E-16
3.610361E+03	7.443023E-15	1.848270E-16
3.620362E+03	7.640357E-15	1.891934E-16
3.630363E+03	7.857179E-15	1.940135E-16
3.640364E+03	8.087549E-15	1.991369E-16
3.650365E+03	8.324561E-15	2.043913E-16
3.660366E+03	8.555812E-15	2.094718E-16
3.670367E+03	8.767199E-15	2.140353E-16
3.680368E+03	8.943165E-15	2.177073E-16
3.690369E+03	9.063090E-15	2.199948E-16
3.700370E+03	9.107293E-15	2.204333E-16
3.710371E+03	9.059649E-15	2.186495E-16
3.720372E+03	8.906339E-15	2.143301E-16
3.730373E+03	8.644231E-15	2.074220E-16
3.740374E+03	8.279533E-15	1.980965E-16
3.750375E+03	7.831033E-15	1.868230E-16
3.760376E+03	7.326083E-15	1.742696E-16
3.770377E+03	6.797357E-15	1.612228E-16
3.780378E+03	6.277539E-15	1.484606E-16
3.790379E+03	5.796109E-15	1.366759E-16
3.800380E+03	5.376949E-15	1.264224E-16
3.810381E+03	5.035141E-15	1.180405E-16
3.820382E+03	4.780651E-15	1.117473E-16
3.830383E+03	4.619860E-15	1.076735E-16
3.840384E+03	4.555452E-15	1.058621E-16
3.850385E+03	4.590198E-15	1.063578E-16
3.860386E+03	4.727529E-15	1.092197E-16
3.870387E+03	4.971108E-15	1.145114E-16
3.880388E+03	5.324219E-15	1.222871E-16
3.890389E+03	5.789505E-15	1.325854E-16
3.900390E+03	6.365527E-15	1.453512E-16
3.910391E+03	7.046182E-15	1.604239E-16
3.920392E+03	7.817237E-15	1.774601E-16
3.930393E+03	8.657687E-15	1.959669E-16
3.940394E+03	9.539622E-15	2.153016E-16
3.950395E+03	1.043100E-14	2.347356E-16
3.960396E+03	1.130100E-14	2.535763E-16
3.970397E+03	1.212410E-14	2.712580E-16
3.980398E+03	1.288111E-14	2.873625E-16
3.990399E+03	1.355849E-14	3.016025E-16
4.000400E+03	1.415348E-14	3.139328E-16
4.010401E+03	1.466220E-14	3.242841E-16
4.020402E+03	1.508896E-14	3.327687E-16
4.030403E+03	1.543368E-14	3.394012E-16
4.040404E+03	1.570219E-14	3.443257E-16
4.050405E+03	1.589832E-14	3.476403E-16
4.060406E+03	1.602891E-14	3.495082E-16
4.070407E+03	1.609962E-14	3.500650E-16
4.080408E+03	1.611753E-14	3.494754E-16
4.090409E+03	1.609044E-14	3.479182E-16
4.100410E+03	1.602316E-14	3.455051E-16
4.110411E+03	1.592011E-14	3.423387E-16
4.120412E+03	1.578435E-14	3.384910E-16
4.130413E+03	1.561920E-14	3.340386E-16
4.140414E+03	1.542652E-14	3.290268E-16
4.150415E+03	1.521111E-14	3.235618E-16
4.160416E+03	1.498075E-14	3.178128E-16
4.170417E+03	1.474667E-14	3.120195E-16
4.180418E+03	1.452397E-14	3.065011E-16
4.190419E+03	1.432693E-14	3.015562E-16
4.200420E+03	1.417330E-14	2.975529E-16
4.210421E+03	1.407641E-14	2.947634E-16
4.220422E+03	1.404630E-14	2.933881E-16
4.230423E+03	1.409103E-14	2.935844E-16
4.240424E+03	1.421113E-14	2.953522E-16
4.250425E+03	1.440239E-14	2.985926E-16
4.260426E+03	1.465459E-14	3.030843E-16
4.270427E+03	1.495150E-14	3.084838E-16
4.280428E+03	1.527061E-14	3.143220E-16
4.290429E+03	1.558820E-14	3.201096E-16
4.300430E+03	1.587607E-14	3.252697E-16
4.310431E+03	1.611153E-14	3.293441E-16
4.320432E+03	1.627357E-14	3.319121E-16
4.330433E+03	1.635110E-14	3.327587E-16
4.340434E+03	1.634014E-14	3.318151E-16
4.350435E+03	1.624314E-14	3.291426E-16
4.360436E+03	1.607101E-14	3.249733E-16
4.370437E+03	1.583599E-14	3.195632E-16
4.380438E+03	1.555724E-14	3.133061E-16
4.390439E+03	1.525640E-14	3.066412E-16
4.400440E+03	1.496179E-14	3.001391E-16
4.410441E+03	1.470229E-14	2.943764E-16
4.420442E+03	1.450191E-14	2.898286E-16
4.430443E+03	1.437638E-14	2.868025E-16
4.440444E+03	1.433429E-14	2.854604E-16
4.450445E+03	1.437912E-14	2.858625E-16
4.460446E+03	1.450719E-14	2.879269E-16
4.470447E+03	1.471460E-14	2.915681E-16
4.480448E+03	1.499846E-14	2.967219E-16
4.490449E+03	1.535550E-14	3.033168E-16
4.500450E+03	1.578415E-14	3.113159E-16
4.510451E+03	1.627939E-14	3.206153E-16
4.520452E+03	1.683337E-14	3.310555E-16
4.530453E+03	1.743003E-14	3.423176E-16
4.540454E+03	1.804737E-14	3.539680E-16
4.550455E+03	1.865457E-14	3.654026E-16
4.560456E+03	1.921683E-14	3.759428E-16
4.570457E+03	1.969843E-14	3.848949E-16
4.580458E+03	2.006811E-14	3.916555E-16
4.590459E+03	2.030125E-14	3.957532E-16
4.600460E+03	2.038167E-14	3.968823E-16
4.610461E+03	2.030871E-14	3.950399E-16
4.620462E+03	2.009023E-14	3.903878E-16
4.630463E+03	1.974578E-14	3.833135E-16
4.640464E+03	1.930028E-14	3.743067E-16
4.650465E+03	1.878313E-14	3.639415E-16
4.660466E+03	1.822878E-14	3.528873E-16
4.670467E+03	1.766560E-14	3.416935E-16
4.680468E+03	1.712365E-14	3.309400E-16
4.690469E+03	1.662589E-14	3.210682E-16
4.700470E+03	1.619377E-14	3.124886E-16
4.710471E+03	1.584109E-14	3.054634E-16
4.720472E+03	1.557679E-14	3.001609E-16
4.730473E+03	1.540473E-14	2.966511E-16
4.740474E+03	1.532098E-14	2.948547E-16
4.750475E+03	1.531902E-14	2.946425E-16
4.760476E+03	1.538522E-14	2.957497E-16
4.770477E+03	1.550228E-14	2.978416E-16
4.780478E+03	1.564873E-14	3.005045E-16
4.790479E+03	1.580371E-14	3.033371E-16
4.800480E+03	1.594181E-14	3.058520E-16
4.810481E+03	1.604217E-14	3.076495E-16
4.820482E+03	1.608741E-14	3.083972E-16
4.830483E+03	1.606738E-14	3.079023E-16
4.840484E+03	1.597823E-14	3.060917E-16
4.850485E+03	1.582755E-14	3.031118E-16
4.860486E+03	1.563197E-14	2.992822E-16
4.870487E+03	1.541438E-14	2.950409E-16
4.880488E+03	1.520276E-14	2.909235E-16
4.890489E+03	1.502894E-14	2.875382E-16
4.900490E+03	1.492128E-14	2.854268E-16
4.910491E+03	1.490358E-14	2.850437E-16
4.920492E+03	1.499414E-14	2.867376E-16
4.930493E+03	1.519945E-14	2.906321E-16
4.940494E+03	1.551467E-14	2.966340E-16
4.950495E+03	1.592162E-14	3.043953E-16
4.960496E+03	1.638864E-14	3.133111E-16
4.970497E+03	1.687265E-14	3.225581E-16
4.980498E+03	1.732413E-14	3.311901E-16
4.990499E+03	1.769488E-14	3.382860E-16
5.000500E+03	1.794683E-14	3.431184E-16
5.010501E+03	1.805939E-14	3.452932E-16
5.020502E+03	1.803319E-14	3.448223E-16
5.030503E+03	1.788941E-14	3.421098E-16
5.040504E+03	1.766584E-14	3.378774E-16
5.050505E+03	1.740700E-14	3.329757E-16
5.060506E+03	1.716129E-14	3.283302E-16
5.070507E+03	1.697206E-14	3.247703E-16
5.080508E+03	1.687483E-14	3.229761E-16
5.090509E+03	1.689197E-14	3.233766E-16
5.100510E+03	1.703625E-14	3.262179E-16
5.110511E+03	1.730485E-14	3.314476E-16
5.120512E+03	1.768524E-14	3.388282E-16
5.130513E+03	1.815126E-14	3.478600E-16
5.140514E+03	1.867165E-14	3.579461E-16
5.150515E+03	1.920916E-14	3.683732E-16
5.160516E+03	1.972816E-14	3.784589E-16
5.170517E+03	2.019856E-14	3.876257E-16
5.180518E+03	2.059923E-14	3.954674E-16
5.190519E+03	2.091941E-14	4.017762E-16
5.200520E+03	2.115803E-14	4.065297E-16
5.210521E+03	2.132153E-14	4.098505E-16
5.220522E+03	2.142200E-14	4.119688E-16
5.230523E+03	2.147094E-14	4.131045E-16
5.240524E+03	2.148312E-14	4.135404E-16
5.250525E+03	2.146815E-14	4.134606E-16
5.260526E+03	2.143640E-14	4.130643E-16
5.270527E+03	2.139252E-14	4.124402E-16
5.280528E+03	2.133877E-14	4.116317E-16
5.290529E+03	2.127443E-14	4.106247E-16
5.300530E+03	2.119728E-14	4.093756E-16
5.310531E+03	2.110120E-14	4.077657E-16
5.320532E+03	2.098314E-14	4.057353E-16
5.330533E+03	2.083732E-14	4.031718E-16
5.340534E+03	2.066243E-14	4.000484E-16
5.350535E+03	2.045598E-14	3.963158E-16
5.360536E+03	2.021859E-14	3.919846E-16
5.370537E+03	1.995012E-14	3.870507E-16
5.380538E+03	1.965575E-14	3.816127E-16
5.390539E+03	1.934050E-14	3.757673E-16
5.400540E+03	1.901646E-14	3.697483E-16
5.410541E+03	1.869892E-14	3.638523E-16
5.420542E+03	1.840663E-14	3.584447E-16
5.430543E+03	1.816532E-14	3.540276E-16
5.440544E+03	1.800018E-14	3.510947E-16
5.450545E+03	1.793987E-14	3.502089E-16
5.460546E+03	1.800588E-14	3.517950E-16
5.470547E+03	1.821646E-14	3.562162E-16
5.480548E+03	1.858094E-14	3.636623E-16
5.490549E+03	1.909567E-14	3.740699E-16
5.500550E+03	1.973947E-14	3.870317E-16
5.510551E+03	2.045782E-14	4.014848E-16
5.520552E+03	2.118252E-14	4.160940E-16
5.530553E+03	2.183579E-14	4.293305E-16
5.540554E+03	2.234465E-14	4.397543E-16
5.550555E+03	2.264819E-14	4.461572E-16
5.560556E+03	2.271351E-14	4.478789E-16
5.570557E+03	2.252976E-14	4.446910E-16
5.580558E+03	2.211480E-14	4.369319E-16
5.590559E+03	2.150028E-14	4.252134E-16
5.600560E+03	2.072558E-14	4.103027E-16
5.610561E+03	1.982969E-14	3.929622E-16
5.620562E+03	1.884410E-14	3.738089E-16
5.630563E+03	1.779435E-14	3.533437E-16
5.640564E+03	1.670176E-14	3.319865E-16
5.650565E+03	1.558491E-14	3.101033E-16
5.660566E+03	1.446536E-14	2.881220E-16
5.670567E+03	1.336701E-14	2.665185E-16
5.680568E+03	1.231766E-14	2.458484E-16
5.690569E+03	1.134673E-14	2.267025E-16
5.700570E+03	1.048143E-14	2.096295E-16
5.710571E+03	9.743990E-15	1.950809E-16
5.720572E+03	9.152628E-15	1.834295E-16
5.730573E+03	8.719143E-15	1.749208E-16
5.740574E+03	8.450648E-15	1.697075E-16
5.750575E+03	8.351863E-15	1.678945E-16
5.760576E+03	8.426650E-15	1.695698E-16
5.770577E+03	8.678125E-15	1.748067E-16
5.780578E+03	9.107951E-15	1.836494E-16
5.790579E+03	9.717201E-15	1.961301E-16
5.800580E+03	1.050018E-14	2.121443E-16
5.810581E+03	1.144346E-14	2.314308E-16
5.820582E+03	1.252250E-14	2.535017E-16
5.830583E+03	1.369831E-14	2.775746E-16
5.840584E+03	1.491965E-14	3.026152E-16
5.850585E+03	1.612489E-14	3.273746E-16
5.860586E+03	1.724778E-14	3.505043E-16
5.870587E+03	1.822617E-14	3.707352E-16
5.880588E+03	1.900963E-14	3.870312E-16
5.890589E+03	1.956337E-14	3.986718E-16
5.900590E+03	1.987055E-14	4.053003E-16
5.910591E+03	1.993407E-14	4.069615E-16
5.920592E+03	1.977141E-14	4.039991E-16
5.930593E+03	1.941067E-14	3.969755E-16
5.940594E+03	1.888800E-14	3.866199E-16
5.950595E+03	1.824449E-14	3.737660E-16
5.960596E+03	1.751887E-14	3.592016E-16
5.970597E+03	1.674952E-14	3.437105E-16
5.980598E+03	1.597186E-14	3.280185E-16
5.990599E+03	1.521579E-14	3.127403E-16
6.000600E+03	1.450561E-14	2.983771E-16
6.010601E+03	1.385925E-14	2.853009E-16
6.020602E+03	1.328960E-14	2.737806E-16
6.030603E+03	1.280544E-14	2.640013E-16
6.040604E+03	1.240926E-14	2.560186E-16
6.050605E+03	1.210179E-14	2.498518E-16
6.060606E+03	1.188060E-14	2.454545E-16
6.070607E+03	1.174291E-14	2.427736E-16
6.080608E+03	1.168521E-14	2.417397E-16
6.090609E+03	1.170447E-14	2.422933E-16
6.100610E+03	1.179843E-14	2.443906E-16
6.110611E+03	1.196752E-14	2.480434E-16
6.120612E+03	1.221388E-14	2.532984E-16
6.130613E+03	1.254141E-14	2.602390E-16
6.140614E+03	1.295699E-14	2.690108E-16
6.150615E+03	1.346848E-14	2.797794E-16
6.160616E+03	1.408408E-14	2.927176E-16
6.170617E+03	1.481072E-14	3.079723E-16
6.180618E+03	1.565141E-14	3.256083E-16
6.190619E+03	1.660457E-14	3.455953E-16
6.200620E+03	1.765979E-14	3.677182E-16
6.210621E+03	1.879553E-14	3.915301E-16
6.220622E+03	1.998092E-14	4.163879E-16
6.230623E+03	2.117096E-14	4.413536E-16
6.240624E+03	2.231430E-14	4.653545E-16
6.250625E+03	2.335489E-14	4.872185E-16
6.260626E+03	2.423819E-14	5.058044E-16
6.270627E+03	2.492228E-14	5.202325E-16
6.280628E+03	2.537756E-14	5.298802E-16
6.290629E+03	2.559774E-14	5.346114E-16
6.300630E+03	2.559684E-14	5.347151E-16
6.310631E+03	2.540759E-14	5.308716E-16
6.320632E+03	2.507618E-14	5.240442E-16
6.330633E+03	2.465459E-14	5.153180E-16
6.340634E+03	2.419693E-14	5.058235E-16
6.350635E+03	2.375185E-14	4.965785E-16
6.360636E+03	2.335604E-14	4.883504E-16
6.370637E+03	2.303793E-14	4.817348E-16
6.380638E+03	2.281341E-14	4.770644E-16
6.390639E+03	2.268731E-14	4.744409E-16
6.400640E+03	2.265366E-14	4.737399E-16
6.410641E+03	2.270080E-14	4.747175E-16
6.420642E+03	2.280662E-14	4.769110E-16
6.430643E+03	2.294772E-14	4.798310E-16
6.440644E+03	2.309420E-14	4.828517E-16
6.450645E+03	2.321943E-14	4.854164E-16
6.460646E+03	2.329526E-14	4.869364E-16
6.470647E+03	2.330112E-14	4.869822E-16
6.480648E+03	2.322259E-14	4.852530E-16
6.490649E+03	2.305381E-14	4.816273E-16
6.500650E+03	2.279806E-14	4.761751E-16
6.510651E+03	2.246705E-14	4.691425E-16
6.520652E+03	2.207934E-14	4.609187E-16
6.530653E+03	2.165783E-14	4.519830E-16
6.540654E+03	2.122316E-14	4.427672E-16
6.550655E+03	2.078994E-14	4.335771E-16
6.560656E+03	2.037042E-14	4.246685E-16
6.570657E+03	1.997347E-14	4.162265E-16
6.580658E+03	1.960360E-14	4.083451E-16
6.590659E+03	1.926062E-14	4.010205E-16
6.600660E+03	1.893983E-14	3.941541E-16
6.610661E+03	1.863258E-14	3.875662E-16
6.620662E+03	1.832729E-14	3.810159E-16
6.630663E+03	1.801068E-14	3.742276E-16
6.640664E+03	1.766913E-14	3.669196E-16
6.650665E+03	1.729014E-14	3.588337E-16
6.660666E+03	1.686353E-14	3.497609E-16
6.670667E+03	1.638248E-14	3.395624E-16
6.680668E+03	1.584419E-14	3.281828E-16
6.690669E+03	1.525007E-14	3.156547E-16
6.700670E+03	1.460558E-14	3.020945E-16
6.710671E+03	1.392031E-14	2.877038E-16
6.720672E+03	1.320486E-14	2.727041E-16
6.730673E+03	1.247342E-14	2.573912E-16
6.740674E+03	1.174090E-14	2.420743E-16
6.750675E+03	1.102064E-14	2.270293E-16
6.760676E+03	1.032700E-14	2.125524E-16
6.770677E+03	9.671013E-15	1.988700E-16
6.780678E+03	9.063540E-15	1.862042E-16
6.790679E+03	8.512144E-15	1.747084E-16
6.800680E+03	8.022845E-15	1.645035E-16
6.810681E+03	7.599621E-15	1.556680E-16
6.820682E+03	7.246072E-15	1.482722E-16
6.830683E+03	6.963872E-15	1.423463E-16
6.840684E+03	6.754794E-15	1.379224E-16
6.850685E+03	6.619677E-15	1.350130E-16
6.860686E+03	6.560434E-15	1.336523E-16
6.870687E+03	6.579115E-15	1.338768E-16
6.880688E+03	6.678568E-15	1.357388E-16
6.890689E+03	6.861250E-15	1.392822E-16
6.900690E+03	7.130598E-15	1.445703E-16
6.910691E+03	7.489767E-15	1.516601E-16
6.920692E+03	7.940216E-15	1.605736E-16
6.930693E+03	8.481344E-15	1.712909E-16
6.940694E+03	9.110518E-15	1.837510E-16
6.950695E+03	9.819932E-15	1.977886E-16
6.960696E+03	1.059709E-14	2.131449E-16
6.970697E+03	1.142411E-14	2.294537E-16
6.980698E+03	1.227800E-14	2.462490E-16
6.990699E+03	1.313182E-14	2.629876E-16
7.000700E+03	1.395665E-14	2.790900E-16
7.010701E+03	1.472415E-14	2.939919E-16
7.020702E+03	1.540926E-14	3.071983E-16
7.030703E+03	1.599333E-14	3.183446E-16
7.040704E+03	1.646309E-14	3.271757E-16
7.050705E+03	1.681533E-14	3.336385E-16
7.060706E+03	1.705468E-14	3.378354E-16
7.070707E+03	1.719011E-14	3.399547E-16
7.080708E+03	1.723766E-14	3.403233E-16
7.090709E+03	1.721643E-14	3.393265E-16
7.100710E+03	1.714465E-14	3.373298E-16
7.110711E+03	1.704346E-14	3.347539E-16
7.120712E+03	1.693008E-14	3.319396E-16
7.130713E+03	1.682301E-14	3.292507E-16
7.140714E+03	1.673584E-14	3.269521E-16
7.150715E+03	1.668213E-14	3.253067E-16
7.160716E+03	1.667312E-14	3.245292E-16
7.170717E+03	1.671536E-14	3.247428E-16
7.180718E+03	1.681569E-14	3.260743E-16
7.190719E+03	1.697513E-14	3.285372E-16
7.200720E+03	1.719363E-14	3.321240E-16
7.210721E+03	1.746684E-14	3.367443E-16
7.220722E+03	1.778729E-14	3.422478E-16
7.230723E+03	1.814105E-14	3.483619E-16
7.240724E+03	1.851248E-14	3.547827E-16
7.250725E+03	1.888159E-14	3.611258E-16
7.260726E+03	1.922577E-14	3.669600E-16
7.270727E+03	1.952125E-14	3.718354E-16
7.280728E+03	1.974414E-14	3.753034E-16
7.290729E+03	1.987598E-14	3.770227E-16
7.300730E+03	1.990057E-14	3.766976E-16
7.310731E+03	1.980815E-14	3.741567E-16
7.320732E+03	1.959796E-14	3.694000E-16
7.330733E+03	1.927565E-14	3.625486E-16
7.340734E+03	1.885400E-14	3.538560E-16
7.350735E+03	1.834797E-14	3.436148E-16
7.360736E+03	1.777692E-14	3.321975E-16
7.370737E+03	1.716235E-14	3.200135E-16
7.380738E+03	1.652213E-14	3.074012E-16
7.390739E+03	1.587174E-14	2.946510E-16
7.400740E+03	1.522473E-14	2.820159E-16
7.410741E+03	1.459035E-14	2.696668E-16
7.420742E+03	1.397445E-14	2.577101E-16
7.430743E+03	1.338001E-14	2.461989E-16
7.440744E+03	1.280731E-14	2.351356E-16
7.450745E+03	1.225643E-14	2.245194E-16
7.460746E+03	1.172627E-14	2.143275E-16
7.470747E+03	1.121580E-14	2.045388E-16
7.480748E+03	1.072467E-14	1.951448E-16
7.490749E+03	1.025309E-14	1.861468E-16
7.500750E+03	9.803411E-15	1.775849E-16
7.510751E+03	9.378671E-15	1.695116E-16
7.520752E+03	8.982902E-15	1.619966E-16
7.530753E+03	8.620516E-15	1.551157E-16
7.540754E+03	8.297129E-15	1.489656E-16
7.550755E+03	8.018049E-15	1.436368E-16
7.560756E+03	7.788443E-15	1.392164E-16
7.570757E+03	7.612825E-15	1.357789E-16
7.580758E+03	7.496349E-15	1.334099E-16
7.590759E+03	7.442075E-15	1.321568E-16
7.600760E+03	7.454713E-15	1.320959E-16
7.610761E+03	7.536870E-15	1.332660E-16
7.620762E+03	7.691657E-15	1.357142E-16
7.630763E+03	7.921074E-15	1.394679E-16
7.640764E+03	8.225527E-15	1.445264E-16
7.650765E+03	8.604269E-15	1.508690E-16
7.660766E+03	9.053509E-15	1.584219E-16
7.670767E+03	9.565344E-15	1.670405E-16
7.680768E+03	1.012811E-14	1.765159E-16
7.690769E+03	1.072441E-14	1.865413E-16
7.700770E+03	1.133079E-14	1.967075E-16
7.710771E+03	1.192035E-14	2.065484E-16
7.720772E+03	1.245997E-14	2.154947E-16
7.730773E+03	1.291892E-14	2.230217E-16
7.740774E+03	1.326587E-14	2.285988E-16
7.750775E+03	1.347650E-14	2.318190E-16
7.760776E+03	1.353677E-14	2.324546E-16
7.770777E+03	1.344116E-14	2.304248E-16
7.780778E+03	1.319700E-14	2.258686E-16
7.790779E+03	1.282324E-14	2.191223E-16
7.800780E+03	1.234441E-14	2.106143E-16
7.810781E+03	1.179106E-14	2.008724E-16
7.820782E+03	1.119570E-14	1.904547E-16
7.830783E+03	1.058884E-14	1.798806E-16
7.840784E+03	9.996957E-15	1.695991E-16
7.850785E+03	9.442861E-15	1.599941E-16
7.860786E+03	8.943849E-15	1.513545E-16
7.870787E+03	8.512191E-15	1.438830E-16
7.880788E+03	8.157145E-15	1.377307E-16
7.890789E+03	7.884649E-15	1.329928E-16
7.900790E+03	7.698387E-15	1.297263E-16
7.910791E+03	7.601806E-15	1.279845E-16
7.920792E+03	7.597219E-15	1.278024E-16
7.930793E+03	7.687632E-15	1.292267E-16
7.940794E+03	7.875019E-15	1.322877E-16
7.950795E+03	8.161309E-15	1.370154E-16
7.960796E+03	8.543470E-15	1.433574E-16
7.970797E+03	9.014657E-15	1.511981E-16
7.980798E+03	9.555379E-15	1.602111E-16
7.990799E+03	1.013100E-14	1.698171E-16
8.000800E+03	1.068747E-14	1.791126E-16
8.010801E+03	1.114723E-14	1.868006E-16
8.020802E+03	1.142216E-14	1.914077E-16
8.030803E+03	1.142534E-14	1.914784E-16
8.040804E+03	1.110357E-14	1.861201E-16
8.050805E+03	1.050748E-14	1.761776E-16
8.060806E+03	9.748546E-15	1.635143E-16
8.070807E+03	8.933978E-15	1.499225E-16
8.080808E+03	8.146148E-15	1.367803E-16
8.090809E+03	7.435992E-15	1.249406E-16
8.100810E+03	6.827283E-15	1.148022E-16
8.110811E+03	6.325666E-15	1.064611E-16
8.120812E+03	5.925132E-15	9.981838E-17
8.130813E+03	5.613811E-15	9.467655E-17
8.140814E+03	5.378132E-15	9.080966E-17
8.150815E+03	5.204994E-15	8.799944E-17
8.160816E+03	5.081149E-15	8.602468E-17
8.170817E+03	4.995257E-15	8.469584E-17
8.180818E+03	4.937982E-15	8.385667E-17
8.190819E+03	4.900507E-15	8.335911E-17
8.200820E+03	4.876029E-15	8.308863E-17
8.210821E+03	4.859445E-15	8.295900E-17
8.220822E+03	4.846774E-15	8.290272E-17
8.230823E+03	4.835069E-15	8.286946E-17
8.240824E+03	4.823069E-15	8.283752E-17
8.250825E+03	4.810386E-15	8.279998E-17
8.260826E+03	4.797457E-15	8.276414E-17
8.270827E+03	4.786282E-15	8.276437E-17
8.280828E+03	4.779689E-15	8.284974E-17
8.290829E+03	4.781376E-15	8.308492E-17
8.300830E+03	4.796682E-15	8.356388E-17
8.310831E+03	4.831881E-15	8.439795E-17
8.320832E+03	4.894195E-15	8.571637E-17
8.330833E+03	4.992594E-15	8.768058E-17
8.340834E+03	5.136819E-15	9.046760E-17
8.350835E+03	5.338762E-15	9.429466E-17
8.360836E+03	5.610608E-15	9.938695E-17
8.370837E+03	5.966401E-15	1.060057E-16
8.380838E+03	6.421652E-15	1.144417E-16
8.390839E+03	6.992287E-15	1.249972E-16
8.400840E+03	7.694098E-15	1.379761E-16
8.410841E+03	8.540941E-15	1.536519E-16
8.420842E+03	9.544134E-15	1.722563E-16
8.430843E+03	1.070893E-14	1.939144E-16
8.440844E+03	1.203246E-14	2.186062E-16
8.450845E+03	1.350108E-14	2.461149E-16
8.460846E+03	1.509088E-14	2.760341E-16
8.470847E+03	1.677025E-14	3.078097E-16
8.480848E+03	1.849776E-14	3.407000E-16
8.490849E+03	2.023273E-14	3.739659E-16
8.500850E+03	2.193674E-14	4.069005E-16
8.510851E+03	2.357893E-14	4.389266E-16
8.520852E+03	2.513726E-14	4.696236E-16
8.530853E+03	2.660318E-14	4.988174E-16
8.540854E+03	2.797464E-14	5.264529E-16
8.550855E+03	2.926044E-14	5.526795E-16
8.560856E+03	3.046528E-14	5.775706E-16
8.570857E+03	3.159691E-14	6.012581E-16
8.580858E+03	3.265627E-14	6.237463E-16
8.590859E+03	3.363492E-14	6.448592E-16
8.600860E+03	3.452189E-14	6.643690E-16
8.610861E+03	3.529093E-14	6.817499E-16
8.620862E+03	3.591642E-14	6.964798E-16
8.630863E+03	3.636679E-14	7.079124E-16
8.640864E+03	3.661868E-14	7.155527E-16
8.650865E+03	3.664605E-14	7.188448E-16
8.660866E+03	3.643805E-14	7.175237E-16
8.670867E+03	3.599240E-14	7.114898E-16
8.680868E+03	3.531797E-14	7.008639E-16
8.690869E+03	3.443185E-14	6.859321E-16
8.700870E+03	3.336549E-14	6.672728E-16
8.710871E+03	3.214768E-14	6.454202E-16
8.720872E+03	3.081589E-14	6.210924E-16
8.730873E+03	2.940553E-14	5.949768E-16
8.740874E+03	2.794809E-14	5.676928E-16
8.750875E+03	2.647665E-14	5.399019E-16
8.760876E+03	2.501464E-14	5.120787E-16
8.770877E+03	2.358124E-14	4.846175E-16
8.780878E+03	2.219424E-14	4.578911E-16
8.790879E+03	2.086578E-14	4.321602E-16
8.800880E+03	1.960448E-14	4.076171E-16
8.810881E+03	1.841597E-14	3.843941E-16
8.820882E+03	1.730339E-14	3.625738E-16
8.830883E+03	1.626788E-14	3.421977E-16
8.840884E+03	1.530803E-14	3.232538E-16
8.850885E+03	1.442415E-14	3.057665E-16
8.860886E+03	1.361263E-14	2.896770E-16
8.870887E+03	1.286939E-14	2.749154E-16
8.880888E+03	1.219165E-14	2.614382E-16
8.890889E+03	1.157621E-14	2.491923E-16
8.900890E+03	1.101747E-14	2.380717E-16
8.910891E+03	1.051285E-14	2.280341E-16
8.920892E+03	1.005706E-14	2.189774E-16
8.930893E+03	9.647090E-15	2.108477E-16
8.940894E+03	9.279505E-15	2.035809E-16
8.950895E+03	8.951759E-15	1.971311E-16
8.960896E+03	8.659801E-15	1.914186E-16
8.970897E+03	8.401750E-15	1.864103E-16
8.980898E+03	8.175445E-15	1.820666E-16
8.990899E+03	7.979636E-15	1.783672E-16
9.000900E+03	7.811823E-15	1.752635E-16
9.040904E+03	7.412259E-15	1.687557E-16
9.080908E+03	7.455585E-15	1.722092E-16
9.120912E+03	8.005134E-15	1.875433E-16
9.160916E+03	9.075803E-15	2.156072E-16
9.200920E+03	1.044821E-14	2.516216E-16
9.240924E+03	1.158629E-14	2.827863E-16
9.280928E+03	1.194620E-14	2.954128E-16
9.320932E+03	1.143552E-14	2.864293E-16
9.360936E+03	1.040744E-14	2.639626E-16
9.400940E+03	9.261953E-15	2.378009E-16
9.440944E+03	8.221297E-15	2.136186E-16
9.480948E+03	7.349146E-15	1.931966E-16
9.520952E+03	6.639091E-15	1.765274E-16
9.560956E+03	6.065764E-15	1.630827E-16
9.600960E+03	5.603600E-15	1.522959E-16
9.640964E+03	5.231867E-15	1.437002E-16
9.680968E+03	4.933700E-15	1.369104E-16
9.720972E+03	4.695301E-15	1.316058E-16
9.760976E+03	4.506405E-15	1.275489E-16
9.800980E+03	4.358186E-15	1.245306E-16
9.840984E+03	4.243258E-15	1.223729E-16
9.880988E+03	4.154913E-15	1.209085E-16
9.920992E+03	4.088183E-15	1.200135E-16
9.960996E+03	4.038392E-15	1.195669E-16
1.000100E+04	4.001492E-15	1.194614E-16
1.004100E+04	3.973546E-15	1.195887E-16
1.008101E+04	3.951997E-15	1.198780E-16
1.012101E+04	3.933871E-15	1.202434E-16
1.016102E+04	3.917069E-15	1.206230E-16
1.020102E+04	3.899902E-15	1.209656E-16
1.024102E+04	3.881523E-15	1.212450E-16
1.028103E+04	3.860509E-15	1.214159E-16
1.032103E+04	3.835729E-15	1.214413E-16
