#wls	flux	fluxerr
1.600000E+03	1.133472E-17	4.601878E-18
1.640000E+03	1.167147E-17	4.706065E-18
1.680000E+03	1.201950E-17	4.812339E-18
1.720000E+03	1.237918E-17	4.920691E-18
1.760000E+03	1.275089E-17	5.031114E-18
1.800000E+03	1.313734E-17	5.144503E-18
1.840000E+03	1.353676E-17	5.259974E-18
1.880000E+03	1.394958E-17	5.377516E-18
1.920000E+03	1.437876E-17	5.498068E-18
1.960000E+03	1.482240E-17	5.620681E-18
2.000000E+03	1.528101E-17	5.745335E-18
2.040000E+03	1.575782E-17	5.873018E-18
2.080000E+03	1.625080E-17	6.002715E-18
2.120000E+03	1.676052E-17	6.134393E-18
2.160000E+03	1.729057E-17	6.269093E-18
2.200000E+03	1.783876E-17	6.405732E-18
2.240000E+03	1.840575E-17	6.544257E-18
2.280000E+03	1.899552E-17	6.685775E-18
2.320000E+03	1.960574E-17	6.829119E-18
2.360000E+03	2.024065E-17	6.975425E-18
2.400000E+03	2.089783E-17	7.123482E-18
2.440000E+03	2.157818E-17	7.273221E-18
2.480000E+03	2.228642E-17	7.425836E-18
2.520000E+03	2.301998E-17	7.580031E-18
2.560000E+03	2.378396E-17	7.737033E-18
2.600000E+03	2.457569E-17	7.895489E-18
2.640000E+03	2.539640E-17	8.055306E-18
2.680000E+03	2.625175E-17	8.217763E-18
2.720000E+03	2.713896E-17	8.381411E-18
2.760000E+03	2.806417E-17	8.547563E-18
2.800000E+03	2.902451E-17	8.714706E-18
2.840000E+03	3.002157E-17	8.882689E-18
2.880000E+03	3.106225E-17	9.052861E-18
2.920000E+03	3.214350E-17	9.223588E-18
2.960000E+03	3.327272E-17	9.396224E-18
3.000000E+03	3.444678E-17	9.569045E-18
3.010000E+03	3.474897E-17	9.612647E-18
3.020000E+03	3.504840E-17	9.654661E-18
3.030000E+03	3.535657E-17	9.698244E-18
3.040000E+03	3.566779E-17	9.741813E-18
3.050000E+03	3.598211E-17	9.785367E-18
3.060000E+03	3.629955E-17	9.828896E-18
3.070000E+03	3.662017E-17	9.872399E-18
3.080000E+03	3.694398E-17	9.915870E-18
3.090000E+03	3.727103E-17	9.959304E-18
3.100000E+03	3.760135E-17	1.000269E-17
3.110000E+03	3.793499E-17	1.004604E-17
3.120000E+03	3.827198E-17	1.008933E-17
3.130000E+03	3.861236E-17	1.013257E-17
3.140000E+03	3.895616E-17	1.017574E-17
3.150000E+03	3.930342E-17	1.021883E-17
3.160000E+03	3.965418E-17	1.026186E-17
3.170000E+03	4.001497E-17	1.030647E-17
3.180000E+03	4.037290E-17	1.034932E-17
3.190000E+03	4.073446E-17	1.039208E-17
3.200000E+03	4.109967E-17	1.043474E-17
3.210000E+03	4.146858E-17	1.047728E-17
3.220000E+03	4.184797E-17	1.052141E-17
3.230000E+03	4.222445E-17	1.056372E-17
3.240000E+03	4.260473E-17	1.060589E-17
3.250000E+03	4.299581E-17	1.064964E-17
3.260000E+03	4.338390E-17	1.069153E-17
3.270000E+03	4.377594E-17	1.073326E-17
3.280000E+03	4.417904E-17	1.077655E-17
3.290000E+03	4.457913E-17	1.081795E-17
3.300000E+03	4.498327E-17	1.085916E-17
3.310000E+03	4.539879E-17	1.090192E-17
3.320000E+03	4.581122E-17	1.094273E-17
3.330000E+03	4.623523E-17	1.098509E-17
3.340000E+03	4.665612E-17	1.102547E-17
3.350000E+03	4.708878E-17	1.106738E-17
3.360000E+03	4.751829E-17	1.110728E-17
3.370000E+03	4.795977E-17	1.114870E-17
3.380000E+03	4.839805E-17	1.118808E-17
3.390000E+03	4.884851E-17	1.122896E-17
3.400000E+03	4.930355E-17	1.126956E-17
3.410000E+03	4.975532E-17	1.130807E-17
3.420000E+03	5.021957E-17	1.134805E-17
3.430000E+03	5.068049E-17	1.138591E-17
3.440000E+03	5.115411E-17	1.142523E-17
3.450000E+03	5.163250E-17	1.146420E-17
3.460000E+03	5.210746E-17	1.150098E-17
3.470000E+03	5.259544E-17	1.153920E-17
3.480000E+03	5.308829E-17	1.157702E-17
3.490000E+03	5.358607E-17	1.161442E-17
3.500000E+03	5.408027E-17	1.164957E-17
3.510000E+03	5.458789E-17	1.168610E-17
3.520000E+03	5.510053E-17	1.172216E-17
3.530000E+03	5.560948E-17	1.175591E-17
3.540000E+03	5.613217E-17	1.179099E-17
3.550000E+03	5.665994E-17	1.182557E-17
3.560000E+03	5.719285E-17	1.185961E-17
3.570000E+03	5.773091E-17	1.189309E-17
3.580000E+03	5.826505E-17	1.192414E-17
3.590000E+03	5.881341E-17	1.195646E-17
3.600000E+03	5.936701E-17	1.198817E-17
3.610000E+03	5.992584E-17	1.201924E-17
3.620000E+03	6.048994E-17	1.204967E-17
3.630000E+03	6.105931E-17	1.207941E-17
3.640000E+03	6.163398E-17	1.210846E-17
3.650000E+03	6.220429E-17	1.213490E-17
3.660000E+03	6.278949E-17	1.216248E-17
3.670000E+03	6.338002E-17	1.218930E-17
3.680000E+03	6.397588E-17	1.221533E-17
3.690000E+03	6.457707E-17	1.224054E-17
3.700000E+03	6.518361E-17	1.226491E-17
3.710000E+03	6.579547E-17	1.228842E-17
3.720000E+03	6.641266E-17	1.231103E-17
3.730000E+03	6.703518E-17	1.233274E-17
3.740000E+03	6.766301E-17	1.235350E-17
3.750000E+03	6.829615E-17	1.237329E-17
3.760000E+03	6.893456E-17	1.239208E-17
3.770000E+03	6.957825E-17	1.240985E-17
3.780000E+03	7.022719E-17	1.242657E-17
3.790000E+03	7.087046E-17	1.244031E-17
3.800000E+03	7.152971E-17	1.245484E-17
3.810000E+03	7.219412E-17	1.246823E-17
3.820000E+03	7.286365E-17	1.248046E-17
3.830000E+03	7.353826E-17	1.249149E-17
3.840000E+03	7.421790E-17	1.250129E-17
3.850000E+03	7.490254E-17	1.250984E-17
3.860000E+03	7.559210E-17	1.251710E-17
3.870000E+03	7.628653E-17	1.252305E-17
3.880000E+03	7.698579E-17	1.252764E-17
3.890000E+03	7.768978E-17	1.253086E-17
3.900000E+03	7.839845E-17	1.253267E-17
3.910000E+03	7.911173E-17	1.253304E-17
3.920000E+03	7.982952E-17	1.253193E-17
3.930000E+03	8.055174E-17	1.252933E-17
3.940000E+03	8.127830E-17	1.252518E-17
3.950000E+03	8.200909E-17	1.251947E-17
3.960000E+03	8.274403E-17	1.251217E-17
3.970000E+03	8.348299E-17	1.250323E-17
3.980000E+03	8.422587E-17	1.249264E-17
3.990000E+03	8.495975E-17	1.247847E-17
4.000000E+03	8.570999E-17	1.246447E-17
4.010000E+03	8.646377E-17	1.244872E-17
4.020000E+03	8.722094E-17	1.243119E-17
4.030000E+03	8.798136E-17	1.241185E-17
4.040000E+03	8.874490E-17	1.239067E-17
4.050000E+03	8.951136E-17	1.236763E-17
4.060000E+03	9.028062E-17	1.234269E-17
4.070000E+03	9.105247E-17	1.231583E-17
4.080000E+03	9.181305E-17	1.228519E-17
4.090000E+03	9.258949E-17	1.225442E-17
4.100000E+03	9.336798E-17	1.222165E-17
4.110000E+03	9.414833E-17	1.218686E-17
4.120000E+03	9.493034E-17	1.215003E-17
4.130000E+03	9.571379E-17	1.211113E-17
4.140000E+03	9.648413E-17	1.206836E-17
4.150000E+03	9.726970E-17	1.202529E-17
4.160000E+03	9.805604E-17	1.198009E-17
4.170000E+03	9.884292E-17	1.193276E-17
4.180000E+03	9.961532E-17	1.188152E-17
4.190000E+03	1.004024E-16	1.182988E-17
4.200000E+03	1.011893E-16	1.177607E-17
4.210000E+03	1.019606E-16	1.171835E-17
4.220000E+03	1.027460E-16	1.166018E-17
4.230000E+03	1.035305E-16	1.159981E-17
4.240000E+03	1.042982E-16	1.153555E-17
4.250000E+03	1.050796E-16	1.147081E-17
4.260000E+03	1.058591E-16	1.140387E-17
4.270000E+03	1.066206E-16	1.133308E-17
4.280000E+03	1.073953E-16	1.126178E-17
4.290000E+03	1.081511E-16	1.118667E-17
4.300000E+03	1.089196E-16	1.111107E-17
4.310000E+03	1.096685E-16	1.103171E-17
4.320000E+03	1.104296E-16	1.095187E-17
4.330000E+03	1.111701E-16	1.086833E-17
4.340000E+03	1.119224E-16	1.078435E-17
4.350000E+03	1.126534E-16	1.069676E-17
4.360000E+03	1.133955E-16	1.060875E-17
4.370000E+03	1.141153E-16	1.051724E-17
4.380000E+03	1.148291E-16	1.042386E-17
4.390000E+03	1.155532E-16	1.033013E-17
4.400000E+03	1.162537E-16	1.023311E-17
4.410000E+03	1.169471E-16	1.013436E-17
4.420000E+03	1.176500E-16	1.003542E-17
4.430000E+03	1.183280E-16	9.933399E-18
4.440000E+03	1.189976E-16	9.829864E-18
4.450000E+03	1.196760E-16	9.726306E-18
4.460000E+03	1.203281E-16	9.619963E-18
4.470000E+03	1.209707E-16	9.512355E-18
4.480000E+03	1.216034E-16	9.403580E-18
4.490000E+03	1.222261E-16	9.293746E-18
4.500000E+03	1.228382E-16	9.182962E-18
4.510000E+03	1.234394E-16	9.071340E-18
4.520000E+03	1.240294E-16	8.959013E-18
4.530000E+03	1.246078E-16	8.846104E-18
4.540000E+03	1.251741E-16	8.732753E-18
4.550000E+03	1.257280E-16	8.619097E-18
4.560000E+03	1.262693E-16	8.505307E-18
4.570000E+03	1.267976E-16	8.391535E-18
4.580000E+03	1.273124E-16	8.277948E-18
4.590000E+03	1.278134E-16	8.164717E-18
4.600000E+03	1.283004E-16	8.052038E-18
4.610000E+03	1.287545E-16	7.938953E-18
4.620000E+03	1.292122E-16	7.827964E-18
4.630000E+03	1.296549E-16	7.718113E-18
4.640000E+03	1.300822E-16	7.609620E-18
4.650000E+03	1.304753E-16	7.501631E-18
4.660000E+03	1.308709E-16	7.396531E-18
4.670000E+03	1.312501E-16	7.293461E-18
4.680000E+03	1.315942E-16	7.191643E-18
4.690000E+03	1.319402E-16	7.093379E-18
4.700000E+03	1.322501E-16	6.996867E-18
4.710000E+03	1.325616E-16	6.904376E-18
4.720000E+03	1.328367E-16	6.814162E-18
4.730000E+03	1.331127E-16	6.728420E-18
4.740000E+03	1.333518E-16	6.645471E-18
4.750000E+03	1.335726E-16	6.566514E-18
4.760000E+03	1.337939E-16	6.492702E-18
4.770000E+03	1.339775E-16	6.422397E-18
4.780000E+03	1.341422E-16	6.356734E-18
4.790000E+03	1.343071E-16	6.296807E-18
4.800000E+03	1.344338E-16	6.240991E-18
4.810000E+03	1.345412E-16	6.190321E-18
4.820000E+03	1.346293E-16	6.144750E-18
4.830000E+03	1.346982E-16	6.104131E-18
4.840000E+03	1.347480E-16	6.068303E-18
4.850000E+03	1.347788E-16	6.037089E-18
4.860000E+03	1.347907E-16	6.010280E-18
4.870000E+03	1.347837E-16	5.987666E-18
4.880000E+03	1.347581E-16	5.969018E-18
4.890000E+03	1.347141E-16	5.954101E-18
4.900000E+03	1.346517E-16	5.942655E-18
4.910000E+03	1.345712E-16	5.934441E-18
4.920000E+03	1.344538E-16	5.928357E-18
4.930000E+03	1.343376E-16	5.925813E-18
4.940000E+03	1.342039E-16	5.925721E-18
4.950000E+03	1.340529E-16	5.927820E-18
4.960000E+03	1.338661E-16	5.931023E-18
4.970000E+03	1.336812E-16	5.936748E-18
4.980000E+03	1.334611E-16	5.943087E-18
4.990000E+03	1.332435E-16	5.951477E-18
5.000000E+03	1.330098E-16	5.960856E-18
5.010000E+03	1.327420E-16	5.970184E-18
5.020000E+03	1.324588E-16	5.980084E-18
5.030000E+03	1.321790E-16	5.991197E-18
5.040000E+03	1.318662E-16	6.001681E-18
5.050000E+03	1.315572E-16	6.013027E-18
5.060000E+03	1.312160E-16	6.023412E-18
5.070000E+03	1.308610E-16	6.033520E-18
5.080000E+03	1.304927E-16	6.043222E-18
5.090000E+03	1.301116E-16	6.052393E-18
5.100000E+03	1.297359E-16	6.061765E-18
5.110000E+03	1.293299E-16	6.069551E-18
5.120000E+03	1.289120E-16	6.076499E-18
5.130000E+03	1.284827E-16	6.082541E-18
5.140000E+03	1.280423E-16	6.087597E-18
5.150000E+03	1.275913E-16	6.091616E-18
5.160000E+03	1.271301E-16	6.094542E-18
5.170000E+03	1.266590E-16	6.096339E-18
5.180000E+03	1.261608E-16	6.096123E-18
5.190000E+03	1.256712E-16	6.095565E-18
5.200000E+03	1.251729E-16	6.093798E-18
5.210000E+03	1.246664E-16	6.090822E-18
5.220000E+03	1.241348E-16	6.085779E-18
5.230000E+03	1.236130E-16	6.080370E-18
5.240000E+03	1.230843E-16	6.073761E-18
5.250000E+03	1.225318E-16	6.065120E-18
5.260000E+03	1.219902E-16	6.056151E-18
5.270000E+03	1.214259E-16	6.045211E-18
5.280000E+03	1.208732E-16	6.034000E-18
5.290000E+03	1.202987E-16	6.020877E-18
5.300000E+03	1.197363E-16	6.007558E-18
5.310000E+03	1.191532E-16	5.992413E-18
5.320000E+03	1.185827E-16	5.977153E-18
5.330000E+03	1.179926E-16	5.960176E-18
5.340000E+03	1.173995E-16	5.942352E-18
5.350000E+03	1.168039E-16	5.923742E-18
5.360000E+03	1.162222E-16	5.905217E-18
5.370000E+03	1.156225E-16	5.885197E-18
5.380000E+03	1.150214E-16	5.864558E-18
5.390000E+03	1.144193E-16	5.843367E-18
5.400000E+03	1.138165E-16	5.821680E-18
5.410000E+03	1.132134E-16	5.799555E-18
5.420000E+03	1.126103E-16	5.777061E-18
5.430000E+03	1.120074E-16	5.754251E-18
5.440000E+03	1.114053E-16	5.731186E-18
5.450000E+03	1.108041E-16	5.707930E-18
5.460000E+03	1.102044E-16	5.684536E-18
5.470000E+03	1.096063E-16	5.660995E-18
5.480000E+03	1.089955E-16	5.636508E-18
5.490000E+03	1.084023E-16	5.612586E-18
5.500000E+03	1.078124E-16	5.588435E-18
5.510000E+03	1.072113E-16	5.563249E-18
5.520000E+03	1.066291E-16	5.538542E-18
5.530000E+03	1.060514E-16	5.513516E-18
5.540000E+03	1.054642E-16	5.487395E-18
5.550000E+03	1.048969E-16	5.461669E-18
5.560000E+03	1.043211E-16	5.434812E-18
5.570000E+03	1.037661E-16	5.408306E-18
5.580000E+03	1.032034E-16	5.380636E-18
5.590000E+03	1.026621E-16	5.353272E-18
5.600000E+03	1.021141E-16	5.324727E-18
5.610000E+03	1.015741E-16	5.295725E-18
5.620000E+03	1.010563E-16	5.266978E-18
5.630000E+03	1.005333E-16	5.237028E-18
5.640000E+03	1.000193E-16	5.206591E-18
5.650000E+03	9.951461E-17	5.175660E-18
5.660000E+03	9.903326E-17	5.144938E-18
5.670000E+03	9.854838E-17	5.113006E-18
5.680000E+03	9.807377E-17	5.080564E-18
5.690000E+03	9.760993E-17	5.047619E-18
5.700000E+03	9.715698E-17	5.014159E-18
5.710000E+03	9.671538E-17	4.980195E-18
5.720000E+03	9.628545E-17	4.945728E-18
5.730000E+03	9.586728E-17	4.910749E-18
5.740000E+03	9.546134E-17	4.875273E-18
5.750000E+03	9.506784E-17	4.839299E-18
5.760000E+03	9.468715E-17	4.802836E-18
5.770000E+03	9.431938E-17	4.765881E-18
5.780000E+03	9.396489E-17	4.728446E-18
5.790000E+03	9.361115E-17	4.689897E-18
5.800000E+03	9.328411E-17	4.651531E-18
5.810000E+03	9.297111E-17	4.612706E-18
5.820000E+03	9.265970E-17	4.572804E-18
5.830000E+03	9.237567E-17	4.533098E-18
5.840000E+03	9.210646E-17	4.492963E-18
5.850000E+03	9.183984E-17	4.451803E-18
5.860000E+03	9.160114E-17	4.410852E-18
5.870000E+03	9.137803E-17	4.369505E-18
5.880000E+03	9.115836E-17	4.327188E-18
5.890000E+03	9.096735E-17	4.285105E-18
5.900000E+03	9.078023E-17	4.242085E-18
5.910000E+03	9.062227E-17	4.199319E-18
5.920000E+03	9.046883E-17	4.155665E-18
5.930000E+03	9.033259E-17	4.111720E-18
5.940000E+03	9.022623E-17	4.068064E-18
5.950000E+03	9.012523E-17	4.023595E-18
5.960000E+03	9.004222E-17	3.978897E-18
5.970000E+03	8.998981E-17	3.934534E-18
5.980000E+03	8.994363E-17	3.889447E-18
5.990000E+03	8.991639E-17	3.844214E-18
6.000000E+03	8.990819E-17	3.798857E-18
6.010000E+03	8.993177E-17	3.753929E-18
6.020000E+03	8.996271E-17	3.708427E-18
6.030000E+03	9.001375E-17	3.662917E-18
6.040000E+03	9.008512E-17	3.617439E-18
6.050000E+03	9.017714E-17	3.572041E-18
6.060000E+03	9.029008E-17	3.526771E-18
6.070000E+03	9.042436E-17	3.481692E-18
6.080000E+03	9.058025E-17	3.436864E-18
6.090000E+03	9.075815E-17	3.392359E-18
6.100000E+03	9.095842E-17	3.348254E-18
6.110000E+03	9.118131E-17	3.304628E-18
6.120000E+03	9.142723E-17	3.261577E-18
6.130000E+03	9.169661E-17	3.219204E-18
6.140000E+03	9.198974E-17	3.177619E-18
6.150000E+03	9.230708E-17	3.136945E-18
6.160000E+03	9.263642E-17	3.096897E-18
6.170000E+03	9.300327E-17	3.058468E-18
6.180000E+03	9.339550E-17	3.021391E-18
6.190000E+03	9.381354E-17	2.985840E-18
6.200000E+03	9.424481E-17	2.951595E-18
6.210000E+03	9.471564E-17	2.919678E-18
6.220000E+03	9.521342E-17	2.889889E-18
6.230000E+03	9.572558E-17	2.862072E-18
6.240000E+03	9.627857E-17	2.837256E-18
6.250000E+03	9.685974E-17	2.815301E-18
6.260000E+03	9.745619E-17	2.796096E-18
6.270000E+03	9.809473E-17	2.780682E-18
6.280000E+03	9.874882E-17	2.768575E-18
6.290000E+03	9.944505E-17	2.760806E-18
6.300000E+03	1.001695E-16	2.757234E-18
6.310000E+03	1.009075E-16	2.757535E-18
6.320000E+03	1.016856E-16	2.762432E-18
6.330000E+03	1.024751E-16	2.771124E-18
6.340000E+03	1.032888E-16	2.783934E-18
6.350000E+03	1.041398E-16	2.801183E-18
6.360000E+03	1.049987E-16	2.822035E-18
6.370000E+03	1.058930E-16	2.847184E-18
6.380000E+03	1.067925E-16	2.875770E-18
6.390000E+03	1.077105E-16	2.908098E-18
6.400000E+03	1.086606E-16	2.944484E-18
6.410000E+03	1.096118E-16	2.984034E-18
6.420000E+03	1.105775E-16	3.027063E-18
6.430000E+03	1.115562E-16	3.073484E-18
6.440000E+03	1.125620E-16	3.123640E-18
6.450000E+03	1.135627E-16	3.176612E-18
6.460000E+03	1.145719E-16	3.232739E-18
6.470000E+03	1.155881E-16	3.291955E-18
6.480000E+03	1.166096E-16	3.354196E-18
6.490000E+03	1.176508E-16	3.419873E-18
6.500000E+03	1.186782E-16	3.488006E-18
6.510000E+03	1.197056E-16	3.559003E-18
6.520000E+03	1.207315E-16	3.632826E-18
6.530000E+03	1.217539E-16	3.709435E-18
6.540000E+03	1.227711E-16	3.788796E-18
6.550000E+03	1.237812E-16	3.870876E-18
6.560000E+03	1.247825E-16	3.955656E-18
6.570000E+03	1.257734E-16	4.043116E-18
6.580000E+03	1.267524E-16	4.133244E-18
6.590000E+03	1.277185E-16	4.226043E-18
6.600000E+03	1.286704E-16	4.321512E-18
6.610000E+03	1.296076E-16	4.419592E-18
6.620000E+03	1.305296E-16	4.520101E-18
6.630000E+03	1.314357E-16	4.622834E-18
6.640000E+03	1.323257E-16	4.727599E-18
6.650000E+03	1.331989E-16	4.834183E-18
6.660000E+03	1.340365E-16	4.941705E-18
6.670000E+03	1.348747E-16	5.051303E-18
6.680000E+03	1.356948E-16	5.162110E-18
6.690000E+03	1.364965E-16	5.273924E-18
6.700000E+03	1.372793E-16	5.386546E-18
6.710000E+03	1.380240E-16	5.499027E-18
6.720000E+03	1.387678E-16	5.612657E-18
6.730000E+03	1.394918E-16	5.726514E-18
6.740000E+03	1.401956E-16	5.840410E-18
6.750000E+03	1.408595E-16	5.953341E-18
6.760000E+03	1.415218E-16	6.066743E-18
6.770000E+03	1.421629E-16	6.179640E-18
6.780000E+03	1.427633E-16	6.291000E-18
6.790000E+03	1.433616E-16	6.402360E-18
6.800000E+03	1.439382E-16	6.512717E-18
6.810000E+03	1.444730E-16	6.620996E-18
6.820000E+03	1.450056E-16	6.728848E-18
6.830000E+03	1.455159E-16	6.835229E-18
6.840000E+03	1.459838E-16	6.939036E-18
6.850000E+03	1.464492E-16	7.042024E-18
6.860000E+03	1.468719E-16	7.142135E-18
6.870000E+03	1.472921E-16	7.241188E-18
6.880000E+03	1.476693E-16	7.337077E-18
6.890000E+03	1.480441E-16	7.431694E-18
6.900000E+03	1.483757E-16	7.522873E-18
6.910000E+03	1.487050E-16	7.612573E-18
6.920000E+03	1.489910E-16	7.698598E-18
6.930000E+03	1.492748E-16	7.782955E-18
6.940000E+03	1.495153E-16	7.863409E-18
6.950000E+03	1.497331E-16	7.940932E-18
6.960000E+03	1.499492E-16	8.016545E-18
6.970000E+03	1.501220E-16	8.087952E-18
6.980000E+03	1.502725E-16	8.156180E-18
6.990000E+03	1.504215E-16	8.222287E-18
7.000000E+03	1.505275E-16	8.283938E-18
7.010000E+03	1.506117E-16	8.342202E-18
7.020000E+03	1.506949E-16	8.398175E-18
7.030000E+03	1.507357E-16	8.449490E-18
7.040000E+03	1.507549E-16	8.497243E-18
7.050000E+03	1.507530E-16	8.541395E-18
7.060000E+03	1.507508E-16	8.583085E-18
7.070000E+03	1.507070E-16	8.619913E-18
7.080000E+03	1.506425E-16	8.653021E-18
7.090000E+03	1.505578E-16	8.682386E-18
7.100000E+03	1.504528E-16	8.707976E-18
7.110000E+03	1.503489E-16	8.730992E-18
7.120000E+03	1.502044E-16	8.748984E-18
7.130000E+03	1.500407E-16	8.763164E-18
7.140000E+03	1.498579E-16	8.773515E-18
7.150000E+03	1.496563E-16	8.780031E-18
7.160000E+03	1.494361E-16	8.782711E-18
7.170000E+03	1.491978E-16	8.781570E-18
7.180000E+03	1.489415E-16	8.776600E-18
7.190000E+03	1.486676E-16	8.767825E-18
7.200000E+03	1.483765E-16	8.755256E-18
7.210000E+03	1.480683E-16	8.738903E-18
7.220000E+03	1.477434E-16	8.718800E-18
7.230000E+03	1.474022E-16	8.694963E-18
7.240000E+03	1.470450E-16	8.667432E-18
7.250000E+03	1.466719E-16	8.636223E-18
7.260000E+03	1.462835E-16	8.601382E-18
7.270000E+03	1.458800E-16	8.562947E-18
7.280000E+03	1.454617E-16	8.520956E-18
7.290000E+03	1.450291E-16	8.475458E-18
7.300000E+03	1.445822E-16	8.426493E-18
7.310000E+03	1.441016E-16	8.372958E-18
7.320000E+03	1.436277E-16	8.317239E-18
7.330000E+03	1.431407E-16	8.258220E-18
7.340000E+03	1.426408E-16	8.195961E-18
7.350000E+03	1.421285E-16	8.130520E-18
7.360000E+03	1.415843E-16	8.060848E-18
7.370000E+03	1.410481E-16	7.989266E-18
7.380000E+03	1.405006E-16	7.914717E-18
7.390000E+03	1.399222E-16	7.836173E-18
7.400000E+03	1.393527E-16	7.755917E-18
7.410000E+03	1.387727E-16	7.672925E-18
7.420000E+03	1.381825E-16	7.587274E-18
7.430000E+03	1.375632E-16	7.498001E-18
7.440000E+03	1.369537E-16	7.407315E-18
7.450000E+03	1.363158E-16	7.313213E-18
7.460000E+03	1.356881E-16	7.217858E-18
7.470000E+03	1.350519E-16	7.120312E-18
7.480000E+03	1.343885E-16	7.019694E-18
7.490000E+03	1.337360E-16	6.918092E-18
7.500000E+03	1.330571E-16	6.813662E-18
7.510000E+03	1.323896E-16	6.708442E-18
7.520000E+03	1.316964E-16	6.600662E-18
7.530000E+03	1.310149E-16	6.492305E-18
7.540000E+03	1.303086E-16	6.381669E-18
7.550000E+03	1.296145E-16	6.270695E-18
7.560000E+03	1.288962E-16	6.157746E-18
7.570000E+03	1.281724E-16	6.043867E-18
7.580000E+03	1.274612E-16	5.930040E-18
7.590000E+03	1.267271E-16	5.814745E-18
7.600000E+03	1.260060E-16	5.699805E-18
7.610000E+03	1.252625E-16	5.583774E-18
7.620000E+03	1.245148E-16	5.467653E-18
7.630000E+03	1.237632E-16	5.351644E-18
7.640000E+03	1.230253E-16	5.236693E-18
7.650000E+03	1.222664E-16	5.121522E-18
7.660000E+03	1.215044E-16	5.007123E-18
7.670000E+03	1.207564E-16	4.894429E-18
7.680000E+03	1.199886E-16	4.782303E-18
7.690000E+03	1.192183E-16	4.671731E-18
7.700000E+03	1.184456E-16	4.562999E-18
7.710000E+03	1.176709E-16	4.456418E-18
7.720000E+03	1.168943E-16	4.352321E-18
7.730000E+03	1.161326E-16	4.251653E-18
7.740000E+03	1.153530E-16	4.153561E-18
7.750000E+03	1.145721E-16	4.059043E-18
7.760000E+03	1.137901E-16	3.968493E-18
7.770000E+03	1.130075E-16	3.882333E-18
7.780000E+03	1.122242E-16	3.800982E-18
7.790000E+03	1.114405E-16	3.724878E-18
7.800000E+03	1.106565E-16	3.654450E-18
7.810000E+03	1.098725E-16	3.590139E-18
7.820000E+03	1.090886E-16	3.532366E-18
7.830000E+03	1.083049E-16	3.481528E-18
7.840000E+03	1.075219E-16	3.438010E-18
7.850000E+03	1.067393E-16	3.402140E-18
7.860000E+03	1.059576E-16	3.374210E-18
7.870000E+03	1.051619E-16	3.353971E-18
7.880000E+03	1.043823E-16	3.342547E-18
7.890000E+03	1.036039E-16	3.339537E-18
7.900000E+03	1.028269E-16	3.344771E-18
7.910000E+03	1.020514E-16	3.357892E-18
7.920000E+03	1.012776E-16	3.378491E-18
7.930000E+03	1.004912E-16	3.405631E-18
7.940000E+03	9.972102E-17	3.439803E-18
7.950000E+03	9.895281E-17	3.480026E-18
7.960000E+03	9.818663E-17	3.525797E-18
7.970000E+03	9.740862E-17	3.576098E-18
7.980000E+03	9.664684E-17	3.631451E-18
7.990000E+03	9.588734E-17	3.690870E-18
8.000000E+03	9.511654E-17	3.753357E-18
8.010000E+03	9.436189E-17	3.819540E-18
8.020000E+03	9.360972E-17	3.888477E-18
8.030000E+03	9.284676E-17	3.959214E-18
8.040000E+03	9.209980E-17	4.032515E-18
8.050000E+03	9.134237E-17	4.106901E-18
8.060000E+03	9.060083E-17	4.183231E-18
8.070000E+03	8.984909E-17	4.260030E-18
8.080000E+03	8.911312E-17	4.338252E-18
8.090000E+03	8.836721E-17	4.416423E-18
8.100000E+03	8.763693E-17	4.495584E-18
8.110000E+03	8.689696E-17	4.574253E-18
8.120000E+03	8.617247E-17	4.653557E-18
8.130000E+03	8.543854E-17	4.732001E-18
8.140000E+03	8.471993E-17	4.810789E-18
8.150000E+03	8.399212E-17	4.888409E-18
8.160000E+03	8.326744E-17	4.965419E-18
8.170000E+03	8.255782E-17	5.042436E-18
8.180000E+03	8.183935E-17	5.117914E-18
8.190000E+03	8.112404E-17	5.192477E-18
8.200000E+03	8.042356E-17	5.266806E-18
8.210000E+03	7.971454E-17	5.339311E-18
8.220000E+03	7.900874E-17	5.410676E-18
8.230000E+03	7.830616E-17	5.480840E-18
8.240000E+03	7.761807E-17	5.550553E-18
8.250000E+03	7.692186E-17	5.618167E-18
8.260000E+03	7.622892E-17	5.684431E-18
8.270000E+03	7.553924E-17	5.749307E-18
8.280000E+03	7.485285E-17	5.812759E-18
8.290000E+03	7.416975E-17	5.874757E-18
8.300000E+03	7.350065E-17	5.936136E-18
8.310000E+03	7.282408E-17	5.995155E-18
8.320000E+03	7.215085E-17	6.052646E-18
8.330000E+03	7.148097E-17	6.108594E-18
8.340000E+03	7.081444E-17	6.162982E-18
8.350000E+03	7.015129E-17	6.215797E-18
8.360000E+03	6.949153E-17	6.267029E-18
8.370000E+03	6.883519E-17	6.316671E-18
8.380000E+03	6.818226E-17	6.364716E-18
8.390000E+03	6.753278E-17	6.411160E-18
8.400000E+03	6.688675E-17	6.456001E-18
8.410000E+03	6.624420E-17	6.499237E-18
8.420000E+03	6.560515E-17	6.540871E-18
8.430000E+03	6.496961E-17	6.580903E-18
8.440000E+03	6.433760E-17	6.619338E-18
8.450000E+03	6.370914E-17	6.656181E-18
8.460000E+03	6.308425E-17	6.691437E-18
8.470000E+03	6.246296E-17	6.725116E-18
8.480000E+03	6.183619E-17	6.756230E-18
8.490000E+03	6.122222E-17	6.786772E-18
8.500000E+03	6.061190E-17	6.815762E-18
8.510000E+03	6.000526E-17	6.843216E-18
8.520000E+03	5.940232E-17	6.869141E-18
8.530000E+03	5.879441E-17	6.892536E-18
8.540000E+03	5.819900E-17	6.915444E-18
8.550000E+03	5.760734E-17	6.936866E-18
8.560000E+03	5.701946E-17	6.956819E-18
8.570000E+03	5.643539E-17	6.975317E-18
8.580000E+03	5.584687E-17	6.991342E-18
8.590000E+03	5.527053E-17	7.006978E-18
8.600000E+03	5.469805E-17	7.021209E-18
8.610000E+03	5.412144E-17	7.033013E-18
8.620000E+03	5.355683E-17	7.044492E-18
8.630000E+03	5.299613E-17	7.054620E-18
8.640000E+03	5.243160E-17	7.062374E-18
8.650000E+03	5.187888E-17	7.069863E-18
8.660000E+03	5.133015E-17	7.076065E-18
8.670000E+03	5.077786E-17	7.079945E-18
8.680000E+03	5.023722E-17	7.083631E-18
8.690000E+03	4.969320E-17	7.085034E-18
8.700000E+03	4.916070E-17	7.086287E-18
8.710000E+03	4.863228E-17	7.086356E-18
8.720000E+03	4.810075E-17	7.084206E-18
8.730000E+03	4.758057E-17	7.081973E-18
8.740000E+03	4.705746E-17	7.077565E-18
8.750000E+03	4.654559E-17	7.073120E-18
8.760000E+03	4.603096E-17	7.066543E-18
8.770000E+03	4.552745E-17	7.059975E-18
8.780000E+03	4.502134E-17	7.051322E-18
8.790000E+03	4.452623E-17	7.042722E-18
8.800000E+03	4.402869E-17	7.032083E-18
8.810000E+03	4.354201E-17	7.021541E-18
8.820000E+03	4.305306E-17	7.009009E-18
8.830000E+03	4.257486E-17	6.996617E-18
8.840000E+03	4.209453E-17	6.982284E-18
8.850000E+03	4.162483E-17	6.968134E-18
8.860000E+03	4.115315E-17	6.952092E-18
8.870000E+03	4.069196E-17	6.936274E-18
8.880000E+03	4.022894E-17	6.918613E-18
8.890000E+03	3.977028E-17	6.900177E-18
8.900000E+03	3.932192E-17	6.882030E-18
8.910000E+03	3.887192E-17	6.862111E-18
8.920000E+03	3.843210E-17	6.842521E-18
8.930000E+03	3.799076E-17	6.821208E-18
8.940000E+03	3.755378E-17	6.799234E-18
8.950000E+03	3.712678E-17	6.777646E-18
8.960000E+03	3.669843E-17	6.754408E-18
8.970000E+03	3.627443E-17	6.730574E-18
8.980000E+03	3.586021E-17	6.707181E-18
8.990000E+03	3.544480E-17	6.682211E-18
9.000000E+03	3.503905E-17	6.657721E-18
9.040000E+03	3.344256E-17	6.551755E-18
9.080000E+03	3.191377E-17	6.438808E-18
9.120000E+03	3.045175E-17	6.320086E-18
9.160000E+03	2.905979E-17	6.197672E-18
9.200000E+03	2.772741E-17	6.070686E-18
9.240000E+03	2.645776E-17	5.941066E-18
9.280000E+03	2.524916E-17	5.809691E-18
9.320000E+03	2.410354E-17	5.678242E-18
9.360000E+03	2.301134E-17	5.545645E-18
9.400000E+03	2.197445E-17	5.413436E-18
9.440000E+03	2.099410E-17	5.283000E-18
9.480000E+03	2.006143E-17	5.153140E-18
9.520000E+03	1.918076E-17	5.025912E-18
9.560000E+03	1.834375E-17	4.900059E-18
9.600000E+03	1.755417E-17	4.777440E-18
9.640000E+03	1.680689E-17	4.657496E-18
9.680000E+03	1.609980E-17	4.540414E-18
9.720000E+03	1.543086E-17	4.426335E-18
9.760000E+03	1.479808E-17	4.315364E-18
9.800000E+03	1.420179E-17	4.208246E-18
9.840000E+03	1.363768E-17	4.104314E-18
9.880000E+03	1.310394E-17	4.003577E-18
9.920000E+03	1.259886E-17	3.906028E-18
9.960000E+03	1.212079E-17	3.811639E-18
1.000000E+04	1.167007E-17	3.720972E-18
1.004000E+04	1.124133E-17	3.632740E-18
1.008000E+04	1.083689E-17	3.548079E-18
1.012000E+04	1.045525E-17	3.466877E-18
1.016000E+04	1.009164E-17	3.387897E-18
1.020000E+04	9.748253E-18	3.312181E-18
1.024000E+04	9.422257E-18	3.239071E-18
1.028000E+04	9.112599E-18	3.168472E-18
1.032000E+04	8.819754E-18	3.100808E-18
