#wls	flux	fluxerr
1.600000E+03	8.120920E-18	2.772932E-18
1.640000E+03	8.352814E-18	2.834102E-18
1.680000E+03	8.593180E-18	2.896807E-18
1.720000E+03	8.842364E-18	2.961077E-18
1.760000E+03	9.100728E-18	3.026940E-18
1.800000E+03	9.368661E-18	3.094428E-18
1.840000E+03	9.648285E-18	3.164136E-18
1.880000E+03	9.936634E-18	3.234978E-18
1.920000E+03	1.023764E-17	3.308124E-18
1.960000E+03	1.054818E-17	3.382437E-18
2.000000E+03	1.087246E-17	3.459141E-18
2.040000E+03	1.120915E-17	3.537674E-18
2.080000E+03	1.155880E-17	3.618063E-18
2.120000E+03	1.192199E-17	3.700340E-18
2.160000E+03	1.229932E-17	3.784525E-18
2.200000E+03	1.269141E-17	3.870649E-18
2.240000E+03	1.310126E-17	3.959433E-18
2.280000E+03	1.352497E-17	4.049511E-18
2.320000E+03	1.396800E-17	4.142323E-18
2.360000E+03	1.442881E-17	4.237182E-18
2.400000E+03	1.490820E-17	4.334105E-18
2.440000E+03	1.540702E-17	4.433099E-18
2.480000E+03	1.592616E-17	4.534172E-18
2.520000E+03	1.646655E-17	4.637324E-18
2.560000E+03	1.702916E-17	4.742549E-18
2.600000E+03	1.761811E-17	4.850691E-18
2.640000E+03	1.822836E-17	4.960040E-18
2.680000E+03	1.886734E-17	5.072296E-18
2.720000E+03	1.953310E-17	5.186566E-18
2.760000E+03	2.022685E-17	5.302806E-18
2.800000E+03	2.094983E-17	5.420951E-18
2.840000E+03	2.170336E-17	5.540930E-18
2.880000E+03	2.248875E-17	5.662649E-18
2.920000E+03	2.330739E-17	5.786002E-18
2.960000E+03	2.416488E-17	5.911887E-18
3.000000E+03	2.505438E-17	6.038115E-18
3.010000E+03	2.528476E-17	6.070390E-18
3.020000E+03	2.551755E-17	6.102742E-18
3.030000E+03	2.574830E-17	6.134101E-18
3.040000E+03	2.598593E-17	6.166590E-18
3.050000E+03	2.622605E-17	6.199146E-18
3.060000E+03	2.646407E-17	6.230681E-18
3.070000E+03	2.670917E-17	6.263353E-18
3.080000E+03	2.695682E-17	6.296079E-18
3.090000E+03	2.720232E-17	6.327760E-18
3.100000E+03	2.745510E-17	6.360581E-18
3.110000E+03	2.771050E-17	6.393447E-18
3.120000E+03	2.796369E-17	6.425238E-18
3.130000E+03	2.822435E-17	6.458171E-18
3.140000E+03	2.848770E-17	6.491136E-18
3.150000E+03	2.875377E-17	6.524126E-18
3.160000E+03	2.901755E-17	6.556004E-18
3.170000E+03	2.928906E-17	6.589025E-18
3.180000E+03	2.956337E-17	6.622061E-18
3.190000E+03	2.983531E-17	6.653949E-18
3.200000E+03	3.011519E-17	6.686983E-18
3.210000E+03	3.039792E-17	6.720012E-18
3.220000E+03	3.068353E-17	6.753032E-18
3.230000E+03	3.096668E-17	6.784861E-18
3.240000E+03	3.125805E-17	6.817835E-18
3.250000E+03	3.155236E-17	6.850780E-18
3.260000E+03	3.184963E-17	6.883689E-18
3.270000E+03	3.214432E-17	6.915362E-18
3.280000E+03	3.244753E-17	6.948176E-18
3.290000E+03	3.275375E-17	6.980934E-18
3.300000E+03	3.306301E-17	7.013627E-18
3.310000E+03	3.337534E-17	7.046251E-18
3.320000E+03	3.368493E-17	7.077577E-18
3.330000E+03	3.400339E-17	7.110032E-18
3.340000E+03	3.432495E-17	7.142394E-18
3.350000E+03	3.464965E-17	7.174652E-18
3.360000E+03	3.497150E-17	7.205563E-18
3.370000E+03	3.530247E-17	7.237589E-18
3.380000E+03	3.563662E-17	7.269487E-18
3.390000E+03	3.597398E-17	7.301249E-18
3.400000E+03	3.631455E-17	7.332864E-18
3.410000E+03	3.665836E-17	7.364325E-18
3.420000E+03	3.699905E-17	7.394352E-18
3.430000E+03	3.734930E-17	7.425468E-18
3.440000E+03	3.770282E-17	7.456400E-18
3.450000E+03	3.805962E-17	7.487138E-18
3.460000E+03	3.841970E-17	7.517669E-18
3.470000E+03	3.877644E-17	7.546689E-18
3.480000E+03	3.914307E-17	7.576772E-18
3.490000E+03	3.951302E-17	7.606617E-18
3.500000E+03	3.988630E-17	7.636213E-18
3.510000E+03	4.026290E-17	7.665545E-18
3.520000E+03	4.064284E-17	7.694605E-18
3.530000E+03	4.101909E-17	7.722056E-18
3.540000E+03	4.140563E-17	7.750528E-18
3.550000E+03	4.179553E-17	7.778689E-18
3.560000E+03	4.218874E-17	7.806525E-18
3.570000E+03	4.258530E-17	7.834026E-18
3.580000E+03	4.298520E-17	7.861176E-18
3.590000E+03	4.338843E-17	7.887965E-18
3.600000E+03	4.378749E-17	7.913021E-18
3.610000E+03	4.419729E-17	7.939036E-18
3.620000E+03	4.461040E-17	7.964646E-18
3.630000E+03	4.502680E-17	7.989835E-18
3.640000E+03	4.544648E-17	8.014591E-18
3.650000E+03	4.586944E-17	8.038896E-18
3.660000E+03	4.629565E-17	8.062738E-18
3.670000E+03	4.671714E-17	8.084722E-18
3.680000E+03	4.714973E-17	8.107586E-18
3.690000E+03	4.758552E-17	8.129939E-18
3.700000E+03	4.802448E-17	8.151765E-18
3.710000E+03	4.846660E-17	8.173050E-18
3.720000E+03	4.891183E-17	8.193775E-18
3.730000E+03	4.936015E-17	8.213926E-18
3.740000E+03	4.980306E-17	8.232086E-18
3.750000E+03	5.025739E-17	8.251034E-18
3.760000E+03	5.071471E-17	8.269358E-18
3.770000E+03	5.117497E-17	8.287039E-18
3.780000E+03	5.163815E-17	8.304063E-18
3.790000E+03	5.210417E-17	8.320409E-18
3.800000E+03	5.257302E-17	8.336062E-18
3.810000E+03	5.303564E-17	8.349589E-18
3.820000E+03	5.350990E-17	8.363803E-18
3.830000E+03	5.398682E-17	8.377270E-18
3.840000E+03	5.446634E-17	8.389976E-18
3.850000E+03	5.494840E-17	8.401901E-18
3.860000E+03	5.543294E-17	8.413027E-18
3.870000E+03	5.591044E-17	8.421914E-18
3.880000E+03	5.639966E-17	8.431390E-18
3.890000E+03	5.689116E-17	8.440019E-18
3.900000E+03	5.738485E-17	8.447778E-18
3.910000E+03	5.788066E-17	8.454652E-18
3.920000E+03	5.837851E-17	8.460625E-18
3.930000E+03	5.887831E-17	8.465679E-18
3.940000E+03	5.936994E-17	8.468365E-18
3.950000E+03	5.987329E-17	8.471528E-18
3.960000E+03	6.037831E-17	8.473722E-18
3.970000E+03	6.088491E-17	8.474930E-18
3.980000E+03	6.139299E-17	8.475136E-18
3.990000E+03	6.190244E-17	8.474325E-18
4.000000E+03	6.240261E-17	8.471051E-18
4.010000E+03	6.291438E-17	8.468158E-18
4.020000E+03	6.342719E-17	8.464203E-18
4.030000E+03	6.394089E-17	8.459169E-18
4.040000E+03	6.445539E-17	8.453044E-18
4.050000E+03	6.495959E-17	8.444391E-18
4.060000E+03	6.547518E-17	8.436043E-18
4.070000E+03	6.599116E-17	8.426565E-18
4.080000E+03	6.650740E-17	8.415945E-18
4.090000E+03	6.702373E-17	8.404170E-18
4.100000E+03	6.752867E-17	8.389820E-18
4.110000E+03	6.804470E-17	8.375708E-18
4.120000E+03	6.856038E-17	8.360413E-18
4.130000E+03	6.907556E-17	8.343926E-18
4.140000E+03	6.957839E-17	8.324840E-18
4.150000E+03	7.009199E-17	8.305948E-18
4.160000E+03	7.060458E-17	8.285843E-18
4.170000E+03	7.111601E-17	8.264520E-18
4.180000E+03	7.161407E-17	8.240593E-18
4.190000E+03	7.212253E-17	8.216829E-18
4.200000E+03	7.262928E-17	8.191837E-18
4.210000E+03	7.313413E-17	8.165618E-18
4.220000E+03	7.362453E-17	8.136807E-18
4.230000E+03	7.412491E-17	8.108140E-18
4.240000E+03	7.462280E-17	8.078249E-18
4.250000E+03	7.511800E-17	8.047141E-18
4.260000E+03	7.559766E-17	8.013478E-18
4.270000E+03	7.608679E-17	7.979956E-18
4.280000E+03	7.657260E-17	7.945236E-18
4.290000E+03	7.704202E-17	7.908008E-18
4.300000E+03	7.752049E-17	7.870932E-18
4.310000E+03	7.799500E-17	7.832693E-18
4.320000E+03	7.846533E-17	7.793307E-18
4.330000E+03	7.891807E-17	7.751496E-18
4.340000E+03	7.937929E-17	7.709874E-18
4.350000E+03	7.983564E-17	7.667159E-18
4.360000E+03	8.027350E-17	7.622103E-18
4.370000E+03	8.071937E-17	7.577282E-18
4.380000E+03	8.114614E-17	7.530185E-18
4.390000E+03	8.158059E-17	7.483360E-18
4.400000E+03	8.200901E-17	7.435575E-18
4.410000E+03	8.241742E-17	7.385630E-18
4.420000E+03	8.283300E-17	7.336032E-18
4.430000E+03	8.324183E-17	7.285575E-18
4.440000E+03	8.362977E-17	7.233097E-18
4.450000E+03	8.402434E-17	7.181056E-18
4.460000E+03	8.439741E-17	7.127094E-18
4.470000E+03	8.477678E-17	7.073642E-18
4.480000E+03	8.514820E-17	7.019551E-18
4.490000E+03	8.549724E-17	6.963713E-18
4.500000E+03	8.585205E-17	6.908509E-18
4.510000E+03	8.618390E-17	6.851687E-18
4.520000E+03	8.652116E-17	6.795592E-18
4.530000E+03	8.683489E-17	6.738015E-18
4.540000E+03	8.715370E-17	6.681270E-18
4.550000E+03	8.744845E-17	6.623191E-18
4.560000E+03	8.774794E-17	6.566056E-18
4.570000E+03	8.802285E-17	6.507743E-18
4.580000E+03	8.830215E-17	6.450494E-18
4.590000E+03	8.855641E-17	6.392233E-18
4.600000E+03	8.881476E-17	6.335167E-18
4.610000E+03	8.904759E-17	6.277260E-18
4.620000E+03	8.928422E-17	6.220684E-18
4.630000E+03	8.949492E-17	6.163448E-18
4.640000E+03	8.970916E-17	6.107688E-18
4.650000E+03	8.989707E-17	6.051451E-18
4.660000E+03	9.008828E-17	5.996837E-18
4.670000E+03	9.025283E-17	5.941935E-18
4.680000E+03	9.040550E-17	5.887834E-18
4.690000E+03	9.056118E-17	5.835585E-18
4.700000E+03	9.068978E-17	5.783333E-18
4.710000E+03	9.082123E-17	5.733086E-18
4.720000E+03	9.092541E-17	5.683022E-18
4.730000E+03	9.101727E-17	5.634183E-18
4.740000E+03	9.111182E-17	5.587573E-18
4.750000E+03	9.117891E-17	5.541416E-18
4.760000E+03	9.124864E-17	5.497629E-18
4.770000E+03	9.129083E-17	5.454463E-18
4.780000E+03	9.132059E-17	5.412904E-18
4.790000E+03	9.133787E-17	5.373017E-18
4.800000E+03	9.135771E-17	5.335734E-18
4.810000E+03	9.134990E-17	5.299276E-18
4.820000E+03	9.132961E-17	5.264488E-18
4.830000E+03	9.131197E-17	5.232189E-18
4.840000E+03	9.126694E-17	5.200598E-18
4.850000E+03	9.120971E-17	5.170531E-18
4.860000E+03	9.114040E-17	5.141930E-18
4.870000E+03	9.107416E-17	5.115581E-18
4.880000E+03	9.098108E-17	5.089728E-18
4.890000E+03	9.087635E-17	5.065157E-18
4.900000E+03	9.076016E-17	5.041801E-18
4.910000E+03	9.064760E-17	5.020419E-18
4.920000E+03	9.050897E-17	4.999284E-18
4.930000E+03	9.035944E-17	4.979158E-18
4.940000E+03	9.019922E-17	4.959970E-18
4.950000E+03	9.002852E-17	4.941651E-18
4.960000E+03	8.986236E-17	4.924940E-18
4.970000E+03	8.967136E-17	4.908145E-18
4.980000E+03	8.947059E-17	4.892011E-18
4.990000E+03	8.926028E-17	4.876471E-18
5.000000E+03	8.904069E-17	4.861458E-18
5.010000E+03	8.881209E-17	4.846909E-18
5.020000E+03	8.857472E-17	4.832762E-18
5.030000E+03	8.832886E-17	4.818956E-18
5.040000E+03	8.807478E-17	4.805435E-18
5.050000E+03	8.782718E-17	4.792929E-18
5.060000E+03	8.755742E-17	4.779808E-18
5.070000E+03	8.728027E-17	4.766813E-18
5.080000E+03	8.699601E-17	4.753896E-18
5.090000E+03	8.670492E-17	4.741011E-18
5.100000E+03	8.640727E-17	4.728117E-18
5.110000E+03	8.610336E-17	4.715175E-18
5.120000E+03	8.579346E-17	4.702148E-18
5.130000E+03	8.547786E-17	4.689002E-18
5.140000E+03	8.515687E-17	4.675709E-18
5.150000E+03	8.483072E-17	4.662238E-18
5.160000E+03	8.449975E-17	4.648566E-18
5.170000E+03	8.416422E-17	4.634670E-18
5.180000E+03	8.382439E-17	4.620530E-18
5.190000E+03	8.348057E-17	4.606130E-18
5.200000E+03	8.311941E-17	4.590702E-18
5.210000E+03	8.276849E-17	4.575742E-18
5.220000E+03	8.241441E-17	4.560485E-18
5.230000E+03	8.205744E-17	4.544925E-18
5.240000E+03	8.169783E-17	4.529055E-18
5.250000E+03	8.133588E-17	4.512873E-18
5.260000E+03	8.097185E-17	4.496379E-18
5.270000E+03	8.060599E-17	4.479572E-18
5.280000E+03	8.022545E-17	4.461726E-18
5.290000E+03	7.985680E-17	4.444308E-18
5.300000E+03	7.948711E-17	4.426592E-18
5.310000E+03	7.911662E-17	4.408586E-18
5.320000E+03	7.874560E-17	4.390298E-18
5.330000E+03	7.837428E-17	4.371739E-18
5.340000E+03	7.799017E-17	4.352210E-18
5.350000E+03	7.761906E-17	4.333151E-18
5.360000E+03	7.724838E-17	4.313859E-18
5.370000E+03	7.687837E-17	4.294351E-18
5.380000E+03	7.649675E-17	4.273944E-18
5.390000E+03	7.612883E-17	4.254055E-18
5.400000E+03	7.576226E-17	4.234000E-18
5.410000E+03	7.538493E-17	4.213108E-18
5.420000E+03	7.502178E-17	4.192778E-18
5.430000E+03	7.466063E-17	4.172339E-18
5.440000E+03	7.430171E-17	4.151808E-18
5.450000E+03	7.393312E-17	4.130531E-18
5.460000E+03	7.357930E-17	4.109879E-18
5.470000E+03	7.322832E-17	4.089184E-18
5.480000E+03	7.286848E-17	4.067769E-18
5.490000E+03	7.252386E-17	4.046957E-18
5.500000E+03	7.217093E-17	4.025411E-18
5.510000E+03	7.183350E-17	4.004441E-18
5.520000E+03	7.149990E-17	3.983375E-18
5.530000E+03	7.115868E-17	3.961555E-18
5.540000E+03	7.083331E-17	3.940272E-18
5.550000E+03	7.050078E-17	3.918227E-18
5.560000E+03	7.018433E-17	3.896696E-18
5.570000E+03	6.986114E-17	3.874395E-18
5.580000E+03	6.955424E-17	3.852590E-18
5.590000E+03	6.925233E-17	3.830637E-18
5.600000E+03	6.894431E-17	3.807912E-18
5.610000E+03	6.865289E-17	3.785656E-18
5.620000E+03	6.835578E-17	3.762628E-18
5.630000E+03	6.807545E-17	3.740057E-18
5.640000E+03	6.778982E-17	3.716717E-18
5.650000E+03	6.751018E-17	3.693221E-18
5.660000E+03	6.724762E-17	3.670166E-18
5.670000E+03	6.698033E-17	3.646353E-18
5.680000E+03	6.673032E-17	3.622974E-18
5.690000E+03	6.647594E-17	3.598846E-18
5.700000E+03	6.623904E-17	3.575148E-18
5.710000E+03	6.599812E-17	3.550712E-18
5.720000E+03	6.577489E-17	3.526703E-18
5.730000E+03	6.554799E-17	3.501970E-18
5.740000E+03	6.532833E-17	3.477096E-18
5.750000E+03	6.512663E-17	3.452648E-18
5.760000E+03	6.492179E-17	3.427502E-18
5.770000E+03	6.472458E-17	3.402229E-18
5.780000E+03	6.454566E-17	3.377386E-18
5.790000E+03	6.436408E-17	3.351873E-18
5.800000E+03	6.419054E-17	3.326252E-18
5.810000E+03	6.403561E-17	3.301068E-18
5.820000E+03	6.387852E-17	3.275249E-18
5.830000E+03	6.372987E-17	3.249345E-18
5.840000E+03	6.360015E-17	3.223890E-18
5.850000E+03	6.346878E-17	3.197839E-18
5.860000E+03	6.334626E-17	3.171732E-18
5.870000E+03	6.323274E-17	3.145578E-18
5.880000E+03	6.313864E-17	3.119897E-18
5.890000E+03	6.304352E-17	3.093680E-18
5.900000E+03	6.295783E-17	3.067454E-18
5.910000E+03	6.288172E-17	3.041230E-18
5.920000E+03	6.282558E-17	3.015515E-18
5.930000E+03	6.276906E-17	2.989337E-18
5.940000E+03	6.272258E-17	2.963207E-18
5.950000E+03	6.268630E-17	2.937144E-18
5.960000E+03	6.266037E-17	2.911165E-18
5.970000E+03	6.265515E-17	2.885760E-18
5.980000E+03	6.265041E-17	2.860005E-18
5.990000E+03	6.265653E-17	2.834399E-18
6.000000E+03	6.267367E-17	2.808964E-18
6.010000E+03	6.270202E-17	2.783727E-18
6.020000E+03	6.274175E-17	2.758714E-18
6.030000E+03	6.280326E-17	2.734400E-18
6.040000E+03	6.286632E-17	2.709924E-18
6.050000E+03	6.294132E-17	2.685766E-18
6.060000E+03	6.302845E-17	2.661965E-18
6.070000E+03	6.312793E-17	2.638559E-18
6.080000E+03	6.323994E-17	2.615589E-18
6.090000E+03	6.336470E-17	2.593100E-18
6.100000E+03	6.350240E-17	2.571139E-18
6.110000E+03	6.365326E-17	2.549759E-18
6.120000E+03	6.381751E-17	2.529012E-18
6.130000E+03	6.399533E-17	2.508957E-18
6.140000E+03	6.418697E-17	2.489657E-18
6.150000E+03	6.439264E-17	2.471177E-18
6.160000E+03	6.461255E-17	2.453587E-18
6.170000E+03	6.484691E-17	2.436961E-18
6.180000E+03	6.509596E-17	2.421377E-18
6.190000E+03	6.535988E-17	2.406917E-18
6.200000E+03	6.563890E-17	2.393669E-18
6.210000E+03	6.593321E-17	2.381723E-18
6.220000E+03	6.624301E-17	2.371174E-18
6.230000E+03	6.656848E-17	2.362120E-18
6.240000E+03	6.690979E-17	2.354664E-18
6.250000E+03	6.726708E-17	2.348909E-18
6.260000E+03	6.764035E-17	2.344957E-18
6.270000E+03	6.802965E-17	2.342916E-18
6.280000E+03	6.843487E-17	2.342889E-18
6.290000E+03	6.885576E-17	2.344976E-18
6.300000E+03	6.929189E-17	2.349229E-18
6.310000E+03	6.974268E-17	2.355640E-18
6.320000E+03	7.020755E-17	2.364193E-18
6.330000E+03	7.068593E-17	2.374871E-18
6.340000E+03	7.117716E-17	2.387651E-18
6.350000E+03	7.166895E-17	2.402118E-18
6.360000E+03	7.218387E-17	2.419026E-18
6.370000E+03	7.270966E-17	2.437957E-18
6.380000E+03	7.324558E-17	2.458880E-18
6.390000E+03	7.379090E-17	2.481763E-18
6.400000E+03	7.434487E-17	2.506570E-18
6.410000E+03	7.489453E-17	2.532853E-18
6.420000E+03	7.546335E-17	2.561394E-18
6.430000E+03	7.603841E-17	2.591747E-18
6.440000E+03	7.661891E-17	2.623871E-18
6.450000E+03	7.720395E-17	2.657726E-18
6.460000E+03	7.779270E-17	2.693271E-18
6.470000E+03	7.837150E-17	2.730019E-18
6.480000E+03	7.896488E-17	2.768809E-18
6.490000E+03	7.955926E-17	2.809162E-18
6.500000E+03	8.015375E-17	2.851034E-18
6.510000E+03	8.073425E-17	2.893909E-18
6.520000E+03	8.132604E-17	2.938681E-18
6.530000E+03	8.191515E-17	2.984842E-18
6.540000E+03	8.250066E-17	3.032348E-18
6.550000E+03	8.306810E-17	3.080654E-18
6.560000E+03	8.364356E-17	3.130713E-18
6.570000E+03	8.421275E-17	3.181989E-18
6.580000E+03	8.477491E-17	3.234445E-18
6.590000E+03	8.531555E-17	3.287510E-18
6.600000E+03	8.586193E-17	3.342211E-18
6.610000E+03	8.639988E-17	3.397934E-18
6.620000E+03	8.691494E-17	3.454023E-18
6.630000E+03	8.743506E-17	3.511494E-18
6.640000E+03	8.794587E-17	3.569697E-18
6.650000E+03	8.843273E-17	3.627943E-18
6.660000E+03	8.892409E-17	3.687307E-18
6.670000E+03	8.940542E-17	3.747112E-18
6.680000E+03	8.986184E-17	3.806640E-18
6.690000E+03	9.032234E-17	3.867028E-18
6.700000E+03	9.077218E-17	3.927572E-18
6.710000E+03	9.119630E-17	3.987528E-18
6.720000E+03	9.162418E-17	4.048096E-18
6.730000E+03	9.202585E-17	4.107877E-18
6.740000E+03	9.243112E-17	4.168113E-18
6.750000E+03	9.282491E-17	4.228057E-18
6.760000E+03	9.319188E-17	4.286927E-18
6.770000E+03	9.356225E-17	4.346029E-18
6.780000E+03	9.390546E-17	4.403876E-18
6.790000E+03	9.425197E-17	4.461815E-18
6.800000E+03	9.458645E-17	4.519062E-18
6.810000E+03	9.489331E-17	4.574797E-18
6.820000E+03	9.520342E-17	4.630432E-18
6.830000E+03	9.548567E-17	4.684395E-18
6.840000E+03	9.577113E-17	4.738139E-18
6.850000E+03	9.602856E-17	4.790061E-18
6.860000E+03	9.628920E-17	4.841652E-18
6.870000E+03	9.652165E-17	4.891281E-18
6.880000E+03	9.675734E-17	4.940478E-18
6.890000E+03	9.696472E-17	4.987581E-18
6.900000E+03	9.717539E-17	5.034157E-18
6.910000E+03	9.735767E-17	5.078518E-18
6.920000E+03	9.754331E-17	5.122267E-18
6.930000E+03	9.770050E-17	5.163689E-18
6.940000E+03	9.786117E-17	5.204420E-18
6.950000E+03	9.799338E-17	5.242725E-18
6.960000E+03	9.812915E-17	5.280268E-18
6.970000E+03	9.823650E-17	5.315292E-18
6.980000E+03	9.834752E-17	5.349493E-18
6.990000E+03	9.843018E-17	5.381095E-18
7.000000E+03	9.851667E-17	5.411818E-18
7.010000E+03	9.857486E-17	5.439870E-18
7.020000E+03	9.863704E-17	5.466998E-18
7.030000E+03	9.867104E-17	5.491393E-18
7.040000E+03	9.869304E-17	5.513922E-18
7.050000E+03	9.871929E-17	5.535470E-18
7.060000E+03	9.871757E-17	5.554212E-18
7.070000E+03	9.872027E-17	5.571945E-18
7.080000E+03	9.869521E-17	5.586835E-18
7.090000E+03	9.865860E-17	5.599778E-18
7.100000E+03	9.862670E-17	5.611682E-18
7.110000E+03	9.856734E-17	5.620707E-18
7.120000E+03	9.851290E-17	5.628682E-18
7.130000E+03	9.843123E-17	5.633763E-18
7.140000E+03	9.833858E-17	5.636869E-18
7.150000E+03	9.825116E-17	5.638922E-18
7.160000E+03	9.813692E-17	5.638080E-18
7.170000E+03	9.801207E-17	5.635268E-18
7.180000E+03	9.789277E-17	5.631414E-18
7.190000E+03	9.774710E-17	5.624684E-18
7.200000E+03	9.759121E-17	5.616007E-18
7.210000E+03	9.744121E-17	5.606315E-18
7.220000E+03	9.726531E-17	5.593784E-18
7.230000E+03	9.707961E-17	5.579347E-18
7.240000E+03	9.690015E-17	5.563935E-18
7.250000E+03	9.669529E-17	5.545740E-18
7.260000E+03	9.648108E-17	5.525698E-18
7.270000E+03	9.627343E-17	5.504732E-18
7.280000E+03	9.604093E-17	5.481060E-18
7.290000E+03	9.579952E-17	5.455615E-18
7.300000E+03	9.554936E-17	5.428422E-18
7.310000E+03	9.530624E-17	5.400399E-18
7.320000E+03	9.503900E-17	5.369800E-18
7.330000E+03	9.476348E-17	5.337549E-18
7.340000E+03	9.447982E-17	5.303680E-18
7.350000E+03	9.420365E-17	5.269096E-18
7.360000E+03	9.390415E-17	5.232099E-18
7.370000E+03	9.359700E-17	5.193602E-18
7.380000E+03	9.328234E-17	5.153643E-18
7.390000E+03	9.297558E-17	5.113108E-18
7.400000E+03	9.264634E-17	5.070357E-18
7.410000E+03	9.231006E-17	5.026282E-18
7.420000E+03	9.196691E-17	4.980934E-18
7.430000E+03	9.161703E-17	4.934363E-18
7.440000E+03	9.127559E-17	4.887426E-18
7.450000E+03	9.091271E-17	4.838564E-18
7.460000E+03	9.054358E-17	4.788645E-18
7.470000E+03	9.016836E-17	4.737728E-18
7.480000E+03	8.978721E-17	4.685875E-18
7.490000E+03	8.940028E-17	4.633148E-18
7.500000E+03	8.902236E-17	4.580367E-18
7.510000E+03	8.862428E-17	4.526085E-18
7.520000E+03	8.822088E-17	4.471134E-18
7.530000E+03	8.781232E-17	4.415588E-18
7.540000E+03	8.739875E-17	4.359522E-18
7.550000E+03	8.698031E-17	4.303013E-18
7.560000E+03	8.655718E-17	4.246144E-18
7.570000E+03	8.614364E-17	4.189686E-18
7.580000E+03	8.571146E-17	4.132340E-18
7.590000E+03	8.527501E-17	4.074892E-18
7.600000E+03	8.483444E-17	4.017437E-18
7.610000E+03	8.438990E-17	3.960071E-18
7.620000E+03	8.394153E-17	3.902892E-18
7.630000E+03	8.348948E-17	3.846005E-18
7.640000E+03	8.303388E-17	3.789514E-18
7.650000E+03	8.257488E-17	3.733531E-18
7.660000E+03	8.211261E-17	3.678167E-18
7.670000E+03	8.164723E-17	3.623540E-18
7.680000E+03	8.117884E-17	3.569770E-18
7.690000E+03	8.072092E-17	3.517560E-18
7.700000E+03	8.024691E-17	3.465869E-18
7.710000E+03	7.977033E-17	3.415414E-18
7.720000E+03	7.929129E-17	3.366327E-18
7.730000E+03	7.880995E-17	3.318742E-18
7.740000E+03	7.832642E-17	3.272795E-18
7.750000E+03	7.784086E-17	3.228623E-18
7.760000E+03	7.735337E-17	3.186363E-18
7.770000E+03	7.686410E-17	3.146152E-18
7.780000E+03	7.637317E-17	3.108125E-18
7.790000E+03	7.588072E-17	3.072415E-18
7.800000E+03	7.538686E-17	3.039152E-18
7.810000E+03	7.489173E-17	3.008461E-18
7.820000E+03	7.439546E-17	2.980461E-18
7.830000E+03	7.389817E-17	2.955261E-18
7.840000E+03	7.339999E-17	2.932965E-18
7.850000E+03	7.290104E-17	2.913666E-18
7.860000E+03	7.238949E-17	2.896965E-18
7.870000E+03	7.188948E-17	2.883891E-18
7.880000E+03	7.138907E-17	2.874017E-18
7.890000E+03	7.088842E-17	2.867383E-18
7.900000E+03	7.038764E-17	2.864005E-18
7.910000E+03	6.988684E-17	2.863803E-18
7.920000E+03	6.938617E-17	2.866655E-18
7.930000E+03	6.888575E-17	2.872428E-18
7.940000E+03	6.838572E-17	2.880980E-18
7.950000E+03	6.788618E-17	2.892166E-18
7.960000E+03	6.738729E-17	2.905835E-18
7.970000E+03	6.688915E-17	2.921833E-18
7.980000E+03	6.638091E-17	2.939519E-18
7.990000E+03	6.588476E-17	2.959709E-18
8.000000E+03	6.538975E-17	2.981767E-18
8.010000E+03	6.489599E-17	3.005542E-18
8.020000E+03	6.440360E-17	3.030887E-18
8.030000E+03	6.391270E-17	3.057661E-18
8.040000E+03	6.342339E-17	3.085724E-18
8.050000E+03	6.293569E-17	3.114941E-18
8.060000E+03	6.243925E-17	3.144657E-18
8.070000E+03	6.195485E-17	3.175785E-18
8.080000E+03	6.147205E-17	3.207686E-18
8.090000E+03	6.099082E-17	3.240245E-18
8.100000E+03	6.051116E-17	3.273355E-18
8.110000E+03	6.003308E-17	3.306911E-18
8.120000E+03	5.954667E-17	3.340261E-18
8.130000E+03	5.907177E-17	3.374418E-18
8.140000E+03	5.859845E-17	3.408748E-18
8.150000E+03	5.812668E-17	3.443169E-18
8.160000E+03	5.765648E-17	3.477607E-18
8.170000E+03	5.717835E-17	3.511407E-18
8.180000E+03	5.671139E-17	3.545667E-18
8.190000E+03	5.624602E-17	3.579745E-18
8.200000E+03	5.578227E-17	3.613587E-18
8.210000E+03	5.531094E-17	3.646533E-18
8.220000E+03	5.485055E-17	3.679743E-18
8.230000E+03	5.439183E-17	3.712570E-18
8.240000E+03	5.393478E-17	3.744971E-18
8.250000E+03	5.347056E-17	3.776282E-18
8.260000E+03	5.301705E-17	3.807719E-18
8.270000E+03	5.256530E-17	3.838625E-18
8.280000E+03	5.211535E-17	3.868972E-18
8.290000E+03	5.165860E-17	3.898084E-18
8.300000E+03	5.121238E-17	3.927229E-18
8.310000E+03	5.076804E-17	3.955742E-18
8.320000E+03	5.032559E-17	3.983602E-18
8.330000E+03	4.987676E-17	4.010122E-18
8.340000E+03	4.943827E-17	4.036619E-18
8.350000E+03	4.900177E-17	4.062415E-18
8.360000E+03	4.855917E-17	4.086814E-18
8.370000E+03	4.812681E-17	4.111167E-18
8.380000E+03	4.769650E-17	4.134785E-18
8.390000E+03	4.726041E-17	4.156966E-18
8.400000E+03	4.683439E-17	4.179087E-18
8.410000E+03	4.641054E-17	4.200452E-18
8.420000E+03	4.598886E-17	4.221058E-18
8.430000E+03	4.556178E-17	4.240191E-18
8.440000E+03	4.514460E-17	4.259264E-18
8.450000E+03	4.472968E-17	4.277569E-18
8.460000E+03	4.430963E-17	4.294387E-18
8.470000E+03	4.389937E-17	4.311154E-18
8.480000E+03	4.348414E-17	4.326430E-18
8.490000E+03	4.307861E-17	4.341661E-18
8.500000E+03	4.267546E-17	4.356132E-18
8.510000E+03	4.226761E-17	4.369110E-18
8.520000E+03	4.186933E-17	4.382063E-18
8.530000E+03	4.147348E-17	4.394265E-18
8.540000E+03	4.107320E-17	4.404983E-18
8.550000E+03	4.068233E-17	4.415696E-18
8.560000E+03	4.029395E-17	4.425674E-18
8.570000E+03	3.990139E-17	4.434180E-18
8.580000E+03	3.951810E-17	4.442706E-18
8.590000E+03	3.913079E-17	4.449772E-18
8.600000E+03	3.875265E-17	4.456874E-18
8.610000E+03	3.837709E-17	4.463279E-18
8.620000E+03	3.799772E-17	4.468242E-18
8.630000E+03	3.762738E-17	4.473271E-18
8.640000E+03	3.725340E-17	4.476874E-18
8.650000E+03	3.688836E-17	4.480564E-18
8.660000E+03	3.651980E-17	4.482844E-18
8.670000E+03	3.616008E-17	4.485232E-18
8.680000E+03	3.580300E-17	4.486981E-18
8.690000E+03	3.544263E-17	4.487350E-18
8.700000E+03	3.509092E-17	4.487855E-18
8.710000E+03	3.473606E-17	4.486998E-18
8.720000E+03	3.438977E-17	4.486300E-18
8.730000E+03	3.404044E-17	4.484260E-18
8.740000E+03	3.369958E-17	4.482398E-18
8.750000E+03	3.336143E-17	4.479971E-18
8.760000E+03	3.302041E-17	4.476235E-18
8.770000E+03	3.268769E-17	4.472707E-18
8.780000E+03	3.235225E-17	4.467894E-18
8.790000E+03	3.202501E-17	4.463310E-18
8.800000E+03	3.169514E-17	4.457463E-18
8.810000E+03	3.137337E-17	4.451865E-18
8.820000E+03	3.104909E-17	4.445029E-18
8.830000E+03	3.073280E-17	4.438460E-18
8.840000E+03	3.041409E-17	4.430676E-18
8.850000E+03	3.010327E-17	4.423182E-18
8.860000E+03	2.979013E-17	4.414495E-18
8.870000E+03	2.948477E-17	4.406117E-18
8.880000E+03	2.917718E-17	4.396569E-18
8.890000E+03	2.887728E-17	4.387350E-18
8.900000E+03	2.858006E-17	4.377724E-18
8.910000E+03	2.828076E-17	4.366967E-18
8.920000E+03	2.798897E-17	4.356564E-18
8.930000E+03	2.769517E-17	4.345053E-18
8.940000E+03	2.740878E-17	4.333914E-18
8.950000E+03	2.712046E-17	4.321690E-18
8.960000E+03	2.683945E-17	4.309857E-18
8.970000E+03	2.655658E-17	4.296962E-18
8.980000E+03	2.628090E-17	4.284474E-18
8.990000E+03	2.600346E-17	4.270949E-18
9.000000E+03	2.573309E-17	4.257846E-18
9.040000E+03	2.466514E-17	4.200451E-18
9.080000E+03	2.364346E-17	4.139712E-18
9.120000E+03	2.266293E-17	4.075484E-18
9.160000E+03	2.172269E-17	4.008309E-18
9.200000E+03	2.082181E-17	3.938697E-18
9.240000E+03	1.995932E-17	3.867124E-18
9.280000E+03	1.913416E-17	3.794029E-18
9.320000E+03	1.834527E-17	3.719819E-18
9.360000E+03	1.759149E-17	3.644863E-18
9.400000E+03	1.687171E-17	3.569501E-18
9.440000E+03	1.618197E-17	3.493438E-18
9.480000E+03	1.552675E-17	3.418159E-18
9.520000E+03	1.490199E-17	3.343298E-18
9.560000E+03	1.430650E-17	3.269068E-18
9.600000E+03	1.373911E-17	3.195662E-18
9.640000E+03	1.319865E-17	3.123242E-18
9.680000E+03	1.268398E-17	3.051950E-18
9.720000E+03	1.219398E-17	2.981907E-18
9.760000E+03	1.172754E-17	2.913214E-18
9.800000E+03	1.128553E-17	2.846443E-18
9.840000E+03	1.086295E-17	2.780665E-18
9.880000E+03	1.046080E-17	2.716437E-18
9.920000E+03	1.007809E-17	2.653792E-18
9.960000E+03	9.715562E-18	2.593209E-18
1.000000E+04	9.368879E-18	2.533793E-18
1.004000E+04	9.040475E-18	2.476440E-18
1.008000E+04	8.726310E-18	2.420276E-18
1.012000E+04	8.428667E-18	2.366144E-18
1.016000E+04	8.143794E-18	2.313195E-18
1.020000E+04	7.873844E-18	2.262225E-18
1.024000E+04	7.616643E-18	2.212795E-18
1.028000E+04	7.371530E-18	2.164877E-18
1.032000E+04	7.137873E-18	2.118440E-18
