#wls	flux	fluxerr
1.592040E+03	5.800292E-05	3.811847E-06
1.631841E+03	5.916634E-05	3.865036E-06
1.671642E+03	6.040642E-05	3.921765E-06
1.711443E+03	6.170577E-05	3.980778E-06
1.751244E+03	6.308957E-05	4.043573E-06
1.791045E+03	6.455169E-05	4.109609E-06
1.830846E+03	6.609716E-05	4.179054E-06
1.870647E+03	6.774313E-05	4.252825E-06
1.910448E+03	6.948502E-05	4.330447E-06
1.950249E+03	7.135397E-05	4.413657E-06
1.990050E+03	7.333537E-05	4.501318E-06
2.029851E+03	7.546332E-05	4.595280E-06
2.069652E+03	7.774989E-05	4.695988E-06
2.109453E+03	8.019521E-05	4.803136E-06
2.149254E+03	8.282622E-05	4.918003E-06
2.189055E+03	8.567202E-05	5.041924E-06
2.228856E+03	8.873632E-05	5.174682E-06
2.268657E+03	9.205080E-05	5.317655E-06
2.308458E+03	9.563453E-05	5.471410E-06
2.348259E+03	9.952176E-05	5.637319E-06
2.388060E+03	1.037167E-04	5.814972E-06
2.427861E+03	1.082685E-04	6.006418E-06
2.467662E+03	1.131943E-04	6.211827E-06
2.507463E+03	1.184909E-04	6.430177E-06
2.547264E+03	1.242165E-04	6.663746E-06
2.587065E+03	1.303377E-04	6.909778E-06
2.626866E+03	1.368985E-04	7.169624E-06
2.666667E+03	1.438391E-04	7.439133E-06
2.706468E+03	1.511746E-04	7.718121E-06
2.746269E+03	1.588223E-04	8.001390E-06
2.786070E+03	1.667299E-04	8.285491E-06
2.825871E+03	1.747723E-04	8.563510E-06
2.865672E+03	1.828058E-04	8.827994E-06
2.905473E+03	1.906450E-04	9.069912E-06
2.945274E+03	1.980614E-04	9.278765E-06
2.985075E+03	2.047884E-04	9.442998E-06
2.995025E+03	2.063260E-04	9.475566E-06
3.004975E+03	2.078184E-04	9.505372E-06
3.014925E+03	2.092157E-04	9.530163E-06
3.024876E+03	2.105355E-04	9.550790E-06
3.034826E+03	2.117957E-04	9.568101E-06
3.044776E+03	2.129693E-04	9.580914E-06
3.054726E+03	2.140519E-04	9.589082E-06
3.064677E+03	2.150397E-04	9.592488E-06
3.074627E+03	2.159293E-04	9.591030E-06
3.084577E+03	2.167399E-04	9.585615E-06
3.094527E+03	2.174469E-04	9.575205E-06
3.104478E+03	2.180488E-04	9.559791E-06
3.114428E+03	2.185448E-04	9.539401E-06
3.124378E+03	2.189568E-04	9.515048E-06
3.134328E+03	2.192642E-04	9.485887E-06
3.144279E+03	2.194906E-04	9.453001E-06
3.154229E+03	2.196181E-04	9.415668E-06
3.164179E+03	2.196515E-04	9.374154E-06
3.174129E+03	2.196181E-04	9.329669E-06
3.184080E+03	2.195042E-04	9.281681E-06
3.194030E+03	2.193393E-04	9.231481E-06
3.203980E+03	2.191129E-04	9.178657E-06
3.213930E+03	2.188566E-04	9.124565E-06
3.223881E+03	2.185623E-04	9.068893E-06
3.233831E+03	2.182634E-04	9.013037E-06
3.243781E+03	2.179733E-04	8.957560E-06
3.253731E+03	2.176867E-04	8.902237E-06
3.263682E+03	2.174375E-04	8.848455E-06
3.273632E+03	2.172401E-04	8.796768E-06
3.283582E+03	2.170899E-04	8.746963E-06
3.293532E+03	2.170196E-04	8.700327E-06
3.303483E+03	2.170423E-04	8.657336E-06
3.313433E+03	2.171522E-04	8.617705E-06
3.323383E+03	2.173974E-04	8.583283E-06
3.333333E+03	2.177522E-04	8.552978E-06
3.343284E+03	2.182443E-04	8.527809E-06
3.353234E+03	2.189001E-04	8.508715E-06
3.363184E+03	2.196913E-04	8.494509E-06
3.373134E+03	2.206422E-04	8.486039E-06
3.383085E+03	2.217581E-04	8.483416E-06
3.393035E+03	2.230433E-04	8.486698E-06
3.402985E+03	2.245012E-04	8.495914E-06
3.412935E+03	2.261343E-04	8.511049E-06
3.422886E+03	2.279439E-04	8.532050E-06
3.432836E+03	2.299477E-04	8.559462E-06
3.442786E+03	2.321102E-04	8.591852E-06
3.452736E+03	2.344620E-04	8.630253E-06
3.462687E+03	2.369786E-04	8.673645E-06
3.472637E+03	2.396471E-04	8.721466E-06
3.482587E+03	2.424683E-04	8.773642E-06
3.492537E+03	2.454060E-04	8.828782E-06
3.502488E+03	2.484404E-04	8.886107E-06
3.512438E+03	2.515694E-04	8.945481E-06
3.522388E+03	2.547566E-04	9.005561E-06
3.532338E+03	2.580016E-04	9.066297E-06
3.542289E+03	2.612704E-04	9.126464E-06
3.552239E+03	2.645479E-04	9.185526E-06
3.562189E+03	2.678379E-04	9.243612E-06
3.572139E+03	2.711288E-04	9.300319E-06
3.582090E+03	2.743932E-04	9.354713E-06
3.592040E+03	2.776410E-04	9.407147E-06
3.601990E+03	2.808491E-04	9.456860E-06
3.611940E+03	2.840322E-04	9.504372E-06
3.621891E+03	2.871904E-04	9.549705E-06
3.631841E+03	2.903271E-04	9.592992E-06
3.641791E+03	2.934316E-04	9.633901E-06
3.651741E+03	2.965325E-04	9.673387E-06
3.661692E+03	2.996449E-04	9.711948E-06
3.671642E+03	3.027710E-04	9.749653E-06
3.681592E+03	3.059702E-04	9.788398E-06
3.691542E+03	3.092364E-04	9.827955E-06
3.701493E+03	3.126385E-04	9.870458E-06
3.711443E+03	3.161797E-04	9.915933E-06
3.721393E+03	3.199200E-04	9.966165E-06
3.731343E+03	3.239056E-04	1.002247E-05
3.741294E+03	3.281857E-04	1.008621E-05
3.751244E+03	3.328120E-04	1.015880E-05
3.761194E+03	3.378374E-04	1.024162E-05
3.771144E+03	3.432974E-04	1.033552E-05
3.781095E+03	3.492796E-04	1.044284E-05
3.791045E+03	3.558163E-04	1.056423E-05
3.800995E+03	3.629533E-04	1.070073E-05
3.810945E+03	3.707314E-04	1.085315E-05
3.820896E+03	3.791840E-04	1.102209E-05
3.830846E+03	3.883355E-04	1.120786E-05
3.840796E+03	3.982002E-04	1.141046E-05
3.850746E+03	4.087800E-04	1.162952E-05
3.860697E+03	4.200633E-04	1.186430E-05
3.870647E+03	4.320240E-04	1.211367E-05
3.880597E+03	4.446199E-04	1.237607E-05
3.890547E+03	4.577932E-04	1.264954E-05
3.900498E+03	4.714695E-04	1.293175E-05
3.910448E+03	4.855599E-04	1.321999E-05
3.920398E+03	4.999598E-04	1.351124E-05
3.930348E+03	5.145543E-04	1.380228E-05
3.940299E+03	5.292168E-04	1.408968E-05
3.950249E+03	5.438157E-04	1.436996E-05
3.960199E+03	5.581921E-04	1.463906E-05
3.970149E+03	5.722345E-04	1.489426E-05
3.980100E+03	5.858357E-04	1.513306E-05
3.990050E+03	5.988035E-04	1.535085E-05
4.000000E+03	6.111007E-04	1.554713E-05
4.009950E+03	6.225847E-04	1.571874E-05
4.019900E+03	6.331812E-04	1.586437E-05
4.029851E+03	6.428836E-04	1.598443E-05
4.039801E+03	6.515853E-04	1.607687E-05
4.049751E+03	6.593231E-04	1.614322E-05
4.059701E+03	6.661072E-04	1.618434E-05
4.069652E+03	6.719181E-04	1.620036E-05
4.079602E+03	6.768513E-04	1.619416E-05
4.089552E+03	6.809439E-04	1.616716E-05
4.099502E+03	6.842711E-04	1.612167E-05
4.109453E+03	6.869148E-04	1.606006E-05
4.119403E+03	6.889651E-04	1.598484E-05
4.129353E+03	6.905135E-04	1.589850E-05
4.139303E+03	6.916291E-04	1.580291E-05
4.149254E+03	6.924274E-04	1.570099E-05
4.159204E+03	6.929945E-04	1.559486E-05
4.169154E+03	6.933902E-04	1.548605E-05
4.179104E+03	6.936903E-04	1.537635E-05
4.189055E+03	6.939625E-04	1.526735E-05
4.199005E+03	6.942892E-04	1.516092E-05
4.208955E+03	6.946766E-04	1.505719E-05
4.218905E+03	6.952088E-04	1.495801E-05
4.228856E+03	6.958742E-04	1.486310E-05
4.238806E+03	6.966923E-04	1.477287E-05
4.248756E+03	6.977157E-04	1.468840E-05
4.258706E+03	6.988798E-04	1.460831E-05
4.268657E+03	7.002169E-04	1.453325E-05
4.278607E+03	7.016856E-04	1.446235E-05
4.288557E+03	7.032593E-04	1.439508E-05
4.298507E+03	7.049064E-04	1.433080E-05
4.308458E+03	7.065736E-04	1.426847E-05
4.318408E+03	7.082676E-04	1.420827E-05
4.328358E+03	7.099022E-04	1.414854E-05
4.338308E+03	7.115002E-04	1.408981E-05
4.348259E+03	7.130350E-04	1.403163E-05
4.358209E+03	7.145318E-04	1.397459E-05
4.368159E+03	7.159693E-04	1.391833E-05
4.378109E+03	7.173960E-04	1.386387E-05
4.388060E+03	7.188559E-04	1.381212E-05
4.398010E+03	7.203806E-04	1.376373E-05
4.407960E+03	7.220498E-04	1.372023E-05
4.417910E+03	7.239113E-04	1.368251E-05
4.427861E+03	7.260351E-04	1.365176E-05
4.437811E+03	7.285074E-04	1.362949E-05
4.447761E+03	7.313509E-04	1.361598E-05
4.457711E+03	7.346320E-04	1.361232E-05
4.467662E+03	7.383820E-04	1.361891E-05
4.477612E+03	7.426114E-04	1.363581E-05
4.487562E+03	7.472895E-04	1.366230E-05
4.497512E+03	7.523815E-04	1.369760E-05
4.507463E+03	7.578444E-04	1.374080E-05
4.517413E+03	7.635758E-04	1.378994E-05
4.527363E+03	7.694692E-04	1.384302E-05
4.537313E+03	7.754009E-04	1.389773E-05
4.547264E+03	7.812487E-04	1.395187E-05
4.557214E+03	7.868283E-04	1.400211E-05
4.567164E+03	7.919872E-04	1.404577E-05
4.577114E+03	7.966117E-04	1.408087E-05
4.587065E+03	8.005230E-04	1.410429E-05
4.597015E+03	8.036113E-04	1.411417E-05
4.606965E+03	8.057661E-04	1.410864E-05
4.616915E+03	8.068803E-04	1.408593E-05
4.626866E+03	8.068911E-04	1.404503E-05
4.636816E+03	8.057781E-04	1.398567E-05
4.646766E+03	8.035109E-04	1.390742E-05
4.656716E+03	8.001220E-04	1.381093E-05
4.666667E+03	7.956311E-04	1.369661E-05
4.676617E+03	7.901000E-04	1.356558E-05
4.686567E+03	7.836098E-04	1.341930E-05
4.696517E+03	7.762775E-04	1.325982E-05
4.706468E+03	7.682006E-04	1.308881E-05
4.716418E+03	7.595098E-04	1.290851E-05
4.726368E+03	7.503450E-04	1.272131E-05
4.736318E+03	7.408707E-04	1.252997E-05
4.746269E+03	7.312123E-04	1.233658E-05
4.756219E+03	7.215608E-04	1.214431E-05
4.766169E+03	7.120775E-04	1.195581E-05
4.776119E+03	7.028947E-04	1.177321E-05
4.786070E+03	6.942005E-04	1.159959E-05
4.796020E+03	6.861357E-04	1.143717E-05
4.805970E+03	6.788600E-04	1.128849E-05
4.815920E+03	6.724841E-04	1.115526E-05
4.825871E+03	6.671613E-04	1.103986E-05
4.835821E+03	6.630033E-04	1.094398E-05
4.845771E+03	6.600930E-04	1.086881E-05
4.855721E+03	6.585088E-04	1.081545E-05
4.865672E+03	6.583224E-04	1.078488E-05
4.875622E+03	6.595716E-04	1.077752E-05
4.885572E+03	6.622559E-04	1.079314E-05
4.895522E+03	6.663633E-04	1.083133E-05
4.905473E+03	6.718667E-04	1.089145E-05
4.915423E+03	6.786984E-04	1.097218E-05
4.925373E+03	6.867602E-04	1.107173E-05
4.935323E+03	6.959245E-04	1.118785E-05
4.945274E+03	7.060224E-04	1.131764E-05
4.955224E+03	7.168883E-04	1.145829E-05
4.965174E+03	7.283202E-04	1.160644E-05
4.975124E+03	7.401040E-04	1.175856E-05
4.985075E+03	7.520183E-04	1.191106E-05
4.995025E+03	7.638437E-04	1.206042E-05
5.004975E+03	7.753713E-04	1.220333E-05
5.014925E+03	7.864109E-04	1.233681E-05
5.024876E+03	7.968138E-04	1.245860E-05
5.034826E+03	8.064165E-04	1.256620E-05
5.044776E+03	8.151505E-04	1.265867E-05
5.054726E+03	8.229361E-04	1.273489E-05
5.064677E+03	8.297410E-04	1.279450E-05
5.074627E+03	8.355624E-04	1.283760E-05
5.084577E+03	8.404377E-04	1.286494E-05
5.094527E+03	8.443915E-04	1.287704E-05
5.104478E+03	8.474945E-04	1.287515E-05
5.114428E+03	8.497932E-04	1.286012E-05
5.124378E+03	8.513541E-04	1.283310E-05
5.134328E+03	8.522601E-04	1.279550E-05
5.144279E+03	8.525596E-04	1.274817E-05
5.154229E+03	8.523301E-04	1.269239E-05
5.164179E+03	8.516104E-04	1.262888E-05
5.174129E+03	8.504672E-04	1.255873E-05
5.184080E+03	8.489286E-04	1.248246E-05
5.194030E+03	8.470493E-04	1.240099E-05
5.203980E+03	8.448482E-04	1.231470E-05
5.213930E+03	8.423707E-04	1.222434E-05
5.223881E+03	8.396428E-04	1.213038E-05
5.233831E+03	8.366734E-04	1.203305E-05
5.243781E+03	8.334849E-04	1.193275E-05
5.253731E+03	8.301130E-04	1.183008E-05
5.263682E+03	8.265780E-04	1.172542E-05
5.273632E+03	8.228869E-04	1.161894E-05
5.283582E+03	8.190763E-04	1.151124E-05
5.293532E+03	8.151556E-04	1.140252E-05
5.303483E+03	8.111652E-04	1.129342E-05
5.313433E+03	8.071195E-04	1.118421E-05
5.323383E+03	8.030650E-04	1.107558E-05
5.333333E+03	7.990362E-04	1.096807E-05
5.343284E+03	7.950551E-04	1.086202E-05
5.353234E+03	7.911749E-04	1.075821E-05
5.363184E+03	7.874354E-04	1.065720E-05
5.373134E+03	7.838479E-04	1.055917E-05
5.383085E+03	7.804921E-04	1.046521E-05
5.393035E+03	7.773742E-04	1.037543E-05
5.402985E+03	7.745352E-04	1.029037E-05
5.412935E+03	7.719949E-04	1.021029E-05
5.422886E+03	7.697481E-04	1.013514E-05
5.432836E+03	7.678047E-04	1.006504E-05
5.442786E+03	7.661282E-04	9.999521E-06
5.452736E+03	7.646848E-04	9.938148E-06
5.462687E+03	7.633992E-04	9.879967E-06
5.472637E+03	7.621717E-04	9.823679E-06
5.482587E+03	7.608718E-04	9.767549E-06
5.492537E+03	7.593827E-04	9.710039E-06
5.502488E+03	7.575646E-04	9.649337E-06
5.512438E+03	7.552841E-04	9.583746E-06
5.522388E+03	7.524269E-04	9.511827E-06
5.532338E+03	7.489096E-04	9.432552E-06
5.542289E+03	7.446683E-04	9.345154E-06
5.552239E+03	7.397207E-04	9.249890E-06
5.562189E+03	7.340717E-04	9.146859E-06
5.572139E+03	7.278189E-04	9.037306E-06
5.582090E+03	7.210560E-04	8.922414E-06
5.592040E+03	7.139243E-04	8.803934E-06
5.601990E+03	7.065895E-04	8.683898E-06
5.611940E+03	6.992397E-04	8.564586E-06
5.621891E+03	6.920787E-04	8.448439E-06
5.631841E+03	6.853312E-04	8.338128E-06
5.641791E+03	6.792037E-04	8.236066E-06
5.651741E+03	6.739284E-04	8.144947E-06
5.661692E+03	6.697101E-04	8.067105E-06
5.671642E+03	6.667604E-04	8.004926E-06
5.681592E+03	6.652926E-04	7.960782E-06
5.691542E+03	6.654936E-04	7.936706E-06
5.701493E+03	6.675203E-04	7.934344E-06
5.711443E+03	6.715296E-04	7.955320E-06
5.721393E+03	6.776242E-04	8.000599E-06
5.731343E+03	6.858947E-04	8.070984E-06
5.741294E+03	6.963739E-04	8.166592E-06
5.751244E+03	7.090301E-04	8.286784E-06
5.761194E+03	7.238056E-04	8.430623E-06
5.771144E+03	7.405228E-04	8.595792E-06
5.781095E+03	7.589635E-04	8.779538E-06
5.791045E+03	7.788140E-04	8.978042E-06
5.800995E+03	7.996764E-04	9.186577E-06
5.810945E+03	8.210733E-04	9.399570E-06
5.820896E+03	8.424582E-04	9.610746E-06
5.830846E+03	8.632313E-04	9.813311E-06
5.840796E+03	8.827676E-04	1.000030E-05
5.850746E+03	9.004443E-04	1.016486E-05
5.860697E+03	9.156759E-04	1.030069E-05
5.870647E+03	9.279511E-04	1.040238E-05
5.880597E+03	9.368607E-04	1.046579E-05
5.890547E+03	9.421454E-04	1.048848E-05
5.900498E+03	9.436394E-04	1.046909E-05
5.910448E+03	9.413980E-04	1.040875E-05
5.920398E+03	9.355723E-04	1.030960E-05
5.930348E+03	9.264605E-04	1.017539E-05
5.940299E+03	9.144674E-04	1.001096E-05
5.950249E+03	9.000753E-04	9.821956E-06
5.960199E+03	8.838289E-04	9.614588E-06
5.970149E+03	8.662409E-04	9.394654E-06
5.980100E+03	8.478798E-04	9.168469E-06
5.990050E+03	8.292352E-04	8.941414E-06
6.000000E+03	8.107660E-04	8.718475E-06
6.009950E+03	7.928919E-04	8.504154E-06
6.019900E+03	7.759289E-04	8.301801E-06
6.029851E+03	7.601912E-04	8.114709E-06
6.039801E+03	7.458936E-04	7.945091E-06
6.049751E+03	7.332144E-04	7.794761E-06
6.059701E+03	7.222870E-04	7.665054E-06
6.069652E+03	7.132203E-04	7.557053E-06
6.079602E+03	7.060506E-04	7.471083E-06
6.089552E+03	7.008425E-04	7.407789E-06
6.099502E+03	6.975978E-04	7.367182E-06
6.109453E+03	6.963152E-04	7.349258E-06
6.119403E+03	6.969892E-04	7.354008E-06
6.129353E+03	6.995628E-04	7.380909E-06
6.139303E+03	7.040158E-04	7.429860E-06
6.149254E+03	7.102751E-04	7.500237E-06
6.159204E+03	7.182650E-04	7.591426E-06
6.169154E+03	7.278924E-04	7.702657E-06
6.179104E+03	7.390548E-04	7.833096E-06
6.189055E+03	7.515879E-04	7.981273E-06
6.199005E+03	7.652929E-04	8.145280E-06
6.208955E+03	7.799121E-04	8.322486E-06
6.218905E+03	7.951447E-04	8.509781E-06
6.228856E+03	8.106764E-04	8.703869E-06
6.238806E+03	8.261230E-04	8.900654E-06
6.248756E+03	8.410905E-04	9.095865E-06
6.258706E+03	8.552079E-04	9.285396E-06
6.268657E+03	8.680892E-04	9.464896E-06
6.278607E+03	8.794735E-04	9.631284E-06
6.288557E+03	8.891402E-04	9.781843E-06
6.298507E+03	8.969316E-04	9.914476E-06
6.308458E+03	9.027890E-04	1.002813E-05
6.318408E+03	9.067329E-04	1.012260E-05
6.328358E+03	9.088676E-04	1.019859E-05
6.338308E+03	9.093365E-04	1.025728E-05
6.348259E+03	9.083030E-04	1.030007E-05
6.358209E+03	9.059704E-04	1.032887E-05
6.368159E+03	9.025682E-04	1.034591E-05
6.378109E+03	8.982823E-04	1.035299E-05
6.388060E+03	8.933176E-04	1.035218E-05
6.398010E+03	8.878367E-04	1.034510E-05
6.407960E+03	8.819551E-04	1.033287E-05
6.417910E+03	8.758114E-04	1.031694E-05
6.427861E+03	8.694292E-04	1.029739E-05
6.437811E+03	8.629109E-04	1.027531E-05
6.447761E+03	8.562529E-04	1.025050E-05
6.457711E+03	8.494885E-04	1.022325E-05
6.467662E+03	8.426226E-04	1.019350E-05
6.477612E+03	8.356553E-04	1.016116E-05
6.487562E+03	8.285838E-04	1.012609E-05
6.497512E+03	8.214026E-04	1.008813E-05
6.507463E+03	8.141059E-04	1.004713E-05
6.517413E+03	8.066855E-04	1.000290E-05
6.527363E+03	7.991284E-04	9.955216E-06
6.537313E+03	7.914160E-04	9.903770E-06
6.547264E+03	7.835373E-04	9.848362E-06
6.557214E+03	7.754238E-04	9.788064E-06
6.567164E+03	7.670590E-04	9.722606E-06
6.577114E+03	7.583873E-04	9.651218E-06
6.587065E+03	7.493128E-04	9.572616E-06
6.597015E+03	7.397989E-04	9.486266E-06
6.606965E+03	7.297789E-04	9.391247E-06
6.616915E+03	7.191776E-04	9.286528E-06
6.626866E+03	7.079632E-04	9.171635E-06
6.636816E+03	6.960939E-04	9.045973E-06
6.646766E+03	6.835668E-04	8.909459E-06
6.656716E+03	6.704365E-04	8.762770E-06
6.666667E+03	6.567332E-04	8.606286E-06
6.676617E+03	6.425603E-04	8.441363E-06
6.686567E+03	6.280264E-04	8.269450E-06
6.696517E+03	6.133057E-04	8.092885E-06
6.706468E+03	5.985436E-04	7.913649E-06
6.716418E+03	5.839402E-04	7.734468E-06
6.726368E+03	5.696936E-04	7.558065E-06
6.736318E+03	5.559924E-04	7.387049E-06
6.746269E+03	5.430587E-04	7.224491E-06
6.756219E+03	5.310725E-04	7.072905E-06
6.766169E+03	5.202042E-04	6.934680E-06
6.776119E+03	5.106441E-04	6.812466E-06
6.786070E+03	5.025358E-04	6.708283E-06
6.796020E+03	4.960201E-04	6.624100E-06
6.805970E+03	4.912151E-04	6.561565E-06
6.815920E+03	4.882570E-04	6.522549E-06
6.825871E+03	4.872413E-04	6.508359E-06
6.835821E+03	4.882629E-04	6.520264E-06
6.845771E+03	4.914166E-04	6.559506E-06
6.855721E+03	4.967566E-04	6.626758E-06
6.865672E+03	5.043545E-04	6.722892E-06
6.875622E+03	5.142642E-04	6.848520E-06
6.885572E+03	5.264984E-04	7.003668E-06
6.895522E+03	5.410400E-04	7.187940E-06
6.905473E+03	5.578695E-04	7.400886E-06
6.915423E+03	5.768873E-04	7.640968E-06
6.925373E+03	5.979536E-04	7.906104E-06
6.935323E+03	6.208772E-04	8.193524E-06
6.945274E+03	6.453606E-04	8.499062E-06
6.955224E+03	6.710745E-04	8.818156E-06
6.965174E+03	6.976233E-04	9.145404E-06
6.975124E+03	7.245077E-04	9.474096E-06
6.985075E+03	7.512444E-04	9.797801E-06
6.995025E+03	7.772819E-04	1.010928E-05
7.004975E+03	8.020729E-04	1.040143E-05
7.014925E+03	8.251590E-04	1.066844E-05
7.024876E+03	8.460801E-04	1.090453E-05
7.034826E+03	8.645277E-04	1.110599E-05
7.044776E+03	8.802934E-04	1.127049E-05
7.054726E+03	8.933021E-04	1.139744E-05
7.064677E+03	9.036127E-04	1.148802E-05
7.074627E+03	9.114092E-04	1.154500E-05
7.084577E+03	9.169629E-04	1.157224E-05
7.094527E+03	9.206659E-04	1.157509E-05
7.104478E+03	9.229409E-04	1.155923E-05
7.114428E+03	9.242096E-04	1.153026E-05
7.124378E+03	9.249223E-04	1.149405E-05
7.134328E+03	9.254684E-04	1.145564E-05
7.144279E+03	9.261559E-04	1.141902E-05
7.154229E+03	9.272327E-04	1.138736E-05
7.164179E+03	9.288744E-04	1.136293E-05
7.174129E+03	9.311184E-04	1.134626E-05
7.184080E+03	9.339417E-04	1.133719E-05
7.194030E+03	9.371834E-04	1.133388E-05
7.203980E+03	9.406141E-04	1.133372E-05
7.213930E+03	9.439301E-04	1.133325E-05
7.223881E+03	9.467695E-04	1.132838E-05
7.233831E+03	9.487586E-04	1.131496E-05
7.243781E+03	9.494727E-04	1.128826E-05
7.253731E+03	9.485057E-04	1.124386E-05
7.263682E+03	9.455644E-04	1.117868E-05
7.273632E+03	9.403429E-04	1.108954E-05
7.283582E+03	9.327133E-04	1.097532E-05
7.293532E+03	9.225725E-04	1.083517E-05
7.303483E+03	9.099905E-04	1.067023E-05
7.313433E+03	8.951256E-04	1.048258E-05
7.323383E+03	8.782124E-04	1.027514E-05
7.333333E+03	8.596018E-04	1.005210E-05
7.343284E+03	8.396791E-04	9.817969E-06
7.353234E+03	8.188580E-04	9.577532E-06
7.363184E+03	7.975400E-04	9.335373E-06
7.373134E+03	7.761459E-04	9.096279E-06
7.383085E+03	7.550292E-04	8.864231E-06
7.393035E+03	7.345153E-04	8.642891E-06
7.402985E+03	7.148948E-04	8.435534E-06
7.412935E+03	6.963843E-04	8.244605E-06
7.422886E+03	6.791171E-04	8.071603E-06
7.432836E+03	6.632522E-04	7.918391E-06
7.442786E+03	6.488095E-04	7.785225E-06
7.452736E+03	6.358434E-04	7.672816E-06
7.462687E+03	6.243269E-04	7.580837E-06
7.472637E+03	6.142157E-04	7.508754E-06
7.482587E+03	6.054545E-04	7.455933E-06
7.492537E+03	5.979358E-04	7.421134E-06
7.502488E+03	5.915515E-04	7.403116E-06
7.512438E+03	5.861819E-04	7.400499E-06
7.522388E+03	5.817037E-04	7.411839E-06
7.532338E+03	5.780114E-04	7.435904E-06
7.542289E+03	5.749721E-04	7.471085E-06
7.552239E+03	5.725232E-04	7.516651E-06
7.562189E+03	5.705766E-04	7.571523E-06
7.572139E+03	5.690636E-04	7.634850E-06
7.582090E+03	5.679068E-04	7.705639E-06
7.592040E+03	5.670207E-04	7.782752E-06
7.601990E+03	5.663108E-04	7.864885E-06
7.611940E+03	5.656847E-04	7.950705E-06
7.621891E+03	5.650612E-04	8.038987E-06
7.631841E+03	5.643731E-04	8.128651E-06
7.641791E+03	5.635642E-04	8.218733E-06
7.651741E+03	5.625808E-04	8.308264E-06
7.661692E+03	5.613676E-04	8.396211E-06
7.671642E+03	5.598608E-04	8.481365E-06
7.681592E+03	5.579916E-04	8.562397E-06
7.691542E+03	5.556845E-04	8.637806E-06
7.701493E+03	5.528484E-04	8.705787E-06
7.711443E+03	5.494356E-04	8.765147E-06
7.721393E+03	5.453548E-04	8.813939E-06
7.731343E+03	5.405809E-04	8.851221E-06
7.741294E+03	5.350568E-04	8.875492E-06
7.751244E+03	5.287856E-04	8.886204E-06
7.761194E+03	5.217827E-04	8.883020E-06
7.771144E+03	5.140871E-04	8.866015E-06
7.781095E+03	5.057616E-04	8.835709E-06
7.791045E+03	4.968748E-04	8.792783E-06
7.800995E+03	4.875460E-04	8.738882E-06
7.810945E+03	4.778581E-04	8.675103E-06
7.820896E+03	4.679323E-04	8.603325E-06
7.830846E+03	4.578786E-04	8.525333E-06
7.840796E+03	4.477898E-04	8.442695E-06
7.850746E+03	4.377747E-04	8.357371E-06
7.860697E+03	4.279174E-04	8.270960E-06
7.870647E+03	4.182906E-04	8.184920E-06
7.880597E+03	4.089534E-04	8.100516E-06
7.890547E+03	3.999418E-04	8.018613E-06
7.900498E+03	3.912991E-04	7.940263E-06
7.910448E+03	3.830468E-04	7.866123E-06
7.920398E+03	3.751875E-04	7.796480E-06
7.930348E+03	3.677426E-04	7.732026E-06
7.940299E+03	3.606902E-04	7.672558E-06
7.950249E+03	3.540213E-04	7.618131E-06
7.960199E+03	3.477398E-04	7.569082E-06
7.970149E+03	3.418122E-04	7.524928E-06
7.980100E+03	3.362208E-04	7.485507E-06
7.990050E+03	3.309633E-04	7.450993E-06
8.000000E+03	3.260046E-04	7.420812E-06
8.009950E+03	3.213350E-04	7.394942E-06
8.019900E+03	3.169381E-04	7.373195E-06
8.029851E+03	3.127916E-04	7.355238E-06
8.039801E+03	3.088992E-04	7.341328E-06
8.049751E+03	3.052363E-04	7.331045E-06
8.059701E+03	3.017965E-04	7.324400E-06
8.069652E+03	2.985919E-04	7.321838E-06
8.079602E+03	2.956071E-04	7.323144E-06
8.089552E+03	2.928522E-04	7.328728E-06
8.099502E+03	2.903328E-04	7.338893E-06
8.109453E+03	2.880500E-04	7.353832E-06
8.119403E+03	2.860220E-04	7.374190E-06
8.129353E+03	2.842697E-04	7.400692E-06
8.139303E+03	2.827947E-04	7.433580E-06
8.149254E+03	2.816157E-04	7.473552E-06
8.159204E+03	2.807685E-04	7.521783E-06
8.169154E+03	2.802624E-04	7.578771E-06
8.179104E+03	2.801388E-04	7.645892E-06
8.189055E+03	2.804123E-04	7.723835E-06
8.199005E+03	2.811225E-04	7.813991E-06
8.208955E+03	2.823044E-04	7.917661E-06
8.218905E+03	2.839959E-04	8.036268E-06
8.228856E+03	2.862301E-04	8.171133E-06
8.238806E+03	2.890657E-04	8.324345E-06
8.248756E+03	2.925338E-04	8.497251E-06
8.258706E+03	2.966991E-04	8.692210E-06
8.268657E+03	3.015980E-04	8.910805E-06
8.278607E+03	3.073008E-04	9.155675E-06
8.288557E+03	3.138483E-04	9.428627E-06
8.298507E+03	3.213077E-04	9.732316E-06
8.308458E+03	3.297490E-04	1.006954E-05
8.318408E+03	3.392163E-04	1.044237E-05
8.328358E+03	3.497809E-04	1.085376E-05
8.338308E+03	3.615042E-04	1.130641E-05
8.348259E+03	3.744454E-04	1.180304E-05
8.358209E+03	3.886599E-04	1.234627E-05
8.368159E+03	4.042085E-04	1.293895E-05
8.378109E+03	4.211100E-04	1.358264E-05
8.388060E+03	4.394056E-04	1.427963E-05
8.398010E+03	4.591108E-04	1.503142E-05
8.407960E+03	4.802259E-04	1.583901E-05
8.417910E+03	5.027452E-04	1.670317E-05
8.427861E+03	5.265989E-04	1.762256E-05
8.437811E+03	5.517353E-04	1.859634E-05
8.447761E+03	5.780807E-04	1.962289E-05
8.457711E+03	6.054854E-04	2.069790E-05
8.467662E+03	6.338237E-04	2.181775E-05
8.477612E+03	6.629484E-04	2.297795E-05
8.487562E+03	6.926318E-04	2.417104E-05
8.497512E+03	7.227031E-04	2.539137E-05
8.507463E+03	7.528921E-04	2.662957E-05
8.517413E+03	7.829975E-04	2.787852E-05
8.527363E+03	8.127401E-04	2.912806E-05
8.537313E+03	8.418246E-04	3.036723E-05
8.547264E+03	8.700237E-04	3.158725E-05
8.557214E+03	8.970301E-04	3.277620E-05
8.567164E+03	9.225595E-04	3.392273E-05
8.577114E+03	9.463294E-04	3.501531E-05
8.587065E+03	9.680654E-04	3.604245E-05
8.597015E+03	9.875379E-04	3.699408E-05
8.606965E+03	1.004447E-03	3.785730E-05
8.616915E+03	1.018644E-03	3.862465E-05
8.626866E+03	1.029923E-03	3.928641E-05
8.636816E+03	1.038119E-03	3.983423E-05
8.646766E+03	1.043215E-03	4.026530E-05
8.656716E+03	1.045181E-03	4.057638E-05
8.666667E+03	1.043975E-03	4.076369E-05
8.676617E+03	1.039743E-03	4.083081E-05
8.686567E+03	1.032582E-03	4.077957E-05
8.696517E+03	1.022669E-03	4.061510E-05
8.706468E+03	1.010225E-03	4.034432E-05
8.716418E+03	9.955342E-04	3.997703E-05
8.726368E+03	9.788391E-04	3.952158E-05
8.736318E+03	9.604319E-04	3.898854E-05
8.746269E+03	9.406428E-04	3.839029E-05
8.756219E+03	9.197363E-04	3.773684E-05
8.766169E+03	8.980011E-04	3.703941E-05
8.776119E+03	8.757416E-04	3.631013E-05
8.786070E+03	8.532107E-04	3.555926E-05
8.796020E+03	8.305802E-04	3.479386E-05
8.805970E+03	8.081433E-04	3.402628E-05
8.815920E+03	7.860214E-04	3.326183E-05
8.825871E+03	7.643679E-04	3.250728E-05
8.835821E+03	7.433369E-04	3.176957E-05
8.845771E+03	7.230301E-04	3.105350E-05
8.855721E+03	7.035007E-04	3.036189E-05
8.865672E+03	6.848328E-04	2.969890E-05
8.875622E+03	6.670663E-04	2.906687E-05
8.885572E+03	6.502241E-04	2.846740E-05
8.895522E+03	6.342931E-04	2.790053E-05
8.905473E+03	6.193190E-04	2.736888E-05
8.915423E+03	6.052440E-04	2.687051E-05
8.925373E+03	5.920724E-04	2.640619E-05
8.935323E+03	5.797804E-04	2.597545E-05
8.945274E+03	5.683390E-04	2.557752E-05
8.955224E+03	5.577158E-04	2.521152E-05
8.995025E+03	5.227469E-04	2.404664E-05
9.034826E+03	4.980444E-04	2.329996E-05
9.074627E+03	4.813391E-04	2.288864E-05
9.114428E+03	4.704894E-04	2.272835E-05
9.154229E+03	4.634830E-04	2.273410E-05
9.194030E+03	4.585384E-04	2.282609E-05
9.233831E+03	4.539598E-04	2.292339E-05
9.273632E+03	4.484770E-04	2.296199E-05
9.313433E+03	4.412684E-04	2.289759E-05
9.353234E+03	4.321218E-04	2.271577E-05
9.393035E+03	4.214532E-04	2.243514E-05
9.432836E+03	4.099991E-04	2.209280E-05
9.472637E+03	3.985151E-04	2.172888E-05
9.512438E+03	3.877458E-04	2.138489E-05
9.552239E+03	3.782440E-04	2.109344E-05
9.592040E+03	3.703210E-04	2.087481E-05
9.631841E+03	3.640565E-04	2.073674E-05
9.671642E+03	3.591974E-04	2.066787E-05
9.711443E+03	3.554222E-04	2.065221E-05
9.751244E+03	3.522207E-04	2.066183E-05
9.791045E+03	3.492191E-04	2.067575E-05
9.830846E+03	3.459575E-04	2.066695E-05
9.870647E+03	3.421331E-04	2.061694E-05
9.910448E+03	3.374583E-04	2.050755E-05
9.950249E+03	3.317694E-04	2.032765E-05
9.990050E+03	3.249229E-04	2.006709E-05
1.002985E+04	3.170118E-04	1.973024E-05
1.006965E+04	3.080952E-04	1.931956E-05
1.010945E+04	2.983200E-04	1.884325E-05
1.014925E+04	2.878930E-04	1.831363E-05
1.018905E+04	2.769980E-04	1.774196E-05
1.022886E+04	2.658346E-04	1.714086E-05
1.026866E+04	2.545546E-04	1.652019E-05
