#wls	flux	fluxerr
1.600000E+03	4.876600E-18	3.801607E-18
1.640000E+03	4.884085E-18	3.806842E-18
1.680000E+03	4.891842E-18	3.812228E-18
1.720000E+03	4.900788E-18	3.818475E-18
1.760000E+03	4.909216E-18	3.824245E-18
1.800000E+03	4.918058E-18	3.830258E-18
1.840000E+03	4.927378E-18	3.836556E-18
1.880000E+03	4.938135E-18	3.843877E-18
1.920000E+03	4.948645E-18	3.850901E-18
1.960000E+03	4.960776E-18	3.859072E-18
2.000000E+03	4.973754E-18	3.867775E-18
2.040000E+03	4.986811E-18	3.876404E-18
2.080000E+03	5.001870E-18	3.886439E-18
2.120000E+03	5.018199E-18	3.897296E-18
2.160000E+03	5.035976E-18	3.909097E-18
2.200000E+03	5.055397E-18	3.921979E-18
2.240000E+03	5.076684E-18	3.936094E-18
2.280000E+03	5.100081E-18	3.951610E-18
2.320000E+03	5.125860E-18	3.968714E-18
2.360000E+03	5.155237E-18	3.988322E-18
2.400000E+03	5.186715E-18	4.009246E-18
2.440000E+03	5.222498E-18	4.033159E-18
2.480000E+03	5.261139E-18	4.058904E-18
2.520000E+03	5.304943E-18	4.088220E-18
2.560000E+03	5.352520E-18	4.119987E-18
2.600000E+03	5.406294E-18	4.156018E-18
2.640000E+03	5.465913E-18	4.195975E-18
2.680000E+03	5.532019E-18	4.240279E-18
2.720000E+03	5.605322E-18	4.289388E-18
2.760000E+03	5.686597E-18	4.343794E-18
2.800000E+03	5.776700E-18	4.404030E-18
2.840000E+03	5.876572E-18	4.470673E-18
2.880000E+03	5.987248E-18	4.544343E-18
2.920000E+03	6.109873E-18	4.625704E-18
2.960000E+03	6.246811E-18	4.716305E-18
3.000000E+03	6.397288E-18	4.815269E-18
3.010000E+03	6.437369E-18	4.841539E-18
3.020000E+03	6.478486E-18	4.868446E-18
3.030000E+03	6.521812E-18	4.896867E-18
3.040000E+03	6.565088E-18	4.925097E-18
3.050000E+03	6.609482E-18	4.954006E-18
3.060000E+03	6.655023E-18	4.983609E-18
3.070000E+03	6.701739E-18	5.013920E-18
3.080000E+03	6.749663E-18	5.044954E-18
3.090000E+03	6.798824E-18	5.076726E-18
3.100000E+03	6.849255E-18	5.109250E-18
3.110000E+03	6.902202E-18	5.143446E-18
3.120000E+03	6.955282E-18	5.177528E-18
3.130000E+03	7.009735E-18	5.212409E-18
3.140000E+03	7.065596E-18	5.248106E-18
3.150000E+03	7.122901E-18	5.284634E-18
3.160000E+03	7.181690E-18	5.322010E-18
3.170000E+03	7.242001E-18	5.360250E-18
3.180000E+03	7.305155E-18	5.400318E-18
3.190000E+03	7.368642E-18	5.440344E-18
3.200000E+03	7.433775E-18	5.481285E-18
3.210000E+03	7.500599E-18	5.523158E-18
3.220000E+03	7.569157E-18	5.565980E-18
3.230000E+03	7.639497E-18	5.609770E-18
3.240000E+03	7.713016E-18	5.655534E-18
3.250000E+03	7.787075E-18	5.701317E-18
3.260000E+03	7.863063E-18	5.748120E-18
3.270000E+03	7.941031E-18	5.795961E-18
3.280000E+03	8.021034E-18	5.844858E-18
3.290000E+03	8.103125E-18	5.894828E-18
3.300000E+03	8.188794E-18	5.946929E-18
3.310000E+03	8.275249E-18	5.999108E-18
3.320000E+03	8.363968E-18	6.052414E-18
3.330000E+03	8.455012E-18	6.106865E-18
3.340000E+03	8.548446E-18	6.162478E-18
3.350000E+03	8.645845E-18	6.220356E-18
3.360000E+03	8.744271E-18	6.278355E-18
3.370000E+03	8.845288E-18	6.337566E-18
3.380000E+03	8.948967E-18	6.398008E-18
3.390000E+03	9.055382E-18	6.459695E-18
3.400000E+03	9.166206E-18	6.523783E-18
3.410000E+03	9.278338E-18	6.588020E-18
3.420000E+03	9.393437E-18	6.653549E-18
3.430000E+03	9.511585E-18	6.720383E-18
3.440000E+03	9.632867E-18	6.788535E-18
3.450000E+03	9.759070E-18	6.859215E-18
3.460000E+03	9.886902E-18	6.930053E-18
3.470000E+03	1.001813E-17	7.002244E-18
3.480000E+03	1.015286E-17	7.075797E-18
3.490000E+03	1.029297E-17	7.151966E-18
3.500000E+03	1.043500E-17	7.228280E-18
3.510000E+03	1.058081E-17	7.305975E-18
3.520000E+03	1.073053E-17	7.385056E-18
3.530000E+03	1.088424E-17	7.465524E-18
3.540000E+03	1.104398E-17	7.548692E-18
3.550000E+03	1.120605E-17	7.631946E-18
3.560000E+03	1.137246E-17	7.716578E-18
3.570000E+03	1.154332E-17	7.802583E-18
3.580000E+03	1.172079E-17	7.891321E-18
3.590000E+03	1.190096E-17	7.980051E-18
3.600000E+03	1.208594E-17	8.070113E-18
3.610000E+03	1.227587E-17	8.161487E-18
3.620000E+03	1.247089E-17	8.254150E-18
3.630000E+03	1.267332E-17	8.349524E-18
3.640000E+03	1.287894E-17	8.444692E-18
3.650000E+03	1.309004E-17	8.541052E-18
3.660000E+03	1.330678E-17	8.638562E-18
3.670000E+03	1.353164E-17	8.738692E-18
3.680000E+03	1.376011E-17	8.838373E-18
3.690000E+03	1.399465E-17	8.939045E-18
3.700000E+03	1.423540E-17	9.040644E-18
3.710000E+03	1.448504E-17	9.144681E-18
3.720000E+03	1.473873E-17	9.247925E-18
3.730000E+03	1.499910E-17	9.351854E-18
3.740000E+03	1.526631E-17	9.456375E-18
3.750000E+03	1.554051E-17	9.561381E-18
3.760000E+03	1.582460E-17	9.668434E-18
3.770000E+03	1.611331E-17	9.774079E-18
3.780000E+03	1.640949E-17	9.879837E-18
3.790000E+03	1.671329E-17	9.985565E-18
3.800000E+03	1.702783E-17	1.009285E-17
3.810000E+03	1.734743E-17	1.019805E-17
3.820000E+03	1.767512E-17	1.030272E-17
3.830000E+03	1.801107E-17	1.040665E-17
3.840000E+03	1.835542E-17	1.050963E-17
3.850000E+03	1.871157E-17	1.061329E-17
3.860000E+03	1.907324E-17	1.071373E-17
3.870000E+03	1.944376E-17	1.081251E-17
3.880000E+03	1.982325E-17	1.090937E-17
3.890000E+03	2.021535E-17	1.100591E-17
3.900000E+03	2.061325E-17	1.109805E-17
3.910000E+03	2.102050E-17	1.118734E-17
3.920000E+03	2.143721E-17	1.127346E-17
3.930000E+03	2.186348E-17	1.135603E-17
3.940000E+03	2.230324E-17	1.143665E-17
3.950000E+03	2.274895E-17	1.151100E-17
3.960000E+03	2.320445E-17	1.158061E-17
3.970000E+03	2.366978E-17	1.164504E-17
3.980000E+03	2.414499E-17	1.170385E-17
3.990000E+03	2.463434E-17	1.175857E-17
4.000000E+03	2.512942E-17	1.180468E-17
4.010000E+03	2.563437E-17	1.184366E-17
4.020000E+03	2.614917E-17	1.187499E-17
4.030000E+03	2.667374E-17	1.189812E-17
4.040000E+03	2.721270E-17	1.191453E-17
4.050000E+03	2.775665E-17	1.191955E-17
4.060000E+03	2.831006E-17	1.191463E-17
4.070000E+03	2.887275E-17	1.189917E-17
4.080000E+03	2.944453E-17	1.187255E-17
4.090000E+03	3.003035E-17	1.183621E-17
4.100000E+03	3.061971E-17	1.178544E-17
4.110000E+03	3.121739E-17	1.172169E-17
4.120000E+03	3.182305E-17	1.164435E-17
4.130000E+03	3.243633E-17	1.155284E-17
4.140000E+03	3.305682E-17	1.144661E-17
4.150000E+03	3.368986E-17	1.132709E-17
4.160000E+03	3.432349E-17	1.118987E-17
4.170000E+03	3.496287E-17	1.103652E-17
4.180000E+03	3.560742E-17	1.086669E-17
4.190000E+03	3.625653E-17	1.068013E-17
4.200000E+03	3.690953E-17	1.047670E-17
4.210000E+03	3.756573E-17	1.025643E-17
4.220000E+03	3.823093E-17	1.002121E-17
4.230000E+03	3.889136E-17	9.767974E-18
4.240000E+03	3.955263E-17	9.499164E-18
4.250000E+03	4.021388E-17	9.215794E-18
4.260000E+03	4.087423E-17	8.919298E-18
4.270000E+03	4.153275E-17	8.611621E-18
4.280000E+03	4.218849E-17	8.295349E-18
4.290000E+03	4.284784E-17	7.975223E-18
4.300000E+03	4.349523E-17	7.652793E-18
4.310000E+03	4.413692E-17	7.334990E-18
4.320000E+03	4.477193E-17	7.028703E-18
4.330000E+03	4.539929E-17	6.742373E-18
4.340000E+03	4.601805E-17	6.486063E-18
4.350000E+03	4.662730E-17	6.271312E-18
4.360000E+03	4.722616E-17	6.110608E-18
4.370000E+03	4.781383E-17	6.016395E-18
4.380000E+03	4.838957E-17	5.999629E-18
4.390000E+03	4.896108E-17	6.069177E-18
4.400000E+03	4.951114E-17	6.225357E-18
4.410000E+03	5.004754E-17	6.465937E-18
4.420000E+03	5.056991E-17	6.783959E-18
4.430000E+03	5.107796E-17	7.170206E-18
4.440000E+03	5.157150E-17	7.614582E-18
4.450000E+03	5.205042E-17	8.107154E-18
4.460000E+03	5.251472E-17	8.638775E-18
4.470000E+03	5.296443E-17	9.201360E-18
4.480000E+03	5.339971E-17	9.787938E-18
4.490000E+03	5.382074E-17	1.039258E-17
4.500000E+03	5.422779E-17	1.101028E-17
4.510000E+03	5.462118E-17	1.163682E-17
4.520000E+03	5.500127E-17	1.226863E-17
4.530000E+03	5.536848E-17	1.290268E-17
4.540000E+03	5.572327E-17	1.353643E-17
4.550000E+03	5.606611E-17	1.416768E-17
4.560000E+03	5.639753E-17	1.479457E-17
4.570000E+03	5.671807E-17	1.541550E-17
4.580000E+03	5.702830E-17	1.602910E-17
4.590000E+03	5.732880E-17	1.663418E-17
4.600000E+03	5.762016E-17	1.722974E-17
4.610000E+03	5.790299E-17	1.781490E-17
4.620000E+03	5.817792E-17	1.838892E-17
4.630000E+03	5.844556E-17	1.895116E-17
4.640000E+03	5.870653E-17	1.950108E-17
4.650000E+03	5.896146E-17	2.003822E-17
4.660000E+03	5.921097E-17	2.056220E-17
4.670000E+03	5.945568E-17	2.107269E-17
4.680000E+03	5.969620E-17	2.156944E-17
4.690000E+03	5.993313E-17	2.205223E-17
4.700000E+03	6.016708E-17	2.252089E-17
4.710000E+03	6.039861E-17	2.297529E-17
4.720000E+03	6.062832E-17	2.341533E-17
4.730000E+03	6.084642E-17	2.383687E-17
4.740000E+03	6.107411E-17	2.424792E-17
4.750000E+03	6.130162E-17	2.464446E-17
4.760000E+03	6.152948E-17	2.502648E-17
4.770000E+03	6.175818E-17	2.539396E-17
4.780000E+03	6.198821E-17	2.574692E-17
4.790000E+03	6.222005E-17	2.608537E-17
4.800000E+03	6.245416E-17	2.640931E-17
4.810000E+03	6.269098E-17	2.671877E-17
4.820000E+03	6.292023E-17	2.700917E-17
4.830000E+03	6.316366E-17	2.728965E-17
4.840000E+03	6.341099E-17	2.755566E-17
4.850000E+03	6.366261E-17	2.780719E-17
4.860000E+03	6.391885E-17	2.804424E-17
4.870000E+03	6.418003E-17	2.826676E-17
4.880000E+03	6.443554E-17	2.846988E-17
4.890000E+03	6.470748E-17	2.866317E-17
4.900000E+03	6.498523E-17	2.884175E-17
4.910000E+03	6.526903E-17	2.900554E-17
4.920000E+03	6.555910E-17	2.915442E-17
4.930000E+03	6.584448E-17	2.928328E-17
4.940000E+03	6.614763E-17	2.940189E-17
4.950000E+03	6.645760E-17	2.950513E-17
4.960000E+03	6.677451E-17	2.959280E-17
4.970000E+03	6.709848E-17	2.966468E-17
4.980000E+03	6.741817E-17	2.971548E-17
4.990000E+03	6.775644E-17	2.975502E-17
5.000000E+03	6.810194E-17	2.977796E-17
5.010000E+03	6.845470E-17	2.978400E-17
5.020000E+03	6.880304E-17	2.976776E-17
5.030000E+03	6.917017E-17	2.973897E-17
5.040000E+03	6.954442E-17	2.969219E-17
5.050000E+03	6.992570E-17	2.962703E-17
5.060000E+03	7.030198E-17	2.953806E-17
5.070000E+03	7.069683E-17	2.943484E-17
5.080000E+03	7.109824E-17	2.931190E-17
5.090000E+03	7.149389E-17	2.916382E-17
5.100000E+03	7.190765E-17	2.899999E-17
5.110000E+03	7.232720E-17	2.881494E-17
5.120000E+03	7.273994E-17	2.860330E-17
5.130000E+03	7.317003E-17	2.837425E-17
5.140000E+03	7.360487E-17	2.812238E-17
5.150000E+03	7.403151E-17	2.784243E-17
5.160000E+03	7.447447E-17	2.754331E-17
5.170000E+03	7.492079E-17	2.721973E-17
5.180000E+03	7.535722E-17	2.686660E-17
5.190000E+03	7.580859E-17	2.649255E-17
5.200000E+03	7.626164E-17	2.609247E-17
5.210000E+03	7.670275E-17	2.566155E-17
5.220000E+03	7.715712E-17	2.520809E-17
5.230000E+03	7.759804E-17	2.472309E-17
5.240000E+03	7.805091E-17	2.421463E-17
5.250000E+03	7.850191E-17	2.367817E-17
5.260000E+03	7.893693E-17	2.310957E-17
5.270000E+03	7.938171E-17	2.251660E-17
5.280000E+03	7.980866E-17	2.189153E-17
5.290000E+03	8.024379E-17	2.124197E-17
5.300000E+03	8.065917E-17	2.056087E-17
5.310000E+03	8.108106E-17	1.985572E-17
5.320000E+03	8.148124E-17	1.912035E-17
5.330000E+03	8.188623E-17	1.836224E-17
5.340000E+03	8.228143E-17	1.757927E-17
5.350000E+03	8.265197E-17	1.677024E-17
5.360000E+03	8.302480E-17	1.594308E-17
5.370000E+03	8.337112E-17	1.509506E-17
5.380000E+03	8.371817E-17	1.423506E-17
5.390000E+03	8.403700E-17	1.336285E-17
5.400000E+03	8.435520E-17	1.248928E-17
5.410000E+03	8.464371E-17	1.161811E-17
5.420000E+03	8.493048E-17	1.076422E-17
5.430000E+03	8.518642E-17	9.938118E-18
5.440000E+03	8.542544E-17	9.160720E-18
5.450000E+03	8.566170E-17	8.458109E-18
5.460000E+03	8.586616E-17	7.858264E-18
5.470000E+03	8.606766E-17	7.399975E-18
5.480000E+03	8.623720E-17	7.117190E-18
5.490000E+03	8.640392E-17	7.040953E-18
5.500000E+03	8.653868E-17	7.178229E-18
5.510000E+03	8.667015E-17	7.514510E-18
5.520000E+03	8.676864E-17	8.014584E-18
5.530000E+03	8.684833E-17	8.641836E-18
5.540000E+03	8.692352E-17	9.362397E-18
5.550000E+03	8.696471E-17	1.014358E-17
5.560000E+03	8.700106E-17	1.096530E-17
5.570000E+03	8.700325E-17	1.180606E-17
5.580000E+03	8.698601E-17	1.265393E-17
5.590000E+03	8.696416E-17	1.350081E-17
5.600000E+03	8.690865E-17	1.433433E-17
5.610000E+03	8.683449E-17	1.515045E-17
5.620000E+03	8.675670E-17	1.594706E-17
5.630000E+03	8.664650E-17	1.671511E-17
5.640000E+03	8.651904E-17	1.745414E-17
5.650000E+03	8.638944E-17	1.816482E-17
5.660000E+03	8.622916E-17	1.883921E-17
5.670000E+03	8.605339E-17	1.947874E-17
5.680000E+03	8.587723E-17	2.008557E-17
5.690000E+03	8.567238E-17	2.065209E-17
5.700000E+03	8.545396E-17	2.118084E-17
5.710000E+03	8.523699E-17	2.167492E-17
5.720000E+03	8.499335E-17	2.212672E-17
5.730000E+03	8.473806E-17	2.253954E-17
5.740000E+03	8.447175E-17	2.291323E-17
5.750000E+03	8.420918E-17	2.325166E-17
5.760000E+03	8.392252E-17	2.354709E-17
5.770000E+03	8.362656E-17	2.380349E-17
5.780000E+03	8.332181E-17	2.402102E-17
5.790000E+03	8.302275E-17	2.420400E-17
5.800000E+03	8.270185E-17	2.434457E-17
5.810000E+03	8.237358E-17	2.444710E-17
5.820000E+03	8.203834E-17	2.451195E-17
5.830000E+03	8.171026E-17	2.454364E-17
5.840000E+03	8.136214E-17	2.453432E-17
5.850000E+03	8.100810E-17	2.448856E-17
5.860000E+03	8.064842E-17	2.440683E-17
5.870000E+03	8.028335E-17	2.428961E-17
5.880000E+03	7.992658E-17	2.414146E-17
5.890000E+03	7.955133E-17	2.395476E-17
5.900000E+03	7.917128E-17	2.373413E-17
5.910000E+03	7.878657E-17	2.348012E-17
5.920000E+03	7.839731E-17	2.319330E-17
5.930000E+03	7.800358E-17	2.287426E-17
5.940000E+03	7.761851E-17	2.252739E-17
5.950000E+03	7.721594E-17	2.214568E-17
5.960000E+03	7.680903E-17	2.173361E-17
5.970000E+03	7.639776E-17	2.129187E-17
5.980000E+03	7.598213E-17	2.082115E-17
5.990000E+03	7.556210E-17	2.032218E-17
6.000000E+03	7.513761E-17	1.979573E-17
6.010000E+03	7.472119E-17	1.924584E-17
6.020000E+03	7.428756E-17	1.866682E-17
6.030000E+03	7.384930E-17	1.806290E-17
6.040000E+03	7.340634E-17	1.743507E-17
6.050000E+03	7.295860E-17	1.678441E-17
6.060000E+03	7.250605E-17	1.611208E-17
6.070000E+03	7.204861E-17	1.541938E-17
6.080000E+03	7.158626E-17	1.470776E-17
6.090000E+03	7.111899E-17	1.397884E-17
6.100000E+03	7.064679E-17	1.323448E-17
6.110000E+03	7.016971E-17	1.247686E-17
6.120000E+03	6.968781E-17	1.170855E-17
6.130000E+03	6.920119E-17	1.093266E-17
6.140000E+03	6.870999E-17	1.015300E-17
6.150000E+03	6.822589E-17	9.375978E-18
6.160000E+03	6.772609E-17	8.604531E-18
6.170000E+03	6.722244E-17	7.848574E-18
6.180000E+03	6.671527E-17	7.119151E-18
6.190000E+03	6.620500E-17	6.431310E-18
6.200000E+03	6.569204E-17	5.805556E-18
6.210000E+03	6.517690E-17	5.269104E-18
6.220000E+03	6.466007E-17	4.855579E-18
6.230000E+03	6.414210E-17	4.600545E-18
6.240000E+03	6.362352E-17	4.531047E-18
6.250000E+03	6.310465E-17	4.650724E-18
6.260000E+03	6.258545E-17	4.935567E-18
6.270000E+03	6.205543E-17	5.347470E-18
6.280000E+03	6.153553E-17	5.850509E-18
6.290000E+03	6.101526E-17	6.412593E-18
6.300000E+03	6.049469E-17	7.010229E-18
6.310000E+03	5.997394E-17	7.626562E-18
6.320000E+03	5.945319E-17	8.249711E-18
6.330000E+03	5.893266E-17	8.871325E-18
6.340000E+03	5.841262E-17	9.485514E-18
6.350000E+03	5.789338E-17	1.008811E-17
6.360000E+03	5.737529E-17	1.067617E-17
6.370000E+03	5.685872E-17	1.124760E-17
6.380000E+03	5.634406E-17	1.180096E-17
6.390000E+03	5.583173E-17	1.233526E-17
6.400000E+03	5.532213E-17	1.284989E-17
6.410000E+03	5.481571E-17	1.334449E-17
6.420000E+03	5.430375E-17	1.381658E-17
6.430000E+03	5.380504E-17	1.427074E-17
6.440000E+03	5.331078E-17	1.470487E-17
6.450000E+03	5.282137E-17	1.511922E-17
6.460000E+03	5.233723E-17	1.551410E-17
6.470000E+03	5.185874E-17	1.588989E-17
6.480000E+03	5.138628E-17	1.624704E-17
6.490000E+03	5.092020E-17	1.658602E-17
6.500000E+03	5.045237E-17	1.690448E-17
6.510000E+03	5.000016E-17	1.720861E-17
6.520000E+03	4.955532E-17	1.749614E-17
6.530000E+03	4.911813E-17	1.776765E-17
6.540000E+03	4.868887E-17	1.802370E-17
6.550000E+03	4.826780E-17	1.826485E-17
6.560000E+03	4.784709E-17	1.848857E-17
6.570000E+03	4.744315E-17	1.870160E-17
6.580000E+03	4.704805E-17	1.890145E-17
6.590000E+03	4.666197E-17	1.908866E-17
6.600000E+03	4.628509E-17	1.926378E-17
6.610000E+03	4.590983E-17	1.942408E-17
6.620000E+03	4.555185E-17	1.957658E-17
6.630000E+03	4.520349E-17	1.971857E-17
6.640000E+03	4.486484E-17	1.985053E-17
6.650000E+03	4.453602E-17	1.997294E-17
6.660000E+03	4.420966E-17	2.008290E-17
6.670000E+03	4.390077E-17	2.018758E-17
6.680000E+03	4.360192E-17	2.028406E-17
6.690000E+03	4.331316E-17	2.037276E-17
6.700000E+03	4.302728E-17	2.045062E-17
6.710000E+03	4.275885E-17	2.052489E-17
6.720000E+03	4.250059E-17	2.059252E-17
6.730000E+03	4.225253E-17	2.065383E-17
6.740000E+03	4.200759E-17	2.070567E-17
6.750000E+03	4.177995E-17	2.075530E-17
6.760000E+03	4.156248E-17	2.079954E-17
6.770000E+03	4.135518E-17	2.083864E-17
6.780000E+03	4.115108E-17	2.086936E-17
6.790000E+03	4.096405E-17	2.089894E-17
6.800000E+03	4.078709E-17	2.092409E-17
6.810000E+03	4.062015E-17	2.094500E-17
6.820000E+03	4.045636E-17	2.095832E-17
6.830000E+03	4.030934E-17	2.097126E-17
6.840000E+03	4.017217E-17	2.098046E-17
6.850000E+03	4.003806E-17	2.098248E-17
6.860000E+03	3.992043E-17	2.098451E-17
6.870000E+03	3.981246E-17	2.098311E-17
6.880000E+03	3.970736E-17	2.097482E-17
6.890000E+03	3.961845E-17	2.096675E-17
6.900000E+03	3.953893E-17	2.095542E-17
6.910000E+03	3.946206E-17	2.093731E-17
6.920000E+03	3.940105E-17	2.091949E-17
6.930000E+03	3.934913E-17	2.089843E-17
6.940000E+03	3.929956E-17	2.087056E-17
6.950000E+03	3.926549E-17	2.084290E-17
6.960000E+03	3.924015E-17	2.081185E-17
6.970000E+03	3.921681E-17	2.077384E-17
6.980000E+03	3.920855E-17	2.073579E-17
6.990000E+03	3.920862E-17	2.069408E-17
7.000000E+03	3.921026E-17	2.064509E-17
7.010000E+03	3.922652E-17	2.059567E-17
7.020000E+03	3.924401E-17	2.053870E-17
7.030000E+03	3.927579E-17	2.048095E-17
7.040000E+03	3.931506E-17	2.041876E-17
7.050000E+03	3.935499E-17	2.034849E-17
7.060000E+03	3.940865E-17	2.027681E-17
7.070000E+03	3.946918E-17	2.020003E-17
7.080000E+03	3.952970E-17	2.011451E-17
7.090000E+03	3.960330E-17	2.002681E-17
7.100000E+03	3.967637E-17	1.992986E-17
7.110000E+03	3.976202E-17	1.983014E-17
7.120000E+03	3.984659E-17	1.972062E-17
7.130000E+03	3.994321E-17	1.960768E-17
7.140000E+03	4.004487E-17	1.948764E-17
7.150000E+03	4.014448E-17	1.935689E-17
7.160000E+03	4.025524E-17	1.922166E-17
7.170000E+03	4.036323E-17	1.907507E-17
7.180000E+03	4.048169E-17	1.892323E-17
7.190000E+03	4.059659E-17	1.875936E-17
7.200000E+03	4.072121E-17	1.858944E-17
7.210000E+03	4.084831E-17	1.840989E-17
7.220000E+03	4.097054E-17	1.821726E-17
7.230000E+03	4.110125E-17	1.801734E-17
7.240000E+03	4.122610E-17	1.780363E-17
7.250000E+03	4.135852E-17	1.758180E-17
7.260000E+03	4.148404E-17	1.734549E-17
7.270000E+03	4.161612E-17	1.710023E-17
7.280000E+03	4.174019E-17	1.683984E-17
7.290000E+03	4.186974E-17	1.656970E-17
7.300000E+03	4.199009E-17	1.628383E-17
7.310000E+03	4.211478E-17	1.598745E-17
7.320000E+03	4.222900E-17	1.567482E-17
7.330000E+03	4.234635E-17	1.535101E-17
7.340000E+03	4.245191E-17	1.501053E-17
7.350000E+03	4.255935E-17	1.465830E-17
7.360000E+03	4.265361E-17	1.428912E-17
7.370000E+03	4.274843E-17	1.390774E-17
7.380000E+03	4.282868E-17	1.350933E-17
7.390000E+03	4.290814E-17	1.309847E-17
7.400000E+03	4.297162E-17	1.267069E-17
7.410000E+03	4.303294E-17	1.223046E-17
7.420000E+03	4.307688E-17	1.177372E-17
7.430000E+03	4.311003E-17	1.130290E-17
7.440000E+03	4.313902E-17	1.082019E-17
7.450000E+03	4.314861E-17	1.032235E-17
7.460000E+03	4.315278E-17	9.813581E-18
7.470000E+03	4.313634E-17	9.291275E-18
7.480000E+03	4.311331E-17	8.759678E-18
7.490000E+03	4.306859E-17	8.217007E-18
7.500000E+03	4.301628E-17	7.667743E-18
7.510000E+03	4.294138E-17	7.111248E-18
7.520000E+03	4.285082E-17	6.551568E-18
7.530000E+03	4.275155E-17	5.993211E-18
7.540000E+03	4.262883E-17	5.438758E-18
7.550000E+03	4.249695E-17	4.896636E-18
7.560000E+03	4.234143E-17	4.374257E-18
7.570000E+03	4.216949E-17	3.885698E-18
7.580000E+03	4.198830E-17	3.450443E-18
7.590000E+03	4.178377E-17	3.093424E-18
7.600000E+03	4.157031E-17	2.848179E-18
7.610000E+03	4.133409E-17	2.744615E-18
7.620000E+03	4.108250E-17	2.797152E-18
7.630000E+03	4.082261E-17	2.991019E-18
7.640000E+03	4.054068E-17	3.291915E-18
7.650000E+03	4.024388E-17	3.665308E-18
7.660000E+03	3.993929E-17	4.083714E-18
7.670000E+03	3.961365E-17	4.525708E-18
7.680000E+03	3.928088E-17	4.979023E-18
7.690000E+03	3.892809E-17	5.432741E-18
7.700000E+03	3.856254E-17	5.881270E-18
7.710000E+03	3.819133E-17	6.321276E-18
7.720000E+03	3.780207E-17	6.747600E-18
7.730000E+03	3.740201E-17	7.159057E-18
7.740000E+03	3.699815E-17	7.555391E-18
7.750000E+03	3.657861E-17	7.933030E-18
7.760000E+03	3.615050E-17	8.292463E-18
7.770000E+03	3.572066E-17	8.634697E-18
7.780000E+03	3.527768E-17	8.956604E-18
7.790000E+03	3.482848E-17	9.259502E-18
7.800000E+03	3.437967E-17	9.545057E-18
7.810000E+03	3.392025E-17	9.810226E-18
7.820000E+03	3.345690E-17	1.005682E-17
7.830000E+03	3.299035E-17	1.028516E-17
7.840000E+03	3.252684E-17	1.049739E-17
7.850000E+03	3.205593E-17	1.069042E-17
7.860000E+03	3.158388E-17	1.086645E-17
7.870000E+03	3.111663E-17	1.102786E-17
7.880000E+03	3.064412E-17	1.117145E-17
7.890000E+03	3.017231E-17	1.129963E-17
7.900000E+03	2.970175E-17	1.141294E-17
7.910000E+03	2.923793E-17	1.151393E-17
7.920000E+03	2.877132E-17	1.159928E-17
7.930000E+03	2.830744E-17	1.167152E-17
7.940000E+03	2.785145E-17	1.173323E-17
7.950000E+03	2.739421E-17	1.178103E-17
7.960000E+03	2.694089E-17	1.181746E-17
7.970000E+03	2.649186E-17	1.184312E-17
7.980000E+03	2.605185E-17	1.186058E-17
7.990000E+03	2.561222E-17	1.186638E-17
8.000000E+03	2.517775E-17	1.186307E-17
8.010000E+03	2.474867E-17	1.185118E-17
8.020000E+03	2.432934E-17	1.183326E-17
8.030000E+03	2.391160E-17	1.180577E-17
8.040000E+03	2.349983E-17	1.177121E-17
8.050000E+03	2.309419E-17	1.173008E-17
8.060000E+03	2.269480E-17	1.168281E-17
8.070000E+03	2.230558E-17	1.163184E-17
8.080000E+03	2.191895E-17	1.157361E-17
8.090000E+03	2.153886E-17	1.151053E-17
8.100000E+03	2.116536E-17	1.144298E-17
8.110000E+03	2.079852E-17	1.137134E-17
8.120000E+03	2.044183E-17	1.129789E-17
8.130000E+03	2.008829E-17	1.121910E-17
8.140000E+03	1.974146E-17	1.113725E-17
8.150000E+03	1.940133E-17	1.105263E-17
8.160000E+03	1.906787E-17	1.096554E-17
8.170000E+03	1.874428E-17	1.087812E-17
8.180000E+03	1.842406E-17	1.078689E-17
8.190000E+03	1.811042E-17	1.069398E-17
8.200000E+03	1.780332E-17	1.059962E-17
8.210000E+03	1.750270E-17	1.050404E-17
8.220000E+03	1.720849E-17	1.040743E-17
8.230000E+03	1.692353E-17	1.031175E-17
8.240000E+03	1.664190E-17	1.021366E-17
8.250000E+03	1.636647E-17	1.011509E-17
8.260000E+03	1.609715E-17	1.001621E-17
8.270000E+03	1.583387E-17	9.917159E-18
8.280000E+03	1.557654E-17	9.818085E-18
8.290000E+03	1.532767E-17	9.720776E-18
8.300000E+03	1.508190E-17	9.622011E-18
8.310000E+03	1.484180E-17	9.523580E-18
8.320000E+03	1.460726E-17	9.425585E-18
8.330000E+03	1.437820E-17	9.328119E-18
8.340000E+03	1.415450E-17	9.231270E-18
8.350000E+03	1.393607E-17	9.135118E-18
8.360000E+03	1.372516E-17	9.041280E-18
8.370000E+03	1.351693E-17	8.946716E-18
8.380000E+03	1.331367E-17	8.853046E-18
8.390000E+03	1.311528E-17	8.760326E-18
8.400000E+03	1.292165E-17	8.668604E-18
8.410000E+03	1.273268E-17	8.577925E-18
8.420000E+03	1.254828E-17	8.488328E-18
8.430000E+03	1.236835E-17	8.399847E-18
8.440000E+03	1.219279E-17	8.312512E-18
8.450000E+03	1.202355E-17	8.227761E-18
8.460000E+03	1.185641E-17	8.142781E-18
8.470000E+03	1.169334E-17	8.059017E-18
8.480000E+03	1.153426E-17	7.976484E-18
8.490000E+03	1.137908E-17	7.895196E-18
8.500000E+03	1.122770E-17	7.815164E-18
8.510000E+03	1.108003E-17	7.736394E-18
8.520000E+03	1.093599E-17	7.658893E-18
8.530000E+03	1.079549E-17	7.582664E-18
8.540000E+03	1.065844E-17	7.507707E-18
8.550000E+03	1.052476E-17	7.434023E-18
8.560000E+03	1.039437E-17	7.361608E-18
8.570000E+03	1.026895E-17	7.291710E-18
8.580000E+03	1.014488E-17	7.221809E-18
8.590000E+03	1.002385E-17	7.153161E-18
8.600000E+03	9.905806E-18	7.085758E-18
8.610000E+03	9.790660E-18	7.019591E-18
8.620000E+03	9.678342E-18	6.954649E-18
8.630000E+03	9.568783E-18	6.890922E-18
8.640000E+03	9.461912E-18	6.828397E-18
8.650000E+03	9.357661E-18	6.767061E-18
8.660000E+03	9.255965E-18	6.706902E-18
8.670000E+03	9.156758E-18	6.647905E-18
8.680000E+03	9.059977E-18	6.590055E-18
8.690000E+03	8.965561E-18	6.533338E-18
8.700000E+03	8.873448E-18	6.477738E-18
8.710000E+03	8.783581E-18	6.423239E-18
8.720000E+03	8.695902E-18	6.369826E-18
8.730000E+03	8.610354E-18	6.317481E-18
8.740000E+03	8.526883E-18	6.266189E-18
8.750000E+03	8.445436E-18	6.215933E-18
8.760000E+03	8.365961E-18	6.166696E-18
8.770000E+03	8.288406E-18	6.118461E-18
8.780000E+03	8.212724E-18	6.071211E-18
8.790000E+03	8.138865E-18	6.024930E-18
8.800000E+03	8.066783E-18	5.979600E-18
8.810000E+03	7.996433E-18	5.935204E-18
8.820000E+03	7.929135E-18	5.892742E-18
8.830000E+03	7.862103E-18	5.850158E-18
8.840000E+03	7.796673E-18	5.808458E-18
8.850000E+03	7.732802E-18	5.767626E-18
8.860000E+03	7.670452E-18	5.727645E-18
8.870000E+03	7.609584E-18	5.688500E-18
8.880000E+03	7.550158E-18	5.650173E-18
8.890000E+03	7.492139E-18	5.612648E-18
8.900000E+03	7.435491E-18	5.575911E-18
8.910000E+03	7.380178E-18	5.539945E-18
8.920000E+03	7.326166E-18	5.504735E-18
8.930000E+03	7.273423E-18	5.470265E-18
8.940000E+03	7.221915E-18	5.436522E-18
8.950000E+03	7.171611E-18	5.403488E-18
8.960000E+03	7.122482E-18	5.371151E-18
8.970000E+03	7.074496E-18	5.339496E-18
8.980000E+03	7.027625E-18	5.308508E-18
8.990000E+03	6.981841E-18	5.278174E-18
9.000000E+03	6.937117E-18	5.248480E-18
9.040000E+03	6.768286E-18	5.135835E-18
9.080000E+03	6.613244E-18	5.031517E-18
9.120000E+03	6.472865E-18	4.936517E-18
9.160000E+03	6.344686E-18	4.849234E-18
9.200000E+03	6.227548E-18	4.769012E-18
9.240000E+03	6.120407E-18	4.695247E-18
9.280000E+03	6.022324E-18	4.627383E-18
9.320000E+03	5.932453E-18	4.564913E-18
9.360000E+03	5.850031E-18	4.507369E-18
9.400000E+03	5.774372E-18	4.454327E-18
9.440000E+03	5.704853E-18	4.405395E-18
9.480000E+03	5.640913E-18	4.360219E-18
9.520000E+03	5.582046E-18	4.318472E-18
9.560000E+03	5.526824E-18	4.279111E-18
9.600000E+03	5.476771E-18	4.243365E-18
9.640000E+03	5.430535E-18	4.210233E-18
9.680000E+03	5.387772E-18	4.179489E-18
9.720000E+03	5.348172E-18	4.150927E-18
9.760000E+03	5.311452E-18	4.124360E-18
9.800000E+03	5.277355E-18	4.099614E-18
9.840000E+03	5.246568E-18	4.077251E-18
9.880000E+03	5.217034E-18	4.055691E-18
9.920000E+03	5.189485E-18	4.035525E-18
9.960000E+03	5.163745E-18	4.016634E-18
1.000000E+04	5.139656E-18	3.998909E-18
1.004000E+04	5.117073E-18	3.982252E-18
1.008000E+04	5.096761E-18	3.967271E-18
1.012000E+04	5.076804E-18	3.952486E-18
1.016000E+04	5.057992E-18	3.938521E-18
1.020000E+04	5.041119E-18	3.926004E-18
1.024000E+04	5.024312E-18	3.913484E-18
1.028000E+04	5.009269E-18	3.902290E-18
1.032000E+04	4.994143E-18	3.890990E-18
