#wls	flux	fluxerr
1.596504E+03	1.574974E-05	3.160196E-06
1.636416E+03	1.565077E-05	3.123271E-06
1.676329E+03	1.556096E-05	3.087949E-06
1.716241E+03	1.549219E-05	3.056542E-06
1.756154E+03	1.543224E-05	3.026582E-06
1.796067E+03	1.540200E-05	3.002104E-06
1.835979E+03	1.540627E-05	2.983924E-06
1.875892E+03	1.543530E-05	2.970031E-06
1.915804E+03	1.551062E-05	2.964433E-06
1.955717E+03	1.563125E-05	2.966750E-06
1.995630E+03	1.581174E-05	2.979522E-06
2.035542E+03	1.605960E-05	3.003884E-06
2.075455E+03	1.637557E-05	3.039659E-06
2.115367E+03	1.678294E-05	3.090804E-06
2.155280E+03	1.727605E-05	3.155835E-06
2.195193E+03	1.787173E-05	3.237358E-06
2.235105E+03	1.857981E-05	3.336593E-06
2.275018E+03	1.941029E-05	3.454709E-06
2.314930E+03	2.038123E-05	3.594205E-06
2.354843E+03	2.149482E-05	3.754657E-06
2.394755E+03	2.276895E-05	3.938310E-06
2.434668E+03	2.420402E-05	4.144253E-06
2.474581E+03	2.581661E-05	4.374279E-06
2.514493E+03	2.761361E-05	4.628391E-06
2.554406E+03	2.960030E-05	4.906234E-06
2.594318E+03	3.179078E-05	5.208811E-06
2.634231E+03	3.417706E-05	5.533388E-06
2.674144E+03	3.675911E-05	5.878520E-06
2.714056E+03	3.954761E-05	6.244399E-06
2.753969E+03	4.254141E-05	6.629240E-06
2.793881E+03	4.575193E-05	7.033141E-06
2.833794E+03	4.915038E-05	7.449957E-06
2.873707E+03	5.276138E-05	7.881721E-06
2.913619E+03	5.658390E-05	8.326418E-06
2.953532E+03	6.061680E-05	8.781983E-06
2.993444E+03	6.485875E-05	9.246271E-06
3.003423E+03	6.595115E-05	9.363369E-06
3.013401E+03	6.706794E-05	9.482458E-06
3.023379E+03	6.817560E-05	9.598768E-06
3.033357E+03	6.930756E-05	9.716992E-06
3.043335E+03	7.046405E-05	9.837111E-06
3.053313E+03	7.162797E-05	9.956696E-06
3.063291E+03	7.279906E-05	1.007569E-05
3.073270E+03	7.397709E-05	1.019403E-05
3.083248E+03	7.517957E-05	1.031411E-05
3.093226E+03	7.640666E-05	1.043589E-05
3.103204E+03	7.762236E-05	1.055442E-05
3.113182E+03	7.886234E-05	1.067455E-05
3.123160E+03	8.012666E-05	1.079622E-05
3.133138E+03	8.137842E-05	1.091443E-05
3.143117E+03	8.267268E-05	1.103656E-05
3.153095E+03	8.395353E-05	1.115507E-05
3.163073E+03	8.525791E-05	1.127487E-05
3.173051E+03	8.658574E-05	1.139589E-05
3.183029E+03	8.789851E-05	1.151305E-05
3.193007E+03	8.925321E-05	1.163378E-05
3.202985E+03	9.059164E-05	1.175044E-05
3.212964E+03	9.195190E-05	1.186798E-05
3.222942E+03	9.333367E-05	1.198631E-05
3.232920E+03	9.471670E-05	1.210278E-05
3.242898E+03	9.610016E-05	1.221727E-05
3.252876E+03	9.750327E-05	1.233221E-05
3.262854E+03	9.890521E-05	1.244493E-05
3.272832E+03	1.003050E-04	1.255530E-05
3.282811E+03	1.017424E-04	1.266828E-05
3.292789E+03	1.031553E-04	1.277607E-05
3.302767E+03	1.045836E-04	1.288362E-05
3.312745E+03	1.060054E-04	1.298824E-05
3.322723E+03	1.074404E-04	1.309230E-05
3.332701E+03	1.088874E-04	1.319565E-05
3.342680E+03	1.103243E-04	1.329556E-05
3.352658E+03	1.117494E-04	1.339187E-05
3.362636E+03	1.131824E-04	1.348693E-05
3.372614E+03	1.146007E-04	1.357804E-05
3.382592E+03	1.160241E-04	1.366755E-05
3.392570E+03	1.174295E-04	1.375274E-05
3.402548E+03	1.188370E-04	1.383597E-05
3.412527E+03	1.202233E-04	1.391454E-05
3.422505E+03	1.216085E-04	1.399081E-05
3.432483E+03	1.229693E-04	1.406210E-05
3.442461E+03	1.243260E-04	1.413076E-05
3.452439E+03	1.256554E-04	1.419417E-05
3.462417E+03	1.269779E-04	1.425469E-05
3.472395E+03	1.282706E-04	1.430974E-05
3.482374E+03	1.295542E-04	1.436171E-05
3.492352E+03	1.308279E-04	1.441051E-05
3.502330E+03	1.320691E-04	1.445368E-05
3.512308E+03	1.332771E-04	1.449121E-05
3.522286E+03	1.344737E-04	1.452553E-05
3.532264E+03	1.356589E-04	1.455665E-05
3.542242E+03	1.368108E-04	1.458226E-05
3.552221E+03	1.379295E-04	1.460246E-05
3.562199E+03	1.390597E-04	1.462199E-05
3.572177E+03	1.401362E-04	1.463403E-05
3.582155E+03	1.412257E-04	1.464562E-05
3.592133E+03	1.422853E-04	1.465230E-05
3.602111E+03	1.433167E-04	1.465432E-05
3.612090E+03	1.443436E-04	1.465414E-05
3.622068E+03	1.453678E-04	1.465196E-05
3.632046E+03	1.463701E-04	1.464586E-05
3.642024E+03	1.473745E-04	1.463828E-05
3.652002E+03	1.483840E-04	1.462950E-05
3.661980E+03	1.493797E-04	1.461768E-05
3.671958E+03	1.503657E-04	1.460324E-05
3.681937E+03	1.513903E-04	1.459087E-05
3.691915E+03	1.523960E-04	1.457498E-05
3.701893E+03	1.534579E-04	1.456275E-05
3.711871E+03	1.545474E-04	1.455137E-05
3.721849E+03	1.557057E-04	1.454462E-05
3.731827E+03	1.569367E-04	1.454272E-05
3.741805E+03	1.582932E-04	1.455036E-05
3.751784E+03	1.597907E-04	1.456870E-05
3.761762E+03	1.614930E-04	1.460319E-05
3.771740E+03	1.634464E-04	1.465752E-05
3.781718E+03	1.657002E-04	1.473553E-05
3.791696E+03	1.682837E-04	1.483914E-05
3.801674E+03	1.712474E-04	1.497201E-05
3.811652E+03	1.746843E-04	1.514138E-05
3.821631E+03	1.785967E-04	1.534639E-05
3.831609E+03	1.830251E-04	1.558941E-05
3.841587E+03	1.880264E-04	1.587411E-05
3.851565E+03	1.936267E-04	1.620140E-05
3.861543E+03	1.998417E-04	1.657124E-05
3.871521E+03	2.066501E-04	1.698052E-05
3.881500E+03	2.140645E-04	1.742894E-05
3.891478E+03	2.220322E-04	1.791093E-05
3.901456E+03	2.305615E-04	1.842593E-05
3.911434E+03	2.395111E-04	1.896152E-05
3.921412E+03	2.488837E-04	1.951702E-05
3.931390E+03	2.585278E-04	2.007976E-05
3.941368E+03	2.683612E-04	2.064285E-05
3.951347E+03	2.782286E-04	2.119412E-05
3.961325E+03	2.880252E-04	2.172565E-05
3.971303E+03	2.976111E-04	2.222722E-05
3.981281E+03	3.068117E-04	2.268646E-05
3.991259E+03	3.155231E-04	2.309674E-05
4.001237E+03	3.236214E-04	2.345024E-05
4.011215E+03	3.309655E-04	2.373830E-05
4.021194E+03	3.375060E-04	2.395918E-05
4.031172E+03	3.431852E-04	2.411070E-05
4.041150E+03	3.479367E-04	2.419022E-05
4.051128E+03	3.517911E-04	2.420201E-05
4.061106E+03	3.547675E-04	2.414940E-05
4.071084E+03	3.568692E-04	2.403464E-05
4.081062E+03	3.581897E-04	2.386593E-05
4.091041E+03	3.588017E-04	2.364983E-05
4.101019E+03	3.587562E-04	2.339129E-05
4.110997E+03	3.581887E-04	2.310052E-05
4.120975E+03	3.572112E-04	2.278585E-05
4.130953E+03	3.559135E-04	2.245388E-05
4.140931E+03	3.544644E-04	2.211590E-05
4.150910E+03	3.530059E-04	2.178105E-05
4.160888E+03	3.516525E-04	2.145639E-05
4.170866E+03	3.505859E-04	2.115277E-05
4.180844E+03	3.499191E-04	2.087640E-05
4.190822E+03	3.498218E-04	2.063659E-05
4.200800E+03	3.504193E-04	2.043959E-05
4.210778E+03	3.517905E-04	2.028869E-05
4.220757E+03	3.540585E-04	2.018953E-05
4.230735E+03	3.572956E-04	2.014460E-05
4.240713E+03	3.615216E-04	2.015332E-05
4.250691E+03	3.667974E-04	2.021737E-05
4.260669E+03	3.730989E-04	2.033373E-05
4.270647E+03	3.804418E-04	2.050162E-05
4.280625E+03	3.887846E-04	2.071726E-05
4.290604E+03	3.980232E-04	2.097371E-05
4.300582E+03	4.080835E-04	2.126594E-05
4.310560E+03	4.187845E-04	2.158362E-05
4.320538E+03	4.299655E-04	2.191795E-05
4.330516E+03	4.413829E-04	2.225636E-05
4.340494E+03	4.527081E-04	2.258262E-05
4.350472E+03	4.636418E-04	2.288267E-05
4.360451E+03	4.737880E-04	2.313836E-05
4.370429E+03	4.828247E-04	2.333592E-05
4.380407E+03	4.904008E-04	2.346077E-05
4.390385E+03	4.966308E-04	2.352099E-05
4.400363E+03	5.019477E-04	2.353926E-05
4.410341E+03	5.069357E-04	2.354442E-05
4.420320E+03	5.121693E-04	2.356376E-05
4.430298E+03	5.181763E-04	2.362145E-05
4.440276E+03	5.254840E-04	2.374082E-05
4.450254E+03	5.345948E-04	2.394330E-05
4.460232E+03	5.458896E-04	2.424433E-05
4.470210E+03	5.596094E-04	2.465281E-05
4.480188E+03	5.759178E-04	2.517415E-05
4.490167E+03	5.948913E-04	2.581000E-05
4.500145E+03	6.163843E-04	2.655266E-05
4.510123E+03	6.401883E-04	2.739209E-05
4.520101E+03	6.658582E-04	2.830834E-05
4.530079E+03	6.928940E-04	2.927974E-05
4.540057E+03	7.205755E-04	3.027592E-05
4.550035E+03	7.481752E-04	3.126694E-05
4.560014E+03	7.748032E-04	3.221668E-05
4.569992E+03	7.995987E-04	3.309087E-05
4.579970E+03	8.217888E-04	3.385930E-05
4.589948E+03	8.405805E-04	3.449127E-05
4.599926E+03	8.553678E-04	3.496393E-05
4.609904E+03	8.657749E-04	3.526387E-05
4.619882E+03	8.715723E-04	3.538349E-05
4.629861E+03	8.726308E-04	3.531904E-05
4.639839E+03	8.692539E-04	3.508399E-05
4.649817E+03	8.617668E-04	3.469230E-05
4.659795E+03	8.507618E-04	3.416828E-05
4.669773E+03	8.367901E-04	3.353419E-05
4.679751E+03	8.206842E-04	3.282325E-05
4.689729E+03	8.031968E-04	3.206517E-05
4.699708E+03	7.849739E-04	3.128516E-05
4.709686E+03	7.668123E-04	3.051427E-05
4.719664E+03	7.492975E-04	2.977499E-05
4.729642E+03	7.330257E-04	2.909021E-05
4.739620E+03	7.183742E-04	2.847404E-05
4.749598E+03	7.058028E-04	2.794391E-05
4.759577E+03	6.955533E-04	2.750859E-05
4.769555E+03	6.878218E-04	2.717508E-05
4.779533E+03	6.827178E-04	2.694700E-05
4.789511E+03	6.803040E-04	2.682616E-05
4.799489E+03	6.804442E-04	2.680655E-05
4.809467E+03	6.830757E-04	2.688510E-05
4.819445E+03	6.879449E-04	2.705125E-05
4.829424E+03	6.947667E-04	2.729325E-05
4.839402E+03	7.031980E-04	2.759712E-05
4.849380E+03	7.128517E-04	2.794717E-05
4.859358E+03	7.233147E-04	2.832676E-05
4.869336E+03	7.341678E-04	2.871906E-05
4.879314E+03	7.450028E-04	2.910774E-05
4.889292E+03	7.554766E-04	2.947909E-05
4.899271E+03	7.651572E-04	2.981599E-05
4.909249E+03	7.737598E-04	3.010716E-05
4.919227E+03	7.810188E-04	3.034217E-05
4.929205E+03	7.865537E-04	3.050622E-05
4.939183E+03	7.901027E-04	3.058923E-05
4.949161E+03	7.914023E-04	3.058123E-05
4.959139E+03	7.900828E-04	3.046826E-05
4.969118E+03	7.859420E-04	3.024303E-05
4.979096E+03	7.788280E-04	2.990032E-05
4.989074E+03	7.687250E-04	2.944032E-05
4.999052E+03	7.557919E-04	2.886997E-05
5.009030E+03	7.403436E-04	2.820225E-05
5.019008E+03	7.229894E-04	2.746124E-05
5.028987E+03	7.043423E-04	2.667101E-05
5.038965E+03	6.852479E-04	2.586421E-05
5.048943E+03	6.664398E-04	2.506888E-05
5.058921E+03	6.487116E-04	2.431494E-05
5.068899E+03	6.326959E-04	2.362590E-05
5.078877E+03	6.189824E-04	2.302322E-05
5.088855E+03	6.078875E-04	2.251787E-05
5.098834E+03	5.996606E-04	2.211804E-05
5.108812E+03	5.943740E-04	2.182519E-05
5.118790E+03	5.919408E-04	2.163480E-05
5.128768E+03	5.922175E-04	2.154026E-05
5.138746E+03	5.949415E-04	2.153067E-05
5.148724E+03	5.997807E-04	2.159272E-05
5.158702E+03	6.063286E-04	2.171063E-05
5.168681E+03	6.142087E-04	2.186994E-05
5.178659E+03	6.230169E-04	2.205550E-05
5.188637E+03	6.323439E-04	2.225227E-05
5.198615E+03	6.418798E-04	2.244902E-05
5.208593E+03	6.513199E-04	2.263498E-05
5.218571E+03	6.604869E-04	2.280407E-05
5.228549E+03	6.692494E-04	2.295198E-05
5.238528E+03	6.775153E-04	2.307586E-05
5.248506E+03	6.853075E-04	2.317689E-05
5.258484E+03	6.926623E-04	2.325670E-05
5.268462E+03	6.996111E-04	2.331675E-05
5.278440E+03	7.062249E-04	2.335981E-05
5.288418E+03	7.126022E-04	2.338952E-05
5.298397E+03	7.187990E-04	2.340804E-05
5.308375E+03	7.248219E-04	2.341593E-05
5.318353E+03	7.306851E-04	2.341399E-05
5.328331E+03	7.364100E-04	2.340326E-05
5.338309E+03	7.419666E-04	2.338317E-05
5.348287E+03	7.472778E-04	2.335172E-05
5.358265E+03	7.522884E-04	2.330772E-05
5.368244E+03	7.569753E-04	2.325103E-05
5.378222E+03	7.612672E-04	2.318009E-05
5.388200E+03	7.651796E-04	2.309607E-05
5.398178E+03	7.687032E-04	2.299940E-05
5.408156E+03	7.719370E-04	2.289374E-05
5.418134E+03	7.749702E-04	2.278238E-05
5.428112E+03	7.779772E-04	2.267102E-05
5.438091E+03	7.811805E-04	2.256658E-05
5.448069E+03	7.848705E-04	2.247774E-05
5.458047E+03	7.893206E-04	2.241241E-05
5.468025E+03	7.947216E-04	2.237597E-05
5.478003E+03	8.013276E-04	2.237542E-05
5.487981E+03	8.090982E-04	2.240943E-05
5.497959E+03	8.174203E-04	2.246104E-05
5.507938E+03	8.256836E-04	2.251396E-05
5.517916E+03	8.332133E-04	2.255070E-05
5.527894E+03	8.395120E-04	2.255906E-05
5.537872E+03	8.441812E-04	2.252982E-05
5.547850E+03	8.470349E-04	2.245961E-05
5.557828E+03	8.480457E-04	2.234924E-05
5.567807E+03	8.472955E-04	2.220228E-05
5.577785E+03	8.449427E-04	2.202407E-05
5.587763E+03	8.410659E-04	2.181754E-05
5.597741E+03	8.357128E-04	2.158400E-05
5.607719E+03	8.288735E-04	2.132294E-05
5.617697E+03	8.203890E-04	2.102995E-05
5.627675E+03	8.100430E-04	2.069909E-05
5.637654E+03	7.976989E-04	2.032643E-05
5.647632E+03	7.832110E-04	1.990779E-05
5.657610E+03	7.664948E-04	1.944046E-05
5.667588E+03	7.477532E-04	1.892899E-05
5.677566E+03	7.273130E-04	1.838099E-05
5.687544E+03	7.057196E-04	1.780952E-05
5.697522E+03	6.838143E-04	1.723503E-05
5.707501E+03	6.624315E-04	1.667776E-05
5.717479E+03	6.425913E-04	1.616260E-05
5.727457E+03	6.253289E-04	1.571481E-05
5.737435E+03	6.115756E-04	1.535705E-05
5.747413E+03	6.022774E-04	1.511237E-05
5.757391E+03	5.982198E-04	1.499978E-05
5.767369E+03	6.001126E-04	1.503642E-05
5.777348E+03	6.085701E-04	1.523697E-05
5.787326E+03	6.241329E-04	1.561422E-05
5.797304E+03	6.471678E-04	1.617650E-05
5.807282E+03	6.779889E-04	1.693070E-05
5.817260E+03	7.166233E-04	1.787639E-05
5.827238E+03	7.629238E-04	1.900859E-05
5.837216E+03	8.162907E-04	2.031091E-05
5.847195E+03	8.758052E-04	2.175887E-05
5.857173E+03	9.400006E-04	2.331433E-05
5.867151E+03	1.006984E-03	2.492866E-05
5.877129E+03	1.074496E-03	2.654435E-05
5.887107E+03	1.140074E-03	2.809928E-05
5.897085E+03	1.201308E-03	2.953317E-05
5.907064E+03	1.255922E-03	3.078978E-05
5.917042E+03	1.302242E-03	3.182833E-05
5.927020E+03	1.339239E-03	3.262455E-05
5.936998E+03	1.366467E-03	3.316901E-05
5.946976E+03	1.384314E-03	3.347301E-05
5.956954E+03	1.393784E-03	3.356292E-05
5.966932E+03	1.396253E-03	3.347399E-05
5.976911E+03	1.393401E-03	3.324852E-05
5.986889E+03	1.387202E-03	3.293521E-05
5.996867E+03	1.379502E-03	3.257911E-05
6.006845E+03	1.372069E-03	3.222254E-05
6.016823E+03	1.366660E-03	3.190675E-05
6.026801E+03	1.364715E-03	3.166461E-05
6.036779E+03	1.367524E-03	3.152469E-05
6.046758E+03	1.376182E-03	3.151017E-05
6.056736E+03	1.391598E-03	3.163920E-05
6.066714E+03	1.414494E-03	3.192503E-05
6.076692E+03	1.445395E-03	3.237579E-05
6.086670E+03	1.484599E-03	3.299416E-05
6.096648E+03	1.532118E-03	3.377618E-05
6.106626E+03	1.587590E-03	3.470969E-05
6.116605E+03	1.650165E-03	3.577212E-05
6.126583E+03	1.718362E-03	3.692812E-05
6.136561E+03	1.789945E-03	3.812746E-05
6.146539E+03	1.861823E-03	3.930381E-05
6.156517E+03	1.930145E-03	4.037749E-05
6.166495E+03	1.990206E-03	4.125443E-05
6.176474E+03	2.037192E-03	4.184208E-05
6.186452E+03	2.068306E-03	4.209287E-05
6.196430E+03	2.084158E-03	4.203004E-05
6.206408E+03	2.086381E-03	4.169677E-05
6.216386E+03	2.076833E-03	4.113929E-05
6.226364E+03	2.057101E-03	4.039698E-05
6.236342E+03	2.028797E-03	3.950824E-05
6.246321E+03	1.992969E-03	3.849915E-05
6.256299E+03	1.950663E-03	3.739462E-05
6.266277E+03	1.902569E-03	3.621171E-05
6.276255E+03	1.849353E-03	3.496605E-05
6.286233E+03	1.791924E-03	3.367695E-05
6.296211E+03	1.731167E-03	3.236196E-05
6.306189E+03	1.668220E-03	3.104136E-05
6.316168E+03	1.604365E-03	2.973727E-05
6.326146E+03	1.541203E-03	2.847713E-05
6.336124E+03	1.480275E-03	2.728683E-05
6.346102E+03	1.423205E-03	2.619364E-05
6.356080E+03	1.371565E-03	2.522383E-05
6.366058E+03	1.326853E-03	2.440271E-05
6.376036E+03	1.290276E-03	2.375072E-05
6.386015E+03	1.262993E-03	2.328812E-05
6.395993E+03	1.245973E-03	2.303264E-05
6.405971E+03	1.239909E-03	2.299793E-05
6.415949E+03	1.245525E-03	2.319938E-05
6.425927E+03	1.263299E-03	2.364906E-05
6.435905E+03	1.293827E-03	2.436256E-05
6.445884E+03	1.337594E-03	2.535476E-05
6.455862E+03	1.395157E-03	2.664343E-05
6.465840E+03	1.467361E-03	2.825344E-05
6.475818E+03	1.555189E-03	3.021421E-05
6.485796E+03	1.660088E-03	3.256546E-05
6.495774E+03	1.783743E-03	3.535316E-05
6.505752E+03	1.928268E-03	3.863415E-05
6.515731E+03	2.095710E-03	4.246681E-05
6.525709E+03	2.284935E-03	4.684701E-05
6.535687E+03	2.489522E-03	5.166052E-05
6.545665E+03	2.699614E-03	5.671481E-05
6.555643E+03	2.903014E-03	6.175706E-05
6.565621E+03	3.086377E-03	6.649594E-05
6.575599E+03	3.236889E-03	7.063597E-05
6.585578E+03	3.343954E-03	7.391499E-05
6.595556E+03	3.400653E-03	7.613978E-05
6.605534E+03	3.404169E-03	7.720099E-05
6.615512E+03	3.356036E-03	7.708513E-05
6.625490E+03	3.261884E-03	7.587523E-05
6.635468E+03	3.129757E-03	7.371777E-05
6.645446E+03	2.969413E-03	7.080978E-05
6.655425E+03	2.790637E-03	6.736095E-05
6.665403E+03	2.602928E-03	6.358596E-05
6.675381E+03	2.414164E-03	5.967110E-05
6.685359E+03	2.230621E-03	5.577229E-05
6.695337E+03	2.056815E-03	5.200852E-05
6.705315E+03	1.895635E-03	4.846255E-05
6.715294E+03	1.748659E-03	4.518671E-05
6.725272E+03	1.616246E-03	4.220312E-05
6.735250E+03	1.498220E-03	3.952016E-05
6.745228E+03	1.393802E-03	3.712972E-05
6.755206E+03	1.301853E-03	3.501304E-05
6.765184E+03	1.221287E-03	3.315130E-05
6.775162E+03	1.150836E-03	3.151938E-05
6.785141E+03	1.089475E-03	3.009734E-05
6.795119E+03	1.036051E-03	2.886046E-05
6.805097E+03	9.896715E-04	2.779000E-05
6.815075E+03	9.495555E-04	2.686935E-05
6.825053E+03	9.149762E-04	2.608254E-05
6.835031E+03	8.853755E-04	2.541763E-05
6.845009E+03	8.602048E-04	2.486230E-05
6.854988E+03	8.391105E-04	2.440931E-05
6.864966E+03	8.217203E-04	2.405045E-05
6.874944E+03	8.077664E-04	2.378012E-05
6.884922E+03	7.969386E-04	2.359119E-05
6.894900E+03	7.890513E-04	2.347985E-05
6.904878E+03	7.838773E-04	2.344082E-05
6.914856E+03	7.811406E-04	2.346710E-05
6.924835E+03	7.806596E-04	2.355426E-05
6.934813E+03	7.821692E-04	2.369515E-05
6.944791E+03	7.854446E-04	2.388363E-05
6.954769E+03	7.902045E-04	2.411163E-05
6.964747E+03	7.961909E-04	2.437163E-05
6.974725E+03	8.031765E-04	2.465689E-05
6.984703E+03	8.108707E-04	2.495861E-05
6.994682E+03	8.191345E-04	2.527252E-05
7.004660E+03	8.277046E-04	2.559048E-05
7.014638E+03	8.364880E-04	2.590953E-05
7.024616E+03	8.453602E-04	2.622572E-05
7.034594E+03	8.543030E-04	2.653840E-05
7.044572E+03	8.632998E-04	2.684695E-05
7.054551E+03	8.724180E-04	2.715339E-05
7.064529E+03	8.818073E-04	2.746234E-05
7.074507E+03	8.916088E-04	2.777813E-05
7.084485E+03	9.020578E-04	2.810809E-05
7.094463E+03	9.133557E-04	2.845844E-05
7.104441E+03	9.257390E-04	2.883651E-05
7.114419E+03	9.394630E-04	2.925019E-05
7.124398E+03	9.546914E-04	2.970446E-05
7.134376E+03	9.715987E-04	3.020463E-05
7.144354E+03	9.902296E-04	3.075191E-05
7.154332E+03	1.010575E-03	3.134581E-05
7.164310E+03	1.032566E-03	3.198398E-05
7.174288E+03	1.055963E-03	3.265877E-05
7.184266E+03	1.080484E-03	3.336130E-05
7.194245E+03	1.105670E-03	3.407726E-05
7.204223E+03	1.131028E-03	3.479149E-05
7.214201E+03	1.155901E-03	3.548391E-05
7.224179E+03	1.179628E-03	3.613452E-05
7.234157E+03	1.201420E-03	3.671967E-05
7.244135E+03	1.220544E-03	3.721775E-05
7.254113E+03	1.236206E-03	3.760550E-05
7.264092E+03	1.247712E-03	3.786312E-05
7.274070E+03	1.254518E-03	3.797546E-05
7.284048E+03	1.256187E-03	3.793100E-05
7.294026E+03	1.252427E-03	3.772262E-05
7.304004E+03	1.243235E-03	3.735205E-05
7.313982E+03	1.228739E-03	3.682491E-05
7.323961E+03	1.209306E-03	3.615390E-05
7.333939E+03	1.185559E-03	3.535918E-05
7.343917E+03	1.158044E-03	3.445834E-05
7.353895E+03	1.127627E-03	3.347830E-05
7.363873E+03	1.094972E-03	3.243949E-05
7.373851E+03	1.060950E-03	3.136837E-05
7.383829E+03	1.026195E-03	3.028401E-05
7.393808E+03	9.913382E-04	2.920511E-05
7.403786E+03	9.569465E-04	2.814837E-05
7.413764E+03	9.234501E-04	2.712624E-05
7.423742E+03	8.911515E-04	2.614702E-05
7.433720E+03	8.602967E-04	2.521697E-05
7.443698E+03	8.311124E-04	2.434178E-05
7.453676E+03	8.036398E-04	2.352180E-05
7.463655E+03	7.779343E-04	2.275787E-05
7.473633E+03	7.540396E-04	2.205057E-05
7.483611E+03	7.319467E-04	2.139902E-05
7.493589E+03	7.116074E-04	2.080125E-05
7.503567E+03	6.930033E-04	2.025625E-05
7.513545E+03	6.760726E-04	1.976179E-05
7.523523E+03	6.607330E-04	1.931509E-05
7.533502E+03	6.469544E-04	1.891498E-05
7.543480E+03	6.346648E-04	1.855906E-05
7.553458E+03	6.238383E-04	1.824634E-05
7.563436E+03	6.144248E-04	1.797513E-05
7.573414E+03	6.063690E-04	1.774366E-05
7.583392E+03	5.995870E-04	1.754928E-05
7.593371E+03	5.940074E-04	1.738977E-05
7.603349E+03	5.895898E-04	1.726381E-05
7.613327E+03	5.861996E-04	1.716733E-05
7.623305E+03	5.837346E-04	1.709723E-05
7.633283E+03	5.821258E-04	1.705135E-05
7.643261E+03	5.812147E-04	1.702497E-05
7.653239E+03	5.809007E-04	1.701503E-05
7.663218E+03	5.810411E-04	1.701725E-05
7.673196E+03	5.815357E-04	1.702862E-05
7.683174E+03	5.822691E-04	1.704568E-05
7.693152E+03	5.831118E-04	1.706457E-05
7.703130E+03	5.840086E-04	1.708363E-05
7.713108E+03	5.848329E-04	1.709911E-05
7.723086E+03	5.855149E-04	1.710898E-05
7.733065E+03	5.860437E-04	1.711291E-05
7.743043E+03	5.863407E-04	1.710862E-05
7.753021E+03	5.864076E-04	1.709622E-05
7.762999E+03	5.862195E-04	1.707505E-05
7.772977E+03	5.858091E-04	1.704614E-05
7.782955E+03	5.852218E-04	1.701092E-05
7.792933E+03	5.844266E-04	1.696860E-05
7.802912E+03	5.835292E-04	1.692238E-05
7.812890E+03	5.825316E-04	1.687247E-05
7.822868E+03	5.815015E-04	1.682100E-05
7.832846E+03	5.804831E-04	1.676941E-05
7.842824E+03	5.795160E-04	1.671901E-05
7.852802E+03	5.786103E-04	1.667031E-05
7.862781E+03	5.778103E-04	1.662477E-05
7.872759E+03	5.771271E-04	1.658296E-05
7.882737E+03	5.765592E-04	1.654504E-05
7.892715E+03	5.760700E-04	1.651022E-05
7.902693E+03	5.756747E-04	1.647922E-05
7.912671E+03	5.752883E-04	1.644989E-05
7.922649E+03	5.748582E-04	1.642104E-05
7.932628E+03	5.743667E-04	1.639248E-05
7.942606E+03	5.737249E-04	1.636204E-05
7.952584E+03	5.728424E-04	1.632749E-05
7.962562E+03	5.716769E-04	1.628799E-05
7.972540E+03	5.701738E-04	1.624237E-05
7.982518E+03	5.682930E-04	1.618984E-05
7.992496E+03	5.659908E-04	1.612952E-05
8.002475E+03	5.633078E-04	1.606290E-05
8.012453E+03	5.602125E-04	1.598941E-05
8.022431E+03	5.567482E-04	1.591057E-05
8.032409E+03	5.529222E-04	1.582685E-05
8.042387E+03	5.487154E-04	1.573794E-05
8.052365E+03	5.441869E-04	1.564573E-05
8.062343E+03	5.393275E-04	1.555012E-05
8.072322E+03	5.342334E-04	1.545399E-05
8.082300E+03	5.289329E-04	1.535826E-05
8.092278E+03	5.235314E-04	1.526606E-05
8.102256E+03	5.181211E-04	1.518014E-05
8.112234E+03	5.127757E-04	1.510250E-05
8.122212E+03	5.076297E-04	1.503673E-05
8.132191E+03	5.027322E-04	1.498394E-05
8.142169E+03	4.982095E-04	1.494762E-05
8.152147E+03	4.941011E-04	1.492876E-05
8.162125E+03	4.905024E-04	1.493014E-05
8.172103E+03	4.874853E-04	1.495392E-05
8.182081E+03	4.851198E-04	1.500231E-05
8.192059E+03	4.834766E-04	1.507769E-05
8.202038E+03	4.826088E-04	1.518198E-05
8.212016E+03	4.826327E-04	1.531924E-05
8.221994E+03	4.835915E-04	1.549138E-05
8.231972E+03	4.856145E-04	1.570318E-05
8.241950E+03	4.887596E-04	1.595733E-05
8.251928E+03	4.931530E-04	1.625889E-05
8.261906E+03	4.989100E-04	1.661280E-05
8.271885E+03	5.061543E-04	1.702447E-05
8.281863E+03	5.150177E-04	1.749985E-05
8.291841E+03	5.256390E-04	1.804535E-05
8.301819E+03	5.381625E-04	1.866783E-05
8.311797E+03	5.527127E-04	1.937376E-05
8.321775E+03	5.694853E-04	2.017235E-05
8.331753E+03	5.885805E-04	2.106975E-05
8.341732E+03	6.101910E-04	2.207568E-05
8.351710E+03	6.344014E-04	2.319624E-05
8.361688E+03	6.613861E-04	2.444107E-05
8.371666E+03	6.911954E-04	2.581551E-05
8.381644E+03	7.239388E-04	2.732724E-05
8.391622E+03	7.596702E-04	2.898209E-05
8.401600E+03	7.984119E-04	3.078477E-05
8.411579E+03	8.401829E-04	3.273998E-05
8.421557E+03	8.848502E-04	3.484653E-05
8.431535E+03	9.323404E-04	3.710539E-05
8.441513E+03	9.824917E-04	3.951392E-05
8.451491E+03	1.035087E-03	4.206698E-05
8.461469E+03	1.089801E-03	4.475474E-05
8.471448E+03	1.146394E-03	4.757030E-05
8.481426E+03	1.204426E-03	5.049798E-05
8.491404E+03	1.263441E-03	5.352079E-05
8.501382E+03	1.322927E-03	5.661856E-05
8.511360E+03	1.382321E-03	5.976790E-05
8.521338E+03	1.440944E-03	6.293955E-05
8.531316E+03	1.498274E-03	6.610990E-05
8.541295E+03	1.553568E-03	6.924454E-05
8.551273E+03	1.606056E-03	7.230661E-05
8.561251E+03	1.655188E-03	7.526773E-05
8.571229E+03	1.700212E-03	7.808928E-05
8.581207E+03	1.740486E-03	8.073637E-05
8.591185E+03	1.775339E-03	8.317142E-05
8.601163E+03	1.804420E-03	8.537084E-05
8.611142E+03	1.827230E-03	8.730307E-05
8.621120E+03	1.843368E-03	8.894039E-05
8.631098E+03	1.852812E-03	9.027268E-05
8.641076E+03	1.855411E-03	9.128322E-05
8.651054E+03	1.851223E-03	9.196542E-05
8.661032E+03	1.840347E-03	9.231458E-05
8.671010E+03	1.823262E-03	9.234539E-05
8.680989E+03	1.800285E-03	9.206510E-05
8.690967E+03	1.771913E-03	9.149058E-05
8.700945E+03	1.738710E-03	9.064322E-05
8.710923E+03	1.701209E-03	8.954360E-05
8.720901E+03	1.660222E-03	8.822824E-05
8.730879E+03	1.616323E-03	8.672231E-05
8.740858E+03	1.570162E-03	8.505623E-05
8.750836E+03	1.522371E-03	8.326059E-05
8.760814E+03	1.473548E-03	8.136543E-05
8.770792E+03	1.424248E-03	7.939962E-05
8.780770E+03	1.374981E-03	7.739049E-05
8.790748E+03	1.326204E-03	7.536352E-05
8.800726E+03	1.278387E-03	7.334594E-05
8.810705E+03	1.231751E-03	7.135151E-05
8.820683E+03	1.186666E-03	6.940318E-05
8.830661E+03	1.143389E-03	6.751801E-05
8.840639E+03	1.102188E-03	6.571413E-05
8.850617E+03	1.063122E-03	6.399769E-05
8.860595E+03	1.026436E-03	6.238653E-05
8.870573E+03	9.921232E-04	6.088357E-05
8.880552E+03	9.603537E-04	5.950281E-05
8.890530E+03	9.310536E-04	5.824352E-05
8.900508E+03	9.043092E-04	5.711498E-05
8.910486E+03	8.800066E-04	5.611401E-05
8.920464E+03	8.580348E-04	5.523745E-05
8.930442E+03	8.382653E-04	5.448077E-05
8.940420E+03	8.205618E-04	5.383871E-05
8.950399E+03	8.047904E-04	5.330591E-05
8.960377E+03	7.908241E-04	5.287716E-05
8.970355E+03	7.785429E-04	5.254750E-05
8.980333E+03	7.678793E-04	5.231526E-05
9.020246E+03	7.390035E-04	5.224867E-05
9.060158E+03	7.284614E-04	5.340998E-05
9.100071E+03	7.316420E-04	5.558519E-05
9.139983E+03	7.438285E-04	5.850706E-05
9.179896E+03	7.597604E-04	6.181572E-05
9.219809E+03	7.740254E-04	6.508245E-05
9.259721E+03	7.819740E-04	6.788603E-05
9.299634E+03	7.810531E-04	6.994212E-05
9.339546E+03	7.714011E-04	7.118699E-05
9.379459E+03	7.552809E-04	7.176075E-05
9.419372E+03	7.358621E-04	7.191757E-05
9.459284E+03	7.159320E-04	7.190848E-05
9.499197E+03	6.975142E-04	7.193660E-05
9.539109E+03	6.816538E-04	7.212362E-05
9.579022E+03	6.687966E-04	7.253761E-05
9.618935E+03	6.590486E-04	7.321358E-05
9.658847E+03	6.522859E-04	7.416132E-05
9.698760E+03	6.483740E-04	7.538791E-05
9.738672E+03	6.473080E-04	7.691408E-05
9.778585E+03	6.492313E-04	7.877820E-05
9.818497E+03	6.546022E-04	8.105866E-05
9.858410E+03	6.637838E-04	8.382584E-05
9.898323E+03	6.769606E-04	8.713005E-05
9.938235E+03	6.940018E-04	9.098133E-05
9.978148E+03	7.138782E-04	9.526785E-05
1.001806E+04	7.348303E-04	9.976823E-05
1.005797E+04	7.546123E-04	1.041774E-04
1.009789E+04	7.710885E-04	1.081853E-04
1.013780E+04	7.824428E-04	1.115088E-04
1.017771E+04	7.878633E-04	1.139950E-04
1.021762E+04	7.870923E-04	1.155667E-04
1.025754E+04	7.802274E-04	1.161987E-04
1.029745E+04	7.679715E-04	1.159595E-04
