#wls	flux	fluxerr
1.600000E+03	3.616042E-17	4.796408E-18
1.640000E+03	3.704303E-17	4.880771E-18
1.680000E+03	3.800121E-17	4.972648E-18
1.720000E+03	3.904206E-17	5.072682E-18
1.760000E+03	4.018970E-17	5.183669E-18
1.800000E+03	4.143640E-17	5.304226E-18
1.840000E+03	4.279070E-17	5.435045E-18
1.880000E+03	4.427922E-17	5.579053E-18
1.920000E+03	4.589424E-17	5.734753E-18
1.960000E+03	4.764491E-17	5.902753E-18
2.000000E+03	4.955960E-17	6.085957E-18
2.040000E+03	5.162846E-17	6.282475E-18
2.080000E+03	5.385888E-17	6.492509E-18
2.120000E+03	5.627814E-17	6.718574E-18
2.160000E+03	5.886957E-17	6.957839E-18
2.200000E+03	6.163324E-17	7.209475E-18
2.240000E+03	6.458899E-17	7.474916E-18
2.280000E+03	6.770458E-17	7.749497E-18
2.320000E+03	7.098931E-17	8.033397E-18
2.360000E+03	7.439409E-17	8.320176E-18
2.400000E+03	7.788465E-17	8.605277E-18
2.440000E+03	8.144610E-17	8.886419E-18
2.480000E+03	8.499739E-17	9.154265E-18
2.520000E+03	8.847633E-17	9.401932E-18
2.560000E+03	9.184775E-17	9.625739E-18
2.600000E+03	9.501490E-17	9.815859E-18
2.640000E+03	9.795823E-17	9.970936E-18
2.680000E+03	1.006288E-16	1.008682E-17
2.720000E+03	1.030819E-16	1.017001E-17
2.760000E+03	1.053257E-16	1.022209E-17
2.800000E+03	1.074154E-16	1.024917E-17
2.840000E+03	1.094504E-16	1.026113E-17
2.880000E+03	1.114631E-16	1.026107E-17
2.920000E+03	1.135589E-16	1.025847E-17
2.960000E+03	1.157704E-16	1.025562E-17
3.000000E+03	1.181639E-16	1.025752E-17
3.010000E+03	1.187888E-16	1.025844E-17
3.020000E+03	1.194678E-16	1.026323E-17
3.030000E+03	1.201263E-16	1.026546E-17
3.040000E+03	1.208411E-16	1.027166E-17
3.050000E+03	1.215373E-16	1.027543E-17
3.060000E+03	1.222916E-16	1.028325E-17
3.070000E+03	1.230289E-16	1.028875E-17
3.080000E+03	1.238267E-16	1.029839E-17
3.090000E+03	1.246474E-16	1.030898E-17
3.100000E+03	1.254535E-16	1.031739E-17
3.110000E+03	1.263230E-16	1.033003E-17
3.120000E+03	1.272185E-16	1.034376E-17
3.130000E+03	1.281012E-16	1.035541E-17
3.140000E+03	1.290507E-16	1.037138E-17
3.150000E+03	1.300286E-16	1.038852E-17
3.160000E+03	1.310360E-16	1.040685E-17
3.170000E+03	1.320735E-16	1.042640E-17
3.180000E+03	1.331422E-16	1.044719E-17
3.190000E+03	1.342022E-16	1.046606E-17
3.200000E+03	1.353355E-16	1.048939E-17
3.210000E+03	1.365026E-16	1.051401E-17
3.220000E+03	1.377042E-16	1.053993E-17
3.230000E+03	1.389415E-16	1.056719E-17
3.240000E+03	1.402153E-16	1.059578E-17
3.250000E+03	1.415265E-16	1.062573E-17
3.260000E+03	1.428760E-16	1.065704E-17
3.270000E+03	1.442649E-16	1.068972E-17
3.280000E+03	1.457372E-16	1.072696E-17
3.290000E+03	1.472079E-16	1.076241E-17
3.300000E+03	1.487209E-16	1.079927E-17
3.310000E+03	1.502774E-16	1.083754E-17
3.320000E+03	1.518783E-16	1.087722E-17
3.330000E+03	1.535246E-16	1.091831E-17
3.340000E+03	1.552629E-16	1.096404E-17
3.350000E+03	1.570040E-16	1.100801E-17
3.360000E+03	1.587941E-16	1.105341E-17
3.370000E+03	1.606809E-16	1.110347E-17
3.380000E+03	1.625729E-16	1.115177E-17
3.390000E+03	1.645174E-16	1.120151E-17
3.400000E+03	1.665637E-16	1.125593E-17
3.410000E+03	1.686175E-16	1.130856E-17
3.420000E+03	1.707766E-16	1.136588E-17
3.430000E+03	1.729449E-16	1.142138E-17
3.440000E+03	1.752218E-16	1.148157E-17
3.450000E+03	1.775094E-16	1.153989E-17
3.460000E+03	1.799092E-16	1.160289E-17
3.470000E+03	1.823208E-16	1.166395E-17
3.480000E+03	1.848479E-16	1.172963E-17
3.490000E+03	1.874405E-16	1.179661E-17
3.500000E+03	1.900463E-16	1.186152E-17
3.510000E+03	1.927721E-16	1.193093E-17
3.520000E+03	1.955659E-16	1.200148E-17
3.530000E+03	1.983731E-16	1.206972E-17
3.540000E+03	2.013040E-16	1.214229E-17
3.550000E+03	2.043047E-16	1.221577E-17
3.560000E+03	2.073751E-16	1.229004E-17
3.570000E+03	2.104579E-16	1.236162E-17
3.580000E+03	2.136685E-16	1.243721E-17
3.590000E+03	2.169501E-16	1.251333E-17
3.600000E+03	2.203035E-16	1.258992E-17
3.610000E+03	2.237299E-16	1.266692E-17
3.620000E+03	2.272309E-16	1.274431E-17
3.630000E+03	2.308082E-16	1.282207E-17
3.640000E+03	2.344639E-16	1.290020E-17
3.650000E+03	2.381357E-16	1.297517E-17
3.660000E+03	2.419534E-16	1.305398E-17
3.670000E+03	2.458558E-16	1.313311E-17
3.680000E+03	2.499115E-16	1.321608E-17
3.690000E+03	2.539892E-16	1.329574E-17
3.700000E+03	2.581565E-16	1.337558E-17
3.710000E+03	2.624151E-16	1.345553E-17
3.720000E+03	2.667661E-16	1.353552E-17
3.730000E+03	2.712106E-16	1.361544E-17
3.740000E+03	2.757499E-16	1.369522E-17
3.750000E+03	2.803845E-16	1.377474E-17
3.760000E+03	2.851151E-16	1.385387E-17
3.770000E+03	2.900186E-16	1.393616E-17
3.780000E+03	2.949435E-16	1.401415E-17
3.790000E+03	2.999653E-16	1.409136E-17
3.800000E+03	3.050838E-16	1.416762E-17
3.810000E+03	3.103797E-16	1.424651E-17
3.820000E+03	3.156919E-16	1.432043E-17
3.830000E+03	3.210996E-16	1.439294E-17
3.840000E+03	3.266020E-16	1.446384E-17
3.850000E+03	3.322838E-16	1.453673E-17
3.860000E+03	3.379736E-16	1.460391E-17
3.870000E+03	3.438430E-16	1.467273E-17
3.880000E+03	3.497152E-16	1.473547E-17
3.890000E+03	3.556755E-16	1.479570E-17
3.900000E+03	3.618144E-16	1.485703E-17
3.910000E+03	3.679467E-16	1.491170E-17
3.920000E+03	3.742562E-16	1.496711E-17
3.930000E+03	3.805519E-16	1.501547E-17
3.940000E+03	3.869251E-16	1.506042E-17
3.950000E+03	3.934722E-16	1.510557E-17
3.960000E+03	3.999935E-16	1.514315E-17
3.970000E+03	4.066856E-16	1.518058E-17
3.980000E+03	4.134465E-16	1.521391E-17
3.990000E+03	4.201679E-16	1.523918E-17
4.000000E+03	4.270547E-16	1.526383E-17
4.010000E+03	4.338922E-16	1.528014E-17
4.020000E+03	4.408905E-16	1.529555E-17
4.030000E+03	4.478288E-16	1.530237E-17
4.040000E+03	4.549229E-16	1.530804E-17
4.050000E+03	4.619457E-16	1.530493E-17
4.060000E+03	4.691188E-16	1.530048E-17
4.070000E+03	4.763252E-16	1.529083E-17
4.080000E+03	4.834421E-16	1.527221E-17
4.090000E+03	4.906995E-16	1.525203E-17
4.100000E+03	4.979757E-16	1.522653E-17
4.110000E+03	5.051427E-16	1.519201E-17
4.120000E+03	5.124388E-16	1.515586E-17
4.130000E+03	5.197371E-16	1.511440E-17
4.140000E+03	5.269051E-16	1.506406E-17
4.150000E+03	5.341890E-16	1.501218E-17
4.160000E+03	5.414569E-16	1.495518E-17
4.170000E+03	5.485712E-16	1.488963E-17
4.180000E+03	5.557860E-16	1.482281E-17
4.190000E+03	5.629646E-16	1.475128E-17
4.200000E+03	5.700996E-16	1.467524E-17
4.210000E+03	5.770465E-16	1.459143E-17
4.220000E+03	5.840697E-16	1.450705E-17
4.230000E+03	5.910255E-16	1.441887E-17
4.240000E+03	5.979057E-16	1.432720E-17
4.250000E+03	6.045595E-16	1.422902E-17
4.260000E+03	6.112603E-16	1.413141E-17
4.270000E+03	6.178584E-16	1.403140E-17
4.280000E+03	6.243443E-16	1.392940E-17
4.290000E+03	6.305615E-16	1.382267E-17
4.300000E+03	6.367924E-16	1.371817E-17
4.310000E+03	6.428814E-16	1.361317E-17
4.320000E+03	6.488186E-16	1.350824E-17
4.330000E+03	6.544430E-16	1.340087E-17
4.340000E+03	6.600456E-16	1.329791E-17
4.350000E+03	6.654670E-16	1.319688E-17
4.360000E+03	6.706978E-16	1.309845E-17
4.370000E+03	6.755752E-16	1.300037E-17
4.380000E+03	6.803996E-16	1.290932E-17
4.390000E+03	6.850116E-16	1.282306E-17
4.400000E+03	6.894073E-16	1.274237E-17
4.410000E+03	6.935850E-16	1.266806E-17
4.420000E+03	6.973874E-16	1.259807E-17
4.430000E+03	7.011304E-16	1.253891E-17
4.440000E+03	7.046595E-16	1.248845E-17
4.450000E+03	7.079781E-16	1.244741E-17
4.460000E+03	7.109306E-16	1.241365E-17
4.470000E+03	7.138398E-16	1.239331E-17
4.480000E+03	7.165520E-16	1.238376E-17
4.490000E+03	7.189133E-16	1.238208E-17
4.500000E+03	7.212501E-16	1.239355E-17
4.510000E+03	7.234092E-16	1.241512E-17
4.520000E+03	7.253978E-16	1.244641E-17
4.530000E+03	7.270630E-16	1.248426E-17
4.540000E+03	7.287329E-16	1.253371E-17
4.550000E+03	7.302548E-16	1.259151E-17
4.560000E+03	7.314763E-16	1.265435E-17
4.570000E+03	7.327259E-16	1.272722E-17
4.580000E+03	7.338513E-16	1.280679E-17
4.590000E+03	7.347006E-16	1.288970E-17
4.600000E+03	7.356019E-16	1.298097E-17
4.610000E+03	7.364035E-16	1.307725E-17
4.620000E+03	7.369537E-16	1.317515E-17
4.630000E+03	7.375802E-16	1.327983E-17
4.640000E+03	7.379725E-16	1.338505E-17
4.650000E+03	7.384569E-16	1.349608E-17
4.660000E+03	7.388825E-16	1.360960E-17
4.670000E+03	7.390993E-16	1.372225E-17
4.680000E+03	7.394321E-16	1.383947E-17
4.690000E+03	7.395730E-16	1.395500E-17
4.700000E+03	7.398457E-16	1.407442E-17
4.710000E+03	7.399433E-16	1.419146E-17
4.720000E+03	7.401884E-16	1.431185E-17
4.730000E+03	7.402749E-16	1.442927E-17
4.740000E+03	7.405242E-16	1.454959E-17
4.750000E+03	7.406314E-16	1.466648E-17
4.760000E+03	7.407608E-16	1.478283E-17
4.770000E+03	7.410758E-16	1.490160E-17
4.780000E+03	7.412726E-16	1.501644E-17
4.790000E+03	7.416698E-16	1.513352E-17
4.800000E+03	7.419643E-16	1.524644E-17
4.810000E+03	7.423190E-16	1.535827E-17
4.820000E+03	7.428956E-16	1.547220E-17
4.830000E+03	7.433923E-16	1.558176E-17
4.840000E+03	7.439708E-16	1.569015E-17
4.850000E+03	7.446381E-16	1.579735E-17
4.860000E+03	7.455552E-16	1.590667E-17
4.870000E+03	7.464209E-16	1.601157E-17
4.880000E+03	7.473961E-16	1.611534E-17
4.890000E+03	7.484876E-16	1.621804E-17
4.900000E+03	7.497018E-16	1.631969E-17
4.910000E+03	7.510454E-16	1.642037E-17
4.920000E+03	7.525246E-16	1.652012E-17
4.930000E+03	7.541461E-16	1.661901E-17
4.940000E+03	7.560697E-16	1.672052E-17
4.950000E+03	7.579946E-16	1.681793E-17
4.960000E+03	7.600804E-16	1.691470E-17
4.970000E+03	7.621792E-16	1.700747E-17
4.980000E+03	7.646051E-16	1.710319E-17
4.990000E+03	7.672103E-16	1.719851E-17
5.000000E+03	7.700006E-16	1.729352E-17
5.010000E+03	7.729820E-16	1.738829E-17
5.020000E+03	7.761603E-16	1.748291E-17
5.030000E+03	7.795414E-16	1.757745E-17
5.040000E+03	7.829748E-16	1.766847E-17
5.050000E+03	7.867781E-16	1.776308E-17
5.060000E+03	7.908012E-16	1.785784E-17
5.070000E+03	7.948918E-16	1.794925E-17
5.080000E+03	7.993703E-16	1.804451E-17
5.090000E+03	8.040849E-16	1.814011E-17
5.100000E+03	8.088809E-16	1.823252E-17
5.110000E+03	8.140825E-16	1.832898E-17
5.120000E+03	8.193741E-16	1.842232E-17
5.130000E+03	8.250826E-16	1.851983E-17
5.140000E+03	8.308889E-16	1.861428E-17
5.150000E+03	8.369588E-16	1.870933E-17
5.160000E+03	8.434616E-16	1.880870E-17
5.170000E+03	8.500725E-16	1.890506E-17
5.180000E+03	8.569591E-16	1.900209E-17
5.190000E+03	8.642934E-16	1.910354E-17
5.200000E+03	8.717435E-16	1.920198E-17
5.210000E+03	8.794796E-16	1.930112E-17
5.220000E+03	8.875046E-16	1.940098E-17
5.230000E+03	8.958210E-16	1.950155E-17
5.240000E+03	9.044312E-16	1.960283E-17
5.250000E+03	9.133370E-16	1.970481E-17
5.260000E+03	9.225404E-16	1.980749E-17
5.270000E+03	9.320422E-16	1.991087E-17
5.280000E+03	9.418436E-16	2.001493E-17
5.290000E+03	9.519449E-16	2.011968E-17
5.300000E+03	9.623473E-16	2.022513E-17
5.310000E+03	9.730484E-16	2.033126E-17
5.320000E+03	9.838617E-16	2.043421E-17
5.330000E+03	9.951576E-16	2.054174E-17
5.340000E+03	1.006750E-15	2.065004E-17
5.350000E+03	1.018442E-15	2.075517E-17
5.360000E+03	1.030616E-15	2.086505E-17
5.370000E+03	1.043077E-15	2.097581E-17
5.380000E+03	1.055619E-15	2.108351E-17
5.390000E+03	1.068432E-15	2.119218E-17
5.400000E+03	1.081715E-15	2.130595E-17
5.410000E+03	1.095053E-15	2.141689E-17
5.420000E+03	1.108849E-15	2.153317E-17
5.430000E+03	1.122676E-15	2.164683E-17
5.440000E+03	1.136730E-15	2.176204E-17
5.450000E+03	1.151001E-15	2.187903E-17
5.460000E+03	1.165476E-15	2.199799E-17
5.470000E+03	1.180144E-15	2.211921E-17
5.480000E+03	1.194995E-15	2.224302E-17
5.490000E+03	1.210021E-15	2.236986E-17
5.500000E+03	1.225219E-15	2.250026E-17
5.510000E+03	1.240586E-15	2.263487E-17
5.520000E+03	1.256129E-15	2.277447E-17
5.530000E+03	1.271855E-15	2.291991E-17
5.540000E+03	1.287771E-15	2.307208E-17
5.550000E+03	1.303647E-15	2.322768E-17
5.560000E+03	1.319975E-15	2.339629E-17
5.570000E+03	1.336279E-15	2.357030E-17
5.580000E+03	1.353064E-15	2.375948E-17
5.590000E+03	1.369843E-15	2.395614E-17
5.600000E+03	1.387127E-15	2.417015E-17
5.610000E+03	1.404421E-15	2.439374E-17
5.620000E+03	1.422245E-15	2.463687E-17
5.630000E+03	1.440090E-15	2.489115E-17
5.640000E+03	1.458220E-15	2.516100E-17
5.650000E+03	1.476640E-15	2.544629E-17
5.660000E+03	1.495355E-15	2.574681E-17
5.670000E+03	1.514369E-15	2.606228E-17
5.680000E+03	1.533684E-15	2.639240E-17
5.690000E+03	1.553301E-15	2.673674E-17
5.700000E+03	1.573220E-15	2.709485E-17
5.710000E+03	1.593441E-15	2.746622E-17
5.720000E+03	1.613962E-15	2.785029E-17
5.730000E+03	1.634776E-15	2.824639E-17
5.740000E+03	1.655580E-15	2.864865E-17
5.750000E+03	1.676963E-15	2.906664E-17
5.760000E+03	1.698617E-15	2.949439E-17
5.770000E+03	1.720220E-15	2.992563E-17
5.780000E+03	1.742063E-15	3.036467E-17
5.790000E+03	1.764447E-15	3.081605E-17
5.800000E+03	1.786724E-15	3.126770E-17
5.810000E+03	1.809510E-15	3.172964E-17
5.820000E+03	1.832137E-15	3.218938E-17
5.830000E+03	1.854900E-15	3.265127E-17
5.840000E+03	1.877772E-15	3.311402E-17
5.850000E+03	1.900721E-15	3.357625E-17
5.860000E+03	1.923716E-15	3.403656E-17
5.870000E+03	1.946720E-15	3.449346E-17
5.880000E+03	1.969695E-15	3.494540E-17
5.890000E+03	1.992601E-15	3.539083E-17
5.900000E+03	2.015035E-15	3.582174E-17
5.910000E+03	2.037668E-15	3.624917E-17
5.920000E+03	2.060096E-15	3.666512E-17
5.930000E+03	2.081899E-15	3.706126E-17
5.940000E+03	2.103765E-15	3.744901E-17
5.950000E+03	2.124896E-15	3.781334E-17
5.960000E+03	2.145990E-15	3.816590E-17
5.970000E+03	2.166234E-15	3.849145E-17
5.980000E+03	2.185950E-15	3.879498E-17
5.990000E+03	2.205471E-15	3.908171E-17
6.000000E+03	2.223964E-15	3.933621E-17
6.010000E+03	2.241761E-15	3.956371E-17
6.020000E+03	2.258804E-15	3.976267E-17
6.030000E+03	2.275040E-15	3.993162E-17
6.040000E+03	2.290414E-15	4.006913E-17
6.050000E+03	2.304874E-15	4.017392E-17
6.060000E+03	2.318372E-15	4.024478E-17
6.070000E+03	2.330446E-15	4.027351E-17
6.080000E+03	2.341871E-15	4.027337E-17
6.090000E+03	2.352196E-15	4.023640E-17
6.100000E+03	2.360968E-15	4.015489E-17
6.110000E+03	2.368980E-15	4.004246E-17
6.120000E+03	2.375369E-15	3.988461E-17
6.130000E+03	2.380523E-15	3.968826E-17
6.140000E+03	2.384838E-15	3.946029E-17
6.150000E+03	2.387462E-15	3.918701E-17
6.160000E+03	2.388798E-15	3.887568E-17
6.170000E+03	2.388840E-15	3.852684E-17
6.180000E+03	2.387585E-15	3.814121E-17
6.190000E+03	2.385036E-15	3.771964E-17
6.200000E+03	2.381205E-15	3.726326E-17
6.210000E+03	2.376103E-15	3.677326E-17
6.220000E+03	2.369753E-15	3.625110E-17
6.230000E+03	2.362179E-15	3.569835E-17
6.240000E+03	2.353000E-15	3.511060E-17
6.250000E+03	2.343075E-15	3.450210E-17
6.260000E+03	2.332029E-15	3.386860E-17
6.270000E+03	2.319499E-15	3.320642E-17
6.280000E+03	2.306342E-15	3.252951E-17
6.290000E+03	2.291800E-15	3.182873E-17
6.300000E+03	2.276327E-15	3.111231E-17
6.310000E+03	2.259976E-15	3.038274E-17
6.320000E+03	2.243192E-15	2.964777E-17
6.330000E+03	2.225247E-15	2.889963E-17
6.340000E+03	2.206588E-15	2.814629E-17
6.350000E+03	2.187274E-15	2.739056E-17
6.360000E+03	2.167357E-15	2.663523E-17
6.370000E+03	2.146894E-15	2.588320E-17
6.380000E+03	2.125568E-15	2.513302E-17
6.390000E+03	2.104172E-15	2.439649E-17
6.400000E+03	2.082381E-15	2.367215E-17
6.410000E+03	2.059884E-15	2.295903E-17
6.420000E+03	2.037441E-15	2.226831E-17
6.430000E+03	2.014380E-15	2.159522E-17
6.440000E+03	1.991436E-15	2.095048E-17
6.450000E+03	1.967946E-15	2.032981E-17
6.460000E+03	1.944285E-15	1.974004E-17
6.470000E+03	1.920805E-15	1.918750E-17
6.480000E+03	1.896859E-15	1.866844E-17
6.490000E+03	1.872805E-15	1.818913E-17
6.500000E+03	1.848669E-15	1.775230E-17
6.510000E+03	1.824483E-15	1.736049E-17
6.520000E+03	1.800292E-15	1.701603E-17
6.530000E+03	1.776149E-15	1.672089E-17
6.540000E+03	1.752103E-15	1.647655E-17
6.550000E+03	1.727905E-15	1.628113E-17
6.560000E+03	1.704209E-15	1.614050E-17
6.570000E+03	1.680773E-15	1.604992E-17
6.580000E+03	1.657380E-15	1.600349E-17
6.590000E+03	1.634672E-15	1.600340E-17
6.600000E+03	1.612147E-15	1.604063E-17
6.610000E+03	1.590152E-15	1.611443E-17
6.620000E+03	1.569014E-15	1.622419E-17
6.630000E+03	1.548234E-15	1.636102E-17
6.640000E+03	1.528129E-15	1.652459E-17
6.650000E+03	1.508735E-15	1.671206E-17
6.660000E+03	1.490086E-15	1.692087E-17
6.670000E+03	1.472207E-15	1.714873E-17
6.680000E+03	1.455121E-15	1.739364E-17
6.690000E+03	1.438846E-15	1.765389E-17
6.700000E+03	1.423402E-15	1.792806E-17
6.710000E+03	1.408801E-15	1.821497E-17
6.720000E+03	1.394816E-15	1.851049E-17
6.730000E+03	1.381939E-15	1.882025E-17
6.740000E+03	1.369702E-15	1.913728E-17
6.750000E+03	1.358586E-15	1.946779E-17
6.760000E+03	1.348128E-15	1.980494E-17
6.770000E+03	1.338800E-15	2.015545E-17
6.780000E+03	1.330143E-15	2.051252E-17
6.790000E+03	1.322395E-15	2.087975E-17
6.800000E+03	1.315559E-15	2.125742E-17
6.810000E+03	1.309864E-15	2.164964E-17
6.820000E+03	1.304860E-15	2.204941E-17
6.830000E+03	1.300776E-15	2.246091E-17
6.840000E+03	1.297615E-15	2.288467E-17
6.850000E+03	1.295154E-15	2.331724E-17
6.860000E+03	1.293844E-15	2.376722E-17
6.870000E+03	1.293461E-15	2.423129E-17
6.880000E+03	1.294007E-15	2.471010E-17
6.890000E+03	1.295257E-15	2.519996E-17
6.900000E+03	1.297661E-15	2.571018E-17
6.910000E+03	1.300994E-15	2.623715E-17
6.920000E+03	1.305030E-15	2.677690E-17
6.930000E+03	1.310221E-15	2.733929E-17
6.940000E+03	1.316110E-15	2.791554E-17
6.950000E+03	1.322922E-15	2.851091E-17
6.960000E+03	1.330655E-15	2.912601E-17
6.970000E+03	1.339537E-15	2.976656E-17
6.980000E+03	1.349100E-15	3.042281E-17
6.990000E+03	1.359571E-15	3.110035E-17
7.000000E+03	1.370941E-15	3.179956E-17
7.010000E+03	1.383206E-15	3.252084E-17
7.020000E+03	1.396354E-15	3.326449E-17
7.030000E+03	1.410377E-15	3.403077E-17
7.040000E+03	1.425014E-15	3.481376E-17
7.050000E+03	1.440745E-15	3.562557E-17
7.060000E+03	1.457311E-15	3.646031E-17
7.070000E+03	1.474694E-15	3.731786E-17
7.080000E+03	1.492614E-15	3.819143E-17
7.090000E+03	1.511568E-15	3.909392E-17
7.100000E+03	1.531008E-15	4.001142E-17
7.110000E+03	1.551169E-15	4.095017E-17
7.120000E+03	1.572297E-15	4.191686E-17
7.130000E+03	1.593815E-15	4.289626E-17
7.140000E+03	1.615962E-15	4.389475E-17
7.150000E+03	1.638988E-15	4.491917E-17
7.160000E+03	1.662285E-15	4.595294E-17
7.170000E+03	1.686097E-15	4.700253E-17
7.180000E+03	1.710379E-15	4.806661E-17
7.190000E+03	1.735087E-15	4.914371E-17
7.200000E+03	1.760173E-15	5.023230E-17
7.210000E+03	1.785588E-15	5.133072E-17
7.220000E+03	1.810963E-15	5.242797E-17
7.230000E+03	1.836877E-15	5.354041E-17
7.240000E+03	1.862961E-15	5.465706E-17
7.250000E+03	1.889161E-15	5.577589E-17
7.260000E+03	1.915085E-15	5.688485E-17
7.270000E+03	1.941344E-15	5.800153E-17
7.280000E+03	1.967205E-15	5.910357E-17
7.290000E+03	1.993300E-15	6.020942E-17
7.300000E+03	2.018877E-15	6.129581E-17
7.310000E+03	2.044590E-15	6.238200E-17
7.320000E+03	2.069669E-15	6.344398E-17
7.330000E+03	2.094419E-15	6.449045E-17
7.340000E+03	2.118795E-15	6.551935E-17
7.350000E+03	2.143131E-15	6.654052E-17
7.360000E+03	2.166631E-15	6.752871E-17
7.370000E+03	2.189632E-15	6.849373E-17
7.380000E+03	2.212101E-15	6.943395E-17
7.390000E+03	2.234005E-15	7.034784E-17
7.400000E+03	2.255320E-15	7.123407E-17
7.410000E+03	2.276026E-15	7.209145E-17
7.420000E+03	2.295695E-15	7.290598E-17
7.430000E+03	2.315129E-15	7.370253E-17
7.440000E+03	2.333914E-15	7.446759E-17
7.450000E+03	2.352047E-15	7.520065E-17
7.460000E+03	2.369104E-15	7.588771E-17
7.470000E+03	2.385932E-15	7.655551E-17
7.480000E+03	2.401688E-15	7.717672E-17
7.490000E+03	2.417238E-15	7.777883E-17
7.500000E+03	2.431728E-15	7.833416E-17
7.510000E+03	2.446039E-15	7.887078E-17
7.520000E+03	2.459304E-15	7.936057E-17
7.530000E+03	2.471967E-15	7.981762E-17
7.540000E+03	2.484475E-15	8.025629E-17
7.550000E+03	2.495942E-15	8.064780E-17
7.560000E+03	2.506818E-15	8.100662E-17
7.570000E+03	2.517107E-15	8.133277E-17
7.580000E+03	2.526814E-15	8.162644E-17
7.590000E+03	2.535947E-15	8.188783E-17
7.600000E+03	2.544514E-15	8.211719E-17
7.610000E+03	2.552523E-15	8.231490E-17
7.620000E+03	2.559984E-15	8.248128E-17
7.630000E+03	2.566909E-15	8.261685E-17
7.640000E+03	2.573309E-15	8.272207E-17
7.650000E+03	2.579196E-15	8.279749E-17
7.660000E+03	2.584586E-15	8.284374E-17
7.670000E+03	2.589020E-15	8.284632E-17
7.680000E+03	2.593455E-15	8.283611E-17
7.690000E+03	2.597434E-15	8.279869E-17
7.700000E+03	2.600502E-15	8.271981E-17
7.710000E+03	2.603620E-15	8.263032E-17
7.720000E+03	2.605856E-15	8.250091E-17
7.730000E+03	2.608177E-15	8.236251E-17
7.740000E+03	2.609647E-15	8.218583E-17
7.750000E+03	2.611236E-15	8.200182E-17
7.760000E+03	2.612004E-15	8.178123E-17
7.770000E+03	2.612445E-15	8.153998E-17
7.780000E+03	2.613055E-15	8.129386E-17
7.790000E+03	2.612891E-15	8.101383E-17
7.800000E+03	2.612445E-15	8.071569E-17
7.810000E+03	2.611733E-15	8.040029E-17
7.820000E+03	2.610769E-15	8.006848E-17
7.830000E+03	2.609566E-15	7.972106E-17
7.840000E+03	2.608138E-15	7.935891E-17
7.850000E+03	2.606497E-15	7.898282E-17
7.860000E+03	2.604655E-15	7.859358E-17
7.870000E+03	2.602625E-15	7.819205E-17
7.880000E+03	2.600418E-15	7.777898E-17
7.890000E+03	2.598046E-15	7.735522E-17
7.900000E+03	2.595520E-15	7.692154E-17
7.910000E+03	2.592852E-15	7.647878E-17
7.920000E+03	2.590055E-15	7.602780E-17
7.930000E+03	2.586659E-15	7.555534E-17
7.940000E+03	2.583647E-15	7.509069E-17
7.950000E+03	2.580550E-15	7.462058E-17
7.960000E+03	2.576909E-15	7.413222E-17
7.970000E+03	2.573713E-15	7.365466E-17
7.980000E+03	2.570021E-15	7.316137E-17
7.990000E+03	2.566831E-15	7.268131E-17
8.000000E+03	2.563698E-15	7.220218E-17
8.010000E+03	2.560177E-15	7.171196E-17
8.020000E+03	2.556793E-15	7.122598E-17
8.030000E+03	2.554074E-15	7.075923E-17
8.040000E+03	2.551087E-15	7.028622E-17
8.050000E+03	2.548811E-15	6.983428E-17
8.060000E+03	2.546278E-15	6.937661E-17
8.070000E+03	2.543963E-15	6.892612E-17
8.080000E+03	2.541859E-15	6.848240E-17
8.090000E+03	2.540448E-15	6.805813E-17
8.100000E+03	2.538761E-15	6.762715E-17
8.110000E+03	2.537287E-15	6.720244E-17
8.120000E+03	2.536033E-15	6.678403E-17
8.130000E+03	2.535012E-15	6.637210E-17
8.140000E+03	2.534234E-15	6.596678E-17
8.150000E+03	2.533713E-15	6.556832E-17
8.160000E+03	2.533466E-15	6.517704E-17
8.170000E+03	2.533508E-15	6.479321E-17
8.180000E+03	2.533851E-15	6.441711E-17
8.190000E+03	2.534509E-15	6.404899E-17
8.200000E+03	2.535496E-15	6.368917E-17
8.210000E+03	2.536821E-15	6.333787E-17
8.220000E+03	2.538493E-15	6.299529E-17
8.230000E+03	2.540516E-15	6.266161E-17
8.240000E+03	2.542896E-15	6.233701E-17
8.250000E+03	2.545137E-15	6.200953E-17
8.260000E+03	2.548228E-15	6.170347E-17
8.270000E+03	2.551669E-15	6.140675E-17
8.280000E+03	2.555451E-15	6.111943E-17
8.290000E+03	2.559064E-15	6.082960E-17
8.300000E+03	2.563493E-15	6.056111E-17
8.310000E+03	2.568222E-15	6.030201E-17
8.320000E+03	2.572724E-15	6.004047E-17
8.330000E+03	2.577984E-15	5.980002E-17
8.340000E+03	2.582963E-15	5.955711E-17
8.350000E+03	2.588645E-15	5.933515E-17
8.360000E+03	2.593975E-15	5.911062E-17
8.370000E+03	2.599943E-15	5.890692E-17
8.380000E+03	2.605476E-15	5.870059E-17
8.390000E+03	2.611564E-15	5.851497E-17
8.400000E+03	2.617124E-15	5.832678E-17
8.410000E+03	2.623146E-15	5.815926E-17
8.420000E+03	2.628531E-15	5.798923E-17
8.430000E+03	2.633746E-15	5.782837E-17
8.440000E+03	2.639262E-15	5.768834E-17
8.450000E+03	2.643963E-15	5.754615E-17
8.460000E+03	2.648314E-15	5.741349E-17
8.470000E+03	2.652783E-15	5.730208E-17
8.480000E+03	2.656241E-15	5.718906E-17
8.490000E+03	2.659152E-15	5.708618E-17
8.500000E+03	2.661452E-15	5.699372E-17
8.510000E+03	2.663612E-15	5.692342E-17
8.520000E+03	2.664489E-15	5.685254E-17
8.530000E+03	2.664555E-15	5.679283E-17
8.540000E+03	2.663745E-15	5.674456E-17
8.550000E+03	2.661997E-15	5.670795E-17
8.560000E+03	2.659251E-15	5.668319E-17
8.570000E+03	2.655449E-15	5.667044E-17
8.580000E+03	2.651079E-15	5.668138E-17
8.590000E+03	2.645004E-15	5.669285E-17
8.600000E+03	2.637720E-15	5.671636E-17
8.610000E+03	2.629187E-15	5.675178E-17
8.620000E+03	2.619363E-15	5.679880E-17
8.630000E+03	2.608220E-15	5.685709E-17
8.640000E+03	2.595729E-15	5.692609E-17
8.650000E+03	2.581869E-15	5.700521E-17
8.660000E+03	2.566625E-15	5.709363E-17
8.670000E+03	2.549988E-15	5.718973E-17
8.680000E+03	2.531954E-15	5.729088E-17
8.690000E+03	2.512003E-15	5.738248E-17
8.700000E+03	2.491194E-15	5.748570E-17
8.710000E+03	2.469016E-15	5.758590E-17
8.720000E+03	2.445488E-15	5.768032E-17
8.730000E+03	2.420637E-15	5.776632E-17
8.740000E+03	2.394494E-15	5.784125E-17
8.750000E+03	2.367095E-15	5.790258E-17
8.760000E+03	2.337987E-15	5.793560E-17
8.770000E+03	2.308207E-15	5.796241E-17
8.780000E+03	2.277305E-15	5.796858E-17
8.790000E+03	2.245332E-15	5.795206E-17
8.800000E+03	2.212342E-15	5.791085E-17
8.810000E+03	2.177925E-15	5.783083E-17
8.820000E+03	2.143075E-15	5.773500E-17
8.830000E+03	2.107379E-15	5.760953E-17
8.840000E+03	2.070896E-15	5.745306E-17
8.850000E+03	2.033250E-15	5.725213E-17
8.860000E+03	1.995380E-15	5.703026E-17
8.870000E+03	1.956901E-15	5.677429E-17
8.880000E+03	1.917462E-15	5.647133E-17
8.890000E+03	1.877959E-15	5.614534E-17
8.900000E+03	1.838037E-15	5.578386E-17
8.910000E+03	1.797371E-15	5.537492E-17
8.920000E+03	1.756827E-15	5.494314E-17
8.930000E+03	1.716093E-15	5.447749E-17
8.940000E+03	1.674902E-15	5.396783E-17
8.950000E+03	1.634092E-15	5.343978E-17
8.960000E+03	1.593386E-15	5.288362E-17
8.970000E+03	1.552541E-15	5.229022E-17
8.980000E+03	1.512329E-15	5.168488E-17
8.990000E+03	1.472484E-15	5.105834E-17
9.000000E+03	1.432759E-15	5.040170E-17
9.040000E+03	1.280142E-15	4.765175E-17
9.080000E+03	1.138794E-15	4.476956E-17
9.120000E+03	1.009688E-15	4.183625E-17
9.160000E+03	8.935627E-16	3.894093E-17
9.200000E+03	7.901645E-16	3.614129E-17
9.240000E+03	6.988014E-16	3.347729E-17
9.280000E+03	6.185339E-16	3.097439E-17
9.320000E+03	5.483098E-16	2.864657E-17
9.360000E+03	4.870522E-16	2.649906E-17
9.400000E+03	4.338206E-16	2.453643E-17
9.440000E+03	3.874211E-16	2.274081E-17
9.480000E+03	3.470760E-16	2.110965E-17
9.520000E+03	3.119842E-16	1.963227E-17
9.560000E+03	2.815054E-16	1.830157E-17
9.600000E+03	2.548735E-16	1.709637E-17
9.640000E+03	2.316814E-16	1.601376E-17
9.680000E+03	2.113410E-16	1.503428E-17
9.720000E+03	1.935615E-16	1.415520E-17
9.760000E+03	1.779406E-16	1.336279E-17
9.800000E+03	1.641830E-16	1.264813E-17
9.840000E+03	1.520360E-16	1.200311E-17
9.880000E+03	1.413202E-16	1.142341E-17
9.920000E+03	1.317741E-16	1.089633E-17
9.960000E+03	1.233115E-16	1.042185E-17
1.000000E+04	1.157600E-16	9.991750E-18
1.004000E+04	1.090033E-16	9.601333E-18
1.008000E+04	1.029417E-16	9.246424E-18
1.012000E+04	9.751585E-17	8.925760E-18
1.016000E+04	9.262232E-17	8.633428E-18
1.020000E+04	8.819718E-17	8.366486E-18
1.024000E+04	8.418506E-17	8.122305E-18
1.028000E+04	8.056097E-17	7.900805E-18
1.032000E+04	7.725845E-17	7.697547E-18
