#wls	flux	fluxerr
1.595708E+03	4.095258E-20	1.470972E-21
1.635600E+03	4.357529E-20	1.563829E-21
1.675493E+03	4.577213E-20	1.641212E-21
1.715386E+03	4.743046E-20	1.699121E-21
1.755278E+03	4.847303E-20	1.734838E-21
1.795171E+03	4.864763E-20	1.739405E-21
1.835064E+03	4.778712E-20	1.706937E-21
1.874956E+03	4.567316E-20	1.629758E-21
1.914849E+03	4.226408E-20	1.506524E-21
1.954742E+03	3.768199E-20	1.341738E-21
1.994634E+03	3.240869E-20	1.152687E-21
2.034527E+03	2.725559E-20	9.682945E-22
2.074420E+03	2.309851E-20	8.196410E-22
2.114312E+03	2.066156E-20	7.322781E-22
2.154205E+03	2.035941E-20	7.206702E-22
2.194098E+03	2.242773E-20	7.928656E-22
2.233991E+03	2.705638E-20	9.552375E-22
2.273883E+03	3.436754E-20	1.211717E-21
2.313776E+03	4.431526E-20	1.560274E-21
2.353669E+03	5.663789E-20	1.991280E-21
2.393561E+03	7.099269E-20	2.492295E-21
2.433454E+03	8.697514E-20	3.048762E-21
2.473347E+03	1.042536E-19	3.648750E-21
2.513239E+03	1.225894E-19	4.283629E-21
2.553132E+03	1.418367E-19	4.948053E-21
2.593025E+03	1.619269E-19	5.639384E-21
2.632917E+03	1.828984E-19	6.358723E-21
2.672810E+03	2.046896E-19	7.103666E-21
2.712703E+03	2.274635E-19	7.879597E-21
2.752596E+03	2.512504E-19	8.687270E-21
2.792488E+03	2.762134E-19	9.531989E-21
2.832381E+03	3.023960E-19	1.041489E-20
2.872274E+03	3.299081E-19	1.133935E-20
2.912166E+03	3.588654E-19	1.230892E-20
2.952059E+03	3.894811E-19	1.333042E-20
2.991952E+03	4.217996E-19	1.440483E-20
3.001925E+03	4.301950E-19	1.468333E-20
3.011898E+03	4.387018E-19	1.496526E-20
3.021871E+03	4.473215E-19	1.525066E-20
3.031844E+03	4.560880E-19	1.554068E-20
3.041818E+03	4.650926E-19	1.583841E-20
3.051791E+03	4.744655E-19	1.614827E-20
3.061764E+03	4.842951E-19	1.647324E-20
3.071737E+03	4.943400E-19	1.680508E-20
3.081710E+03	5.048046E-19	1.715073E-20
3.091683E+03	5.154423E-19	1.750177E-20
3.101657E+03	5.264675E-19	1.786547E-20
3.111630E+03	5.377488E-19	1.823735E-20
3.121603E+03	5.492705E-19	1.861685E-20
3.131576E+03	5.610182E-19	1.900347E-20
3.141549E+03	5.729781E-19	1.939671E-20
3.151522E+03	5.851373E-19	1.979614E-20
3.161496E+03	5.974836E-19	2.020131E-20
3.171469E+03	6.101404E-19	2.061638E-20
3.181442E+03	6.228308E-19	2.103198E-20
3.191415E+03	6.358157E-19	2.145690E-20
3.201388E+03	6.488116E-19	2.188156E-20
3.211361E+03	6.620901E-19	2.231510E-20
3.221335E+03	6.755049E-19	2.275258E-20
3.231308E+03	6.890500E-19	2.319378E-20
3.241281E+03	7.027187E-19	2.363845E-20
3.251254E+03	7.165074E-19	2.408647E-20
3.261227E+03	7.304104E-19	2.453763E-20
3.271200E+03	7.445822E-19	2.499710E-20
3.281174E+03	7.587076E-19	2.545430E-20
3.291147E+03	7.731009E-19	2.591974E-20
3.301120E+03	7.874392E-19	2.638258E-20
3.311093E+03	8.020478E-19	2.685372E-20
3.321066E+03	8.167644E-19	2.732771E-20
3.331040E+03	8.315898E-19	2.780455E-20
3.341013E+03	8.465238E-19	2.828423E-20
3.350986E+03	8.615687E-19	2.876680E-20
3.360959E+03	8.769050E-19	2.925828E-20
3.370932E+03	8.921793E-19	2.974686E-20
3.380905E+03	9.075715E-19	3.023853E-20
3.390879E+03	9.232711E-19	3.073958E-20
3.400852E+03	9.391005E-19	3.124407E-20
3.410825E+03	9.548735E-19	3.174581E-20
3.420798E+03	9.709740E-19	3.225754E-20
3.430771E+03	9.872185E-19	3.277313E-20
3.440744E+03	1.003613E-18	3.329276E-20
3.450718E+03	1.020162E-18	3.381659E-20
3.460691E+03	1.037076E-18	3.435156E-20
3.470664E+03	1.053957E-18	3.488447E-20
3.480637E+03	1.071222E-18	3.542904E-20
3.490610E+03	1.088462E-18	3.597181E-20
3.500583E+03	1.106104E-18	3.652683E-20
3.510557E+03	1.123948E-18	3.708748E-20
3.520530E+03	1.142001E-18	3.765395E-20
3.530503E+03	1.160272E-18	3.822652E-20
3.540476E+03	1.178768E-18	3.880540E-20
3.550449E+03	1.197498E-18	3.939084E-20
3.560422E+03	1.216470E-18	3.998311E-20
3.570396E+03	1.235927E-18	4.059012E-20
3.580369E+03	1.255413E-18	4.119693E-20
3.590342E+03	1.275407E-18	4.181915E-20
3.600315E+03	1.295445E-18	4.244158E-20
3.610288E+03	1.316014E-18	4.308013E-20
3.620261E+03	1.336885E-18	4.372730E-20
3.630235E+03	1.358070E-18	4.438338E-20
3.640208E+03	1.379577E-18	4.504865E-20
3.650181E+03	1.401417E-18	4.572340E-20
3.660154E+03	1.423857E-18	4.641631E-20
3.670127E+03	1.446395E-18	4.711099E-20
3.680101E+03	1.469559E-18	4.782460E-20
3.690074E+03	1.492837E-18	4.854037E-20
3.700047E+03	1.516768E-18	4.927589E-20
3.710020E+03	1.541100E-18	5.002282E-20
3.719993E+03	1.565844E-18	5.078153E-20
3.729966E+03	1.591010E-18	5.155228E-20
3.739940E+03	1.616609E-18	5.233538E-20
3.749913E+03	1.642653E-18	5.313116E-20
3.759886E+03	1.669152E-18	5.393990E-20
3.769859E+03	1.696411E-18	5.477142E-20
3.779832E+03	1.723858E-18	5.560715E-20
3.789805E+03	1.752096E-18	5.646652E-20
3.799779E+03	1.780842E-18	5.734032E-20
3.809752E+03	1.809799E-18	5.821894E-20
3.819725E+03	1.839592E-18	5.912247E-20
3.829698E+03	1.869929E-18	6.004141E-20
3.839671E+03	1.900822E-18	6.097607E-20
3.849644E+03	1.932607E-18	6.193718E-20
3.859618E+03	1.964651E-18	6.290437E-20
3.869591E+03	1.997288E-18	6.388830E-20
3.879564E+03	2.030866E-18	6.490000E-20
3.889537E+03	2.064729E-18	6.591844E-20
3.899510E+03	2.099566E-18	6.696556E-20
3.909483E+03	2.135056E-18	6.803100E-20
3.919457E+03	2.170856E-18	6.910375E-20
3.929430E+03	2.207683E-18	7.020663E-20
3.939403E+03	2.245201E-18	7.132882E-20
3.949376E+03	2.283424E-18	7.247066E-20
3.959349E+03	2.322738E-18	7.364432E-20
3.969323E+03	2.362414E-18	7.482661E-20
3.979296E+03	2.402837E-18	7.602962E-20
3.989269E+03	2.444407E-18	7.726592E-20
3.999242E+03	2.486368E-18	7.851154E-20
4.009215E+03	2.529514E-18	7.979143E-20
4.019188E+03	2.573071E-18	8.108108E-20
4.029162E+03	2.617853E-18	8.240604E-20
4.039135E+03	2.663478E-18	8.375415E-20
4.049108E+03	2.709961E-18	8.512582E-20
4.059081E+03	2.757316E-18	8.652135E-20
4.069054E+03	2.805561E-18	8.794119E-20
4.079027E+03	2.854709E-18	8.938568E-20
4.089001E+03	2.904778E-18	9.085523E-20
4.098974E+03	2.956232E-18	9.236421E-20
4.108947E+03	3.008196E-18	9.388518E-20
4.118920E+03	3.061589E-18	9.544672E-20
4.128893E+03	3.115515E-18	9.702072E-20
4.138866E+03	3.170916E-18	9.863643E-20
4.148840E+03	3.226870E-18	1.002650E-19
4.158813E+03	3.284348E-18	1.019366E-19
4.168786E+03	3.342894E-18	1.036367E-19
4.178759E+03	3.402527E-18	1.053659E-19
4.188732E+03	3.463265E-18	1.071246E-19
4.198705E+03	3.525125E-18	1.089132E-19
4.208679E+03	3.588128E-18	1.107322E-19
4.218652E+03	3.652293E-18	1.125819E-19
4.228625E+03	3.717639E-18	1.144629E-19
4.238598E+03	3.784185E-18	1.163755E-19
4.248571E+03	3.852503E-18	1.183372E-19
4.258545E+03	3.921518E-18	1.203148E-19
4.268518E+03	3.992362E-18	1.223429E-19
4.278491E+03	4.063930E-18	1.243874E-19
4.288464E+03	4.137384E-18	1.264837E-19
4.298437E+03	4.211590E-18	1.285970E-19
4.308410E+03	4.287742E-18	1.307635E-19
4.318384E+03	4.364673E-18	1.329475E-19
4.328357E+03	4.443613E-18	1.351863E-19
4.338330E+03	4.523986E-18	1.374621E-19
4.348303E+03	4.605815E-18	1.397754E-19
4.358276E+03	4.689125E-18	1.421268E-19
4.368249E+03	4.773941E-18	1.445168E-19
4.378223E+03	4.860285E-18	1.469459E-19
4.388196E+03	4.948186E-18	1.494148E-19
4.398169E+03	5.037666E-18	1.519239E-19
4.408142E+03	5.128754E-18	1.544739E-19
4.418115E+03	5.221474E-18	1.570652E-19
4.428088E+03	5.315855E-18	1.596986E-19
4.438062E+03	5.411922E-18	1.623745E-19
4.448035E+03	5.509705E-18	1.650937E-19
4.458008E+03	5.609969E-18	1.678787E-19
4.467981E+03	5.711276E-18	1.706863E-19
4.477954E+03	5.814382E-18	1.735388E-19
4.487927E+03	5.919319E-18	1.764370E-19
4.497901E+03	6.026898E-18	1.794048E-19
4.507874E+03	6.135595E-18	1.823965E-19
4.517847E+03	6.247017E-18	1.854596E-19
4.527820E+03	6.359596E-18	1.885473E-19
4.537793E+03	6.474159E-18	1.916839E-19
4.547767E+03	6.591577E-18	1.948949E-19
4.557740E+03	6.710212E-18	1.981315E-19
4.567713E+03	6.831793E-18	2.014445E-19
4.577686E+03	6.954634E-18	2.047839E-19
4.587659E+03	7.080511E-18	2.082018E-19
4.597632E+03	7.207691E-18	2.116467E-19
4.607606E+03	7.338002E-18	2.151721E-19
4.617579E+03	7.469658E-18	2.187254E-19
4.627552E+03	7.604542E-18	2.223612E-19
4.637525E+03	7.740817E-18	2.260257E-19
4.647498E+03	7.879446E-18	2.297466E-19
4.657471E+03	8.021451E-18	2.335533E-19
4.667445E+03	8.164913E-18	2.373896E-19
4.677418E+03	8.311852E-18	2.413140E-19
4.687391E+03	8.460293E-18	2.452686E-19
4.697364E+03	8.612313E-18	2.493135E-19
4.707337E+03	8.765883E-18	2.533894E-19
4.717310E+03	8.923135E-18	2.575577E-19
4.727284E+03	9.081981E-18	2.617576E-19
4.737257E+03	9.243514E-18	2.660204E-19
4.747230E+03	9.408891E-18	2.703790E-19
4.757203E+03	9.575928E-18	2.747701E-19
4.767176E+03	9.745764E-18	2.792261E-19
4.777149E+03	9.919608E-18	2.837813E-19
4.787123E+03	1.009517E-17	2.883698E-19
4.797096E+03	1.027365E-17	2.930252E-19
4.807069E+03	1.045508E-17	2.977484E-19
4.817042E+03	1.063950E-17	3.025397E-19
4.827015E+03	1.082694E-17	3.074000E-19
4.836989E+03	1.101744E-17	3.123297E-19
4.846962E+03	1.121103E-17	3.173295E-19
4.856935E+03	1.140776E-17	3.224000E-19
4.866908E+03	1.160765E-17	3.275416E-19
4.876881E+03	1.181074E-17	3.327550E-19
4.886854E+03	1.201707E-17	3.380405E-19
4.896828E+03	1.222666E-17	3.433988E-19
4.906801E+03	1.243955E-17	3.488302E-19
4.916774E+03	1.265435E-17	3.542952E-19
4.926747E+03	1.287392E-17	3.598736E-19
4.936720E+03	1.309540E-17	3.654854E-19
4.946693E+03	1.332176E-17	3.712122E-19
4.956667E+03	1.355005E-17	3.769719E-19
4.966640E+03	1.378329E-17	3.828482E-19
4.976613E+03	1.401849E-17	3.887568E-19
4.986586E+03	1.425715E-17	3.947399E-19
4.996559E+03	1.450091E-17	4.008415E-19
5.006532E+03	1.474661E-17	4.069742E-19
5.016506E+03	1.499584E-17	4.131815E-19
5.026479E+03	1.524862E-17	4.194633E-19
5.036452E+03	1.550328E-17	4.257733E-19
5.046425E+03	1.576317E-17	4.322033E-19
5.056398E+03	1.602665E-17	4.387073E-19
5.066371E+03	1.629371E-17	4.452852E-19
5.076345E+03	1.656258E-17	4.518878E-19
5.086318E+03	1.683681E-17	4.586116E-19
5.096291E+03	1.711281E-17	4.653581E-19
5.106264E+03	1.739234E-17	4.721753E-19
5.116237E+03	1.767542E-17	4.790630E-19
5.126210E+03	1.796391E-17	4.860711E-19
5.136184E+03	1.825405E-17	4.930975E-19
5.146157E+03	1.854574E-17	5.001389E-19
5.156130E+03	1.884283E-17	5.072995E-19
5.166103E+03	1.914339E-17	5.145260E-19
5.176076E+03	1.944736E-17	5.218168E-19
5.186050E+03	1.975269E-17	5.291165E-19
5.196023E+03	2.006132E-17	5.364769E-19
5.205996E+03	2.037533E-17	5.439531E-19
5.215969E+03	2.069052E-17	5.514324E-19
5.225942E+03	2.100887E-17	5.589675E-19
5.235915E+03	2.133037E-17	5.665579E-19
5.245889E+03	2.165494E-17	5.742007E-19
5.255862E+03	2.198030E-17	5.818358E-19
5.265835E+03	2.231081E-17	5.895781E-19
5.275808E+03	2.264192E-17	5.973071E-19
5.285781E+03	2.297811E-17	6.051406E-19
5.295754E+03	2.331468E-17	6.129547E-19
5.305728E+03	2.365383E-17	6.208069E-19
5.315701E+03	2.399546E-17	6.286948E-19
5.325674E+03	2.433949E-17	6.366159E-19
5.335647E+03	2.468335E-17	6.445028E-19
5.345620E+03	2.503181E-17	6.524803E-19
5.355593E+03	2.537983E-17	6.604164E-19
5.365567E+03	2.573228E-17	6.684381E-19
5.375540E+03	2.608394E-17	6.764097E-19
5.385513E+03	2.643722E-17	6.843936E-19
5.395486E+03	2.679198E-17	6.923863E-19
5.405459E+03	2.714538E-17	7.003145E-19
5.415432E+03	2.750261E-17	7.083121E-19
5.425406E+03	2.786084E-17	7.163065E-19
5.435379E+03	2.821717E-17	7.242227E-19
5.445352E+03	2.857414E-17	7.321269E-19
5.455325E+03	2.893157E-17	7.400141E-19
5.465298E+03	2.928932E-17	7.478813E-19
5.475272E+03	2.964437E-17	7.556515E-19
5.485245E+03	3.000229E-17	7.634674E-19
5.495218E+03	3.035723E-17	7.711798E-19
5.505191E+03	3.071494E-17	7.789354E-19
5.515164E+03	3.106944E-17	7.865826E-19
5.525137E+03	3.142063E-17	7.941195E-19
5.535111E+03	3.177443E-17	8.016968E-19
5.545084E+03	3.212786E-17	8.092386E-19
5.555057E+03	3.247772E-17	8.166654E-19
5.565030E+03	3.282705E-17	8.240539E-19
5.575003E+03	3.317584E-17	8.314044E-19
5.584976E+03	3.352405E-17	8.387163E-19
5.594950E+03	3.387164E-17	8.459884E-19
5.604923E+03	3.421860E-17	8.532210E-19
5.614896E+03	3.456163E-17	8.603321E-19
5.624869E+03	3.490394E-17	8.674021E-19
5.634842E+03	3.524551E-17	8.744305E-19
5.644815E+03	3.558631E-17	8.814170E-19
5.654789E+03	3.592633E-17	8.883616E-19
5.664762E+03	3.626217E-17	8.951801E-19
5.674735E+03	3.660057E-17	9.020398E-19
5.684708E+03	3.693469E-17	9.087721E-19
5.694681E+03	3.726794E-17	9.154612E-19
5.704654E+03	3.760031E-17	9.221072E-19
5.714628E+03	3.792827E-17	9.286238E-19
5.724601E+03	3.825884E-17	9.351832E-19
5.734574E+03	3.858493E-17	9.416124E-19
5.744547E+03	3.891005E-17	9.479976E-19
5.754520E+03	3.923425E-17	9.543402E-19
5.764494E+03	3.955386E-17	9.605510E-19
5.774467E+03	3.987615E-17	9.668073E-19
5.784440E+03	4.019383E-17	9.729321E-19
5.794413E+03	4.051055E-17	9.790147E-19
5.804386E+03	4.082632E-17	9.850551E-19
5.814359E+03	4.114115E-17	9.910544E-19
5.824333E+03	4.145130E-17	9.969222E-19
5.834306E+03	4.176430E-17	1.002840E-18
5.844279E+03	4.207261E-17	1.008628E-18
5.854252E+03	4.238001E-17	1.014376E-18
5.864225E+03	4.268656E-17	1.020087E-18
5.874198E+03	4.298837E-17	1.025667E-18
5.884172E+03	4.329326E-17	1.031303E-18
5.894145E+03	4.359343E-17	1.036810E-18
5.904118E+03	4.389284E-17	1.042283E-18
5.914091E+03	4.418751E-17	1.047628E-18
5.924064E+03	4.448547E-17	1.053035E-18
5.934037E+03	4.477874E-17	1.058315E-18
5.944011E+03	4.507137E-17	1.063565E-18
5.953984E+03	4.536340E-17	1.068786E-18
5.963957E+03	4.565489E-17	1.073979E-18
5.973930E+03	4.594588E-17	1.079146E-18
5.983903E+03	4.623227E-17	1.084191E-18
5.993876E+03	4.651827E-17	1.089213E-18
6.003850E+03	4.680388E-17	1.094212E-18
6.013823E+03	4.708919E-17	1.099191E-18
6.023796E+03	4.737003E-17	1.104053E-18
6.033769E+03	4.765489E-17	1.108996E-18
6.043742E+03	4.793539E-17	1.113825E-18
6.053716E+03	4.821580E-17	1.118639E-18
6.063689E+03	4.849188E-17	1.123342E-18
6.073662E+03	4.877230E-17	1.128133E-18
6.083635E+03	4.904852E-17	1.132816E-18
6.093608E+03	4.932490E-17	1.137492E-18
6.103581E+03	4.960154E-17	1.142164E-18
6.113555E+03	4.987851E-17	1.146833E-18
6.123528E+03	5.015146E-17	1.151399E-18
6.133501E+03	5.042485E-17	1.155966E-18
6.143474E+03	5.069877E-17	1.160536E-18
6.153447E+03	5.097333E-17	1.165111E-18
6.163420E+03	5.124861E-17	1.169694E-18
6.173394E+03	5.152015E-17	1.174184E-18
6.183367E+03	5.179256E-17	1.178685E-18
6.193340E+03	5.206591E-17	1.183200E-18
6.203313E+03	5.234033E-17	1.187732E-18
6.213286E+03	5.261591E-17	1.192283E-18
6.223259E+03	5.288808E-17	1.196750E-18
6.233233E+03	5.316156E-17	1.201240E-18
6.243206E+03	5.343647E-17	1.205757E-18
6.253179E+03	5.371288E-17	1.210302E-18
6.263152E+03	5.399094E-17	1.214879E-18
6.273125E+03	5.426599E-17	1.219383E-18
6.283098E+03	5.454284E-17	1.223923E-18
6.293072E+03	5.482160E-17	1.228502E-18
6.303045E+03	5.510239E-17	1.233122E-18
6.313018E+03	5.538046E-17	1.237678E-18
6.322991E+03	5.566075E-17	1.242280E-18
6.332964E+03	5.594337E-17	1.246932E-18
6.342937E+03	5.622842E-17	1.251636E-18
6.352911E+03	5.651601E-17	1.256395E-18
6.362884E+03	5.680130E-17	1.261101E-18
6.372857E+03	5.709430E-17	1.265977E-18
6.382830E+03	5.738519E-17	1.270805E-18
6.392803E+03	5.767899E-17	1.275697E-18
6.402777E+03	5.797078E-17	1.280546E-18
6.412750E+03	5.827074E-17	1.285576E-18
6.422723E+03	5.856886E-17	1.290566E-18
6.432696E+03	5.887023E-17	1.295629E-18
6.442669E+03	5.917500E-17	1.300770E-18
6.452642E+03	5.947804E-17	1.305875E-18
6.462616E+03	5.978975E-17	1.311173E-18
6.472589E+03	6.009987E-17	1.316441E-18
6.482562E+03	6.041362E-17	1.321791E-18
6.492535E+03	6.073108E-17	1.327228E-18
6.502508E+03	6.104703E-17	1.332637E-18
6.512481E+03	6.137215E-17	1.338252E-18
6.522455E+03	6.169589E-17	1.343843E-18
6.532428E+03	6.202368E-17	1.349529E-18
6.542401E+03	6.235568E-17	1.355315E-18
6.552374E+03	6.268661E-17	1.361085E-18
6.562347E+03	6.302743E-17	1.367079E-18
6.572320E+03	6.336741E-17	1.373064E-18
6.582294E+03	6.371216E-17	1.379163E-18
6.592267E+03	6.406179E-17	1.385378E-18
6.602240E+03	6.441090E-17	1.391593E-18
6.612213E+03	6.477072E-17	1.398051E-18
6.622186E+03	6.513019E-17	1.404515E-18
6.632159E+03	6.549504E-17	1.411109E-18
6.642133E+03	6.586539E-17	1.417835E-18
6.652106E+03	6.623560E-17	1.424573E-18
6.662079E+03	6.661724E-17	1.431572E-18
6.672052E+03	6.699886E-17	1.438586E-18
6.682025E+03	6.738633E-17	1.445741E-18
6.691999E+03	6.777975E-17	1.453039E-18
6.701972E+03	6.817323E-17	1.460354E-18
6.711945E+03	6.857873E-17	1.467941E-18
6.721918E+03	6.898442E-17	1.475548E-18
6.731891E+03	6.939631E-17	1.483303E-18
6.741864E+03	6.981452E-17	1.491208E-18
6.751838E+03	7.023907E-17	1.499263E-18
6.761811E+03	7.067009E-17	1.507472E-18
6.771784E+03	7.110145E-17	1.515704E-18
6.781757E+03	7.153935E-17	1.524090E-18
6.791730E+03	7.198384E-17	1.532633E-18
6.801703E+03	7.243504E-17	1.541333E-18
6.811677E+03	7.289299E-17	1.550193E-18
6.821650E+03	7.335139E-17	1.559077E-18
6.831623E+03	7.381660E-17	1.568122E-18
6.841596E+03	7.428873E-17	1.577330E-18
6.851569E+03	7.476782E-17	1.586701E-18
6.861542E+03	7.525393E-17	1.596236E-18
6.871516E+03	7.574717E-17	1.605939E-18
6.881489E+03	7.624093E-17	1.615668E-18
6.891462E+03	7.674184E-17	1.625566E-18
6.901435E+03	7.724994E-17	1.635631E-18
6.911408E+03	7.776535E-17	1.645868E-18
6.921381E+03	7.828807E-17	1.656275E-18
6.931355E+03	7.881126E-17	1.666709E-18
6.941328E+03	7.934880E-17	1.677463E-18
6.951301E+03	7.988680E-17	1.688244E-18
6.961274E+03	8.043225E-17	1.699198E-18
6.971247E+03	8.098516E-17	1.710328E-18
6.981221E+03	8.153846E-17	1.721483E-18
6.991194E+03	8.210643E-17	1.732965E-18
7.001167E+03	8.267476E-17	1.744473E-18
7.011140E+03	8.325058E-17	1.756157E-18
7.021113E+03	8.383396E-17	1.768018E-18
7.031086E+03	8.442490E-17	1.780057E-18
7.041060E+03	8.502341E-17	1.792275E-18
7.051033E+03	8.562953E-17	1.804672E-18
7.061006E+03	8.623561E-17	1.817087E-18
7.070979E+03	8.684916E-17	1.829679E-18
7.080952E+03	8.747016E-17	1.842449E-18
7.090925E+03	8.809864E-17	1.855396E-18
7.100899E+03	8.873451E-17	1.868520E-18
7.110872E+03	8.937782E-17	1.881821E-18
7.120845E+03	9.002047E-17	1.895130E-18
7.130818E+03	9.067031E-17	1.908612E-18
7.140791E+03	9.132728E-17	1.922266E-18
7.150764E+03	9.199136E-17	1.936093E-18
7.160738E+03	9.266240E-17	1.950089E-18
7.170711E+03	9.334040E-17	1.964256E-18
7.180684E+03	9.401683E-17	1.978414E-18
7.190657E+03	9.470833E-17	1.992914E-18
7.200630E+03	9.539793E-17	2.007400E-18
7.210603E+03	9.609389E-17	2.022045E-18
7.220577E+03	9.679614E-17	2.036849E-18
7.230550E+03	9.750445E-17	2.051807E-18
7.240523E+03	9.821878E-17	2.066920E-18
7.250496E+03	9.892994E-17	2.081995E-18
7.260469E+03	9.965560E-17	2.097404E-18
7.270443E+03	1.003776E-16	2.112766E-18
7.280416E+03	1.011048E-16	2.128267E-18
7.290389E+03	1.018368E-16	2.143902E-18
7.300362E+03	1.025734E-16	2.159666E-18
7.310335E+03	1.033145E-16	2.175556E-18
7.320308E+03	1.040503E-16	2.191369E-18
7.330282E+03	1.047994E-16	2.207496E-18
7.340255E+03	1.055425E-16	2.223532E-18
7.350228E+03	1.062887E-16	2.239672E-18
7.360201E+03	1.070379E-16	2.255909E-18
7.370174E+03	1.077896E-16	2.272238E-18
7.380147E+03	1.085435E-16	2.288654E-18
7.390121E+03	1.092893E-16	2.304937E-18
7.400094E+03	1.100465E-16	2.321502E-18
7.410067E+03	1.107947E-16	2.337919E-18
7.420040E+03	1.115536E-16	2.354606E-18
7.430013E+03	1.123027E-16	2.371128E-18
7.439986E+03	1.130514E-16	2.387689E-18
7.449960E+03	1.137995E-16	2.404282E-18
7.459933E+03	1.145465E-16	2.420898E-18
7.469906E+03	1.152812E-16	2.437304E-18
7.479879E+03	1.160244E-16	2.453940E-18
7.489852E+03	1.167543E-16	2.470344E-18
7.499825E+03	1.174919E-16	2.486963E-18
7.509799E+03	1.182150E-16	2.503326E-18
7.519772E+03	1.189338E-16	2.519655E-18
7.529745E+03	1.196480E-16	2.535940E-18
7.539718E+03	1.203569E-16	2.552168E-18
7.549691E+03	1.210486E-16	2.568091E-18
7.559665E+03	1.217452E-16	2.584176E-18
7.569638E+03	1.224350E-16	2.600175E-18
7.579611E+03	1.231057E-16	2.615831E-18
7.589584E+03	1.237683E-16	2.631375E-18
7.599557E+03	1.244221E-16	2.646797E-18
7.609530E+03	1.250783E-16	2.662336E-18
7.619504E+03	1.257131E-16	2.677482E-18
7.629477E+03	1.263254E-16	2.692218E-18
7.639450E+03	1.269387E-16	2.707041E-18
7.649423E+03	1.275404E-16	2.721688E-18
7.659396E+03	1.281180E-16	2.735887E-18
7.669369E+03	1.286950E-16	2.750148E-18
7.679343E+03	1.292466E-16	2.763936E-18
7.689316E+03	1.297968E-16	2.777769E-18
7.699289E+03	1.303204E-16	2.791106E-18
7.709262E+03	1.308292E-16	2.804204E-18
7.719235E+03	1.313229E-16	2.817051E-18
7.729208E+03	1.318008E-16	2.829638E-18
7.739182E+03	1.322500E-16	2.841685E-18
7.749155E+03	1.326952E-16	2.853727E-18
7.759128E+03	1.331236E-16	2.865485E-18
7.769101E+03	1.335218E-16	2.876674E-18
7.779074E+03	1.339152E-16	2.887841E-18
7.789047E+03	1.342776E-16	2.898421E-18
7.799021E+03	1.346216E-16	2.908687E-18
7.808994E+03	1.349470E-16	2.918632E-18
7.818967E+03	1.352534E-16	2.928251E-18
7.828940E+03	1.355407E-16	2.937540E-18
7.838913E+03	1.358086E-16	2.946493E-18
7.848886E+03	1.360569E-16	2.955104E-18
7.858860E+03	1.362854E-16	2.963372E-18
7.868833E+03	1.364805E-16	2.970999E-18
7.878806E+03	1.366688E-16	2.978564E-18
7.888779E+03	1.368234E-16	2.985478E-18
7.898752E+03	1.369710E-16	2.992326E-18
7.908726E+03	1.370844E-16	2.998512E-18
7.918699E+03	1.371770E-16	3.004330E-18
7.928672E+03	1.372486E-16	3.009772E-18
7.938645E+03	1.373127E-16	3.015138E-18
7.948618E+03	1.373419E-16	3.019820E-18
7.958591E+03	1.373359E-16	3.023812E-18
7.968565E+03	1.373220E-16	3.027711E-18
7.978538E+03	1.372863E-16	3.031207E-18
7.988511E+03	1.372287E-16	3.034294E-18
7.998484E+03	1.371351E-16	3.036659E-18
8.008457E+03	1.370331E-16	3.038906E-18
8.018430E+03	1.368949E-16	3.040418E-18
8.028404E+03	1.367483E-16	3.041806E-18
8.038377E+03	1.365657E-16	3.042453E-18
8.048350E+03	1.363611E-16	3.042667E-18
8.058323E+03	1.361485E-16	3.042758E-18
8.068296E+03	1.359004E-16	3.042106E-18
8.078269E+03	1.356310E-16	3.041022E-18
8.088243E+03	1.353403E-16	3.039508E-18
8.098216E+03	1.350285E-16	3.037560E-18
8.108189E+03	1.346959E-16	3.035181E-18
8.118162E+03	1.343287E-16	3.032057E-18
8.128135E+03	1.339548E-16	3.028810E-18
8.138108E+03	1.335605E-16	3.025131E-18
8.148082E+03	1.331459E-16	3.021017E-18
8.158055E+03	1.326973E-16	3.016153E-18
8.168028E+03	1.322427E-16	3.011167E-18
8.178001E+03	1.317545E-16	3.005430E-18
8.187974E+03	1.312605E-16	2.999573E-18
8.197948E+03	1.307333E-16	2.992964E-18
8.207921E+03	1.301870E-16	2.985920E-18
8.217894E+03	1.296218E-16	2.978444E-18
8.227867E+03	1.290516E-16	2.970849E-18
8.237840E+03	1.284494E-16	2.962512E-18
8.247813E+03	1.278292E-16	2.953748E-18
8.257787E+03	1.271912E-16	2.944561E-18
8.267760E+03	1.265359E-16	2.934955E-18
8.277733E+03	1.258635E-16	2.924936E-18
8.287706E+03	1.251746E-16	2.914508E-18
8.297679E+03	1.244560E-16	2.903364E-18
8.307652E+03	1.237352E-16	2.892137E-18
8.317626E+03	1.229989E-16	2.880518E-18
8.327599E+03	1.222479E-16	2.868518E-18
8.337572E+03	1.214694E-16	2.855834E-18
8.347545E+03	1.206902E-16	2.843093E-18
8.357518E+03	1.198846E-16	2.829687E-18
8.367491E+03	1.190793E-16	2.816241E-18
8.377465E+03	1.182488E-16	2.802151E-18
8.387438E+03	1.174196E-16	2.788037E-18
8.397411E+03	1.165664E-16	2.773301E-18
8.407384E+03	1.157155E-16	2.758562E-18
8.417357E+03	1.148419E-16	2.743222E-18
8.427330E+03	1.139589E-16	2.727597E-18
8.437304E+03	1.130672E-16	2.711699E-18
8.447277E+03	1.121798E-16	2.695838E-18
8.457250E+03	1.112722E-16	2.679424E-18
8.467223E+03	1.103576E-16	2.662771E-18
8.477196E+03	1.094365E-16	2.645890E-18
8.487170E+03	1.085095E-16	2.628792E-18
8.497143E+03	1.075771E-16	2.611489E-18
8.507116E+03	1.066399E-16	2.593992E-18
8.517089E+03	1.056984E-16	2.576311E-18
8.527062E+03	1.047532E-16	2.558460E-18
8.537035E+03	1.038047E-16	2.540449E-18
8.547009E+03	1.028536E-16	2.522289E-18
8.556982E+03	1.019002E-16	2.503990E-18
8.566955E+03	1.009335E-16	2.485280E-18
8.576928E+03	9.997719E-17	2.466738E-18
8.586901E+03	9.902008E-17	2.448090E-18
8.596874E+03	9.806269E-17	2.429347E-18
8.606848E+03	9.710533E-17	2.410517E-18
8.616821E+03	9.613735E-17	2.391333E-18
8.626794E+03	9.518152E-17	2.372361E-18
8.636767E+03	9.422702E-17	2.353332E-18
8.646740E+03	9.326330E-17	2.333981E-18
8.656713E+03	9.231266E-17	2.314866E-18
8.666687E+03	9.135366E-17	2.295449E-18
8.676660E+03	9.040825E-17	2.276280E-18
8.686633E+03	8.946596E-17	2.257098E-18
8.696606E+03	8.851659E-17	2.237644E-18
8.706579E+03	8.758142E-17	2.218456E-18
8.716552E+03	8.663996E-17	2.199015E-18
8.726526E+03	8.571316E-17	2.179853E-18
8.736499E+03	8.478071E-17	2.160454E-18
8.746472E+03	8.386324E-17	2.141344E-18
8.756445E+03	8.294075E-17	2.122012E-18
8.766418E+03	8.202366E-17	2.102725E-18
8.776392E+03	8.112202E-17	2.083741E-18
8.786365E+03	8.021619E-17	2.064557E-18
8.796338E+03	7.932602E-17	2.045685E-18
8.806311E+03	7.843223E-17	2.026626E-18
8.816284E+03	7.755426E-17	2.007885E-18
8.826257E+03	7.667316E-17	1.988972E-18
8.836231E+03	7.579865E-17	1.970139E-18
8.846204E+03	7.494012E-17	1.951630E-18
8.856177E+03	7.407910E-17	1.932967E-18
8.866150E+03	7.322503E-17	1.914396E-18
8.876123E+03	7.238705E-17	1.896157E-18
8.886096E+03	7.154716E-17	1.877779E-18
8.896070E+03	7.072335E-17	1.859736E-18
8.906043E+03	6.989789E-17	1.841563E-18
8.916016E+03	6.907986E-17	1.823498E-18
8.925989E+03	6.827790E-17	1.805772E-18
8.935962E+03	6.747476E-17	1.787931E-18
8.945935E+03	6.667916E-17	1.770204E-18
8.955909E+03	6.589955E-17	1.752817E-18
8.965882E+03	6.511912E-17	1.735327E-18
8.975855E+03	6.434632E-17	1.717957E-18
9.015748E+03	6.134812E-17	1.650158E-18
9.055640E+03	5.846447E-17	1.584187E-18
9.095533E+03	5.575241E-17	1.521670E-18
9.135426E+03	5.314281E-17	1.460816E-18
9.175318E+03	5.065701E-17	1.402279E-18
9.215211E+03	4.829799E-17	1.346223E-18
9.255104E+03	4.605455E-17	1.292414E-18
9.294996E+03	4.392238E-17	1.240806E-18
9.334889E+03	4.189696E-17	1.191343E-18
9.374782E+03	3.997948E-17	1.144128E-18
9.414675E+03	3.815910E-17	1.098919E-18
9.454567E+03	3.643664E-17	1.055802E-18
9.494460E+03	3.480702E-17	1.014692E-18
9.534353E+03	3.326024E-17	9.753563E-19
9.574245E+03	3.179694E-17	9.378659E-19
9.614138E+03	3.040775E-17	9.019962E-19
9.654031E+03	2.909332E-17	8.678138E-19
9.693923E+03	2.784494E-17	8.351042E-19
9.733816E+03	2.666768E-17	8.040619E-19
9.773709E+03	2.554886E-17	7.743463E-19
9.813601E+03	2.448935E-17	7.460197E-19
9.853494E+03	2.348569E-17	7.190122E-19
9.893387E+03	2.253077E-17	6.931385E-19
9.933279E+03	2.162939E-17	6.685766E-19
9.973172E+03	2.077098E-17	6.450295E-19
1.001306E+04	1.995671E-17	6.225591E-19
1.005296E+04	1.918401E-17	6.011103E-19
1.009285E+04	1.845048E-17	5.806313E-19
1.013274E+04	1.775385E-17	5.610725E-19
1.017264E+04	1.709200E-17	5.423872E-19
1.021253E+04	1.645979E-17	5.244304E-19
1.025242E+04	1.586172E-17	5.073634E-19
1.029231E+04	1.529283E-17	4.910442E-19
