#wls	flux	fluxerr
1.595708E+03	3.617204E-20	1.248689E-21
1.635600E+03	3.841291E-20	1.324283E-21
1.675493E+03	4.025608E-20	1.385928E-21
1.715386E+03	4.163482E-20	1.431380E-21
1.755278E+03	4.243929E-20	1.456928E-21
1.795171E+03	4.249704E-20	1.456742E-21
1.835064E+03	4.164002E-20	1.425183E-21
1.874956E+03	3.971350E-20	1.357110E-21
1.914849E+03	3.664735E-20	1.250309E-21
1.954742E+03	3.258469E-20	1.109856E-21
1.994634E+03	2.795915E-20	9.506821E-22
2.034527E+03	2.344402E-20	7.957575E-22
2.074420E+03	1.981754E-20	6.714516E-22
2.114312E+03	1.767657E-20	5.978021E-22
2.154205E+03	1.737032E-20	5.863264E-22
2.194098E+03	1.908425E-20	6.429187E-22
2.233991E+03	2.295607E-20	7.717991E-22
2.273883E+03	2.906771E-20	9.752576E-22
2.313776E+03	3.736801E-20	1.251082E-21
2.353669E+03	4.763397E-20	1.591308E-21
2.393561E+03	5.952040E-20	1.983944E-21
2.433454E+03	7.270216E-20	2.417744E-21
2.473347E+03	8.686832E-20	2.882018E-21
2.513239E+03	1.018370E-19	3.370431E-21
2.553132E+03	1.174871E-19	3.878696E-21
2.593025E+03	1.337213E-19	4.403347E-21
2.632917E+03	1.505668E-19	4.945023E-21
2.672810E+03	1.680012E-19	5.502724E-21
2.712703E+03	1.861205E-19	6.079307E-21
2.752596E+03	2.049946E-19	6.676748E-21
2.792488E+03	2.246382E-19	7.295178E-21
2.832381E+03	2.451979E-19	7.938991E-21
2.872274E+03	2.667704E-19	8.610884E-21
2.912166E+03	2.893737E-19	9.310985E-21
2.952059E+03	3.132766E-19	1.004743E-20
2.991952E+03	3.383222E-19	1.081462E-20
3.001925E+03	3.448110E-19	1.101271E-20
3.011898E+03	3.513848E-19	1.121311E-20
3.021871E+03	3.581457E-19	1.141907E-20
3.031844E+03	3.649217E-19	1.162509E-20
3.041818E+03	3.718848E-19	1.183662E-20
3.051791E+03	3.791388E-19	1.205697E-20
3.061764E+03	3.867729E-19	1.228893E-20
3.071737E+03	3.945576E-19	1.252519E-20
3.081710E+03	4.025823E-19	1.276855E-20
3.091683E+03	4.109451E-19	1.302211E-20
3.101657E+03	4.194082E-19	1.327831E-20
3.111630E+03	4.281865E-19	1.354393E-20
3.121603E+03	4.370358E-19	1.381122E-20
3.131576E+03	4.461806E-19	1.408726E-20
3.141549E+03	4.554936E-19	1.436799E-20
3.151522E+03	4.648390E-19	1.464914E-20
3.161496E+03	4.744568E-19	1.493823E-20
3.171469E+03	4.842148E-19	1.523109E-20
3.181442E+03	4.941052E-19	1.552745E-20
3.191415E+03	5.041209E-19	1.582708E-20
3.201388E+03	5.141185E-19	1.612545E-20
3.211361E+03	5.243635E-19	1.643089E-20
3.221335E+03	5.347160E-19	1.673899E-20
3.231308E+03	5.453153E-19	1.705408E-20
3.241281E+03	5.558720E-19	1.736710E-20
3.251254E+03	5.665241E-19	1.768236E-20
3.261227E+03	5.772690E-19	1.799976E-20
3.271200E+03	5.881043E-19	1.831921E-20
3.281174E+03	5.990283E-19	1.864064E-20
3.291147E+03	6.101982E-19	1.896893E-20
3.301120E+03	6.212992E-19	1.929427E-20
3.311093E+03	6.326503E-19	1.962655E-20
3.321066E+03	6.439281E-19	1.995573E-20
3.331040E+03	6.552942E-19	2.028682E-20
3.341013E+03	6.669204E-19	2.062510E-20
3.350986E+03	6.786431E-19	2.096549E-20
3.360959E+03	6.902891E-19	2.130263E-20
3.370932E+03	7.022092E-19	2.164735E-20
3.380905E+03	7.142347E-19	2.199440E-20
3.390879E+03	7.261843E-19	2.233819E-20
3.400852E+03	7.384268E-19	2.269007E-20
3.410825E+03	7.507854E-19	2.304456E-20
3.420798E+03	7.632654E-19	2.340181E-20
3.430771E+03	7.758700E-19	2.376191E-20
3.440744E+03	7.886059E-19	2.412502E-20
3.450718E+03	8.014782E-19	2.449131E-20
3.460691E+03	8.144921E-19	2.486088E-20
3.470664E+03	8.276546E-19	2.523395E-20
3.480637E+03	8.409712E-19	2.561065E-20
3.490610E+03	8.544488E-19	2.599118E-20
3.500583E+03	8.680940E-19	2.637570E-20
3.510557E+03	8.821281E-19	2.677092E-20
3.520530E+03	8.961325E-19	2.716408E-20
3.530503E+03	9.103257E-19	2.756181E-20
3.540476E+03	9.249388E-19	2.797106E-20
3.550449E+03	9.395361E-19	2.837862E-20
3.560422E+03	9.543457E-19	2.879137E-20
3.570396E+03	9.696071E-19	2.921649E-20
3.580369E+03	9.848684E-19	2.964032E-20
3.590342E+03	1.000604E-18	3.007712E-20
3.600315E+03	1.016592E-18	3.052016E-20
3.610288E+03	1.032596E-18	3.096232E-20
3.620261E+03	1.049111E-18	3.141839E-20
3.630235E+03	1.065903E-18	3.188136E-20
3.640208E+03	1.082984E-18	3.235148E-20
3.650181E+03	1.100104E-18	3.282132E-20
3.660154E+03	1.117785E-18	3.330636E-20
3.670127E+03	1.135781E-18	3.379925E-20
3.680101E+03	1.154104E-18	3.430025E-20
3.690074E+03	1.172762E-18	3.480960E-20
3.700047E+03	1.191766E-18	3.532756E-20
3.710020E+03	1.211126E-18	3.585436E-20
3.719993E+03	1.230852E-18	3.639029E-20
3.729966E+03	1.250955E-18	3.693557E-20
3.739940E+03	1.271446E-18	3.749047E-20
3.749913E+03	1.292626E-18	3.806384E-20
3.759886E+03	1.313928E-18	3.863887E-20
3.769859E+03	1.335649E-18	3.922428E-20
3.779832E+03	1.357801E-18	3.982037E-20
3.789805E+03	1.380704E-18	4.043643E-20
3.799779E+03	1.403757E-18	4.105476E-20
3.809752E+03	1.427592E-18	4.169383E-20
3.819725E+03	1.451592E-18	4.233552E-20
3.829698E+03	1.476082E-18	4.298924E-20
3.839671E+03	1.501403E-18	4.366487E-20
3.849644E+03	1.527246E-18	4.435331E-20
3.859618E+03	1.553286E-18	4.504503E-20
3.869591E+03	1.580209E-18	4.575991E-20
3.879564E+03	1.607343E-18	4.647834E-20
3.889537E+03	1.635397E-18	4.722079E-20
3.899510E+03	1.664038E-18	4.797749E-20
3.909483E+03	1.692916E-18	4.873831E-20
3.919457E+03	1.722768E-18	4.952438E-20
3.929430E+03	1.753249E-18	5.032566E-20
3.939403E+03	1.784375E-18	5.114249E-20
3.949376E+03	1.816157E-18	5.197512E-20
3.959349E+03	1.848611E-18	5.282388E-20
3.969323E+03	1.881753E-18	5.368915E-20
3.979296E+03	1.915192E-18	5.455965E-20
3.989269E+03	1.949746E-18	5.545864E-20
3.999242E+03	1.985034E-18	5.637509E-20
4.009215E+03	2.021071E-18	5.730931E-20
4.019188E+03	2.057871E-18	5.826162E-20
4.029162E+03	2.095889E-18	5.924472E-20
4.039135E+03	2.134275E-18	6.023446E-20
4.049108E+03	2.173473E-18	6.124332E-20
4.059081E+03	2.213505E-18	6.227171E-20
4.069054E+03	2.254384E-18	6.331992E-20
4.079027E+03	2.296130E-18	6.438836E-20
4.089001E+03	2.339237E-18	6.549074E-20
4.098974E+03	2.382776E-18	6.660087E-20
4.108947E+03	2.427236E-18	6.773230E-20
4.118920E+03	2.472635E-18	6.888542E-20
4.128893E+03	2.519502E-18	7.007479E-20
4.138866E+03	2.566845E-18	7.127261E-20
4.148840E+03	2.615186E-18	7.249330E-20
4.158813E+03	2.665079E-18	7.375199E-20
4.168786E+03	2.715484E-18	7.501974E-20
4.178759E+03	2.766948E-18	7.631151E-20
4.188732E+03	2.820052E-18	7.764318E-20
4.198705E+03	2.873706E-18	7.898448E-20
4.208679E+03	2.929060E-18	8.036692E-20
4.218652E+03	2.984992E-18	8.175944E-20
4.228625E+03	3.042688E-18	8.319440E-20
4.238598E+03	3.100987E-18	8.463982E-20
4.248571E+03	3.161116E-18	8.612903E-20
4.258545E+03	3.221875E-18	8.762913E-20
4.268518E+03	3.284533E-18	8.917440E-20
4.278491E+03	3.347850E-18	9.073096E-20
4.288464E+03	3.413136E-18	9.233414E-20
4.298437E+03	3.479780E-18	9.396713E-20
4.308410E+03	3.547125E-18	9.561198E-20
4.318384E+03	3.616551E-18	9.730570E-20
4.328357E+03	3.686708E-18	9.901170E-20
4.338330E+03	3.759023E-18	1.007681E-19
4.348303E+03	3.832828E-18	1.025567E-19
4.358276E+03	3.907414E-18	1.043583E-19
4.368249E+03	3.984276E-18	1.062126E-19
4.378223E+03	4.062715E-18	1.081006E-19
4.388196E+03	4.141983E-18	1.100023E-19
4.398169E+03	4.223654E-18	1.119592E-19
4.408142E+03	4.306991E-18	1.139514E-19
4.418115E+03	4.391208E-18	1.159578E-19
4.428088E+03	4.477959E-18	1.180220E-19
4.438062E+03	4.566470E-18	1.201231E-19
4.448035E+03	4.655915E-18	1.222392E-19
4.458008E+03	4.748031E-18	1.244156E-19
4.467981E+03	4.842007E-18	1.266306E-19
4.477954E+03	4.936969E-18	1.288613E-19
4.487927E+03	5.034748E-18	1.311549E-19
4.497901E+03	5.134487E-18	1.334890E-19
4.507874E+03	5.235269E-18	1.358392E-19
4.517847E+03	5.339018E-18	1.382553E-19
4.527820E+03	5.444834E-18	1.407135E-19
4.537793E+03	5.551751E-18	1.431885E-19
4.547767E+03	5.661790E-18	1.457323E-19
4.557740E+03	5.774005E-18	1.483199E-19
4.567713E+03	5.887379E-18	1.509250E-19
4.577686E+03	6.004040E-18	1.536018E-19
4.587659E+03	6.121899E-18	1.562964E-19
4.597632E+03	6.243155E-18	1.590646E-19
4.607606E+03	6.366777E-18	1.618797E-19
4.617579E+03	6.491654E-18	1.647131E-19
4.627552E+03	6.620102E-18	1.676233E-19
4.637525E+03	6.749846E-18	1.705521E-19
4.647498E+03	6.883277E-18	1.735597E-19
4.657471E+03	7.018042E-18	1.765863E-19
4.667445E+03	7.156614E-18	1.796936E-19
4.677418E+03	7.296556E-18	1.828202E-19
4.687391E+03	7.440427E-18	1.860296E-19
4.697364E+03	7.585706E-18	1.892584E-19
4.707337E+03	7.735035E-18	1.925722E-19
4.717310E+03	7.885808E-18	1.959055E-19
4.727284E+03	8.040755E-18	1.993258E-19
4.737257E+03	8.197178E-18	2.027656E-19
4.747230E+03	8.357901E-18	2.062946E-19
4.757203E+03	8.520130E-18	2.098432E-19
4.767176E+03	8.685307E-18	2.134465E-19
4.777149E+03	8.854973E-18	2.171420E-19
4.787123E+03	9.026185E-18	2.208569E-19
4.797096E+03	9.200457E-18	2.246279E-19
4.807069E+03	9.377827E-18	2.284556E-19
4.817042E+03	9.559934E-18	2.323792E-19
4.827015E+03	9.743629E-18	2.363216E-19
4.836989E+03	9.930525E-18	2.403218E-19
4.846962E+03	1.012065E-17	2.443800E-19
4.856935E+03	1.031405E-17	2.484964E-19
4.866908E+03	1.051074E-17	2.526714E-19
4.876881E+03	1.071076E-17	2.569052E-19
4.886854E+03	1.091413E-17	2.611981E-19
4.896828E+03	1.112089E-17	2.655500E-19
4.906801E+03	1.133105E-17	2.699614E-19
4.916774E+03	1.154465E-17	2.744321E-19
4.926747E+03	1.176170E-17	2.789622E-19
4.936720E+03	1.198222E-17	2.835518E-19
4.946693E+03	1.220624E-17	2.882009E-19
4.956667E+03	1.243175E-17	2.928617E-19
4.966640E+03	1.266277E-17	2.976288E-19
4.976613E+03	1.289733E-17	3.024549E-19
4.986586E+03	1.313331E-17	3.072902E-19
4.996559E+03	1.337494E-17	3.122331E-19
5.006532E+03	1.362012E-17	3.172343E-19
5.016506E+03	1.386664E-17	3.222416E-19
5.026479E+03	1.411892E-17	3.273574E-19
5.036452E+03	1.437245E-17	3.324770E-19
5.046425E+03	1.462946E-17	3.376515E-19
5.056398E+03	1.489230E-17	3.429350E-19
5.066371E+03	1.515627E-17	3.482182E-19
5.076345E+03	1.542367E-17	3.535544E-19
5.086318E+03	1.569449E-17	3.589426E-19
5.096291E+03	1.597122E-17	3.644395E-19
5.106264E+03	1.624883E-17	3.699298E-19
5.116237E+03	1.652978E-17	3.754694E-19
5.126210E+03	1.681403E-17	3.810573E-19
5.136184E+03	1.710152E-17	3.866919E-19
5.146157E+03	1.739226E-17	3.923729E-19
5.156130E+03	1.768616E-17	3.980982E-19
5.166103E+03	1.798038E-17	4.038037E-19
5.176076E+03	1.828044E-17	4.096135E-19
5.186050E+03	1.858353E-17	4.154641E-19
5.196023E+03	1.888665E-17	4.212885E-19
5.205996E+03	1.919555E-17	4.272149E-19
5.215969E+03	1.950728E-17	4.331772E-19
5.225942E+03	1.981874E-17	4.391068E-19
5.235915E+03	2.013282E-17	4.450678E-19
5.245889E+03	2.045259E-17	4.511280E-19
5.255862E+03	2.077174E-17	4.571480E-19
5.265835E+03	2.109329E-17	4.631949E-19
5.275808E+03	2.141716E-17	4.692665E-19
5.285781E+03	2.174660E-17	4.754345E-19
5.295754E+03	2.207496E-17	4.815531E-19
5.305728E+03	2.240541E-17	4.876920E-19
5.315701E+03	2.273449E-17	4.937762E-19
5.325674E+03	2.306890E-17	4.999515E-19
5.335647E+03	2.340522E-17	5.061440E-19
5.345620E+03	2.374339E-17	5.123521E-19
5.355593E+03	2.407969E-17	5.184966E-19
5.365567E+03	2.442131E-17	5.247321E-19
5.375540E+03	2.476458E-17	5.309804E-19
5.385513E+03	2.510570E-17	5.371601E-19
5.395486E+03	2.544832E-17	5.433503E-19
5.405459E+03	2.579621E-17	5.496313E-19
5.415432E+03	2.614171E-17	5.558407E-19
5.425406E+03	2.648858E-17	5.620586E-19
5.435379E+03	2.683679E-17	5.682853E-19
5.445352E+03	2.718631E-17	5.745204E-19
5.455325E+03	2.753710E-17	5.807639E-19
5.465298E+03	2.788911E-17	5.870148E-19
5.475272E+03	2.824231E-17	5.932732E-19
5.485245E+03	2.859241E-17	5.994498E-19
5.495218E+03	2.894769E-17	6.057191E-19
5.505191E+03	2.930388E-17	6.119916E-19
5.515164E+03	2.965655E-17	6.181759E-19
5.525137E+03	3.001419E-17	6.244499E-19
5.535111E+03	3.036794E-17	6.306296E-19
5.545084E+03	3.072200E-17	6.368036E-19
5.555057E+03	3.107624E-17	6.429696E-19
5.565030E+03	3.143052E-17	6.491256E-19
5.575003E+03	3.178933E-17	6.553652E-19
5.584976E+03	3.213870E-17	6.614011E-19
5.594950E+03	3.249231E-17	6.675158E-19
5.604923E+03	3.284544E-17	6.736121E-19
5.614896E+03	3.319799E-17	6.796888E-19
5.624869E+03	3.354501E-17	6.856447E-19
5.634842E+03	3.389602E-17	6.916751E-19
5.644815E+03	3.424122E-17	6.975805E-19
5.654789E+03	3.459029E-17	7.035584E-19
5.664762E+03	3.493330E-17	7.094070E-19
5.674735E+03	3.527507E-17	7.152252E-19
5.684708E+03	3.561555E-17	7.210122E-19
5.694681E+03	3.595467E-17	7.267669E-19
5.704654E+03	3.629236E-17	7.324883E-19
5.714628E+03	3.662862E-17	7.381767E-19
5.724601E+03	3.696335E-17	7.438308E-19
5.734574E+03	3.729653E-17	7.494502E-19
5.744547E+03	3.762283E-17	7.549286E-19
5.754520E+03	3.795282E-17	7.604782E-19
5.764494E+03	3.827579E-17	7.658848E-19
5.774467E+03	3.859707E-17	7.712557E-19
5.784440E+03	3.892211E-17	7.767002E-19
5.794413E+03	3.923999E-17	7.820001E-19
5.804386E+03	3.955616E-17	7.872648E-19
5.814359E+03	3.987062E-17	7.924949E-19
5.824333E+03	4.018339E-17	7.976907E-19
5.834306E+03	4.048878E-17	8.027397E-19
5.844279E+03	4.079819E-17	8.078683E-19
5.854252E+03	4.110592E-17	8.129641E-19
5.864225E+03	4.140624E-17	8.179135E-19
5.874198E+03	4.171074E-17	8.229462E-19
5.884172E+03	4.200778E-17	8.278327E-19
5.894145E+03	4.230324E-17	8.326892E-19
5.904118E+03	4.259711E-17	8.375158E-19
5.914091E+03	4.288947E-17	8.423143E-19
5.924064E+03	4.318031E-17	8.470846E-19
5.934037E+03	4.346971E-17	8.518288E-19
5.944011E+03	4.375770E-17	8.565471E-19
5.953984E+03	4.403821E-17	8.611216E-19
5.963957E+03	4.432347E-17	8.657916E-19
5.973930E+03	4.460126E-17	8.703184E-19
5.983903E+03	4.488398E-17	8.749443E-19
5.993876E+03	4.515927E-17	8.794281E-19
6.003850E+03	4.543336E-17	8.838920E-19
6.013823E+03	4.570633E-17	8.883376E-19
6.023796E+03	4.597817E-17	8.927648E-19
6.033769E+03	4.624900E-17	8.971760E-19
6.043742E+03	4.651884E-17	9.015719E-19
6.053716E+03	4.678776E-17	9.059539E-19
6.063689E+03	4.704933E-17	9.101978E-19
6.073662E+03	4.731652E-17	9.145551E-19
6.083635E+03	4.757645E-17	9.187763E-19
6.093608E+03	4.783561E-17	9.229875E-19
6.103581E+03	4.810065E-17	9.273169E-19
6.113555E+03	4.835853E-17	9.315133E-19
6.123528E+03	4.861583E-17	9.357035E-19
6.133501E+03	4.887264E-17	9.398900E-19
6.143474E+03	4.912233E-17	9.439448E-19
6.153447E+03	4.937832E-17	9.481264E-19
6.163420E+03	4.963404E-17	9.523088E-19
6.173394E+03	4.988275E-17	9.563627E-19
6.183367E+03	5.013811E-17	9.605501E-19
6.193340E+03	5.038655E-17	9.646115E-19
6.203313E+03	5.063501E-17	9.686797E-19
6.213286E+03	5.088351E-17	9.727556E-19
6.223259E+03	5.113222E-17	9.768422E-19
6.233233E+03	5.138118E-17	9.809408E-19
6.243206E+03	5.163050E-17	9.850537E-19
6.253179E+03	5.188033E-17	9.891836E-19
6.263152E+03	5.212371E-17	9.931982E-19
6.273125E+03	5.237484E-17	9.973686E-19
6.283098E+03	5.261971E-17	1.001428E-18
6.293072E+03	5.286552E-17	1.005513E-18
6.303045E+03	5.311963E-17	1.009765E-18
6.313018E+03	5.336783E-17	1.013914E-18
6.322991E+03	5.361746E-17	1.018098E-18
6.332964E+03	5.386867E-17	1.022322E-18
6.342937E+03	5.411435E-17	1.026450E-18
6.352911E+03	5.436932E-17	1.030765E-18
6.362884E+03	5.462647E-17	1.035131E-18
6.372857E+03	5.487867E-17	1.039413E-18
6.382830E+03	5.514086E-17	1.043895E-18
6.392803E+03	5.539851E-17	1.048302E-18
6.402777E+03	5.565923E-17	1.052778E-18
6.412750E+03	5.592333E-17	1.057330E-18
6.422723E+03	5.619107E-17	1.061962E-18
6.432696E+03	5.646272E-17	1.066680E-18
6.442669E+03	5.673860E-17	1.071490E-18
6.452642E+03	5.701902E-17	1.076399E-18
6.462616E+03	5.729649E-17	1.081265E-18
6.472589E+03	5.758679E-17	1.086387E-18
6.482562E+03	5.787468E-17	1.091477E-18
6.492535E+03	5.817601E-17	1.096834E-18
6.502508E+03	5.847535E-17	1.102169E-18
6.512481E+03	5.878076E-17	1.107633E-18
6.522455E+03	5.909233E-17	1.113229E-18
6.532428E+03	5.941017E-17	1.118958E-18
6.542401E+03	5.973439E-17	1.124824E-18
6.552374E+03	6.005685E-17	1.130674E-18
6.562347E+03	6.039372E-17	1.136812E-18
6.572320E+03	6.073690E-17	1.143087E-18
6.582294E+03	6.107817E-17	1.149345E-18
6.592267E+03	6.142558E-17	1.155736E-18
6.602240E+03	6.178739E-17	1.162419E-18
6.612213E+03	6.214699E-17	1.169079E-18
6.622186E+03	6.251261E-17	1.175874E-18
6.632159E+03	6.288417E-17	1.182802E-18
6.642133E+03	6.326160E-17	1.189862E-18
6.652106E+03	6.363634E-17	1.196895E-18
6.662079E+03	6.402540E-17	1.204219E-18
6.672052E+03	6.442020E-17	1.211675E-18
6.682025E+03	6.481199E-17	1.219096E-18
6.691999E+03	6.521814E-17	1.226811E-18
6.701972E+03	6.562113E-17	1.234488E-18
6.711945E+03	6.602967E-17	1.242293E-18
6.721918E+03	6.644373E-17	1.250225E-18
6.731891E+03	6.686330E-17	1.258283E-18
6.741864E+03	6.728843E-17	1.266468E-18
6.751838E+03	6.771908E-17	1.274780E-18
6.761811E+03	6.815533E-17	1.283220E-18
6.771784E+03	6.858788E-17	1.291614E-18
6.781757E+03	6.903526E-17	1.300309E-18
6.791730E+03	6.947891E-17	1.308957E-18
6.801703E+03	6.993756E-17	1.317910E-18
6.811677E+03	7.039246E-17	1.326816E-18
6.821650E+03	7.085301E-17	1.335850E-18
6.831623E+03	7.131924E-17	1.345015E-18
6.841596E+03	7.179126E-17	1.354312E-18
6.851569E+03	7.226907E-17	1.363741E-18
6.861542E+03	7.275275E-17	1.373304E-18
6.871516E+03	7.323244E-17	1.382815E-18
6.881489E+03	7.372794E-17	1.392647E-18
6.891462E+03	7.422948E-17	1.402617E-18
6.901435E+03	7.472703E-17	1.412534E-18
6.911408E+03	7.523059E-17	1.422589E-18
6.921381E+03	7.575046E-17	1.432975E-18
6.931355E+03	7.626626E-17	1.443308E-18
6.941328E+03	7.678826E-17	1.453782E-18
6.951301E+03	7.731652E-17	1.464399E-18
6.961274E+03	7.785101E-17	1.475157E-18
6.971247E+03	7.839188E-17	1.486060E-18
6.981221E+03	7.892840E-17	1.496905E-18
6.991194E+03	7.948197E-17	1.508098E-18
7.001167E+03	8.004201E-17	1.519437E-18
7.011140E+03	8.059757E-17	1.530717E-18
7.021113E+03	8.117052E-17	1.542352E-18
7.031086E+03	8.173891E-17	1.553925E-18
7.041060E+03	8.231372E-17	1.565646E-18
7.051033E+03	8.289493E-17	1.577514E-18
7.061006E+03	8.348257E-17	1.589530E-18
7.070979E+03	8.407665E-17	1.601694E-18
7.080952E+03	8.467711E-17	1.614007E-18
7.090925E+03	8.528400E-17	1.626469E-18
7.100899E+03	8.589731E-17	1.639080E-18
7.110872E+03	8.650513E-17	1.651613E-18
7.120845E+03	8.713104E-17	1.664520E-18
7.130818E+03	8.775124E-17	1.677345E-18
7.140791E+03	8.838957E-17	1.690545E-18
7.150764E+03	8.902191E-17	1.703659E-18
7.160738E+03	8.966023E-17	1.716916E-18
7.170711E+03	9.031674E-17	1.730552E-18
7.180684E+03	9.096672E-17	1.744092E-18
7.190657E+03	9.162242E-17	1.757771E-18
7.200630E+03	9.228364E-17	1.771588E-18
7.210603E+03	9.293759E-17	1.785296E-18
7.220577E+03	9.360951E-17	1.799380E-18
7.230550E+03	9.428661E-17	1.813596E-18
7.240523E+03	9.496874E-17	1.827942E-18
7.250496E+03	9.564257E-17	1.842161E-18
7.260469E+03	9.633417E-17	1.856756E-18
7.270443E+03	9.701689E-17	1.871214E-18
7.280416E+03	9.770370E-17	1.885785E-18
7.290389E+03	9.840803E-17	1.900731E-18
7.300362E+03	9.910255E-17	1.915523E-18
7.310335E+03	9.980048E-17	1.930417E-18
7.320308E+03	1.005016E-16	1.945410E-18
7.330282E+03	1.012056E-16	1.960497E-18
7.340255E+03	1.019123E-16	1.975675E-18
7.350228E+03	1.026070E-16	1.990660E-18
7.360201E+03	1.033180E-16	2.005999E-18
7.370174E+03	1.040307E-16	2.021413E-18
7.380147E+03	1.047301E-16	2.036612E-18
7.390121E+03	1.054451E-16	2.052154E-18
7.400094E+03	1.061459E-16	2.067464E-18
7.410067E+03	1.068618E-16	2.083111E-18
7.420040E+03	1.075626E-16	2.098507E-18
7.430013E+03	1.082626E-16	2.113935E-18
7.439986E+03	1.089615E-16	2.129385E-18
7.449960E+03	1.096742E-16	2.145154E-18
7.459933E+03	1.103697E-16	2.160633E-18
7.469906E+03	1.110628E-16	2.176113E-18
7.479879E+03	1.117371E-16	2.191276E-18
7.489852E+03	1.124237E-16	2.206728E-18
7.499825E+03	1.131064E-16	2.222156E-18
7.509799E+03	1.137847E-16	2.237548E-18
7.519772E+03	1.144419E-16	2.252579E-18
7.529745E+03	1.151098E-16	2.267873E-18
7.539718E+03	1.157553E-16	2.282780E-18
7.549691E+03	1.164106E-16	2.297936E-18
7.559665E+03	1.170421E-16	2.312680E-18
7.569638E+03	1.176826E-16	2.327658E-18
7.579611E+03	1.182981E-16	2.342198E-18
7.589584E+03	1.189047E-16	2.356620E-18
7.599557E+03	1.195018E-16	2.370913E-18
7.609530E+03	1.200887E-16	2.385065E-18
7.619504E+03	1.206650E-16	2.399066E-18
7.629477E+03	1.212300E-16	2.412906E-18
7.639450E+03	1.217833E-16	2.426573E-18
7.649423E+03	1.223242E-16	2.440058E-18
7.659396E+03	1.228521E-16	2.453348E-18
7.669369E+03	1.233488E-16	2.466078E-18
7.679343E+03	1.238492E-16	2.478946E-18
7.689316E+03	1.243349E-16	2.491589E-18
7.699289E+03	1.247875E-16	2.503633E-18
7.709262E+03	1.252424E-16	2.515790E-18
7.719235E+03	1.256631E-16	2.527326E-18
7.729208E+03	1.260669E-16	2.538592E-18
7.739182E+03	1.264718E-16	2.549948E-18
7.749155E+03	1.268408E-16	2.560649E-18
7.759128E+03	1.271916E-16	2.571054E-18
7.769101E+03	1.275240E-16	2.581153E-18
7.779074E+03	1.278375E-16	2.590940E-18
7.789047E+03	1.281318E-16	2.600408E-18
7.799021E+03	1.284066E-16	2.609551E-18
7.808994E+03	1.286616E-16	2.618361E-18
7.818967E+03	1.288965E-16	2.626835E-18
7.828940E+03	1.291112E-16	2.634965E-18
7.838913E+03	1.293055E-16	2.642751E-18
7.848886E+03	1.294792E-16	2.650187E-18
7.858860E+03	1.296133E-16	2.656880E-18
7.868833E+03	1.297456E-16	2.663609E-18
7.878806E+03	1.298380E-16	2.669588E-18
7.888779E+03	1.299289E-16	2.675605E-18
7.898752E+03	1.299798E-16	2.680869E-18
7.908726E+03	1.300293E-16	2.686174E-18
7.918699E+03	1.300391E-16	2.690727E-18
7.928672E+03	1.300286E-16	2.694926E-18
7.938645E+03	1.300172E-16	2.699175E-18
7.948618E+03	1.299665E-16	2.702677E-18
7.958591E+03	1.298961E-16	2.705831E-18
7.968565E+03	1.298062E-16	2.708641E-18
7.978538E+03	1.296972E-16	2.711108E-18
7.988511E+03	1.295886E-16	2.713641E-18
7.998484E+03	1.294418E-16	2.715425E-18
8.008457E+03	1.292568E-16	2.716461E-18
8.018430E+03	1.290728E-16	2.717560E-18
8.028404E+03	1.288701E-16	2.718313E-18
8.038377E+03	1.286488E-16	2.718714E-18
8.048350E+03	1.284089E-16	2.718758E-18
8.058323E+03	1.281500E-16	2.718438E-18
8.068296E+03	1.278526E-16	2.717332E-18
8.078269E+03	1.275554E-16	2.716260E-18
8.088243E+03	1.272388E-16	2.714800E-18
8.098216E+03	1.268831E-16	2.712531E-18
8.108189E+03	1.265271E-16	2.710273E-18
8.118162E+03	1.261318E-16	2.707190E-18
8.128135E+03	1.257359E-16	2.704106E-18
8.138108E+03	1.253006E-16	2.700187E-18
8.148082E+03	1.248645E-16	2.696255E-18
8.158055E+03	1.243891E-16	2.691477E-18
8.168028E+03	1.238937E-16	2.686267E-18
8.178001E+03	1.233974E-16	2.681035E-18
8.187974E+03	1.228622E-16	2.674950E-18
8.197948E+03	1.223074E-16	2.668428E-18
8.207921E+03	1.217332E-16	2.661468E-18
8.217894E+03	1.211397E-16	2.654071E-18
8.227867E+03	1.205274E-16	2.646240E-18
8.237840E+03	1.198965E-16	2.637977E-18
8.247813E+03	1.192660E-16	2.629697E-18
8.257787E+03	1.185989E-16	2.620580E-18
8.267760E+03	1.178958E-16	2.610635E-18
8.277733E+03	1.171943E-16	2.600687E-18
8.287706E+03	1.164762E-16	2.590332E-18
8.297679E+03	1.157420E-16	2.579577E-18
8.307652E+03	1.149922E-16	2.568429E-18
8.317626E+03	1.142274E-16	2.556897E-18
8.327599E+03	1.134480E-16	2.544988E-18
8.337572E+03	1.126366E-16	2.532310E-18
8.347545E+03	1.118299E-16	2.519678E-18
8.357518E+03	1.110103E-16	2.506698E-18
8.367491E+03	1.101609E-16	2.492980E-18
8.377465E+03	1.093175E-16	2.479336E-18
8.387438E+03	1.084630E-16	2.465375E-18
8.397411E+03	1.075807E-16	2.450714E-18
8.407384E+03	1.067060E-16	2.436152E-18
8.417357E+03	1.058049E-16	2.420918E-18
8.427330E+03	1.049124E-16	2.405803E-18
8.437304E+03	1.039950E-16	2.390040E-18
8.447277E+03	1.030870E-16	2.374415E-18
8.457250E+03	1.021556E-16	2.358171E-18
8.467223E+03	1.012346E-16	2.342085E-18
8.477196E+03	1.002916E-16	2.325406E-18
8.487170E+03	9.934362E-17	2.308527E-18
8.497143E+03	9.840753E-17	2.291837E-18
8.507116E+03	9.745142E-17	2.274592E-18
8.517089E+03	9.649215E-17	2.257184E-18
8.527062E+03	9.553021E-17	2.239623E-18
8.537035E+03	9.458172E-17	2.222287E-18
8.547009E+03	9.361591E-17	2.204451E-18
8.556982E+03	9.264898E-17	2.186495E-18
8.566955E+03	9.168146E-17	2.168431E-18
8.576928E+03	9.071376E-17	2.150267E-18
8.586901E+03	8.974640E-17	2.132016E-18
8.596874E+03	8.879466E-17	2.114040E-18
8.606848E+03	8.782920E-17	2.095641E-18
8.616821E+03	8.686532E-17	2.077183E-18
8.626794E+03	8.590351E-17	2.058677E-18
8.636767E+03	8.494413E-17	2.040131E-18
8.646740E+03	8.398757E-17	2.021555E-18
8.656713E+03	8.303421E-17	2.002957E-18
8.666687E+03	8.208442E-17	1.984348E-18
8.676660E+03	8.113846E-17	1.965732E-18
8.686633E+03	8.019670E-17	1.947120E-18
8.696606E+03	7.925943E-17	1.928519E-18
8.706579E+03	7.832699E-17	1.909938E-18
8.716552E+03	7.739963E-17	1.891382E-18
8.726526E+03	7.646445E-17	1.872537E-18
8.736499E+03	7.554819E-17	1.854057E-18
8.746472E+03	7.463773E-17	1.835623E-18
8.756445E+03	7.373332E-17	1.817241E-18
8.766418E+03	7.283525E-17	1.798919E-18
8.776392E+03	7.194361E-17	1.780661E-18
8.786365E+03	7.104635E-17	1.762167E-18
8.796338E+03	7.016841E-17	1.744057E-18
8.806311E+03	6.929743E-17	1.726026E-18
8.816284E+03	6.843371E-17	1.708083E-18
8.826257E+03	6.757726E-17	1.690228E-18
8.836231E+03	6.671657E-17	1.672174E-18
8.846204E+03	6.587529E-17	1.654515E-18
8.856177E+03	6.504170E-17	1.636958E-18
8.866150E+03	6.421589E-17	1.619507E-18
8.876123E+03	6.338681E-17	1.601884E-18
8.886096E+03	6.257696E-17	1.584657E-18
8.896070E+03	6.177521E-17	1.567549E-18
8.906043E+03	6.097071E-17	1.550283E-18
8.916016E+03	6.018535E-17	1.533417E-18
8.925989E+03	5.940825E-17	1.516676E-18
8.935962E+03	5.862888E-17	1.499793E-18
8.945935E+03	5.786849E-17	1.483311E-18
8.955909E+03	5.711639E-17	1.466960E-18
8.965882E+03	5.636250E-17	1.450480E-18
8.975855E+03	5.562725E-17	1.434399E-18
9.015748E+03	5.276059E-17	1.371206E-18
9.055640E+03	5.001940E-17	1.310052E-18
9.095533E+03	4.745658E-17	1.252416E-18
9.135426E+03	4.500060E-17	1.196512E-18
9.175318E+03	4.268542E-17	1.143321E-18
9.215211E+03	4.048984E-17	1.092364E-18
9.255104E+03	3.842459E-17	1.044012E-18
9.294996E+03	3.646919E-17	9.977903E-19
9.334889E+03	3.463265E-17	9.540207E-19
9.374782E+03	3.290203E-17	9.124217E-19
9.414675E+03	3.127182E-17	8.729087E-19
9.454567E+03	2.973656E-17	8.353941E-19
9.494460E+03	2.829672E-17	7.999526E-19
9.534353E+03	2.693533E-17	7.661624E-19
9.574245E+03	2.565879E-17	7.342572E-19
9.614138E+03	2.445654E-17	7.039870E-19
9.654031E+03	2.332406E-17	6.752672E-19
9.693923E+03	2.226181E-17	6.481551E-19
9.733816E+03	2.125596E-17	6.222883E-19
9.773709E+03	2.031204E-17	5.978654E-19
9.813601E+03	1.942595E-17	5.748021E-19
9.853494E+03	1.858552E-17	5.527705E-19
9.893387E+03	1.779603E-17	5.319561E-19
9.933279E+03	1.705408E-17	5.122868E-19
9.973172E+03	1.635272E-17	4.935797E-19
1.001306E+04	1.568934E-17	4.757795E-19
1.005296E+04	1.506153E-17	4.588340E-19
1.009285E+04	1.447045E-17	4.427995E-19
1.013274E+04	1.391034E-17	4.275183E-19
1.017264E+04	1.338248E-17	4.130477E-19
1.021253E+04	1.288161E-17	3.992417E-19
1.025242E+04	1.240911E-17	3.861579E-19
1.029231E+04	1.196017E-17	3.736604E-19
