#wls	flux	fluxerr
1.591691E+03	1.928591E-18	1.347274E-19
1.631484E+03	1.816109E-18	1.262044E-19
1.671276E+03	1.705630E-18	1.178886E-19
1.711068E+03	1.600079E-18	1.099813E-19
1.750861E+03	1.497831E-18	1.023681E-19
1.790653E+03	1.400677E-18	9.516947E-20
1.830445E+03	1.307044E-18	8.827523E-20
1.870237E+03	1.217096E-18	8.169446E-20
1.910030E+03	1.130897E-18	7.542906E-20
1.949822E+03	1.047509E-18	6.941417E-20
1.989614E+03	9.682736E-19	6.373663E-20
2.029406E+03	8.958659E-19	5.856777E-20
2.069199E+03	8.339636E-19	5.413899E-20
2.108991E+03	7.878293E-19	5.077663E-20
2.148783E+03	7.611836E-19	4.869785E-20
2.188576E+03	7.545799E-19	4.791073E-20
2.228368E+03	7.652771E-19	4.821373E-20
2.268160E+03	7.892441E-19	4.932918E-20
2.307952E+03	8.223463E-19	5.098033E-20
2.347745E+03	8.621223E-19	5.300121E-20
2.387537E+03	9.081249E-19	5.535339E-20
2.427329E+03	9.598475E-19	5.799551E-20
2.467122E+03	1.018288E-18	6.097718E-20
2.506914E+03	1.084562E-18	6.435257E-20
2.546706E+03	1.160047E-18	6.818861E-20
2.586498E+03	1.246341E-18	7.256164E-20
2.626291E+03	1.345272E-18	7.755752E-20
2.666083E+03	1.459338E-18	8.329577E-20
2.705875E+03	1.590664E-18	8.986877E-20
2.745668E+03	1.742184E-18	9.740879E-20
2.785460E+03	1.917893E-18	1.060996E-19
2.825252E+03	2.122187E-18	1.161373E-19
2.865044E+03	2.361027E-18	1.277916E-19
2.904837E+03	2.640696E-18	1.413352E-19
2.944629E+03	2.971612E-18	1.572441E-19
2.984421E+03	3.363643E-18	1.759403E-19
2.994369E+03	3.473350E-18	1.811490E-19
3.004317E+03	3.587734E-18	1.865671E-19
3.014266E+03	3.707044E-18	1.922053E-19
3.024214E+03	3.832365E-18	1.981176E-19
3.034162E+03	3.964179E-18	2.043260E-19
3.044110E+03	4.102958E-18	2.108519E-19
3.054058E+03	4.247485E-18	2.176298E-19
3.064006E+03	4.400647E-18	2.248045E-19
3.073954E+03	4.561145E-18	2.323059E-19
3.083902E+03	4.730288E-18	2.401973E-19
3.093850E+03	4.908574E-18	2.484999E-19
3.103798E+03	5.095554E-18	2.571870E-19
3.113746E+03	5.292717E-18	2.663296E-19
3.123694E+03	5.500676E-18	2.759539E-19
3.133642E+03	5.720086E-18	2.860878E-19
3.143590E+03	5.950544E-18	2.967062E-19
3.153539E+03	6.194985E-18	3.079500E-19
3.163487E+03	6.451972E-18	3.197418E-19
3.173435E+03	6.723480E-18	3.321736E-19
3.183383E+03	7.010444E-18	3.452851E-19
3.193331E+03	7.313864E-18	3.591186E-19
3.203279E+03	7.636168E-18	3.737857E-19
3.213227E+03	7.975869E-18	3.892055E-19
3.223175E+03	8.336955E-18	4.055646E-19
3.233123E+03	8.717923E-18	4.227807E-19
3.243071E+03	9.123153E-18	4.410569E-19
3.253019E+03	9.552743E-18	4.603875E-19
3.262967E+03	1.001002E-17	4.809216E-19
3.272915E+03	1.049520E-17	5.026586E-19
3.282863E+03	1.101021E-17	5.256771E-19
3.292812E+03	1.155893E-17	5.501504E-19
3.302760E+03	1.214182E-17	5.760853E-19
3.312708E+03	1.276321E-17	6.036726E-19
3.322656E+03	1.342581E-17	6.330239E-19
3.332604E+03	1.413033E-17	6.641548E-19
3.342552E+03	1.488183E-17	6.972850E-19
3.352500E+03	1.568353E-17	7.325461E-19
3.362448E+03	1.653884E-17	7.700763E-19
3.372396E+03	1.745137E-17	8.100205E-19
3.382344E+03	1.842490E-17	8.525304E-19
3.392292E+03	1.946340E-17	8.977644E-19
3.402240E+03	2.057101E-17	9.458875E-19
3.412188E+03	2.175516E-17	9.972120E-19
3.422136E+03	2.301761E-17	1.051788E-18
3.432085E+03	2.436316E-17	1.109804E-18
3.442033E+03	2.580039E-17	1.171616E-18
3.451981E+03	2.733153E-17	1.237290E-18
3.461929E+03	2.896630E-17	1.307228E-18
3.471877E+03	3.071166E-17	1.381705E-18
3.481825E+03	3.257514E-17	1.461016E-18
3.491773E+03	3.456500E-17	1.545485E-18
3.501721E+03	3.669002E-17	1.635458E-18
3.511669E+03	3.895970E-17	1.731307E-18
3.521617E+03	4.138914E-17	1.833646E-18
3.531565E+03	4.398437E-17	1.942686E-18
3.541513E+03	4.675673E-17	2.058866E-18
3.551461E+03	4.972385E-17	2.182896E-18
3.561409E+03	5.289907E-17	2.315292E-18
3.571358E+03	5.628990E-17	2.456311E-18
3.581306E+03	5.992340E-17	2.607053E-18
3.591254E+03	6.380869E-17	2.767833E-18
3.601202E+03	6.795420E-17	2.938930E-18
3.611150E+03	7.239062E-17	3.121581E-18
3.621098E+03	7.713580E-17	3.316460E-18
3.631046E+03	8.219984E-17	3.523898E-18
3.640994E+03	8.760052E-17	3.744555E-18
3.650942E+03	9.336507E-17	3.979486E-18
3.660890E+03	9.952279E-17	4.229824E-18
3.670838E+03	1.060745E-16	4.495483E-18
3.680786E+03	1.130491E-16	4.777569E-18
3.690734E+03	1.204659E-16	5.076770E-18
3.700682E+03	1.283553E-16	5.394240E-18
3.710631E+03	1.367371E-16	5.730659E-18
3.720579E+03	1.456171E-16	6.086141E-18
3.730527E+03	1.550248E-16	6.461761E-18
3.740475E+03	1.649620E-16	6.857455E-18
3.750423E+03	1.754700E-16	7.274786E-18
3.760371E+03	1.865469E-16	7.713520E-18
3.770319E+03	1.982170E-16	8.174505E-18
3.780267E+03	2.104705E-16	8.657186E-18
3.790215E+03	2.233253E-16	9.162144E-18
3.800163E+03	2.367612E-16	9.688400E-18
3.810111E+03	2.508049E-16	1.023691E-17
3.820059E+03	2.654059E-16	1.080545E-17
3.830007E+03	2.805795E-16	1.139453E-17
3.839955E+03	2.962973E-16	1.200287E-17
3.849904E+03	3.125004E-16	1.262795E-17
3.859852E+03	3.291604E-16	1.326855E-17
3.869800E+03	3.462175E-16	1.392216E-17
3.879748E+03	3.635998E-16	1.458583E-17
3.889696E+03	3.812221E-16	1.525610E-17
3.899644E+03	3.990098E-16	1.592998E-17
3.909592E+03	4.168514E-16	1.660302E-17
3.919540E+03	4.345960E-16	1.726925E-17
3.929488E+03	4.521280E-16	1.792418E-17
3.939436E+03	4.693235E-16	1.856300E-17
3.949384E+03	4.859936E-16	1.917838E-17
3.959332E+03	5.019702E-16	1.976390E-17
3.969280E+03	5.171348E-16	2.031512E-17
3.979228E+03	5.312645E-16	2.082356E-17
3.989176E+03	5.442257E-16	2.128429E-17
3.999125E+03	5.558736E-16	2.169201E-17
4.009073E+03	5.661168E-16	2.204350E-17
4.019021E+03	5.748397E-16	2.233467E-17
4.028969E+03	5.820244E-16	2.256522E-17
4.038917E+03	5.876711E-16	2.273555E-17
4.048865E+03	5.918059E-16	2.284707E-17
4.058813E+03	5.945887E-16	2.290630E-17
4.068761E+03	5.961767E-16	2.291963E-17
4.078709E+03	5.967498E-16	2.289424E-17
4.088657E+03	5.965550E-16	2.283982E-17
4.098605E+03	5.958921E-16	2.276802E-17
4.108553E+03	5.950579E-16	2.269024E-17
4.118501E+03	5.943558E-16	2.261807E-17
4.128449E+03	5.940901E-16	2.256303E-17
4.138398E+03	5.945763E-16	2.253697E-17
4.148346E+03	5.960493E-16	2.254862E-17
4.158294E+03	5.988307E-16	2.260989E-17
4.168242E+03	6.030912E-16	2.272693E-17
4.178190E+03	6.090796E-16	2.290877E-17
4.188138E+03	6.169750E-16	2.316179E-17
4.198086E+03	6.269063E-16	2.349042E-17
4.208034E+03	6.390071E-16	2.389925E-17
4.217982E+03	6.533524E-16	2.439063E-17
4.227930E+03	6.699478E-16	2.496436E-17
4.237878E+03	6.887788E-16	2.561944E-17
4.247826E+03	7.097383E-16	2.635150E-17
4.257774E+03	7.326114E-16	2.715218E-17
4.267722E+03	7.571186E-16	2.801081E-17
4.277671E+03	7.828226E-16	2.891097E-17
4.287619E+03	8.091831E-16	2.983255E-17
4.297567E+03	8.355400E-16	3.075118E-17
4.307515E+03	8.611525E-16	3.163971E-17
4.317463E+03	8.851481E-16	3.246632E-17
4.327411E+03	9.067124E-16	3.320155E-17
4.337359E+03	9.250504E-16	3.381681E-17
4.347307E+03	9.395302E-16	3.428968E-17
4.357255E+03	9.497347E-16	3.460569E-17
4.367203E+03	9.554860E-16	3.475913E-17
4.377151E+03	9.569287E-16	3.475607E-17
4.387099E+03	9.544229E-16	3.461032E-17
4.397047E+03	9.486473E-16	3.434712E-17
4.406995E+03	9.404208E-16	3.399662E-17
4.416944E+03	9.307571E-16	3.359582E-17
4.426892E+03	9.206815E-16	3.318188E-17
4.436840E+03	9.112013E-16	3.279109E-17
4.446788E+03	9.032509E-16	3.245693E-17
4.456736E+03	8.977047E-16	3.221050E-17
4.466684E+03	8.952006E-16	3.207428E-17
4.476632E+03	8.963426E-16	3.206940E-17
4.486580E+03	9.015467E-16	3.221017E-17
4.496528E+03	9.110985E-16	3.250618E-17
4.506476E+03	9.251588E-16	3.296253E-17
4.516424E+03	9.438016E-16	3.358123E-17
4.526372E+03	9.669514E-16	3.435897E-17
4.536320E+03	9.944186E-16	3.528841E-17
4.546268E+03	1.025897E-15	3.635813E-17
4.556217E+03	1.061003E-15	3.755397E-17
4.566165E+03	1.099174E-15	3.885566E-17
4.576113E+03	1.139801E-15	4.024126E-17
4.586061E+03	1.182194E-15	4.168615E-17
4.596009E+03	1.225570E-15	4.316254E-17
4.605957E+03	1.269177E-15	4.464388E-17
4.615905E+03	1.312202E-15	4.610161E-17
4.625853E+03	1.353964E-15	4.751192E-17
4.635801E+03	1.393824E-15	4.885253E-17
4.645749E+03	1.431335E-15	5.010810E-17
4.655697E+03	1.466138E-15	5.126627E-17
4.665645E+03	1.498111E-15	5.232319E-17
4.675593E+03	1.527301E-15	5.328076E-17
4.685541E+03	1.553948E-15	5.414769E-17
4.695490E+03	1.578421E-15	5.493707E-17
4.705438E+03	1.601209E-15	5.566616E-17
4.715386E+03	1.622877E-15	5.635469E-17
4.725334E+03	1.644044E-15	5.702429E-17
4.735282E+03	1.665307E-15	5.769562E-17
4.745230E+03	1.687235E-15	5.838833E-17
4.755178E+03	1.710300E-15	5.911860E-17
4.765126E+03	1.734912E-15	5.990039E-17
4.775074E+03	1.761288E-15	6.074098E-17
4.785022E+03	1.789568E-15	6.164493E-17
4.794970E+03	1.819714E-15	6.261059E-17
4.804918E+03	1.851524E-15	6.363084E-17
4.814866E+03	1.884611E-15	6.469205E-17
4.824814E+03	1.918444E-15	6.577580E-17
4.834763E+03	1.952314E-15	6.685770E-17
4.844711E+03	1.985350E-15	6.790784E-17
4.854659E+03	2.016612E-15	6.889416E-17
4.864607E+03	2.045081E-15	6.978202E-17
4.874555E+03	2.069636E-15	7.053351E-17
4.884503E+03	2.089266E-15	7.111464E-17
4.894451E+03	2.103016E-15	7.149351E-17
4.904399E+03	2.110020E-15	7.164136E-17
4.914347E+03	2.109693E-15	7.153919E-17
4.924295E+03	2.101570E-15	7.117215E-17
4.934243E+03	2.085582E-15	7.053895E-17
4.944191E+03	2.061805E-15	6.964311E-17
4.954139E+03	2.030695E-15	6.850105E-17
4.964087E+03	1.992894E-15	6.713542E-17
4.974036E+03	1.949304E-15	6.557746E-17
4.983984E+03	1.900981E-15	6.386355E-17
4.993932E+03	1.849091E-15	6.203341E-17
5.003880E+03	1.794932E-15	6.013117E-17
5.013828E+03	1.739792E-15	5.820024E-17
5.023776E+03	1.684919E-15	5.628254E-17
5.033724E+03	1.631536E-15	5.441892E-17
5.043672E+03	1.580769E-15	5.264669E-17
5.053620E+03	1.533615E-15	5.099872E-17
5.063568E+03	1.490898E-15	4.950187E-17
5.073516E+03	1.453326E-15	4.817903E-17
5.083464E+03	1.421451E-15	4.704767E-17
5.093412E+03	1.395680E-15	4.612044E-17
5.103360E+03	1.376255E-15	4.540434E-17
5.113309E+03	1.363337E-15	4.490370E-17
5.123257E+03	1.356963E-15	4.461872E-17
5.133205E+03	1.357049E-15	4.454548E-17
5.143153E+03	1.363467E-15	4.467873E-17
5.153101E+03	1.375972E-15	4.500935E-17
5.163049E+03	1.394309E-15	4.552792E-17
5.172997E+03	1.418120E-15	4.622169E-17
5.182945E+03	1.446984E-15	4.707594E-17
5.192893E+03	1.480436E-15	4.807460E-17
5.202841E+03	1.517951E-15	4.919973E-17
5.212789E+03	1.558931E-15	5.043110E-17
5.222737E+03	1.602725E-15	5.174701E-17
5.232685E+03	1.648647E-15	5.312467E-17
5.242633E+03	1.695902E-15	5.453801E-17
5.252582E+03	1.743697E-15	5.596117E-17
5.262530E+03	1.791150E-15	5.736572E-17
5.272478E+03	1.837430E-15	5.872504E-17
5.282426E+03	1.881634E-15	6.001046E-17
5.292374E+03	1.922926E-15	6.119565E-17
5.302322E+03	1.960544E-15	6.225696E-17
5.312270E+03	1.993764E-15	6.317211E-17
5.322218E+03	2.022021E-15	6.392409E-17
5.332166E+03	2.044910E-15	6.450107E-17
5.342114E+03	2.062203E-15	6.489705E-17
5.352062E+03	2.073856E-15	6.511180E-17
5.362010E+03	2.080055E-15	6.515236E-17
5.371958E+03	2.081192E-15	6.503220E-17
5.381906E+03	2.077834E-15	6.477014E-17
5.391855E+03	2.070717E-15	6.439008E-17
5.401803E+03	2.060749E-15	6.392110E-17
5.411751E+03	2.048863E-15	6.339273E-17
5.421699E+03	2.036084E-15	6.283715E-17
5.431647E+03	2.023354E-15	6.228359E-17
5.441595E+03	2.011602E-15	6.176057E-17
5.451543E+03	2.001563E-15	6.129047E-17
5.461491E+03	1.993807E-15	6.089028E-17
5.471439E+03	1.988759E-15	6.057245E-17
5.481387E+03	1.986573E-15	6.034101E-17
5.491335E+03	1.987293E-15	6.019661E-17
5.501283E+03	1.990736E-15	6.013301E-17
5.511231E+03	1.996644E-15	6.014178E-17
5.521179E+03	2.004703E-15	6.021284E-17
5.531128E+03	2.014467E-15	6.033229E-17
5.541076E+03	2.025511E-15	6.048703E-17
5.551024E+03	2.037387E-15	6.066342E-17
5.560972E+03	2.049540E-15	6.084470E-17
5.570920E+03	2.061505E-15	6.101709E-17
5.580868E+03	2.072687E-15	6.116310E-17
5.590816E+03	2.082507E-15	6.126590E-17
5.600764E+03	2.090352E-15	6.130790E-17
5.610712E+03	2.095690E-15	6.127410E-17
5.620660E+03	2.097942E-15	6.114836E-17
5.630608E+03	2.096722E-15	6.092034E-17
5.640556E+03	2.091785E-15	6.058393E-17
5.650504E+03	2.083077E-15	6.013868E-17
5.660452E+03	2.070795E-15	5.959132E-17
5.670401E+03	2.055432E-15	5.895712E-17
5.680349E+03	2.037681E-15	5.825674E-17
5.690297E+03	2.018506E-15	5.751847E-17
5.700245E+03	1.998983E-15	5.677328E-17
5.710193E+03	1.980340E-15	5.605611E-17
5.720141E+03	1.963771E-15	5.540051E-17
5.730089E+03	1.950465E-15	5.483935E-17
5.740037E+03	1.941498E-15	5.440190E-17
5.749985E+03	1.937777E-15	5.411231E-17
5.759933E+03	1.939936E-15	5.398682E-17
5.769881E+03	1.948449E-15	5.403690E-17
5.779829E+03	1.963427E-15	5.426388E-17
5.789777E+03	1.984688E-15	5.466096E-17
5.799725E+03	2.011765E-15	5.521351E-17
5.809674E+03	2.043785E-15	5.589613E-17
5.819622E+03	2.079660E-15	5.667778E-17
5.829570E+03	2.117934E-15	5.751789E-17
5.839518E+03	2.157017E-15	5.837286E-17
5.849466E+03	2.195148E-15	5.919506E-17
5.859414E+03	2.230625E-15	5.993910E-17
5.869362E+03	2.261792E-15	6.056156E-17
5.879310E+03	2.287333E-15	6.102864E-17
5.889258E+03	2.306252E-15	6.131559E-17
5.899206E+03	2.317983E-15	6.140940E-17
5.909154E+03	2.322393E-15	6.130871E-17
5.919102E+03	2.319864E-15	6.102575E-17
5.929050E+03	2.311038E-15	6.057935E-17
5.938998E+03	2.296890E-15	5.999683E-17
5.948946E+03	2.278541E-15	5.930895E-17
5.958895E+03	2.257182E-15	5.854779E-17
5.968843E+03	2.234002E-15	5.774497E-17
5.978791E+03	2.210080E-15	5.692888E-17
5.988739E+03	2.186363E-15	5.612402E-17
5.998687E+03	2.163645E-15	5.535074E-17
6.008635E+03	2.142502E-15	5.462351E-17
6.018583E+03	2.123361E-15	5.395278E-17
6.028531E+03	2.106445E-15	5.334378E-17
6.038479E+03	2.091822E-15	5.279766E-17
6.048427E+03	2.079378E-15	5.231107E-17
6.058375E+03	2.068877E-15	5.187762E-17
6.068323E+03	2.059931E-15	5.148721E-17
6.078271E+03	2.052127E-15	5.112921E-17
6.088219E+03	2.044947E-15	5.079056E-17
6.098168E+03	2.037943E-15	5.046014E-17
6.108116E+03	2.030632E-15	5.012602E-17
6.118064E+03	2.022637E-15	4.977908E-17
6.128012E+03	2.013703E-15	4.941330E-17
6.137960E+03	2.003669E-15	4.902499E-17
6.147908E+03	1.992492E-15	4.861336E-17
6.157856E+03	1.980205E-15	4.817955E-17
6.167804E+03	1.966989E-15	4.772816E-17
6.177752E+03	1.953000E-15	4.726323E-17
6.187700E+03	1.938394E-15	4.678863E-17
6.197648E+03	1.923317E-15	4.630804E-17
6.207596E+03	1.907802E-15	4.582227E-17
6.217544E+03	1.891870E-15	4.533166E-17
6.227492E+03	1.875494E-15	4.483545E-17
6.237441E+03	1.858671E-15	4.433346E-17
6.247389E+03	1.841375E-15	4.382495E-17
6.257337E+03	1.823705E-15	4.331213E-17
6.267285E+03	1.805821E-15	4.279865E-17
6.277233E+03	1.788104E-15	4.229339E-17
6.287181E+03	1.770996E-15	4.180654E-17
6.297129E+03	1.755128E-15	4.135273E-17
6.307077E+03	1.741244E-15	4.094907E-17
6.317025E+03	1.730181E-15	4.061485E-17
6.326973E+03	1.722849E-15	4.037083E-17
6.336921E+03	1.720211E-15	4.023897E-17
6.346869E+03	1.723221E-15	4.024081E-17
6.356817E+03	1.732801E-15	4.039712E-17
6.366765E+03	1.749817E-15	4.072716E-17
6.376714E+03	1.775038E-15	4.124792E-17
6.386662E+03	1.809082E-15	4.197272E-17
6.396610E+03	1.852420E-15	4.291149E-17
6.406558E+03	1.905252E-15	4.406780E-17
6.416506E+03	1.967493E-15	4.543866E-17
6.426454E+03	2.038649E-15	4.701164E-17
6.436402E+03	2.117819E-15	4.876504E-17
6.446350E+03	2.203598E-15	5.066573E-17
6.456298E+03	2.294017E-15	5.266775E-17
6.466246E+03	2.386614E-15	5.471415E-17
6.476194E+03	2.478372E-15	5.673557E-17
6.486142E+03	2.565993E-15	5.865660E-17
6.496090E+03	2.645966E-15	6.039737E-17
6.506038E+03	2.714894E-15	6.188110E-17
6.515987E+03	2.769727E-15	6.303933E-17
6.525935E+03	2.808092E-15	6.381936E-17
6.535883E+03	2.828466E-15	6.418812E-17
6.545831E+03	2.830333E-15	6.413559E-17
6.555779E+03	2.814191E-15	6.367476E-17
6.565727E+03	2.781574E-15	6.284198E-17
6.575675E+03	2.734685E-15	6.168857E-17
6.585623E+03	2.676233E-15	6.027695E-17
6.595571E+03	2.609253E-15	5.867652E-17
6.605519E+03	2.536644E-15	5.695325E-17
6.615467E+03	2.461163E-15	5.516959E-17
6.625415E+03	2.385149E-15	5.337819E-17
6.635363E+03	2.310545E-15	5.162258E-17
6.645311E+03	2.238777E-15	4.993447E-17
6.655260E+03	2.170828E-15	4.833545E-17
6.665208E+03	2.107364E-15	4.683999E-17
6.675156E+03	2.048629E-15	4.545301E-17
6.685104E+03	1.994665E-15	4.417498E-17
6.695052E+03	1.945356E-15	4.300280E-17
6.705000E+03	1.900400E-15	4.192932E-17
6.714948E+03	1.859517E-15	4.094785E-17
6.724896E+03	1.822315E-15	4.004936E-17
6.734844E+03	1.788474E-15	3.922639E-17
6.744792E+03	1.757657E-15	3.847118E-17
6.754740E+03	1.729585E-15	3.777729E-17
6.764688E+03	1.704024E-15	3.713926E-17
6.774636E+03	1.680778E-15	3.655256E-17
6.784584E+03	1.659686E-15	3.601340E-17
6.794533E+03	1.640616E-15	3.551867E-17
6.804481E+03	1.623414E-15	3.506478E-17
6.814429E+03	1.608037E-15	3.465056E-17
6.824377E+03	1.594326E-15	3.427237E-17
6.834325E+03	1.582197E-15	3.392817E-17
6.844273E+03	1.571540E-15	3.361542E-17
6.854221E+03	1.562232E-15	3.333130E-17
6.864169E+03	1.554127E-15	3.307251E-17
6.874117E+03	1.547098E-15	3.283622E-17
6.884065E+03	1.540981E-15	3.261879E-17
6.894013E+03	1.535618E-15	3.241681E-17
6.903961E+03	1.530858E-15	3.222697E-17
6.913909E+03	1.526545E-15	3.204597E-17
6.923857E+03	1.522556E-15	3.187120E-17
6.933806E+03	1.518702E-15	3.169872E-17
6.943754E+03	1.514911E-15	3.152701E-17
6.953702E+03	1.511090E-15	3.135427E-17
6.963650E+03	1.507157E-15	3.117882E-17
6.973598E+03	1.503080E-15	3.100008E-17
6.983546E+03	1.498872E-15	3.081844E-17
6.993494E+03	1.494525E-15	3.063384E-17
7.003442E+03	1.490118E-15	3.044797E-17
7.013390E+03	1.485720E-15	3.026235E-17
7.023338E+03	1.481483E-15	3.008016E-17
7.033286E+03	1.477487E-15	2.990305E-17
7.043234E+03	1.473923E-15	2.973496E-17
7.053182E+03	1.470959E-15	2.957924E-17
7.063130E+03	1.468733E-15	2.943865E-17
7.073079E+03	1.467440E-15	2.931704E-17
7.083027E+03	1.467250E-15	2.921776E-17
7.092975E+03	1.468328E-15	2.914393E-17
7.102923E+03	1.470800E-15	2.909794E-17
7.112871E+03	1.474810E-15	2.908251E-17
7.122819E+03	1.480439E-15	2.909902E-17
7.132767E+03	1.487752E-15	2.914862E-17
7.142715E+03	1.496801E-15	2.923214E-17
7.152663E+03	1.507541E-15	2.934856E-17
7.162611E+03	1.519943E-15	2.949716E-17
7.172559E+03	1.533916E-15	2.967610E-17
7.182507E+03	1.549329E-15	2.988275E-17
7.192455E+03	1.565988E-15	3.011334E-17
7.202403E+03	1.583679E-15	3.036385E-17
7.212352E+03	1.602162E-15	3.062971E-17
7.222300E+03	1.621192E-15	3.090644E-17
7.232248E+03	1.640452E-15	3.118818E-17
7.242196E+03	1.659689E-15	3.147046E-17
7.252144E+03	1.678647E-15	3.174873E-17
7.262092E+03	1.697102E-15	3.201915E-17
7.272040E+03	1.714849E-15	3.227829E-17
7.281988E+03	1.731780E-15	3.252458E-17
7.291936E+03	1.747797E-15	3.275663E-17
7.301884E+03	1.762871E-15	3.297443E-17
7.311832E+03	1.777024E-15	3.317884E-17
7.321780E+03	1.790327E-15	3.337167E-17
7.331728E+03	1.802793E-15	3.355364E-17
7.341676E+03	1.814532E-15	3.372727E-17
7.351625E+03	1.825537E-15	3.389285E-17
7.361573E+03	1.835843E-15	3.405151E-17
7.371521E+03	1.845453E-15	3.420370E-17
7.381469E+03	1.854249E-15	3.434770E-17
7.391417E+03	1.862159E-15	3.448258E-17
7.401365E+03	1.869056E-15	3.460637E-17
7.411313E+03	1.874800E-15	3.471690E-17
7.421261E+03	1.879249E-15	3.481187E-17
7.431209E+03	1.882303E-15	3.488975E-17
7.441157E+03	1.883813E-15	3.494806E-17
7.451105E+03	1.883769E-15	3.498683E-17
7.461053E+03	1.882161E-15	3.500603E-17
7.471001E+03	1.878972E-15	3.500549E-17
7.480949E+03	1.874370E-15	3.498840E-17
7.490898E+03	1.868413E-15	3.495587E-17
7.500846E+03	1.861361E-15	3.491271E-17
7.510794E+03	1.853372E-15	3.486188E-17
7.520742E+03	1.844739E-15	3.480883E-17
7.530690E+03	1.835663E-15	3.475728E-17
7.540638E+03	1.826422E-15	3.471241E-17
7.550586E+03	1.817286E-15	3.467900E-17
7.560534E+03	1.808470E-15	3.466089E-17
7.570482E+03	1.800114E-15	3.466052E-17
7.580430E+03	1.792338E-15	3.468001E-17
7.590378E+03	1.785256E-15	3.472139E-17
7.600326E+03	1.778849E-15	3.478423E-17
7.610274E+03	1.773103E-15	3.486812E-17
7.620222E+03	1.767913E-15	3.497092E-17
7.630171E+03	1.763171E-15	3.509038E-17
7.640119E+03	1.758811E-15	3.522505E-17
7.650067E+03	1.754649E-15	3.537109E-17
7.660015E+03	1.750605E-15	3.552667E-17
7.669963E+03	1.746547E-15	3.568885E-17
7.679911E+03	1.742301E-15	3.585378E-17
7.689859E+03	1.737832E-15	3.602039E-17
7.699807E+03	1.733018E-15	3.618574E-17
7.709755E+03	1.727758E-15	3.634725E-17
7.719703E+03	1.722049E-15	3.650439E-17
7.729651E+03	1.715861E-15	3.665602E-17
7.739599E+03	1.709162E-15	3.680090E-17
7.749547E+03	1.701994E-15	3.693945E-17
7.759495E+03	1.694372E-15	3.707140E-17
7.769444E+03	1.686398E-15	3.719856E-17
7.779392E+03	1.678115E-15	3.732136E-17
7.789340E+03	1.669594E-15	3.744100E-17
7.799288E+03	1.660935E-15	3.755928E-17
7.809236E+03	1.652207E-15	3.767747E-17
7.819184E+03	1.643443E-15	3.779604E-17
7.829132E+03	1.634718E-15	3.791645E-17
7.839080E+03	1.626065E-15	3.803922E-17
7.849028E+03	1.617503E-15	3.816467E-17
7.858976E+03	1.609036E-15	3.829268E-17
7.868924E+03	1.600678E-15	3.842344E-17
7.878872E+03	1.592357E-15	3.855506E-17
7.888820E+03	1.584117E-15	3.868843E-17
7.898768E+03	1.575841E-15	3.882055E-17
7.908716E+03	1.567537E-15	3.895139E-17
7.918665E+03	1.559159E-15	3.907961E-17
7.928613E+03	1.550641E-15	3.920329E-17
7.938561E+03	1.541971E-15	3.932187E-17
7.948509E+03	1.533092E-15	3.943364E-17
7.958457E+03	1.523987E-15	3.953785E-17
7.968405E+03	1.514652E-15	3.963407E-17
7.978353E+03	1.505119E-15	3.972289E-17
7.988301E+03	1.495388E-15	3.980401E-17
7.998249E+03	1.485500E-15	3.987822E-17
8.008197E+03	1.475505E-15	3.994670E-17
8.018145E+03	1.465489E-15	4.001156E-17
8.028093E+03	1.455494E-15	4.007381E-17
8.038041E+03	1.445583E-15	4.013510E-17
8.047989E+03	1.435809E-15	4.019689E-17
8.057938E+03	1.426237E-15	4.026096E-17
8.067886E+03	1.416831E-15	4.032637E-17
8.077834E+03	1.407600E-15	4.039336E-17
8.087782E+03	1.398488E-15	4.046037E-17
8.097730E+03	1.389380E-15	4.052403E-17
8.107678E+03	1.380164E-15	4.058095E-17
8.117626E+03	1.370640E-15	4.062508E-17
8.127574E+03	1.360624E-15	4.065059E-17
8.137522E+03	1.349832E-15	4.064852E-17
8.147470E+03	1.338055E-15	4.061192E-17
8.157418E+03	1.324991E-15	4.053077E-17
8.167366E+03	1.310442E-15	4.039795E-17
8.177314E+03	1.294122E-15	4.020353E-17
8.187262E+03	1.275932E-15	3.994301E-17
8.197211E+03	1.255724E-15	3.961034E-17
8.207159E+03	1.233454E-15	3.920264E-17
8.217107E+03	1.209252E-15	3.872256E-17
8.227055E+03	1.183225E-15	3.817207E-17
8.237003E+03	1.155641E-15	3.755859E-17
8.246951E+03	1.126907E-15	3.689424E-17
8.256899E+03	1.097438E-15	3.619185E-17
8.266847E+03	1.067772E-15	3.546880E-17
8.276795E+03	1.038469E-15	3.474358E-17
8.286743E+03	1.010146E-15	3.403724E-17
8.296691E+03	9.833744E-16	3.336990E-17
8.306639E+03	9.587811E-16	3.276405E-17
8.316587E+03	9.368930E-16	3.223936E-17
8.326535E+03	9.182438E-16	3.181627E-17
8.336484E+03	9.033006E-16	3.151337E-17
8.346432E+03	8.924799E-16	3.134792E-17
8.356380E+03	8.861345E-16	3.133533E-17
8.366328E+03	8.845901E-16	3.149037E-17
8.376276E+03	8.881354E-16	3.182677E-17
8.386224E+03	8.970460E-16	3.235809E-17
8.396172E+03	9.115445E-16	3.309616E-17
8.406120E+03	9.318350E-16	3.405238E-17
8.416068E+03	9.581524E-16	3.523943E-17
8.426016E+03	9.906517E-16	3.666726E-17
8.435964E+03	1.029497E-15	3.834626E-17
8.445912E+03	1.074840E-15	4.028656E-17
8.455860E+03	1.126757E-15	4.249544E-17
8.465808E+03	1.185301E-15	4.497950E-17
8.475757E+03	1.250407E-15	4.774072E-17
8.485705E+03	1.321896E-15	5.077671E-17
8.495653E+03	1.399518E-15	5.408216E-17
8.505601E+03	1.482764E-15	5.764134E-17
8.515549E+03	1.570987E-15	6.143269E-17
8.525497E+03	1.663282E-15	6.542393E-17
8.535445E+03	1.758464E-15	6.957077E-17
8.545393E+03	1.855107E-15	7.381830E-17
8.555341E+03	1.951571E-15	7.810167E-17
8.565289E+03	2.045902E-15	8.234194E-17
8.575237E+03	2.136124E-15	8.645746E-17
8.585185E+03	2.220054E-15	9.035641E-17
8.595133E+03	2.295653E-15	9.395089E-17
8.605081E+03	2.361002E-15	9.715611E-17
8.615030E+03	2.414404E-15	9.989488E-17
8.624978E+03	2.454586E-15	1.021060E-16
8.634926E+03	2.480764E-15	1.037477E-16
8.644874E+03	2.492577E-15	1.047955E-16
8.654822E+03	2.490173E-15	1.052459E-16
8.664770E+03	2.474309E-15	1.051216E-16
8.674718E+03	2.445989E-15	1.044567E-16
8.684666E+03	2.406674E-15	1.033057E-16
8.694614E+03	2.357973E-15	1.017307E-16
8.704562E+03	2.301696E-15	9.980434E-17
8.714510E+03	2.239600E-15	9.759820E-17
8.724458E+03	2.173385E-15	9.518308E-17
8.734406E+03	2.104737E-15	9.263068E-17
8.744354E+03	2.035052E-15	9.000126E-17
8.754303E+03	1.965561E-15	8.734906E-17
8.764251E+03	1.897250E-15	8.471833E-17
8.774199E+03	1.830962E-15	8.214781E-17
8.784147E+03	1.767305E-15	7.966637E-17
8.794095E+03	1.706713E-15	7.729544E-17
8.804043E+03	1.649465E-15	7.504975E-17
8.813991E+03	1.595684E-15	7.293726E-17
8.823939E+03	1.545450E-15	7.096384E-17
8.833887E+03	1.498735E-15	6.913063E-17
8.843835E+03	1.455428E-15	6.743473E-17
8.853783E+03	1.415458E-15	6.587508E-17
8.863731E+03	1.378633E-15	6.444481E-17
8.873679E+03	1.344820E-15	6.313974E-17
8.883627E+03	1.313863E-15	6.195449E-17
8.893576E+03	1.285612E-15	6.088365E-17
8.903524E+03	1.259923E-15	5.992222E-17
8.913472E+03	1.236663E-15	5.906539E-17
8.923420E+03	1.215706E-15	5.830866E-17
8.933368E+03	1.196954E-15	5.764873E-17
8.943316E+03	1.180245E-15	5.707915E-17
8.953264E+03	1.165526E-15	5.659858E-17
8.993056E+03	1.123510E-15	5.544089E-17
9.032849E+03	1.100889E-15	5.517503E-17
9.072641E+03	1.085953E-15	5.525094E-17
9.112433E+03	1.068126E-15	5.514079E-17
9.152225E+03	1.041648E-15	5.453719E-17
9.192018E+03	1.006895E-15	5.344217E-17
9.231810E+03	9.700626E-16	5.217242E-17
9.271602E+03	9.396476E-16	5.118797E-17
9.311395E+03	9.220079E-16	5.085407E-17
9.351187E+03	9.193191E-16	5.131900E-17
9.390979E+03	9.310471E-16	5.258269E-17
9.430771E+03	9.563486E-16	5.462492E-17
9.470564E+03	9.951253E-16	5.746523E-17
9.510356E+03	1.046676E-15	6.108677E-17
9.550148E+03	1.107015E-15	6.527628E-17
9.589941E+03	1.167877E-15	6.955533E-17
9.629733E+03	1.220170E-15	7.337596E-17
9.669525E+03	1.258858E-15	7.641594E-17
9.709317E+03	1.283688E-15	7.863534E-17
9.749110E+03	1.295534E-15	8.006438E-17
9.788902E+03	1.294215E-15	8.067054E-17
9.828694E+03	1.279853E-15	8.044069E-17
9.868487E+03	1.254336E-15	7.947483E-17
9.908279E+03	1.221085E-15	7.797540E-17
9.948071E+03	1.183679E-15	7.616248E-17
9.987863E+03	1.144655E-15	7.419591E-17
1.002766E+04	1.105467E-15	7.216976E-17
1.006745E+04	1.066896E-15	7.013659E-17
1.010724E+04	1.029355E-15	6.812585E-17
1.014703E+04	9.928788E-16	6.614271E-17
1.018682E+04	9.575586E-16	6.419585E-17
1.022662E+04	9.233534E-16	6.228522E-17
1.026641E+04	8.902038E-16	6.040933E-17
