#wls	flux	fluxerr
1.600000E+03	1.475753E-16	8.918326E-17
1.640000E+03	1.552101E-16	9.234565E-17
1.680000E+03	1.631960E-16	9.559737E-17
1.720000E+03	1.714376E-16	9.889211E-17
1.760000E+03	1.799074E-16	1.022297E-16
1.800000E+03	1.885369E-16	1.055914E-16
1.840000E+03	1.972764E-16	1.089749E-16
1.880000E+03	2.059627E-16	1.123197E-16
1.920000E+03	2.145543E-16	1.156371E-16
1.960000E+03	2.228971E-16	1.188794E-16
2.000000E+03	2.309033E-16	1.220351E-16
2.040000E+03	2.383680E-16	1.250293E-16
2.080000E+03	2.452446E-16	1.278670E-16
2.120000E+03	2.514200E-16	1.305119E-16
2.160000E+03	2.567539E-16	1.329059E-16
2.200000E+03	2.611659E-16	1.350134E-16
2.240000E+03	2.646870E-16	1.368474E-16
2.280000E+03	2.672044E-16	1.383374E-16
2.320000E+03	2.687192E-16	1.394642E-16
2.360000E+03	2.693467E-16	1.402616E-16
2.400000E+03	2.690560E-16	1.406827E-16
2.440000E+03	2.680092E-16	1.407791E-16
2.480000E+03	2.662160E-16	1.405217E-16
2.520000E+03	2.638663E-16	1.399774E-16
2.560000E+03	2.609912E-16	1.391314E-16
2.600000E+03	2.577865E-16	1.380599E-16
2.640000E+03	2.543234E-16	1.367765E-16
2.680000E+03	2.507451E-16	1.353378E-16
2.720000E+03	2.471081E-16	1.337574E-16
2.760000E+03	2.435329E-16	1.320872E-16
2.800000E+03	2.400539E-16	1.303359E-16
2.840000E+03	2.367299E-16	1.285282E-16
2.880000E+03	2.336739E-16	1.267206E-16
2.920000E+03	2.308505E-16	1.248907E-16
2.960000E+03	2.282831E-16	1.230500E-16
3.000000E+03	2.260486E-16	1.212400E-16
3.010000E+03	2.255309E-16	1.207863E-16
3.020000E+03	2.250575E-16	1.203472E-16
3.030000E+03	2.245664E-16	1.198896E-16
3.040000E+03	2.241196E-16	1.194464E-16
3.050000E+03	2.236860E-16	1.190013E-16
3.060000E+03	2.232658E-16	1.185544E-16
3.070000E+03	2.228590E-16	1.181056E-16
3.080000E+03	2.224656E-16	1.176550E-16
3.090000E+03	2.221155E-16	1.172186E-16
3.100000E+03	2.217785E-16	1.167803E-16
3.110000E+03	2.214546E-16	1.163402E-16
3.120000E+03	2.211439E-16	1.158984E-16
3.130000E+03	2.208463E-16	1.154549E-16
3.140000E+03	2.205911E-16	1.150251E-16
3.150000E+03	2.203197E-16	1.145784E-16
3.160000E+03	2.200905E-16	1.141453E-16
3.170000E+03	2.198742E-16	1.137107E-16
3.180000E+03	2.196998E-16	1.132894E-16
3.190000E+03	2.195095E-16	1.128518E-16
3.200000E+03	2.193610E-16	1.124276E-16
3.210000E+03	2.192255E-16	1.120019E-16
3.220000E+03	2.191031E-16	1.115751E-16
3.230000E+03	2.189941E-16	1.111471E-16
3.240000E+03	2.188985E-16	1.107181E-16
3.250000E+03	2.188448E-16	1.103025E-16
3.260000E+03	2.188047E-16	1.098860E-16
3.270000E+03	2.187787E-16	1.094688E-16
3.280000E+03	2.187669E-16	1.090512E-16
3.290000E+03	2.187699E-16	1.086332E-16
3.300000E+03	2.188155E-16	1.082288E-16
3.310000E+03	2.188764E-16	1.078244E-16
3.320000E+03	2.189530E-16	1.074202E-16
3.330000E+03	2.190460E-16	1.070165E-16
3.340000E+03	2.191558E-16	1.066134E-16
3.350000E+03	2.193102E-16	1.062245E-16
3.360000E+03	2.194554E-16	1.058236E-16
3.370000E+03	2.196466E-16	1.054374E-16
3.380000E+03	2.198571E-16	1.050528E-16
3.390000E+03	2.201149E-16	1.046830E-16
3.400000E+03	2.203666E-16	1.043028E-16
3.410000E+03	2.206672E-16	1.039378E-16
3.420000E+03	2.209638E-16	1.035632E-16
3.430000E+03	2.213379E-16	1.032170E-16
3.440000E+03	2.217101E-16	1.028618E-16
3.450000E+03	2.221084E-16	1.025105E-16
3.460000E+03	2.225605E-16	1.021759E-16
3.470000E+03	2.230143E-16	1.018337E-16
3.480000E+03	2.235245E-16	1.015086E-16
3.490000E+03	2.240656E-16	1.011889E-16
3.500000E+03	2.246656E-16	1.008868E-16
3.510000E+03	2.252728E-16	1.005788E-16
3.520000E+03	2.259418E-16	1.002891E-16
3.530000E+03	2.266475E-16	1.000060E-16
3.540000E+03	2.273916E-16	9.972992E-17
3.550000E+03	2.281756E-16	9.946125E-17
3.560000E+03	2.290012E-16	9.920031E-17
3.570000E+03	2.298965E-16	9.895882E-17
3.580000E+03	2.308104E-16	9.871420E-17
3.590000E+03	2.317975E-16	9.848947E-17
3.600000E+03	2.328332E-16	9.827350E-17
3.610000E+03	2.339193E-16	9.806651E-17
3.620000E+03	2.350842E-16	9.787980E-17
3.630000E+03	2.362767E-16	9.769132E-17
3.640000E+03	2.375518E-16	9.752330E-17
3.650000E+03	2.388581E-16	9.735387E-17
3.660000E+03	2.402509E-16	9.720496E-17
3.670000E+03	2.417056E-16	9.706562E-17
3.680000E+03	2.432508E-16	9.694657E-17
3.690000E+03	2.448348E-16	9.682619E-17
3.700000E+03	2.465133E-16	9.672578E-17
3.710000E+03	2.482342E-16	9.662381E-17
3.720000E+03	2.500537E-16	9.654126E-17
3.730000E+03	2.519464E-16	9.646716E-17
3.740000E+03	2.539142E-16	9.640112E-17
3.750000E+03	2.559589E-16	9.634268E-17
3.760000E+03	2.581101E-16	9.630165E-17
3.770000E+03	2.603139E-16	9.625663E-17
3.780000E+03	2.626279E-16	9.622760E-17
3.790000E+03	2.650258E-16	9.620337E-17
3.800000E+03	2.674808E-16	9.617285E-17
3.810000E+03	2.700511E-16	9.615549E-17
3.820000E+03	2.727385E-16	9.615007E-17
3.830000E+03	2.754870E-16	9.613507E-17
3.840000E+03	2.783266E-16	9.611934E-17
3.850000E+03	2.812583E-16	9.610143E-17
3.860000E+03	2.843128E-16	9.608976E-17
3.870000E+03	2.874619E-16	9.607260E-17
3.880000E+03	2.906764E-16	9.603822E-17
3.890000E+03	2.940169E-16	9.600453E-17
3.900000E+03	2.974542E-16	9.595950E-17
3.910000E+03	3.009887E-16	9.590090E-17
3.920000E+03	3.046208E-16	9.582638E-17
3.930000E+03	3.083505E-16	9.573343E-17
3.940000E+03	3.121779E-16	9.561938E-17
3.950000E+03	3.161027E-16	9.548144E-17
3.960000E+03	3.201566E-16	9.532621E-17
3.970000E+03	3.242751E-16	9.513140E-17
3.980000E+03	3.285218E-16	9.491282E-17
3.990000E+03	3.328304E-16	9.464810E-17
4.000000E+03	3.372654E-16	9.435250E-17
4.010000E+03	3.417585E-16	9.400358E-17
4.020000E+03	3.463750E-16	9.361607E-17
4.030000E+03	3.510789E-16	9.317663E-17
4.040000E+03	3.558330E-16	9.267207E-17
4.050000E+03	3.607031E-16	9.211628E-17
4.060000E+03	3.656513E-16	9.149574E-17
4.070000E+03	3.706378E-16	9.079722E-17
4.080000E+03	3.757291E-16	9.003376E-17
4.090000E+03	3.808847E-16	8.919188E-17
4.100000E+03	3.860990E-16	8.826691E-17
4.110000E+03	3.913655E-16	8.725418E-17
4.120000E+03	3.966772E-16	8.614905E-17
4.130000E+03	4.019884E-16	8.493894E-17
4.140000E+03	4.073662E-16	8.363563E-17
4.150000E+03	4.127635E-16	8.222671E-17
4.160000E+03	4.181702E-16	8.070823E-17
4.170000E+03	4.235753E-16	7.907660E-17
4.180000E+03	4.289269E-16	7.732148E-17
4.190000E+03	4.342914E-16	7.545491E-17
4.200000E+03	4.396155E-16	7.346771E-17
4.210000E+03	4.448434E-16	7.135246E-17
4.220000E+03	4.500408E-16	6.912278E-17
4.230000E+03	4.551088E-16	6.676749E-17
4.240000E+03	4.601125E-16	6.430250E-17
4.250000E+03	4.649499E-16	6.172150E-17
4.260000E+03	4.696858E-16	5.904435E-17
4.270000E+03	4.742153E-16	5.627189E-17
4.280000E+03	4.785602E-16	5.342585E-17
4.290000E+03	4.826992E-16	5.052782E-17
4.300000E+03	4.866111E-16	4.760642E-17
4.310000E+03	4.902743E-16	4.469919E-17
4.320000E+03	4.936676E-16	4.185501E-17
4.330000E+03	4.967701E-16	3.913682E-17
4.340000E+03	4.995177E-16	3.662084E-17
4.350000E+03	5.019797E-16	3.441076E-17
4.360000E+03	5.040507E-16	3.261191E-17
4.370000E+03	5.058041E-16	3.134653E-17
4.380000E+03	5.071391E-16	3.071119E-17
4.390000E+03	5.080912E-16	3.077230E-17
4.400000E+03	5.086584E-16	3.152825E-17
4.410000E+03	5.088454E-16	3.291340E-17
4.420000E+03	5.086608E-16	3.482509E-17
4.430000E+03	5.080719E-16	3.714458E-17
4.440000E+03	5.071802E-16	3.976776E-17
4.450000E+03	5.059142E-16	4.259230E-17
4.460000E+03	5.043352E-16	4.554285E-17
4.470000E+03	5.024619E-16	4.855691E-17
4.480000E+03	5.003137E-16	5.158566E-17
4.490000E+03	4.978690E-16	5.458668E-17
4.500000E+03	4.952327E-16	5.753988E-17
4.510000E+03	4.923421E-16	6.041361E-17
4.520000E+03	4.892601E-16	6.319574E-17
4.530000E+03	4.860075E-16	6.587383E-17
4.540000E+03	4.826046E-16	6.843888E-17
4.550000E+03	4.790717E-16	7.088469E-17
4.560000E+03	4.753889E-16	7.320124E-17
4.570000E+03	4.716155E-16	7.539216E-17
4.580000E+03	4.677698E-16	7.745693E-17
4.590000E+03	4.638698E-16	7.939626E-17
4.600000E+03	4.598945E-16	8.120521E-17
4.610000E+03	4.559363E-16	8.289957E-17
4.620000E+03	4.519356E-16	8.446919E-17
4.630000E+03	4.479449E-16	8.592456E-17
4.640000E+03	4.439782E-16	8.726997E-17
4.650000E+03	4.400130E-16	8.850285E-17
4.660000E+03	4.360982E-16	8.963510E-17
4.670000E+03	4.322804E-16	9.067909E-17
4.680000E+03	4.284659E-16	9.161802E-17
4.690000E+03	4.247695E-16	9.247908E-17
4.700000E+03	4.211322E-16	9.325268E-17
4.710000E+03	4.175972E-16	9.395139E-17
4.720000E+03	4.141728E-16	9.458032E-17
4.730000E+03	4.108665E-16	9.514447E-17
4.740000E+03	4.076528E-16	9.564108E-17
4.750000E+03	4.045712E-16	9.608243E-17
4.760000E+03	4.016275E-16	9.647303E-17
4.770000E+03	3.988269E-16	9.681720E-17
4.780000E+03	3.961430E-16	9.711140E-17
4.790000E+03	3.936430E-16	9.737481E-17
4.800000E+03	3.912379E-16	9.758812E-17
4.810000E+03	3.890239E-16	9.777774E-17
4.820000E+03	3.869431E-16	9.793153E-17
4.830000E+03	3.850289E-16	9.806009E-17
4.840000E+03	3.832837E-16	9.816611E-17
4.850000E+03	3.817097E-16	9.825204E-17
4.860000E+03	3.802792E-16	9.831246E-17
4.870000E+03	3.790237E-16	9.835696E-17
4.880000E+03	3.779445E-16	9.838726E-17
4.890000E+03	3.770136E-16	9.839723E-17
4.900000E+03	3.762903E-16	9.840329E-17
4.910000E+03	3.757173E-16	9.839127E-17
4.920000E+03	3.752955E-16	9.836196E-17
4.930000E+03	3.750829E-16	9.833101E-17
4.940000E+03	3.750224E-16	9.828360E-17
4.950000E+03	3.751141E-16	9.821985E-17
4.960000E+03	3.754155E-16	9.815461E-17
4.970000E+03	3.758690E-16	9.807249E-17
4.980000E+03	3.765032E-16	9.798036E-17
4.990000E+03	3.773175E-16	9.787737E-17
5.000000E+03	3.782829E-16	9.775502E-17
5.010000E+03	3.794273E-16	9.761945E-17
5.020000E+03	3.807497E-16	9.746909E-17
5.030000E+03	3.822493E-16	9.730219E-17
5.040000E+03	3.838961E-16	9.710940E-17
5.050000E+03	3.857173E-16	9.689584E-17
5.060000E+03	3.877114E-16	9.665901E-17
5.070000E+03	3.898474E-16	9.638896E-17
5.080000E+03	3.921523E-16	9.609001E-17
5.090000E+03	3.946236E-16	9.575894E-17
5.100000E+03	3.972586E-16	9.539230E-17
5.110000E+03	4.000246E-16	9.497928E-17
5.120000E+03	4.029476E-16	9.452311E-17
5.130000E+03	4.060237E-16	9.401960E-17
5.140000E+03	4.092181E-16	9.345739E-17
5.150000E+03	4.125868E-16	9.284576E-17
5.160000E+03	4.160323E-16	9.215916E-17
5.170000E+03	4.196406E-16	9.141318E-17
5.180000E+03	4.233430E-16	9.058894E-17
5.190000E+03	4.271630E-16	8.968783E-17
5.200000E+03	4.310924E-16	8.870422E-17
5.210000E+03	4.351224E-16	8.763236E-17
5.220000E+03	4.392106E-16	8.646004E-17
5.230000E+03	4.433782E-16	8.518790E-17
5.240000E+03	4.475807E-16	8.380386E-17
5.250000E+03	4.518707E-16	8.231446E-17
5.260000E+03	4.561685E-16	8.070172E-17
5.270000E+03	4.604921E-16	7.896619E-17
5.280000E+03	4.647916E-16	7.709686E-17
5.290000E+03	4.691176E-16	7.510014E-17
5.300000E+03	4.733835E-16	7.296034E-17
5.310000E+03	4.775693E-16	7.067399E-17
5.320000E+03	4.817239E-16	6.824836E-17
5.330000E+03	4.857558E-16	6.567103E-17
5.340000E+03	4.896774E-16	6.294604E-17
5.350000E+03	4.934654E-16	6.007365E-17
5.360000E+03	4.970594E-16	5.705176E-17
5.370000E+03	5.004705E-16	5.388925E-17
5.380000E+03	5.036736E-16	5.059321E-17
5.390000E+03	5.066433E-16	4.717445E-17
5.400000E+03	5.093174E-16	4.364553E-17
5.410000E+03	5.117079E-16	4.003269E-17
5.420000E+03	5.137907E-16	3.636830E-17
5.430000E+03	5.155431E-16	3.269929E-17
5.440000E+03	5.169065E-16	2.909282E-17
5.450000E+03	5.178994E-16	2.565579E-17
5.460000E+03	5.185056E-16	2.254612E-17
5.470000E+03	5.187124E-16	1.999612E-17
5.480000E+03	5.184737E-16	1.830881E-17
5.490000E+03	5.178229E-16	1.778137E-17
5.500000E+03	5.167626E-16	1.852263E-17
5.510000E+03	5.153048E-16	2.035214E-17
5.520000E+03	5.134298E-16	2.294985E-17
5.530000E+03	5.112335E-16	2.602410E-17
5.540000E+03	5.086667E-16	2.935673E-17
5.550000E+03	5.057578E-16	3.280444E-17
5.560000E+03	5.026089E-16	3.627912E-17
5.570000E+03	4.991782E-16	3.971536E-17
5.580000E+03	4.955332E-16	4.307573E-17
5.590000E+03	4.917054E-16	4.633386E-17
5.600000E+03	4.877257E-16	4.947250E-17
5.610000E+03	4.835898E-16	5.247695E-17
5.620000E+03	4.793624E-16	5.534416E-17
5.630000E+03	4.750718E-16	5.807113E-17
5.640000E+03	4.707448E-16	6.065733E-17
5.650000E+03	4.664065E-16	6.310416E-17
5.660000E+03	4.620473E-16	6.540975E-17
5.670000E+03	4.577228E-16	6.758236E-17
5.680000E+03	4.534529E-16	6.962674E-17
5.690000E+03	4.492556E-16	7.154818E-17
5.700000E+03	4.451156E-16	7.334713E-17
5.710000E+03	4.411115E-16	7.503990E-17
5.720000E+03	4.371926E-16	7.662192E-17
5.730000E+03	4.334021E-16	7.810452E-17
5.740000E+03	4.297496E-16	7.949370E-17
5.750000E+03	4.262130E-16	8.078951E-17
5.760000E+03	4.228301E-16	8.200323E-17
5.770000E+03	4.196366E-16	8.314623E-17
5.780000E+03	4.165764E-16	8.421182E-17
5.790000E+03	4.136835E-16	8.521074E-17
5.800000E+03	4.109307E-16	8.614135E-17
5.810000E+03	4.083787E-16	8.702015E-17
5.820000E+03	4.059698E-16	8.783866E-17
5.830000E+03	4.037337E-16	8.860663E-17
5.840000E+03	4.016700E-16	8.932735E-17
5.850000E+03	3.997781E-16	9.000380E-17
5.860000E+03	3.980284E-16	9.063220E-17
5.870000E+03	3.964767E-16	9.122790E-17
5.880000E+03	3.950648E-16	9.178007E-17
5.890000E+03	3.938194E-16	9.229712E-17
5.900000E+03	3.927389E-16	9.278076E-17
5.910000E+03	3.918216E-16	9.323249E-17
5.920000E+03	3.910661E-16	9.365363E-17
5.930000E+03	3.904429E-16	9.403855E-17
5.940000E+03	3.900067E-16	9.440167E-17
5.950000E+03	3.897004E-16	9.473028E-17
5.960000E+03	3.895510E-16	9.503177E-17
5.970000E+03	3.895578E-16	9.530665E-17
5.980000E+03	3.897203E-16	9.555529E-17
5.990000E+03	3.900103E-16	9.577104E-17
6.000000E+03	3.904835E-16	9.596770E-17
6.010000E+03	3.910843E-16	9.613149E-17
6.020000E+03	3.918688E-16	9.627598E-17
6.030000E+03	3.927816E-16	9.638702E-17
6.040000E+03	3.938514E-16	9.647101E-17
6.050000E+03	3.950788E-16	9.652727E-17
6.060000E+03	3.964365E-16	9.654802E-17
6.070000E+03	3.979820E-16	9.654609E-17
6.080000E+03	3.996593E-16	9.650638E-17
6.090000E+03	4.015267E-16	9.644129E-17
6.100000E+03	4.035274E-16	9.633531E-17
6.110000E+03	4.056909E-16	9.619344E-17
6.120000E+03	4.080177E-16	9.601353E-17
6.130000E+03	4.105083E-16	9.579315E-17
6.140000E+03	4.131627E-16	9.552959E-17
6.150000E+03	4.159806E-16	9.521986E-17
6.160000E+03	4.189314E-16	9.485385E-17
6.170000E+03	4.220740E-16	9.444164E-17
6.180000E+03	4.253463E-16	9.396570E-17
6.190000E+03	4.288073E-16	9.343538E-17
6.200000E+03	4.323924E-16	9.283265E-17
6.210000E+03	4.361289E-16	9.215941E-17
6.220000E+03	4.400124E-16	9.141050E-17
6.230000E+03	4.440378E-16	9.058045E-17
6.240000E+03	4.481988E-16	8.966349E-17
6.250000E+03	4.524883E-16	8.865357E-17
6.260000E+03	4.568649E-16	8.753807E-17
6.270000E+03	4.613849E-16	8.632319E-17
6.280000E+03	4.659710E-16	8.498968E-17
6.290000E+03	4.706781E-16	8.354308E-17
6.300000E+03	4.754249E-16	8.196429E-17
6.310000E+03	4.802298E-16	8.025252E-17
6.320000E+03	4.851114E-16	7.840658E-17
6.330000E+03	4.899814E-16	7.640828E-17
6.340000E+03	4.948545E-16	7.425697E-17
6.350000E+03	4.997091E-16	7.194659E-17
6.360000E+03	5.045218E-16	6.947161E-17
6.370000E+03	5.092308E-16	6.682235E-17
6.380000E+03	5.138830E-16	6.400480E-17
6.390000E+03	5.184138E-16	6.101115E-17
6.400000E+03	5.227938E-16	5.784006E-17
6.410000E+03	5.269543E-16	5.448808E-17
6.420000E+03	5.309400E-16	5.096618E-17
6.430000E+03	5.346420E-16	4.727258E-17
6.440000E+03	5.380661E-16	4.342116E-17
6.450000E+03	5.412194E-16	3.943036E-17
6.460000E+03	5.439913E-16	3.531809E-17
6.470000E+03	5.463900E-16	3.112458E-17
6.480000E+03	5.483860E-16	2.690913E-17
6.490000E+03	5.499520E-16	2.277164E-17
6.500000E+03	5.511035E-16	1.889200E-17
6.510000E+03	5.517387E-16	1.559869E-17
6.520000E+03	5.518806E-16	1.346735E-17
6.530000E+03	5.514765E-16	1.317355E-17
6.540000E+03	5.506022E-16	1.483963E-17
6.550000E+03	5.492217E-16	1.786223E-17
6.560000E+03	5.473443E-16	2.160157E-17
6.570000E+03	5.449842E-16	2.566439E-17
6.580000E+03	5.421195E-16	2.983594E-17
6.590000E+03	5.388514E-16	3.400285E-17
6.600000E+03	5.351250E-16	3.809154E-17
6.610000E+03	5.310456E-16	4.206444E-17
6.620000E+03	5.266023E-16	4.589127E-17
6.630000E+03	5.217864E-16	4.955004E-17
6.640000E+03	5.166677E-16	5.303181E-17
6.650000E+03	5.113151E-16	5.633321E-17
6.660000E+03	5.056846E-16	5.944204E-17
6.670000E+03	4.998824E-16	6.236529E-17
6.680000E+03	4.938653E-16	6.509459E-17
6.690000E+03	4.877008E-16	6.763662E-17
6.700000E+03	4.814185E-16	6.999513E-17
6.710000E+03	4.750466E-16	7.217502E-17
6.720000E+03	4.686470E-16	7.418760E-17
6.730000E+03	4.621755E-16	7.602866E-17
6.740000E+03	4.556917E-16	7.771076E-17
6.750000E+03	4.492183E-16	7.924154E-17
6.760000E+03	4.427766E-16	8.062902E-17
6.770000E+03	4.363861E-16	8.188140E-17
6.780000E+03	4.300649E-16	8.300700E-17
6.790000E+03	4.238292E-16	8.401414E-17
6.800000E+03	4.176628E-16	8.490479E-17
6.810000E+03	4.116413E-16	8.569963E-17
6.820000E+03	4.057448E-16	8.640037E-17
6.830000E+03	3.999835E-16	8.701467E-17
6.840000E+03	3.943659E-16	8.754995E-17
6.850000E+03	3.888705E-16	8.800670E-17
6.860000E+03	3.835614E-16	8.840470E-17
6.870000E+03	3.784139E-16	8.874378E-17
6.880000E+03	3.734037E-16	8.902320E-17
6.890000E+03	3.685893E-16	8.926178E-17
6.900000E+03	3.639437E-16	8.945800E-17
6.910000E+03	3.594406E-16	8.960987E-17
6.920000E+03	3.551333E-16	8.973508E-17
6.930000E+03	3.509673E-16	8.982412E-17
6.940000E+03	3.469672E-16	8.988722E-17
6.950000E+03	3.431561E-16	8.993425E-17
6.960000E+03	3.394789E-16	8.995452E-17
6.970000E+03	3.359579E-16	8.995722E-17
6.980000E+03	3.326136E-16	8.995119E-17
6.990000E+03	3.293913E-16	8.992476E-17
7.000000E+03	3.263112E-16	8.988620E-17
7.010000E+03	3.233680E-16	8.983677E-17
7.020000E+03	3.205804E-16	8.978426E-17
7.030000E+03	3.178943E-16	8.971595E-17
7.040000E+03	3.153285E-16	8.963922E-17
7.050000E+03	3.128771E-16	8.955450E-17
7.060000E+03	3.105344E-16	8.946207E-17
7.070000E+03	3.082947E-16	8.936207E-17
7.080000E+03	3.061524E-16	8.925454E-17
7.090000E+03	3.040790E-16	8.913268E-17
7.100000E+03	3.021152E-16	8.900983E-17
7.110000E+03	3.002328E-16	8.887905E-17
7.120000E+03	2.984268E-16	8.874011E-17
7.130000E+03	2.966700E-16	8.858602E-17
7.140000E+03	2.950030E-16	8.842994E-17
7.150000E+03	2.933992E-16	8.826488E-17
7.160000E+03	2.918325E-16	8.808388E-17
7.170000E+03	2.903439E-16	8.790011E-17
7.180000E+03	2.888858E-16	8.769999E-17
7.190000E+03	2.874996E-16	8.749673E-17
7.200000E+03	2.861390E-16	8.727689E-17
7.210000E+03	2.848239E-16	8.704713E-17
7.220000E+03	2.835527E-16	8.680747E-17
7.230000E+03	2.823455E-16	8.656466E-17
7.240000E+03	2.811585E-16	8.630562E-17
7.250000E+03	2.800127E-16	8.603728E-17
7.260000E+03	2.789082E-16	8.575998E-17
7.270000E+03	2.778453E-16	8.547416E-17
7.280000E+03	2.768248E-16	8.518036E-17
7.290000E+03	2.758479E-16	8.487918E-17
7.300000E+03	2.748950E-16	8.456481E-17
7.310000E+03	2.740105E-16	8.425103E-17
7.320000E+03	2.731753E-16	8.393217E-17
7.330000E+03	2.723712E-16	8.360267E-17
7.340000E+03	2.716433E-16	8.327639E-17
7.350000E+03	2.709530E-16	8.294148E-17
7.360000E+03	2.703456E-16	8.261179E-17
7.370000E+03	2.697833E-16	8.227561E-17
7.380000E+03	2.692912E-16	8.194044E-17
7.390000E+03	2.688736E-16	8.160734E-17
7.400000E+03	2.685350E-16	8.127741E-17
7.410000E+03	2.682801E-16	8.095170E-17
7.420000E+03	2.681139E-16	8.063122E-17
7.430000E+03	2.680413E-16	8.031695E-17
7.440000E+03	2.680673E-16	8.000978E-17
7.450000E+03	2.681970E-16	7.971055E-17
7.460000E+03	2.684147E-16	7.941380E-17
7.470000E+03	2.687672E-16	7.913254E-17
7.480000E+03	2.692177E-16	7.885491E-17
7.490000E+03	2.697921E-16	7.858746E-17
7.500000E+03	2.705164E-16	7.833652E-17
7.510000E+03	2.713532E-16	7.808989E-17
7.520000E+03	2.723283E-16	7.785355E-17
7.530000E+03	2.734459E-16	7.762719E-17
7.540000E+03	2.747105E-16	7.741028E-17
7.550000E+03	2.761260E-16	7.720207E-17
7.560000E+03	2.776743E-16	7.699552E-17
7.570000E+03	2.794024E-16	7.680153E-17
7.580000E+03	2.812918E-16	7.661256E-17
7.590000E+03	2.833229E-16	7.642085E-17
7.600000E+03	2.855201E-16	7.623042E-17
7.610000E+03	2.879081E-16	7.604497E-17
7.620000E+03	2.904432E-16	7.584988E-17
7.630000E+03	2.931489E-16	7.564826E-17
7.640000E+03	2.960258E-16	7.543691E-17
7.650000E+03	2.990739E-16	7.521228E-17
7.660000E+03	3.022684E-16	7.496457E-17
7.670000E+03	3.056558E-16	7.470151E-17
7.680000E+03	3.091858E-16	7.440672E-17
7.690000E+03	3.129044E-16	7.408721E-17
7.700000E+03	3.167586E-16	7.372601E-17
7.710000E+03	3.207687E-16	7.332358E-17
7.720000E+03	3.249291E-16	7.287414E-17
7.730000E+03	3.292338E-16	7.237163E-17
7.740000E+03	3.336753E-16	7.180972E-17
7.750000E+03	3.382454E-16	7.118183E-17
7.760000E+03	3.429347E-16	7.048114E-17
7.770000E+03	3.477046E-16	6.969507E-17
7.780000E+03	3.525988E-16	6.882775E-17
7.790000E+03	3.575480E-16	6.786082E-17
7.800000E+03	3.625659E-16	6.679264E-17
7.810000E+03	3.676371E-16	6.561598E-17
7.820000E+03	3.727446E-16	6.432373E-17
7.830000E+03	3.778704E-16	6.290893E-17
7.840000E+03	3.829953E-16	6.136492E-17
7.850000E+03	3.880671E-16	5.968056E-17
7.860000E+03	3.931268E-16	5.785987E-17
7.870000E+03	3.980882E-16	5.588817E-17
7.880000E+03	4.029589E-16	5.376591E-17
7.890000E+03	4.077145E-16	5.148966E-17
7.900000E+03	4.123294E-16	4.905714E-17
7.910000E+03	4.167780E-16	4.646742E-17
7.920000E+03	4.210339E-16	4.372127E-17
7.930000E+03	4.250708E-16	4.082154E-17
7.940000E+03	4.288275E-16	3.777067E-17
7.950000E+03	4.323482E-16	3.458418E-17
7.960000E+03	4.355372E-16	3.127015E-17
7.970000E+03	4.384062E-16	2.785309E-17
7.980000E+03	4.409328E-16	2.436626E-17
7.990000E+03	4.430967E-16	2.086363E-17
8.000000E+03	4.448801E-16	1.743860E-17
8.010000E+03	4.462678E-16	1.426482E-17
8.020000E+03	4.472110E-16	1.167674E-17
8.030000E+03	4.477759E-16	1.025334E-17
8.040000E+03	4.478845E-16	1.055431E-17
8.050000E+03	4.475775E-16	1.244726E-17
8.060000E+03	4.468639E-16	1.530004E-17
8.070000E+03	4.457570E-16	1.861544E-17
8.080000E+03	4.442735E-16	2.212317E-17
8.090000E+03	4.424330E-16	2.568291E-17
8.100000E+03	4.402205E-16	2.921523E-17
8.110000E+03	4.377341E-16	3.267947E-17
8.120000E+03	4.349253E-16	3.604227E-17
8.130000E+03	4.318573E-16	3.928803E-17
8.140000E+03	4.285573E-16	4.240508E-17
8.150000E+03	4.250522E-16	4.538616E-17
8.160000E+03	4.213691E-16	4.822711E-17
8.170000E+03	4.175344E-16	5.092621E-17
8.180000E+03	4.135389E-16	5.347901E-17
8.190000E+03	4.094782E-16	5.589598E-17
8.200000E+03	4.053061E-16	5.817058E-17
8.210000E+03	4.011149E-16	6.031625E-17
8.220000E+03	3.968568E-16	6.232734E-17
8.230000E+03	3.925864E-16	6.421387E-17
8.240000E+03	3.883219E-16	6.598131E-17
8.250000E+03	3.840471E-16	6.762963E-17
8.260000E+03	3.798435E-16	6.917631E-17
8.270000E+03	3.756914E-16	7.062175E-17
8.280000E+03	3.715706E-16	7.196578E-17
8.290000E+03	3.675559E-16	7.322674E-17
8.300000E+03	3.635923E-16	7.439793E-17
8.310000E+03	3.597193E-16	7.549126E-17
8.320000E+03	3.559427E-16	7.651217E-17
8.330000E+03	3.522671E-16	7.746584E-17
8.340000E+03	3.486955E-16	7.835710E-17
8.350000E+03	3.451998E-16	7.918351E-17
8.360000E+03	3.418414E-16	7.996304E-17
8.370000E+03	3.385595E-16	8.068550E-17
8.380000E+03	3.354127E-16	8.136841E-17
8.390000E+03	3.323390E-16	8.200053E-17
8.400000E+03	3.293649E-16	8.259159E-17
8.410000E+03	3.264863E-16	8.314386E-17
8.420000E+03	3.236983E-16	8.365923E-17
8.430000E+03	3.209952E-16	8.413923E-17
8.440000E+03	3.183708E-16	8.458505E-17
8.450000E+03	3.158185E-16	8.499756E-17
8.460000E+03	3.133028E-16	8.536966E-17
8.470000E+03	3.108727E-16	8.571688E-17
8.480000E+03	3.084641E-16	8.602388E-17
8.490000E+03	3.060972E-16	8.629809E-17
8.500000E+03	3.037910E-16	8.654692E-17
8.510000E+03	3.014822E-16	8.675415E-17
8.520000E+03	2.991902E-16	8.692681E-17
8.530000E+03	2.969067E-16	8.706404E-17
8.540000E+03	2.946236E-16	8.716486E-17
8.550000E+03	2.923066E-16	8.722032E-17
8.560000E+03	2.900015E-16	8.724529E-17
8.570000E+03	2.876746E-16	8.723080E-17
8.580000E+03	2.852929E-16	8.716786E-17
8.590000E+03	2.829030E-16	8.707157E-17
8.600000E+03	2.804470E-16	8.692509E-17
8.610000E+03	2.779462E-16	8.673576E-17
8.620000E+03	2.754219E-16	8.651105E-17
8.630000E+03	2.728193E-16	8.623456E-17
8.640000E+03	2.701615E-16	8.591414E-17
8.650000E+03	2.674463E-16	8.554981E-17
8.660000E+03	2.646724E-16	8.514182E-17
8.670000E+03	2.618394E-16	8.469062E-17
8.680000E+03	2.589475E-16	8.419691E-17
8.690000E+03	2.559736E-16	8.365372E-17
8.700000E+03	2.529679E-16	8.307800E-17
8.710000E+03	2.499085E-16	8.246320E-17
8.720000E+03	2.467748E-16	8.180312E-17
8.730000E+03	2.436177E-16	8.111509E-17
8.740000E+03	2.403948E-16	8.038562E-17
8.750000E+03	2.371567E-16	7.963217E-17
8.760000E+03	2.338629E-16	7.884176E-17
8.770000E+03	2.305638E-16	7.803190E-17
8.780000E+03	2.272207E-16	7.719007E-17
8.790000E+03	2.238617E-16	7.632637E-17
8.800000E+03	2.204928E-16	7.544342E-17
8.810000E+03	2.171203E-16	7.454387E-17
8.820000E+03	2.137708E-16	7.363753E-17
8.830000E+03	2.104086E-16	7.271266E-17
8.840000E+03	2.070607E-16	7.177911E-17
8.850000E+03	2.037329E-16	7.083943E-17
8.860000E+03	2.004307E-16	6.989610E-17
8.870000E+03	1.971593E-16	6.895152E-17
8.880000E+03	1.939239E-16	6.800798E-17
8.890000E+03	1.907103E-16	6.706105E-17
8.900000E+03	1.875609E-16	6.612610E-17
8.910000E+03	1.844605E-16	6.519837E-17
8.920000E+03	1.814128E-16	6.427966E-17
8.930000E+03	1.784211E-16	6.337160E-17
8.940000E+03	1.754708E-16	6.246946E-17
8.950000E+03	1.725997E-16	6.158717E-17
8.960000E+03	1.697922E-16	6.071962E-17
8.970000E+03	1.670502E-16	5.986789E-17
8.980000E+03	1.643583E-16	5.902695E-17
8.990000E+03	1.617513E-16	5.820959E-17
9.000000E+03	1.592130E-16	5.741045E-17
9.040000E+03	1.497372E-16	5.439958E-17
9.080000E+03	1.413530E-16	5.170414E-17
9.120000E+03	1.339943E-16	4.931777E-17
9.160000E+03	1.275599E-16	4.721784E-17
9.200000E+03	1.219438E-16	4.537695E-17
9.240000E+03	1.170093E-16	4.375374E-17
9.280000E+03	1.126533E-16	4.231727E-17
9.320000E+03	1.087625E-16	4.103112E-17
9.360000E+03	1.052798E-16	3.987893E-17
9.400000E+03	1.021221E-16	3.883357E-17
9.440000E+03	9.927401E-17	3.789323E-17
9.480000E+03	9.669230E-17	3.704508E-17
9.520000E+03	9.439230E-17	3.629866E-17
9.560000E+03	9.236375E-17	3.565378E-17
9.600000E+03	9.062154E-17	3.512012E-17
9.640000E+03	8.914673E-17	3.469453E-17
9.680000E+03	8.796962E-17	3.439337E-17
9.720000E+03	8.705985E-17	3.420988E-17
9.760000E+03	8.640053E-17	3.414306E-17
9.800000E+03	8.598795E-17	3.419775E-17
9.840000E+03	8.576741E-17	3.435927E-17
9.880000E+03	8.569850E-17	3.461895E-17
9.920000E+03	8.575743E-17	3.497512E-17
9.960000E+03	8.587284E-17	3.540665E-17
1.000000E+04	8.600531E-17	3.590448E-17
1.004000E+04	8.610590E-17	3.645412E-17
1.008000E+04	8.612982E-17	3.704039E-17
1.012000E+04	8.602711E-17	3.764262E-17
1.016000E+04	8.579115E-17	3.825536E-17
1.020000E+04	8.537803E-17	3.885304E-17
1.024000E+04	8.478868E-17	3.942640E-17
1.028000E+04	8.402146E-17	3.996230E-17
1.032000E+04	8.307089E-17	4.044356E-17
