#wls	flux	fluxerr
1.597540E+03	1.205927E-07	2.476294E-08
1.637478E+03	1.169129E-07	2.400244E-08
1.677417E+03	1.137526E-07	2.334871E-08
1.717355E+03	1.111500E-07	2.280957E-08
1.757294E+03	1.090400E-07	2.237155E-08
1.797232E+03	1.075018E-07	2.205086E-08
1.837171E+03	1.065150E-07	2.184324E-08
1.877109E+03	1.061001E-07	2.175279E-08
1.917048E+03	1.062837E-07	2.178489E-08
1.956986E+03	1.071315E-07	2.195290E-08
1.996925E+03	1.086558E-07	2.225924E-08
2.036863E+03	1.109117E-07	2.271504E-08
2.076802E+03	1.139982E-07	2.334044E-08
2.116740E+03	1.179670E-07	2.414587E-08
2.156679E+03	1.229514E-07	2.515841E-08
2.196617E+03	1.290406E-07	2.639606E-08
2.236556E+03	1.364145E-07	2.789540E-08
2.276494E+03	1.452124E-07	2.968455E-08
2.316433E+03	1.557167E-07	3.182091E-08
2.356371E+03	1.680977E-07	3.433883E-08
2.396310E+03	1.826830E-07	3.730471E-08
2.436248E+03	1.998115E-07	4.078713E-08
2.476187E+03	2.198763E-07	4.486560E-08
2.516125E+03	2.433301E-07	4.963165E-08
2.556064E+03	2.706899E-07	5.518966E-08
2.596002E+03	3.026082E-07	6.167145E-08
2.635941E+03	3.396082E-07	6.918220E-08
2.675879E+03	3.826379E-07	7.791332E-08
2.715818E+03	4.323474E-07	8.799519E-08
2.755756E+03	4.895745E-07	9.959597E-08
2.795695E+03	5.554202E-07	1.129370E-07
2.835633E+03	6.305915E-07	1.281588E-07
2.875572E+03	7.161052E-07	1.454646E-07
2.915510E+03	8.128316E-07	1.650272E-07
2.955449E+03	9.215570E-07	1.870018E-07
2.995387E+03	1.043134E-06	2.115565E-07
3.005372E+03	1.075630E-06	2.181166E-07
3.015356E+03	1.108921E-06	2.248360E-07
3.025341E+03	1.143010E-06	2.317149E-07
3.035326E+03	1.177897E-06	2.387536E-07
3.045310E+03	1.213803E-06	2.459966E-07
3.055295E+03	1.250517E-06	2.534010E-07
3.065279E+03	1.288038E-06	2.609665E-07
3.075264E+03	1.326362E-06	2.686922E-07
3.085249E+03	1.365484E-06	2.765771E-07
3.095233E+03	1.405649E-06	2.846708E-07
3.105218E+03	1.446613E-06	2.929236E-07
3.115203E+03	1.488369E-06	3.013337E-07
3.125187E+03	1.531174E-06	3.099537E-07
3.135172E+03	1.574490E-06	3.186741E-07
3.145156E+03	1.618847E-06	3.276024E-07
3.155141E+03	1.663966E-06	3.366817E-07
3.165126E+03	1.710126E-06	3.459685E-07
3.175110E+03	1.756732E-06	3.553424E-07
3.185095E+03	1.804362E-06	3.649200E-07
3.195080E+03	1.852705E-06	3.746386E-07
3.205064E+03	1.902062E-06	3.845589E-07
3.215049E+03	1.951783E-06	3.945491E-07
3.225033E+03	2.002492E-06	4.047357E-07
3.235018E+03	2.054189E-06	4.151179E-07
3.245003E+03	2.106177E-06	4.255556E-07
3.254987E+03	2.159121E-06	4.361823E-07
3.264972E+03	2.212654E-06	4.469243E-07
3.274957E+03	2.266753E-06	4.577766E-07
3.284941E+03	2.321390E-06	4.687335E-07
3.294926E+03	2.376918E-06	4.798662E-07
3.304910E+03	2.432942E-06	4.910948E-07
3.314895E+03	2.489432E-06	5.024133E-07
3.324880E+03	2.546759E-06	5.138963E-07
3.334864E+03	2.604505E-06	5.254595E-07
3.344849E+03	2.662637E-06	5.370960E-07
3.354834E+03	2.721122E-06	5.487994E-07
3.364818E+03	2.780355E-06	5.606489E-07
3.374803E+03	2.839887E-06	5.725539E-07
3.384787E+03	2.899681E-06	5.845072E-07
3.394772E+03	2.960150E-06	5.965917E-07
3.404757E+03	3.020368E-06	6.086207E-07
3.414741E+03	3.081199E-06	6.207682E-07
3.424726E+03	3.142624E-06	6.330305E-07
3.434711E+03	3.203674E-06	6.452123E-07
3.444695E+03	3.265252E-06	6.574952E-07
3.454680E+03	3.327334E-06	6.698747E-07
3.464664E+03	3.388912E-06	6.821473E-07
3.474649E+03	3.450922E-06	6.945018E-07
3.484634E+03	3.512833E-06	7.068310E-07
3.494618E+03	3.575113E-06	7.192291E-07
3.504603E+03	3.637215E-06	7.315861E-07
3.514588E+03	3.699093E-06	7.438926E-07
3.524572E+03	3.760698E-06	7.561387E-07
3.534557E+03	3.822517E-06	7.684225E-07
3.544541E+03	3.883975E-06	7.806284E-07
3.554526E+03	3.945023E-06	7.927460E-07
3.564511E+03	4.006157E-06	8.048757E-07
3.574495E+03	4.066784E-06	8.168980E-07
3.584480E+03	4.126850E-06	8.288018E-07
3.594465E+03	4.186863E-06	8.406896E-07
3.604449E+03	4.246209E-06	8.524381E-07
3.614434E+03	4.304831E-06	8.640354E-07
3.624418E+03	4.362667E-06	8.754695E-07
3.634403E+03	4.420240E-06	8.868454E-07
3.644388E+03	4.476911E-06	8.980347E-07
3.654372E+03	4.533207E-06	9.091435E-07
3.664357E+03	4.588478E-06	9.200412E-07
3.674342E+03	4.642656E-06	9.307143E-07
3.684326E+03	4.695673E-06	9.411491E-07
3.694311E+03	4.748063E-06	9.514531E-07
3.704295E+03	4.799152E-06	9.614912E-07
3.714280E+03	4.849488E-06	9.713731E-07
3.724265E+03	4.897764E-06	9.808372E-07
3.734249E+03	4.945142E-06	9.901167E-07
3.744234E+03	4.991544E-06	9.991955E-07
3.754219E+03	5.036281E-06	1.007936E-06
3.764203E+03	5.079287E-06	1.016326E-06
3.774188E+03	5.120474E-06	1.024347E-06
3.784172E+03	5.160405E-06	1.032112E-06
3.794157E+03	5.198384E-06	1.039482E-06
3.804142E+03	5.234355E-06	1.046446E-06
3.814126E+03	5.268885E-06	1.053118E-06
3.824111E+03	5.301298E-06	1.059363E-06
3.834095E+03	5.332189E-06	1.065300E-06
3.844080E+03	5.360274E-06	1.070673E-06
3.854065E+03	5.386795E-06	1.075729E-06
3.864049E+03	5.411748E-06	1.080469E-06
3.874034E+03	5.433884E-06	1.084644E-06
3.884019E+03	5.454472E-06	1.088506E-06
3.894003E+03	5.473531E-06	1.092060E-06
3.903988E+03	5.489839E-06	1.095063E-06
3.913972E+03	5.504666E-06	1.097768E-06
3.923957E+03	5.518033E-06	1.100179E-06
3.933942E+03	5.529345E-06	1.102178E-06
3.943926E+03	5.538635E-06	1.103772E-06
3.953911E+03	5.545937E-06	1.104968E-06
3.963896E+03	5.551279E-06	1.105771E-06
3.973880E+03	5.555316E-06	1.106313E-06
3.983865E+03	5.558103E-06	1.106605E-06
3.993849E+03	5.558511E-06	1.106422E-06
4.003834E+03	5.557829E-06	1.106020E-06
4.013819E+03	5.555572E-06	1.105305E-06
4.023803E+03	5.552454E-06	1.104416E-06
4.033788E+03	5.548019E-06	1.103266E-06
4.043773E+03	5.542410E-06	1.101881E-06
4.053757E+03	5.536347E-06	1.100405E-06
4.063742E+03	5.528826E-06	1.098639E-06
4.073726E+03	5.521111E-06	1.096834E-06
4.083711E+03	5.513316E-06	1.095013E-06
4.093696E+03	5.504980E-06	1.093084E-06
4.103680E+03	5.496203E-06	1.091067E-06
4.113665E+03	5.487085E-06	1.088983E-06
4.123650E+03	5.478243E-06	1.086952E-06
4.133634E+03	5.468689E-06	1.084781E-06
4.143619E+03	5.460133E-06	1.082807E-06
4.153603E+03	5.451076E-06	1.080734E-06
4.163588E+03	5.442707E-06	1.078797E-06
4.173573E+03	5.434646E-06	1.076920E-06
4.183557E+03	5.427061E-06	1.075138E-06
4.193542E+03	5.420651E-06	1.073588E-06
4.203527E+03	5.415093E-06	1.072206E-06
4.213511E+03	5.410610E-06	1.071037E-06
4.223496E+03	5.407414E-06	1.070121E-06
4.233480E+03	5.406227E-06	1.069603E-06
4.243465E+03	5.406756E-06	1.069422E-06
4.253450E+03	5.409213E-06	1.069622E-06
4.263434E+03	5.414280E-06	1.070337E-06
4.273419E+03	5.421632E-06	1.071502E-06
4.283404E+03	5.431438E-06	1.073149E-06
4.293388E+03	5.443815E-06	1.075303E-06
4.303373E+03	5.458885E-06	1.077986E-06
4.313357E+03	5.477216E-06	1.081309E-06
4.323342E+03	5.498384E-06	1.085190E-06
4.333327E+03	5.522433E-06	1.089636E-06
4.343311E+03	5.549877E-06	1.094748E-06
4.353296E+03	5.579766E-06	1.100338E-06
4.363281E+03	5.613074E-06	1.106597E-06
4.373265E+03	5.649333E-06	1.113434E-06
4.383250E+03	5.689037E-06	1.120944E-06
4.393234E+03	5.731272E-06	1.128947E-06
4.403219E+03	5.777092E-06	1.137651E-06
4.413204E+03	5.826108E-06	1.146977E-06
4.423188E+03	5.878412E-06	1.156944E-06
4.433173E+03	5.934109E-06	1.167572E-06
4.443158E+03	5.993782E-06	1.178974E-06
4.453142E+03	6.056519E-06	1.190971E-06
4.463127E+03	6.123372E-06	1.203769E-06
4.473111E+03	6.193897E-06	1.217280E-06
4.483096E+03	6.268097E-06	1.231504E-06
4.493081E+03	6.346483E-06	1.246540E-06
4.503065E+03	6.428002E-06	1.262181E-06
4.513050E+03	6.513621E-06	1.278617E-06
4.523035E+03	6.602745E-06	1.295729E-06
4.533019E+03	6.694767E-06	1.313398E-06
4.543004E+03	6.790608E-06	1.331805E-06
4.552988E+03	6.890164E-06	1.350927E-06
4.562973E+03	6.992239E-06	1.370531E-06
4.572958E+03	7.097210E-06	1.390688E-06
4.582942E+03	7.205468E-06	1.411475E-06
4.592927E+03	7.316300E-06	1.432753E-06
4.602912E+03	7.428944E-06	1.454371E-06
4.612896E+03	7.544298E-06	1.476504E-06
4.622881E+03	7.661562E-06	1.498995E-06
4.632865E+03	7.780467E-06	1.521792E-06
4.642850E+03	7.900732E-06	1.544840E-06
4.652835E+03	8.022059E-06	1.568078E-06
4.662819E+03	8.144154E-06	1.591450E-06
4.672804E+03	8.267329E-06	1.615017E-06
4.682789E+03	8.390151E-06	1.638498E-06
4.692773E+03	8.513027E-06	1.661972E-06
4.702758E+03	8.636475E-06	1.685542E-06
4.712742E+03	8.759280E-06	1.708968E-06
4.722727E+03	8.882811E-06	1.732520E-06
4.732712E+03	9.006103E-06	1.756007E-06
4.742696E+03	9.130852E-06	1.779761E-06
4.752681E+03	9.256383E-06	1.803649E-06
4.762665E+03	9.384729E-06	1.828068E-06
4.772650E+03	9.515486E-06	1.852939E-06
4.782635E+03	9.650992E-06	1.878714E-06
4.792619E+03	9.791030E-06	1.905352E-06
4.802604E+03	9.938121E-06	1.933343E-06
4.812589E+03	1.009213E-05	1.962657E-06
4.822573E+03	1.025559E-05	1.993785E-06
4.832558E+03	1.042822E-05	2.026674E-06
4.842542E+03	1.061239E-05	2.061779E-06
4.852527E+03	1.080747E-05	2.098976E-06
4.862512E+03	1.101471E-05	2.138507E-06
4.872496E+03	1.123441E-05	2.180425E-06
4.882481E+03	1.146656E-05	2.224729E-06
4.892466E+03	1.171091E-05	2.271363E-06
4.902450E+03	1.196690E-05	2.320219E-06
4.912435E+03	1.223373E-05	2.371139E-06
4.922419E+03	1.251039E-05	2.423926E-06
4.932404E+03	1.279570E-05	2.478347E-06
4.942389E+03	1.308751E-05	2.533985E-06
4.952373E+03	1.338524E-05	2.590726E-06
4.962358E+03	1.368832E-05	2.648458E-06
4.972343E+03	1.399361E-05	2.706572E-06
4.982327E+03	1.430058E-05	2.764965E-06
4.992312E+03	1.460789E-05	2.823379E-06
5.002296E+03	1.491342E-05	2.881401E-06
5.012281E+03	1.521791E-05	2.939178E-06
5.022266E+03	1.551857E-05	2.996167E-06
5.032250E+03	1.581657E-05	3.052599E-06
5.042235E+03	1.610949E-05	3.108003E-06
5.052220E+03	1.639802E-05	3.162515E-06
5.062204E+03	1.668119E-05	3.215947E-06
5.072189E+03	1.696132E-05	3.268750E-06
5.082173E+03	1.723701E-05	3.320652E-06
5.092158E+03	1.751018E-05	3.372024E-06
5.102143E+03	1.778201E-05	3.423097E-06
5.112127E+03	1.805394E-05	3.474141E-06
5.122112E+03	1.832646E-05	3.525256E-06
5.132097E+03	1.860235E-05	3.576975E-06
5.142081E+03	1.888335E-05	3.629629E-06
5.152066E+03	1.917113E-05	3.683541E-06
5.162050E+03	1.946612E-05	3.738789E-06
5.172035E+03	1.977188E-05	3.796055E-06
5.182020E+03	2.008712E-05	3.855091E-06
5.192004E+03	2.041246E-05	3.916010E-06
5.201989E+03	2.075046E-05	3.979303E-06
5.211974E+03	2.109858E-05	4.044481E-06
5.221958E+03	2.145748E-05	4.111664E-06
5.231943E+03	2.182505E-05	4.180448E-06
5.241927E+03	2.220145E-05	4.250862E-06
5.251912E+03	2.258558E-05	4.322690E-06
5.261897E+03	2.297640E-05	4.395734E-06
5.271881E+03	2.337182E-05	4.469590E-06
5.281866E+03	2.377273E-05	4.544428E-06
5.291851E+03	2.417928E-05	4.620274E-06
5.301835E+03	2.459081E-05	4.697004E-06
5.311820E+03	2.501008E-05	4.775138E-06
5.321804E+03	2.543908E-05	4.855058E-06
5.331789E+03	2.587900E-05	4.936986E-06
5.341774E+03	2.633428E-05	5.021766E-06
5.351758E+03	2.680832E-05	5.110043E-06
5.361743E+03	2.730318E-05	5.202204E-06
5.371728E+03	2.782382E-05	5.299187E-06
5.381712E+03	2.837352E-05	5.401614E-06
5.391697E+03	2.895357E-05	5.509720E-06
5.401681E+03	2.956767E-05	5.624200E-06
5.411666E+03	3.021556E-05	5.744997E-06
5.421651E+03	3.089910E-05	5.872456E-06
5.431635E+03	3.161574E-05	6.006084E-06
5.441620E+03	3.236663E-05	6.146091E-06
5.451605E+03	3.314304E-05	6.290809E-06
5.461589E+03	3.394513E-05	6.440262E-06
5.471574E+03	3.476302E-05	6.592572E-06
5.481558E+03	3.558914E-05	6.746296E-06
5.491543E+03	3.641692E-05	6.900188E-06
5.501528E+03	3.723754E-05	7.052578E-06
5.511512E+03	3.804025E-05	7.201428E-06
5.521497E+03	3.881872E-05	7.345548E-06
5.531482E+03	3.956385E-05	7.483221E-06
5.541466E+03	4.027223E-05	7.613811E-06
5.551451E+03	4.094062E-05	7.736713E-06
5.561435E+03	4.156606E-05	7.851378E-06
5.571420E+03	4.215021E-05	7.958130E-06
5.581405E+03	4.269938E-05	8.058171E-06
5.591389E+03	4.322003E-05	8.152727E-06
5.601374E+03	4.371827E-05	8.242958E-06
5.611359E+03	4.420592E-05	8.331098E-06
5.621343E+03	4.469145E-05	8.418742E-06
5.631328E+03	4.518561E-05	8.507916E-06
5.641312E+03	4.570382E-05	8.601521E-06
5.651297E+03	4.624937E-05	8.700168E-06
5.661282E+03	4.683840E-05	8.806884E-06
5.671266E+03	4.747176E-05	8.921818E-06
5.681251E+03	4.816301E-05	9.047505E-06
5.691235E+03	4.890960E-05	9.183451E-06
5.701220E+03	4.971934E-05	9.331105E-06
5.711205E+03	5.059362E-05	9.490713E-06
5.721189E+03	5.152974E-05	9.661750E-06
5.731174E+03	5.252860E-05	9.844367E-06
5.741159E+03	5.358492E-05	1.003756E-05
5.751143E+03	5.469785E-05	1.024115E-05
5.761128E+03	5.586048E-05	1.045384E-05
5.771112E+03	5.707087E-05	1.067524E-05
5.781097E+03	5.832121E-05	1.090387E-05
5.791082E+03	5.960580E-05	1.113868E-05
5.801066E+03	6.092133E-05	1.137902E-05
5.811051E+03	6.226079E-05	1.162358E-05
5.821036E+03	6.360972E-05	1.186965E-05
5.831020E+03	6.496725E-05	1.211707E-05
5.841005E+03	6.631509E-05	1.236243E-05
5.850989E+03	6.763893E-05	1.260306E-05
5.860974E+03	6.892503E-05	1.283640E-05
5.870959E+03	7.015110E-05	1.305833E-05
5.880943E+03	7.129915E-05	1.326551E-05
5.890928E+03	7.234318E-05	1.345312E-05
5.900913E+03	7.325970E-05	1.361683E-05
5.910897E+03	7.402927E-05	1.375307E-05
5.920882E+03	7.463067E-05	1.385792E-05
5.930866E+03	7.503823E-05	1.392668E-05
5.940851E+03	7.524830E-05	1.395872E-05
5.950836E+03	7.524075E-05	1.395036E-05
5.960820E+03	7.502285E-05	1.390302E-05
5.970805E+03	7.458658E-05	1.381526E-05
5.980790E+03	7.394792E-05	1.369010E-05
5.990774E+03	7.312167E-05	1.353035E-05
6.000759E+03	7.212420E-05	1.333907E-05
6.010743E+03	7.097967E-05	1.312080E-05
6.020728E+03	6.971850E-05	1.288118E-05
6.030713E+03	6.836617E-05	1.262495E-05
6.040697E+03	6.695505E-05	1.235812E-05
6.050682E+03	6.551058E-05	1.208540E-05
6.060667E+03	6.405975E-05	1.181178E-05
6.070651E+03	6.263012E-05	1.154232E-05
6.080636E+03	6.124042E-05	1.128049E-05
6.090620E+03	5.991211E-05	1.103022E-05
6.100605E+03	5.865784E-05	1.079382E-05
6.110590E+03	5.749292E-05	1.057409E-05
6.120574E+03	5.642455E-05	1.037232E-05
6.130559E+03	5.546045E-05	1.018991E-05
6.140544E+03	5.460919E-05	1.002840E-05
6.150528E+03	5.387521E-05	9.888585E-06
6.160513E+03	5.325721E-05	9.770179E-06
6.170497E+03	5.276558E-05	9.675062E-06
6.180482E+03	5.239567E-05	9.602347E-06
6.190467E+03	5.215473E-05	9.553327E-06
6.200451E+03	5.204492E-05	9.528361E-06
6.210436E+03	5.206582E-05	9.527339E-06
6.220421E+03	5.221896E-05	9.550503E-06
6.230405E+03	5.250780E-05	9.598447E-06
6.240390E+03	5.293022E-05	9.670750E-06
6.250374E+03	5.348799E-05	9.767695E-06
6.260359E+03	5.417704E-05	9.888506E-06
6.270344E+03	5.499458E-05	1.003263E-05
6.280328E+03	5.593912E-05	1.019978E-05
6.290313E+03	5.700569E-05	1.038899E-05
6.300298E+03	5.818297E-05	1.059818E-05
6.310282E+03	5.947219E-05	1.082755E-05
6.320267E+03	6.085808E-05	1.107427E-05
6.330251E+03	6.234185E-05	1.133856E-05
6.340236E+03	6.390839E-05	1.161763E-05
6.350221E+03	6.555803E-05	1.191153E-05
6.360205E+03	6.728699E-05	1.221955E-05
6.370190E+03	6.909080E-05	1.254085E-05
6.380175E+03	7.097051E-05	1.287560E-05
6.390159E+03	7.293380E-05	1.322519E-05
6.400144E+03	7.498523E-05	1.359042E-05
6.410128E+03	7.713957E-05	1.397395E-05
6.420113E+03	7.940831E-05	1.437781E-05
6.430098E+03	8.181314E-05	1.480593E-05
6.440082E+03	8.437132E-05	1.526137E-05
6.450067E+03	8.710951E-05	1.574893E-05
6.460052E+03	9.004797E-05	1.627223E-05
6.470036E+03	9.321039E-05	1.683548E-05
6.480021E+03	9.662731E-05	1.744415E-05
6.490005E+03	1.003030E-04	1.809895E-05
6.499990E+03	1.042552E-04	1.880302E-05
6.509975E+03	1.084808E-04	1.955573E-05
6.519959E+03	1.129483E-04	2.035132E-05
6.529944E+03	1.176286E-04	2.118450E-05
6.539929E+03	1.224416E-04	2.204083E-05
6.549913E+03	1.272943E-04	2.290354E-05
6.559898E+03	1.320820E-04	2.375377E-05
6.569882E+03	1.366849E-04	2.457003E-05
6.579867E+03	1.409774E-04	2.532981E-05
6.589852E+03	1.448509E-04	2.601371E-05
6.599836E+03	1.482252E-04	2.660739E-05
6.609821E+03	1.510349E-04	2.709931E-05
6.619805E+03	1.532615E-04	2.748625E-05
6.629790E+03	1.549125E-04	2.776972E-05
6.639775E+03	1.560179E-04	2.795525E-05
6.649759E+03	1.566381E-04	2.805379E-05
6.659744E+03	1.568565E-04	2.808038E-05
6.669729E+03	1.567568E-04	2.805011E-05
6.679713E+03	1.564163E-04	2.797686E-05
6.689698E+03	1.559141E-04	2.787486E-05
6.699682E+03	1.553348E-04	2.775925E-05
6.709667E+03	1.547161E-04	2.763677E-05
6.719652E+03	1.541189E-04	2.751834E-05
6.729636E+03	1.535784E-04	2.741020E-05
6.739621E+03	1.531113E-04	2.731535E-05
6.749606E+03	1.527388E-04	2.723753E-05
6.759590E+03	1.524666E-04	2.717776E-05
6.769575E+03	1.522870E-04	2.713462E-05
6.779559E+03	1.521939E-04	2.710703E-05
6.789544E+03	1.521847E-04	2.709447E-05
6.799529E+03	1.522474E-04	2.709483E-05
6.809513E+03	1.523623E-04	2.710454E-05
6.819498E+03	1.525231E-04	2.712252E-05
6.829483E+03	1.527104E-04	2.714527E-05
6.839467E+03	1.529199E-04	2.717204E-05
6.849452E+03	1.531412E-04	2.720098E-05
6.859436E+03	1.533582E-04	2.722921E-05
6.869421E+03	1.535692E-04	2.725645E-05
6.879406E+03	1.537590E-04	2.727999E-05
6.889390E+03	1.539259E-04	2.729953E-05
6.899375E+03	1.540601E-04	2.731335E-05
6.909360E+03	1.541434E-04	2.731823E-05
6.919344E+03	1.541632E-04	2.731193E-05
6.929329E+03	1.541197E-04	2.729451E-05
6.939313E+03	1.539836E-04	2.726080E-05
6.949298E+03	1.537398E-04	2.720811E-05
6.959283E+03	1.533809E-04	2.713521E-05
6.969267E+03	1.528950E-04	2.703996E-05
6.979252E+03	1.522730E-04	2.692079E-05
6.989237E+03	1.515030E-04	2.677562E-05
6.999221E+03	1.505853E-04	2.660455E-05
7.009206E+03	1.495400E-04	2.641111E-05
7.019190E+03	1.483642E-04	2.619484E-05
7.029175E+03	1.470743E-04	2.595864E-05
7.039160E+03	1.457051E-04	2.570868E-05
7.049144E+03	1.442670E-04	2.544681E-05
7.059129E+03	1.427869E-04	2.517775E-05
7.069114E+03	1.412996E-04	2.490767E-05
7.079098E+03	1.398332E-04	2.464151E-05
7.089083E+03	1.384151E-04	2.438409E-05
7.099067E+03	1.370647E-04	2.413881E-05
7.109052E+03	1.358123E-04	2.391101E-05
7.119037E+03	1.346730E-04	2.370332E-05
7.129021E+03	1.336784E-04	2.352126E-05
7.139006E+03	1.328317E-04	2.336540E-05
7.148991E+03	1.321464E-04	2.323806E-05
7.158975E+03	1.316398E-04	2.314227E-05
7.168960E+03	1.313202E-04	2.307947E-05
7.178944E+03	1.311939E-04	2.305073E-05
7.188929E+03	1.312589E-04	2.305565E-05
7.198914E+03	1.315238E-04	2.309574E-05
7.208898E+03	1.319893E-04	2.317110E-05
7.218883E+03	1.326549E-04	2.328158E-05
7.228868E+03	1.335124E-04	2.342573E-05
7.238852E+03	1.345657E-04	2.360419E-05
7.248837E+03	1.358049E-04	2.381524E-05
7.258821E+03	1.372398E-04	2.406055E-05
7.268806E+03	1.388540E-04	2.433720E-05
7.278791E+03	1.406439E-04	2.464455E-05
7.288775E+03	1.426201E-04	2.498446E-05
7.298760E+03	1.447658E-04	2.535394E-05
7.308745E+03	1.470848E-04	2.575364E-05
7.318729E+03	1.495660E-04	2.618159E-05
7.328714E+03	1.522190E-04	2.663946E-05
7.338698E+03	1.550224E-04	2.712351E-05
7.348683E+03	1.579752E-04	2.763351E-05
7.358668E+03	1.610581E-04	2.816609E-05
7.368652E+03	1.642730E-04	2.872157E-05
7.378637E+03	1.675869E-04	2.929418E-05
7.388622E+03	1.709878E-04	2.988179E-05
7.398606E+03	1.744437E-04	3.047882E-05
7.408591E+03	1.779450E-04	3.108358E-05
7.418575E+03	1.814437E-04	3.168770E-05
7.428560E+03	1.849142E-04	3.228671E-05
7.438545E+03	1.883091E-04	3.287236E-05
7.448529E+03	1.916053E-04	3.344061E-05
7.458514E+03	1.947391E-04	3.398034E-05
7.468499E+03	1.976730E-04	3.448510E-05
7.478483E+03	2.003505E-04	3.494499E-05
7.488468E+03	2.027470E-04	3.535580E-05
7.498452E+03	2.048036E-04	3.570726E-05
7.508437E+03	2.065003E-04	3.599595E-05
7.518422E+03	2.078196E-04	3.621883E-05
7.528406E+03	2.087589E-04	3.637553E-05
7.538391E+03	2.093221E-04	3.646674E-05
7.548376E+03	2.095519E-04	3.649995E-05
7.558360E+03	2.094967E-04	3.648360E-05
7.568345E+03	2.092177E-04	3.642841E-05
7.578329E+03	2.087855E-04	3.634665E-05
7.588314E+03	2.082624E-04	3.624921E-05
7.598299E+03	2.077294E-04	3.615019E-05
7.608283E+03	2.072477E-04	3.606023E-05
7.618268E+03	2.068637E-04	3.598740E-05
7.628252E+03	2.065937E-04	3.593453E-05
7.638237E+03	2.064635E-04	3.590610E-05
7.648222E+03	2.064319E-04	3.589492E-05
7.658206E+03	2.064657E-04	3.589523E-05
7.668191E+03	2.064996E-04	3.589567E-05
7.678176E+03	2.064411E-04	3.588014E-05
7.688160E+03	2.062203E-04	3.583655E-05
7.698145E+03	2.057235E-04	3.574510E-05
7.708129E+03	2.048775E-04	3.559314E-05
7.718114E+03	2.036153E-04	3.536905E-05
7.728099E+03	2.018940E-04	3.506537E-05
7.738083E+03	1.996974E-04	3.467938E-05
7.748068E+03	1.970271E-04	3.421133E-05
7.758053E+03	1.939300E-04	3.366941E-05
7.768037E+03	1.904616E-04	3.306329E-05
7.778022E+03	1.866894E-04	3.240469E-05
7.788006E+03	1.826864E-04	3.170629E-05
7.797991E+03	1.785247E-04	3.098062E-05
7.807976E+03	1.742619E-04	3.023767E-05
7.817960E+03	1.699757E-04	2.949092E-05
7.827945E+03	1.656966E-04	2.874568E-05
7.837930E+03	1.614734E-04	2.801037E-05
7.847914E+03	1.573362E-04	2.729022E-05
7.857899E+03	1.532986E-04	2.658758E-05
7.867883E+03	1.493926E-04	2.590798E-05
7.877868E+03	1.456114E-04	2.525022E-05
7.887853E+03	1.419760E-04	2.461796E-05
7.897837E+03	1.384726E-04	2.400876E-05
7.907822E+03	1.351080E-04	2.342382E-05
7.917807E+03	1.318724E-04	2.286142E-05
7.927791E+03	1.287766E-04	2.232340E-05
7.937776E+03	1.258081E-04	2.180760E-05
7.947760E+03	1.229546E-04	2.131188E-05
7.957745E+03	1.202244E-04	2.083769E-05
7.967730E+03	1.175984E-04	2.038165E-05
7.977714E+03	1.150778E-04	1.994403E-05
7.987699E+03	1.126577E-04	1.952392E-05
7.997684E+03	1.103333E-04	1.912051E-05
8.007668E+03	1.080945E-04	1.873203E-05
8.017653E+03	1.059500E-04	1.835999E-05
8.027637E+03	1.038850E-04	1.800180E-05
8.037622E+03	1.019092E-04	1.765917E-05
8.047607E+03	1.000095E-04	1.732981E-05
8.057591E+03	9.819107E-05	1.701459E-05
8.067576E+03	9.645323E-05	1.671342E-05
8.077561E+03	9.479575E-05	1.642624E-05
8.087545E+03	9.321861E-05	1.615304E-05
8.097530E+03	9.171636E-05	1.589288E-05
8.107514E+03	9.029987E-05	1.564764E-05
8.117499E+03	8.895841E-05	1.541546E-05
8.127484E+03	8.770243E-05	1.519814E-05
8.137468E+03	8.652129E-05	1.499385E-05
8.147453E+03	8.541981E-05	1.480341E-05
8.157438E+03	8.439755E-05	1.462674E-05
8.167422E+03	8.345384E-05	1.446374E-05
8.177407E+03	8.258784E-05	1.431425E-05
8.187391E+03	8.179870E-05	1.417812E-05
8.197376E+03	8.108055E-05	1.405435E-05
8.207361E+03	8.044210E-05	1.394444E-05
8.217345E+03	7.987247E-05	1.384650E-05
8.227330E+03	7.938017E-05	1.376201E-05
8.237315E+03	7.895439E-05	1.368911E-05
8.247299E+03	7.859873E-05	1.362840E-05
8.257284E+03	7.831195E-05	1.357969E-05
8.267268E+03	7.809297E-05	1.354279E-05
8.277253E+03	7.794057E-05	1.351748E-05
8.287238E+03	7.785372E-05	1.350359E-05
8.297222E+03	7.783140E-05	1.350095E-05
8.307207E+03	7.787254E-05	1.350938E-05
8.317192E+03	7.797154E-05	1.352790E-05
8.327176E+03	7.813716E-05	1.355805E-05
8.337161E+03	7.836375E-05	1.359883E-05
8.347145E+03	7.864587E-05	1.364933E-05
8.357130E+03	7.898761E-05	1.371024E-05
8.367115E+03	7.939351E-05	1.378236E-05
8.377099E+03	7.985312E-05	1.386388E-05
8.387084E+03	8.037101E-05	1.395561E-05
8.397069E+03	8.094682E-05	1.405748E-05
8.407053E+03	8.158039E-05	1.416947E-05
8.417038E+03	8.227138E-05	1.429152E-05
8.427022E+03	8.301977E-05	1.442365E-05
8.437007E+03	8.382538E-05	1.456583E-05
8.446992E+03	8.468822E-05	1.471806E-05
8.456976E+03	8.560832E-05	1.488036E-05
8.466961E+03	8.658013E-05	1.505177E-05
8.476946E+03	8.761482E-05	1.523423E-05
8.486930E+03	8.870695E-05	1.542682E-05
8.496915E+03	8.985079E-05	1.562855E-05
8.506899E+03	9.105805E-05	1.584145E-05
8.516884E+03	9.231708E-05	1.606351E-05
8.526869E+03	9.363985E-05	1.629683E-05
8.536853E+03	9.501426E-05	1.653931E-05
8.546838E+03	9.645267E-05	1.679310E-05
8.556822E+03	9.794235E-05	1.705600E-05
8.566807E+03	9.948934E-05	1.732909E-05
8.576792E+03	1.011002E-04	1.761349E-05
8.586776E+03	1.027608E-04	1.790679E-05
8.596761E+03	1.044774E-04	1.821005E-05
8.606746E+03	1.062488E-04	1.852311E-05
8.616730E+03	1.080742E-04	1.884582E-05
8.626715E+03	1.099519E-04	1.917790E-05
8.636699E+03	1.118879E-04	1.952041E-05
8.646684E+03	1.138647E-04	1.987032E-05
8.656669E+03	1.158872E-04	2.022848E-05
8.666653E+03	1.179521E-04	2.059433E-05
8.676638E+03	1.200555E-04	2.096720E-05
8.686623E+03	1.221927E-04	2.134630E-05
8.696607E+03	1.243584E-04	2.173070E-05
8.706592E+03	1.265462E-04	2.211931E-05
8.716576E+03	1.287489E-04	2.251085E-05
8.726561E+03	1.309580E-04	2.290386E-05
8.736546E+03	1.331546E-04	2.329505E-05
8.746530E+03	1.353465E-04	2.368576E-05
8.756515E+03	1.375121E-04	2.407226E-05
8.766500E+03	1.396378E-04	2.445216E-05
8.776484E+03	1.417088E-04	2.482283E-05
8.786469E+03	1.437083E-04	2.518138E-05
8.796453E+03	1.456188E-04	2.552469E-05
8.806438E+03	1.474212E-04	2.584943E-05
8.816423E+03	1.490956E-04	2.615208E-05
8.826407E+03	1.506214E-04	2.642903E-05
8.836392E+03	1.519779E-04	2.667657E-05
8.846377E+03	1.531446E-04	2.689111E-05
8.856361E+03	1.541019E-04	2.706917E-05
8.866346E+03	1.548321E-04	2.720759E-05
8.876330E+03	1.553200E-04	2.730364E-05
8.886315E+03	1.555536E-04	2.735519E-05
8.896300E+03	1.555251E-04	2.736080E-05
8.906284E+03	1.552315E-04	2.731987E-05
8.916269E+03	1.546735E-04	2.723249E-05
8.926254E+03	1.538560E-04	2.709945E-05
8.936238E+03	1.527884E-04	2.692236E-05
8.946223E+03	1.514842E-04	2.670352E-05
8.956207E+03	1.499598E-04	2.644578E-05
8.966192E+03	1.482456E-04	2.615445E-05
8.976177E+03	1.463391E-04	2.582903E-05
8.986161E+03	1.442729E-04	2.547524E-05
9.026100E+03	1.348381E-04	2.385097E-05
9.066038E+03	1.244091E-04	2.204604E-05
9.105977E+03	1.138355E-04	2.020990E-05
9.145915E+03	1.036401E-04	1.843498E-05
9.185854E+03	9.410246E-05	1.677116E-05
9.225792E+03	8.531390E-05	1.523510E-05
9.265731E+03	7.728536E-05	1.382932E-05
9.305669E+03	6.998424E-05	1.254857E-05
9.345608E+03	6.336592E-05	1.138548E-05
9.385546E+03	5.736954E-05	1.032970E-05
9.425485E+03	5.194802E-05	9.373319E-06
9.465423E+03	4.705285E-05	8.508138E-06
9.505362E+03	4.263632E-05	7.726040E-06
9.545300E+03	3.866380E-05	7.021238E-06
9.585239E+03	3.509927E-05	6.387651E-06
9.625177E+03	3.190935E-05	5.819632E-06
9.665116E+03	2.906266E-05	5.311865E-06
9.705054E+03	2.653229E-05	4.859807E-06
9.744993E+03	2.428415E-05	4.457560E-06
9.784931E+03	2.229670E-05	4.101488E-06
9.824870E+03	2.054154E-05	3.786659E-06
9.864808E+03	1.899441E-05	3.508862E-06
9.904747E+03	1.763447E-05	3.264483E-06
9.944685E+03	1.644002E-05	3.049713E-06
9.984624E+03	1.538719E-05	2.860313E-06
1.002456E+04	1.446318E-05	2.694064E-06
1.006450E+04	1.364737E-05	2.547267E-06
1.010444E+04	1.292450E-05	2.417197E-06
1.014438E+04	1.228244E-05	2.301688E-06
1.018432E+04	1.170880E-05	2.198507E-06
1.022425E+04	1.119118E-05	2.105403E-06
1.026419E+04	1.072167E-05	2.020946E-06
1.030413E+04	1.029063E-05	1.943377E-06
