#wls	flux	fluxerr
1.600000E+03	1.409030E-17	1.427341E-18
1.640000E+03	1.440621E-17	1.455883E-18
1.680000E+03	1.473784E-17	1.485786E-18
1.720000E+03	1.509012E-17	1.517527E-18
1.760000E+03	1.545110E-17	1.549887E-18
1.800000E+03	1.583434E-17	1.584209E-18
1.840000E+03	1.623648E-17	1.620134E-18
1.880000E+03	1.665850E-17	1.657738E-18
1.920000E+03	1.710145E-17	1.697102E-18
1.960000E+03	1.756205E-17	1.737874E-18
2.000000E+03	1.805034E-17	1.781025E-18
2.040000E+03	1.856327E-17	1.826221E-18
2.080000E+03	1.910683E-17	1.874019E-18
2.120000E+03	1.967350E-17	1.923648E-18
2.160000E+03	2.027413E-17	1.976134E-18
2.200000E+03	2.090598E-17	2.031169E-18
2.240000E+03	2.157101E-17	2.088903E-18
2.280000E+03	2.227614E-17	2.149962E-18
2.320000E+03	2.302384E-17	2.214531E-18
2.360000E+03	2.381181E-17	2.282337E-18
2.400000E+03	2.464775E-17	2.354061E-18
2.440000E+03	2.552967E-17	2.429451E-18
2.480000E+03	2.647104E-17	2.509723E-18
2.520000E+03	2.746525E-17	2.594174E-18
2.560000E+03	2.852669E-17	2.684088E-18
2.600000E+03	2.965457E-17	2.779300E-18
2.640000E+03	3.085921E-17	2.880683E-18
2.680000E+03	3.214621E-17	2.988657E-18
2.720000E+03	3.352185E-17	3.103688E-18
2.760000E+03	3.499899E-17	3.226843E-18
2.800000E+03	3.657995E-17	3.358197E-18
2.840000E+03	3.829224E-17	3.500120E-18
2.880000E+03	4.013502E-17	3.652358E-18
2.920000E+03	4.213390E-17	3.817050E-18
2.960000E+03	4.431142E-17	3.996017E-18
3.000000E+03	4.668699E-17	4.190753E-18
3.010000E+03	4.731617E-17	4.242257E-18
3.020000E+03	4.795610E-17	4.294581E-18
3.030000E+03	4.861413E-17	4.348375E-18
3.040000E+03	4.929075E-17	4.403678E-18
3.050000E+03	4.997947E-17	4.459904E-18
3.060000E+03	5.068780E-17	4.517719E-18
3.070000E+03	5.141633E-17	4.577168E-18
3.080000E+03	5.215848E-17	4.637660E-18
3.090000E+03	5.292202E-17	4.699879E-18
3.100000E+03	5.370763E-17	4.763879E-18
3.110000E+03	5.450865E-17	4.829062E-18
3.120000E+03	5.534057E-17	4.896793E-18
3.130000E+03	5.618935E-17	4.965821E-18
3.140000E+03	5.706323E-17	5.036867E-18
3.150000E+03	5.795546E-17	5.109329E-18
3.160000E+03	5.888219E-17	5.184620E-18
3.170000E+03	5.982909E-17	5.261470E-18
3.180000E+03	6.080482E-17	5.340633E-18
3.190000E+03	6.181843E-17	5.422891E-18
3.200000E+03	6.285532E-17	5.506953E-18
3.210000E+03	6.392459E-17	5.593606E-18
3.220000E+03	6.502753E-17	5.682954E-18
3.230000E+03	6.616557E-17	5.775108E-18
3.240000E+03	6.734015E-17	5.870183E-18
3.250000E+03	6.855282E-17	5.968301E-18
3.260000E+03	6.981375E-17	6.070331E-18
3.270000E+03	7.110777E-17	6.174942E-18
3.280000E+03	7.244514E-17	6.283011E-18
3.290000E+03	7.383655E-17	6.395449E-18
3.300000E+03	7.527549E-17	6.511673E-18
3.310000E+03	7.676409E-17	6.631854E-18
3.320000E+03	7.830464E-17	6.756169E-18
3.330000E+03	7.990865E-17	6.885594E-18
3.340000E+03	8.156963E-17	7.019547E-18
3.350000E+03	8.329015E-17	7.158230E-18
3.360000E+03	8.508232E-17	7.302662E-18
3.370000E+03	8.693953E-17	7.452251E-18
3.380000E+03	8.886449E-17	7.607206E-18
3.390000E+03	9.086973E-17	7.768577E-18
3.400000E+03	9.294823E-17	7.935735E-18
3.410000E+03	9.511260E-17	8.109729E-18
3.420000E+03	9.735515E-17	8.289877E-18
3.430000E+03	9.969867E-17	8.478088E-18
3.440000E+03	1.021136E-16	8.671812E-18
3.450000E+03	1.046324E-16	8.873788E-18
3.460000E+03	1.072339E-16	9.082185E-18
3.470000E+03	1.099168E-16	9.296853E-18
3.480000E+03	1.127007E-16	9.519429E-18
3.490000E+03	1.155587E-16	9.747612E-18
3.500000E+03	1.184957E-16	9.981774E-18
3.510000E+03	1.215017E-16	1.022106E-17
3.520000E+03	1.245643E-16	1.046440E-17
3.530000E+03	1.276663E-16	1.071034E-17
3.540000E+03	1.307866E-16	1.095708E-17
3.550000E+03	1.338989E-16	1.120243E-17
3.560000E+03	1.369719E-16	1.144377E-17
3.570000E+03	1.399697E-16	1.167811E-17
3.580000E+03	1.428538E-16	1.190228E-17
3.590000E+03	1.456010E-16	1.211440E-17
3.600000E+03	1.481618E-16	1.231038E-17
3.610000E+03	1.505595E-16	1.249223E-17
3.620000E+03	1.527972E-16	1.266026E-17
3.630000E+03	1.549135E-16	1.281774E-17
3.640000E+03	1.569238E-16	1.296595E-17
3.650000E+03	1.588561E-16	1.310726E-17
3.660000E+03	1.607501E-16	1.324497E-17
3.670000E+03	1.626160E-16	1.337993E-17
3.680000E+03	1.644878E-16	1.351493E-17
3.690000E+03	1.663690E-16	1.365027E-17
3.700000E+03	1.682871E-16	1.378819E-17
3.710000E+03	1.702525E-16	1.392953E-17
3.720000E+03	1.722591E-16	1.407377E-17
3.730000E+03	1.743376E-16	1.422340E-17
3.740000E+03	1.764621E-16	1.437629E-17
3.750000E+03	1.786305E-16	1.453224E-17
3.760000E+03	1.808639E-16	1.469297E-17
3.770000E+03	1.831408E-16	1.485667E-17
3.780000E+03	1.854360E-16	1.502132E-17
3.790000E+03	1.877613E-16	1.518785E-17
3.800000E+03	1.900715E-16	1.535260E-17
3.810000E+03	1.923711E-16	1.551593E-17
3.820000E+03	1.946190E-16	1.567453E-17
3.830000E+03	1.967828E-16	1.582583E-17
3.840000E+03	1.988272E-16	1.596699E-17
3.850000E+03	2.007173E-16	1.609529E-17
3.860000E+03	2.024357E-16	1.620935E-17
3.870000E+03	2.039423E-16	1.630604E-17
3.880000E+03	2.052142E-16	1.638361E-17
3.890000E+03	2.062464E-16	1.644174E-17
3.900000E+03	2.070119E-16	1.647836E-17
3.910000E+03	2.075142E-16	1.649383E-17
3.920000E+03	2.077364E-16	1.648691E-17
3.930000E+03	2.076801E-16	1.645783E-17
3.940000E+03	2.073775E-16	1.640922E-17
3.950000E+03	2.068062E-16	1.633943E-17
3.960000E+03	2.060255E-16	1.625319E-17
3.970000E+03	2.050428E-16	1.615119E-17
3.980000E+03	2.039001E-16	1.603678E-17
3.990000E+03	2.026589E-16	1.591486E-17
4.000000E+03	2.013866E-16	1.579076E-17
4.010000E+03	2.001100E-16	1.566657E-17
4.020000E+03	1.989200E-16	1.554940E-17
4.030000E+03	1.978410E-16	1.544114E-17
4.040000E+03	1.969130E-16	1.534485E-17
4.050000E+03	1.961448E-16	1.526116E-17
4.060000E+03	1.955236E-16	1.518902E-17
4.070000E+03	1.950044E-16	1.512489E-17
4.080000E+03	1.945536E-16	1.506613E-17
4.090000E+03	1.940886E-16	1.500632E-17
4.100000E+03	1.935525E-16	1.494108E-17
4.110000E+03	1.928820E-16	1.486555E-17
4.120000E+03	1.920263E-16	1.477587E-17
4.130000E+03	1.909535E-16	1.466966E-17
4.140000E+03	1.896515E-16	1.454609E-17
4.150000E+03	1.881281E-16	1.440582E-17
4.160000E+03	1.864011E-16	1.425030E-17
4.170000E+03	1.845188E-16	1.408329E-17
4.180000E+03	1.825363E-16	1.390906E-17
4.190000E+03	1.804880E-16	1.373026E-17
4.200000E+03	1.784264E-16	1.355090E-17
4.210000E+03	1.764195E-16	1.337615E-17
4.220000E+03	1.745060E-16	1.320891E-17
4.230000E+03	1.727529E-16	1.305422E-17
4.240000E+03	1.711908E-16	1.291431E-17
4.250000E+03	1.698881E-16	1.279429E-17
4.260000E+03	1.688746E-16	1.269627E-17
4.270000E+03	1.681912E-16	1.262323E-17
4.280000E+03	1.678608E-16	1.257674E-17
4.290000E+03	1.678877E-16	1.255700E-17
4.300000E+03	1.682686E-16	1.256362E-17
4.310000E+03	1.689900E-16	1.259546E-17
4.320000E+03	1.700174E-16	1.264980E-17
4.330000E+03	1.712968E-16	1.272252E-17
4.340000E+03	1.727691E-16	1.280914E-17
4.350000E+03	1.743678E-16	1.290467E-17
4.360000E+03	1.760316E-16	1.300450E-17
4.370000E+03	1.776883E-16	1.310330E-17
4.380000E+03	1.793050E-16	1.319865E-17
4.390000E+03	1.808490E-16	1.328815E-17
4.400000E+03	1.823401E-16	1.337327E-17
4.410000E+03	1.838066E-16	1.345613E-17
4.420000E+03	1.853211E-16	1.354201E-17
4.430000E+03	1.869701E-16	1.363722E-17
4.440000E+03	1.888549E-16	1.374908E-17
4.450000E+03	1.910799E-16	1.388506E-17
4.460000E+03	1.937916E-16	1.405566E-17
4.470000E+03	1.971120E-16	1.426950E-17
4.480000E+03	2.011977E-16	1.453765E-17
4.490000E+03	2.061882E-16	1.486983E-17
4.500000E+03	2.122216E-16	1.527562E-17
4.510000E+03	2.194133E-16	1.576286E-17
4.520000E+03	2.278336E-16	1.633610E-17
4.530000E+03	2.375198E-16	1.699748E-17
4.540000E+03	2.484123E-16	1.774221E-17
4.550000E+03	2.603706E-16	1.855974E-17
4.560000E+03	2.731634E-16	1.943315E-17
4.570000E+03	2.864563E-16	2.033833E-17
4.580000E+03	2.998447E-16	2.124638E-17
4.590000E+03	3.128797E-16	2.212549E-17
4.600000E+03	3.250821E-16	2.294197E-17
4.610000E+03	3.360395E-16	2.366712E-17
4.620000E+03	3.454040E-16	2.427700E-17
4.630000E+03	3.529117E-16	2.475377E-17
4.640000E+03	3.584295E-16	2.508890E-17
4.650000E+03	3.619257E-16	2.528104E-17
4.660000E+03	3.634440E-16	2.533410E-17
4.670000E+03	3.631436E-16	2.526003E-17
4.680000E+03	3.612272E-16	2.507368E-17
4.690000E+03	3.580071E-16	2.479740E-17
4.700000E+03	3.538279E-16	2.445560E-17
4.710000E+03	3.491110E-16	2.407776E-17
4.720000E+03	3.442514E-16	2.369131E-17
4.730000E+03	3.396737E-16	2.332549E-17
4.740000E+03	3.357645E-16	2.300666E-17
4.750000E+03	3.328735E-16	2.275843E-17
4.760000E+03	3.313179E-16	2.260200E-17
4.770000E+03	3.313587E-16	2.255451E-17
4.780000E+03	3.332123E-16	2.262994E-17
4.790000E+03	3.369936E-16	2.283524E-17
4.800000E+03	3.427369E-16	2.317185E-17
4.810000E+03	3.504140E-16	2.363695E-17
4.820000E+03	3.598636E-16	2.421876E-17
4.830000E+03	3.708543E-16	2.490092E-17
4.840000E+03	3.830259E-16	2.565857E-17
4.850000E+03	3.958891E-16	2.645842E-17
4.860000E+03	4.088656E-16	2.726158E-17
4.870000E+03	4.213330E-16	2.802657E-17
4.880000E+03	4.326898E-16	2.871368E-17
4.890000E+03	4.424341E-16	2.929020E-17
4.900000E+03	4.502188E-16	2.973397E-17
4.910000E+03	4.559678E-16	3.004087E-17
4.920000E+03	4.598130E-16	3.022055E-17
4.930000E+03	4.620154E-16	3.029103E-17
4.940000E+03	4.629328E-16	3.027650E-17
4.950000E+03	4.628929E-16	3.019895E-17
4.960000E+03	4.621673E-16	3.007654E-17
4.970000E+03	4.609007E-16	2.991898E-17
4.980000E+03	4.590774E-16	2.972553E-17
4.990000E+03	4.564945E-16	2.948336E-17
5.000000E+03	4.527790E-16	2.916882E-17
5.010000E+03	4.474431E-16	2.875114E-17
5.020000E+03	4.400340E-16	2.820210E-17
5.030000E+03	4.302309E-16	2.750225E-17
5.040000E+03	4.179124E-16	2.664505E-17
5.050000E+03	4.032808E-16	2.564465E-17
5.060000E+03	3.868570E-16	2.453528E-17
5.070000E+03	3.694579E-16	2.336954E-17
5.080000E+03	3.520325E-16	2.220782E-17
5.090000E+03	3.356407E-16	2.111684E-17
5.100000E+03	3.212566E-16	2.015723E-17
5.110000E+03	3.096700E-16	1.937740E-17
5.120000E+03	3.014485E-16	1.881137E-17
5.130000E+03	2.969406E-16	1.847912E-17
5.140000E+03	2.962830E-16	1.838720E-17
5.150000E+03	2.993640E-16	1.852674E-17
5.160000E+03	3.058902E-16	1.887769E-17
5.170000E+03	3.154246E-16	1.941135E-17
5.180000E+03	3.273642E-16	2.008916E-17
5.190000E+03	3.409746E-16	2.086489E-17
5.200000E+03	3.554603E-16	2.168911E-17
5.210000E+03	3.700325E-16	2.251338E-17
5.220000E+03	3.839577E-16	2.329310E-17
5.230000E+03	3.966275E-16	2.399182E-17
5.240000E+03	4.076334E-16	2.458555E-17
5.250000E+03	4.167428E-16	2.506118E-17
5.260000E+03	4.239629E-16	2.542012E-17
5.270000E+03	4.294524E-16	2.567288E-17
5.280000E+03	4.335024E-16	2.583773E-17
5.290000E+03	4.364033E-16	2.593268E-17
5.300000E+03	4.384076E-16	2.597332E-17
5.310000E+03	4.396888E-16	2.597039E-17
5.320000E+03	4.404248E-16	2.593474E-17
5.330000E+03	4.407930E-16	2.587709E-17
5.340000E+03	4.409706E-16	2.580802E-17
5.350000E+03	4.411520E-16	2.573897E-17
5.360000E+03	4.415015E-16	2.567951E-17
5.370000E+03	4.421680E-16	2.563819E-17
5.380000E+03	4.432942E-16	2.562308E-17
5.390000E+03	4.449670E-16	2.563895E-17
5.400000E+03	4.472363E-16	2.568838E-17
5.410000E+03	4.501296E-16	2.577260E-17
5.420000E+03	4.536058E-16	2.588896E-17
5.430000E+03	4.575957E-16	2.603318E-17
5.440000E+03	4.620140E-16	2.620017E-17
5.450000E+03	4.667734E-16	2.638476E-17
5.460000E+03	4.717584E-16	2.658025E-17
5.470000E+03	4.768665E-16	2.678078E-17
5.480000E+03	4.819431E-16	2.697763E-17
5.490000E+03	4.867708E-16	2.715869E-17
5.500000E+03	4.910248E-16	2.730605E-17
5.510000E+03	4.942724E-16	2.739605E-17
5.520000E+03	4.960396E-16	2.740306E-17
5.530000E+03	4.959103E-16	2.730500E-17
5.540000E+03	4.936505E-16	2.709007E-17
5.550000E+03	4.892705E-16	2.676003E-17
5.560000E+03	4.830188E-16	2.632959E-17
5.570000E+03	4.753846E-16	2.582635E-17
5.580000E+03	4.670399E-16	2.528747E-17
5.590000E+03	4.586954E-16	2.475168E-17
5.600000E+03	4.510344E-16	2.425574E-17
5.610000E+03	4.446258E-16	2.382975E-17
5.620000E+03	4.398967E-16	2.349585E-17
5.630000E+03	4.370732E-16	2.326516E-17
5.640000E+03	4.361745E-16	2.313764E-17
5.650000E+03	4.370441E-16	2.310398E-17
5.660000E+03	4.393386E-16	2.314513E-17
5.670000E+03	4.425275E-16	2.323245E-17
5.680000E+03	4.459748E-16	2.333218E-17
5.690000E+03	4.489545E-16	2.340636E-17
5.700000E+03	4.507280E-16	2.341686E-17
5.710000E+03	4.506691E-16	2.333193E-17
5.720000E+03	4.483395E-16	2.312996E-17
5.730000E+03	4.435769E-16	2.280385E-17
5.740000E+03	4.365553E-16	2.236384E-17
5.750000E+03	4.278173E-16	2.183885E-17
5.760000E+03	4.182065E-16	2.127273E-17
5.770000E+03	4.088263E-16	2.072189E-17
5.780000E+03	4.009576E-16	2.025087E-17
5.790000E+03	3.958999E-16	1.992428E-17
5.800000E+03	3.947968E-16	1.979794E-17
5.810000E+03	3.985858E-16	1.991657E-17
5.820000E+03	4.080328E-16	2.031570E-17
5.830000E+03	4.237651E-16	2.102343E-17
5.840000E+03	4.462430E-16	2.205917E-17
5.850000E+03	4.756264E-16	2.342725E-17
5.860000E+03	5.115471E-16	2.510596E-17
5.870000E+03	5.527467E-16	2.703035E-17
5.880000E+03	5.969247E-16	2.908559E-17
5.890000E+03	6.406970E-16	3.110589E-17
5.900000E+03	6.798576E-16	3.288810E-17
5.910000E+03	7.100449E-16	3.422447E-17
5.920000E+03	7.277542E-16	3.495146E-17
5.930000E+03	7.313850E-16	3.499904E-17
5.940000E+03	7.214262E-16	3.439788E-17
5.950000E+03	7.001388E-16	3.326242E-17
5.960000E+03	6.708989E-16	3.175832E-17
5.970000E+03	6.374115E-16	3.006436E-17
5.980000E+03	6.029264E-16	2.833539E-17
5.990000E+03	5.698797E-16	2.668595E-17
6.000000E+03	5.398790E-16	2.519024E-17
6.010000E+03	5.138188E-16	2.388827E-17
6.020000E+03	4.919981E-16	2.279185E-17
6.030000E+03	4.743800E-16	2.189712E-17
6.040000E+03	4.607617E-16	2.119262E-17
6.050000E+03	4.508878E-16	2.066467E-17
6.060000E+03	4.445106E-16	2.030009E-17
6.070000E+03	4.414185E-16	2.008754E-17
6.080000E+03	4.414546E-16	2.001833E-17
6.090000E+03	4.444452E-16	2.008312E-17
6.100000E+03	4.501049E-16	2.026767E-17
6.110000E+03	4.579560E-16	2.054931E-17
6.120000E+03	4.673585E-16	2.089845E-17
6.130000E+03	4.775823E-16	2.128189E-17
6.140000E+03	4.878642E-16	2.166540E-17
6.150000E+03	4.974850E-16	2.201721E-17
6.160000E+03	5.059099E-16	2.231407E-17
6.170000E+03	5.128766E-16	2.254506E-17
6.180000E+03	5.184471E-16	2.271361E-17
6.190000E+03	5.229859E-16	2.283629E-17
6.200000E+03	5.271601E-16	2.294264E-17
6.210000E+03	5.317712E-16	2.306762E-17
6.220000E+03	5.375689E-16	2.324352E-17
6.230000E+03	5.450761E-16	2.349242E-17
6.240000E+03	5.545258E-16	2.382370E-17
6.250000E+03	5.658120E-16	2.423209E-17
6.260000E+03	5.784019E-16	2.469419E-17
6.270000E+03	5.914429E-16	2.517331E-17
6.280000E+03	6.038704E-16	2.562418E-17
6.290000E+03	6.145882E-16	2.600078E-17
6.300000E+03	6.225398E-16	2.625931E-17
6.310000E+03	6.267873E-16	2.636144E-17
6.320000E+03	6.266639E-16	2.628062E-17
6.330000E+03	6.218215E-16	2.600392E-17
6.340000E+03	6.122658E-16	2.553325E-17
6.350000E+03	5.984512E-16	2.488912E-17
6.360000E+03	5.812298E-16	2.410825E-17
6.370000E+03	5.618400E-16	2.324292E-17
6.380000E+03	5.418891E-16	2.236004E-17
6.390000E+03	5.231080E-16	2.153090E-17
6.400000E+03	5.072514E-16	2.082708E-17
6.410000E+03	4.960004E-16	2.031644E-17
6.420000E+03	4.909179E-16	2.006143E-17
6.430000E+03	4.934523E-16	2.011932E-17
6.440000E+03	5.049693E-16	2.054361E-17
6.450000E+03	5.269552E-16	2.139235E-17
6.460000E+03	5.612059E-16	2.273580E-17
6.470000E+03	6.099390E-16	2.466086E-17
6.480000E+03	6.758957E-16	2.727514E-17
6.490000E+03	7.623198E-16	3.070593E-17
6.500000E+03	8.726947E-16	3.508958E-17
6.510000E+03	1.010121E-15	4.054654E-17
6.520000E+03	1.176085E-15	4.713223E-17
6.530000E+03	1.368406E-15	5.475555E-17
6.540000E+03	1.578689E-15	6.307791E-17
6.550000E+03	1.790810E-15	7.145482E-17
6.560000E+03	1.981838E-15	7.897404E-17
6.570000E+03	2.125924E-15	8.461175E-17
6.580000E+03	2.201275E-15	8.750961E-17
6.590000E+03	2.197355E-15	8.725926E-17
6.600000E+03	2.117409E-15	8.399945E-17
6.610000E+03	1.976063E-15	7.831818E-17
6.620000E+03	1.794577E-15	7.106302E-17
6.630000E+03	1.595124E-15	6.311375E-17
6.640000E+03	1.396590E-15	5.521722E-17
6.650000E+03	1.212469E-15	4.790488E-17
6.660000E+03	1.050603E-15	4.148374E-17
6.670000E+03	9.140510E-16	3.607160E-17
6.680000E+03	8.025885E-16	3.165694E-17
6.690000E+03	7.140566E-16	2.815231E-17
6.700000E+03	6.453608E-16	2.543392E-17
6.710000E+03	5.930414E-16	2.336404E-17
6.720000E+03	5.538496E-16	2.181370E-17
6.730000E+03	5.249459E-16	2.067037E-17
6.740000E+03	5.039121E-16	1.983836E-17
6.750000E+03	4.887397E-16	1.923826E-17
6.760000E+03	4.778020E-16	1.880585E-17
6.770000E+03	4.698644E-16	1.849240E-17
6.780000E+03	4.639600E-16	1.825975E-17
6.790000E+03	4.593606E-16	1.807920E-17
6.800000E+03	4.555235E-16	1.792933E-17
6.810000E+03	4.520750E-16	1.779539E-17
6.820000E+03	4.487586E-16	1.766725E-17
6.830000E+03	4.454437E-16	1.753973E-17
6.840000E+03	4.420753E-16	1.741062E-17
6.850000E+03	4.386729E-16	1.728065E-17
6.860000E+03	4.352701E-16	1.715111E-17
6.870000E+03	4.319489E-16	1.702519E-17
6.880000E+03	4.288129E-16	1.690695E-17
6.890000E+03	4.259858E-16	1.680124E-17
6.900000E+03	4.235996E-16	1.671324E-17
6.910000E+03	4.217711E-16	1.664756E-17
6.920000E+03	4.206158E-16	1.660876E-17
6.930000E+03	4.202204E-16	1.660028E-17
6.940000E+03	4.206779E-16	1.662580E-17
6.950000E+03	4.220861E-16	1.668922E-17
6.960000E+03	4.245286E-16	1.679388E-17
6.970000E+03	4.280453E-16	1.694142E-17
6.980000E+03	4.325817E-16	1.712971E-17
6.990000E+03	4.380341E-16	1.735470E-17
7.000000E+03	4.442148E-16	1.760900E-17
7.010000E+03	4.508846E-16	1.788317E-17
7.020000E+03	4.577410E-16	1.816521E-17
7.030000E+03	4.644897E-16	1.844345E-17
7.040000E+03	4.708189E-16	1.870547E-17
7.050000E+03	4.764262E-16	1.893923E-17
7.060000E+03	4.810138E-16	1.913282E-17
7.070000E+03	4.842781E-16	1.927406E-17
7.080000E+03	4.859703E-16	1.935295E-17
7.090000E+03	4.859664E-16	1.936442E-17
7.100000E+03	4.843010E-16	1.930972E-17
7.110000E+03	4.811989E-16	1.919767E-17
7.120000E+03	4.770853E-16	1.904513E-17
7.130000E+03	4.725686E-16	1.887633E-17
7.140000E+03	4.684146E-16	1.872182E-17
7.150000E+03	4.655047E-16	1.861689E-17
7.160000E+03	4.647889E-16	1.859961E-17
7.170000E+03	4.672437E-16	1.870925E-17
7.180000E+03	4.737822E-16	1.898262E-17
7.190000E+03	4.852019E-16	1.945196E-17
7.200000E+03	5.021141E-16	2.014217E-17
7.210000E+03	5.248282E-16	2.106605E-17
7.220000E+03	5.531388E-16	2.221576E-17
7.230000E+03	5.862858E-16	2.356113E-17
7.240000E+03	6.229263E-16	2.504852E-17
7.250000E+03	6.610998E-16	2.659927E-17
7.260000E+03	6.982555E-16	2.811079E-17
7.270000E+03	7.315298E-16	2.946763E-17
7.280000E+03	7.581153E-16	3.055635E-17
7.290000E+03	7.755941E-16	3.127897E-17
7.300000E+03	7.823923E-16	3.157131E-17
7.310000E+03	7.780976E-16	3.141600E-17
7.320000E+03	7.634254E-16	3.084116E-17
7.330000E+03	7.399234E-16	2.990865E-17
7.340000E+03	7.097678E-16	2.870589E-17
7.350000E+03	6.753618E-16	2.732968E-17
7.360000E+03	6.390440E-16	2.587445E-17
7.370000E+03	6.029471E-16	2.442647E-17
7.380000E+03	5.687917E-16	2.305553E-17
7.390000E+03	5.378580E-16	2.181368E-17
7.400000E+03	5.109819E-16	2.073507E-17
7.410000E+03	4.886191E-16	1.983850E-17
7.420000E+03	4.708506E-16	1.912755E-17
7.430000E+03	4.574719E-16	1.859425E-17
7.440000E+03	4.480096E-16	1.821962E-17
7.450000E+03	4.417721E-16	1.797581E-17
7.460000E+03	4.378392E-16	1.782557E-17
7.470000E+03	4.350825E-16	1.772311E-17
7.480000E+03	4.322821E-16	1.761878E-17
7.490000E+03	4.281492E-16	1.746004E-17
7.500000E+03	4.214703E-16	1.719731E-17
7.510000E+03	4.112771E-16	1.679086E-17
7.520000E+03	3.970354E-16	1.621865E-17
7.530000E+03	3.788261E-16	1.548371E-17
7.540000E+03	3.574768E-16	1.461960E-17
7.550000E+03	3.345272E-16	1.368909E-17
7.560000E+03	3.117562E-16	1.276490E-17
7.570000E+03	2.907807E-16	1.191326E-17
7.580000E+03	2.728643E-16	1.118610E-17
7.590000E+03	2.589005E-16	1.062030E-17
7.600000E+03	2.494599E-16	1.023957E-17
7.610000E+03	2.448643E-16	1.005747E-17
7.620000E+03	2.453068E-16	1.008233E-17
7.630000E+03	2.508921E-16	1.031889E-17
7.640000E+03	2.615678E-16	1.076543E-17
7.650000E+03	2.770968E-16	1.141267E-17
7.660000E+03	2.969228E-16	1.223814E-17
7.670000E+03	3.200368E-16	1.320068E-17
7.680000E+03	3.448919E-16	1.423680E-17
7.690000E+03	3.696141E-16	1.526934E-17
7.700000E+03	3.922571E-16	1.621789E-17
7.710000E+03	4.110773E-16	1.701019E-17
7.720000E+03	4.248077E-16	1.759345E-17
7.730000E+03	4.328674E-16	1.794310E-17
7.740000E+03	4.354165E-16	1.806523E-17
7.750000E+03	4.331673E-16	1.798881E-17
7.760000E+03	4.272594E-16	1.776067E-17
7.770000E+03	4.189371E-16	1.743215E-17
7.780000E+03	4.092597E-16	1.704707E-17
7.790000E+03	3.989933E-16	1.663716E-17
7.800000E+03	3.886307E-16	1.622291E-17
7.810000E+03	3.784800E-16	1.581715E-17
7.820000E+03	3.687559E-16	1.542888E-17
7.830000E+03	3.596220E-16	1.506497E-17
7.840000E+03	3.512273E-16	1.473176E-17
7.850000E+03	3.437268E-16	1.443584E-17
7.860000E+03	3.372472E-16	1.418266E-17
7.870000E+03	3.319066E-16	1.397736E-17
7.880000E+03	3.277558E-16	1.382226E-17
7.890000E+03	3.247992E-16	1.371777E-17
7.900000E+03	3.229841E-16	1.366187E-17
7.910000E+03	3.222037E-16	1.365028E-17
7.920000E+03	3.222984E-16	1.367644E-17
7.930000E+03	3.230969E-16	1.373327E-17
7.940000E+03	3.244538E-16	1.381476E-17
7.950000E+03	3.262133E-16	1.391443E-17
7.960000E+03	3.282260E-16	1.402600E-17
7.970000E+03	3.303505E-16	1.414352E-17
7.980000E+03	3.324332E-16	1.426046E-17
7.990000E+03	3.343521E-16	1.437162E-17
8.000000E+03	3.359763E-16	1.447134E-17
8.010000E+03	3.371870E-16	1.455446E-17
8.020000E+03	3.378893E-16	1.461678E-17
8.030000E+03	3.379711E-16	1.465334E-17
8.040000E+03	3.373395E-16	1.465992E-17
8.050000E+03	3.358972E-16	1.463210E-17
8.060000E+03	3.335861E-16	1.456709E-17
8.070000E+03	3.303913E-16	1.446396E-17
8.080000E+03	3.263529E-16	1.432416E-17
8.090000E+03	3.216254E-16	1.415419E-17
8.100000E+03	3.164236E-16	1.396324E-17
8.110000E+03	3.110711E-16	1.376542E-17
8.120000E+03	3.059373E-16	1.357699E-17
8.130000E+03	3.014202E-16	1.341568E-17
8.140000E+03	2.978244E-16	1.329528E-17
8.150000E+03	2.953376E-16	1.322449E-17
8.160000E+03	2.940562E-16	1.320807E-17
8.170000E+03	2.939597E-16	1.324558E-17
8.180000E+03	2.949285E-16	1.333208E-17
8.190000E+03	2.967772E-16	1.345964E-17
8.200000E+03	2.992259E-16	1.361591E-17
8.210000E+03	3.019540E-16	1.378653E-17
8.220000E+03	3.045936E-16	1.395478E-17
8.230000E+03	3.068348E-16	1.410637E-17
8.240000E+03	3.084506E-16	1.423064E-17
8.250000E+03	3.093100E-16	1.432122E-17
8.260000E+03	3.093760E-16	1.437600E-17
8.270000E+03	3.086986E-16	1.439691E-17
8.280000E+03	3.073719E-16	1.438794E-17
8.290000E+03	3.054973E-16	1.435351E-17
8.300000E+03	3.031368E-16	1.429621E-17
8.310000E+03	3.003410E-16	1.421816E-17
8.320000E+03	2.971948E-16	1.412312E-17
8.330000E+03	2.938383E-16	1.401754E-17
8.340000E+03	2.904838E-16	1.391143E-17
8.350000E+03	2.873990E-16	1.381764E-17
8.360000E+03	2.849162E-16	1.375232E-17
8.370000E+03	2.834110E-16	1.373399E-17
8.380000E+03	2.833165E-16	1.378425E-17
8.390000E+03	2.851134E-16	1.392739E-17
8.400000E+03	2.893267E-16	1.419026E-17
8.410000E+03	2.965372E-16	1.460291E-17
8.420000E+03	3.073563E-16	1.519737E-17
8.430000E+03	3.224131E-16	1.600710E-17
8.440000E+03	3.422185E-16	1.706018E-17
8.450000E+03	3.670289E-16	1.837244E-17
8.460000E+03	3.968393E-16	1.994681E-17
8.470000E+03	4.313719E-16	2.177248E-17
8.480000E+03	4.700976E-16	2.382572E-17
8.490000E+03	5.122154E-16	2.606855E-17
8.500000E+03	5.567384E-16	2.845283E-17
8.510000E+03	6.026511E-16	3.092812E-17
8.520000E+03	6.489680E-16	3.344467E-17
8.530000E+03	6.946917E-16	3.595126E-17
8.540000E+03	7.388861E-16	3.839901E-17
8.550000E+03	7.806755E-16	4.074131E-17
8.560000E+03	8.192606E-16	4.293483E-17
8.570000E+03	8.540479E-16	4.494628E-17
8.580000E+03	8.845596E-16	4.674799E-17
8.590000E+03	9.104465E-16	4.831864E-17
8.600000E+03	9.315162E-16	4.964490E-17
8.610000E+03	9.477214E-16	5.072105E-17
8.620000E+03	9.590843E-16	5.154502E-17
8.630000E+03	9.657547E-16	5.212161E-17
8.640000E+03	9.679136E-16	5.245742E-17
8.650000E+03	9.658172E-16	5.256332E-17
8.660000E+03	9.597852E-16	5.245382E-17
8.670000E+03	9.501219E-16	5.214289E-17
8.680000E+03	9.371958E-16	5.164831E-17
8.690000E+03	9.213233E-16	5.098527E-17
8.700000E+03	9.029126E-16	5.017438E-17
8.710000E+03	8.823307E-16	4.923430E-17
8.720000E+03	8.599188E-16	4.818258E-17
8.730000E+03	8.360362E-16	4.703812E-17
8.740000E+03	8.110259E-16	4.581922E-17
8.750000E+03	7.852360E-16	4.454479E-17
8.760000E+03	7.589555E-16	4.323067E-17
8.770000E+03	7.324862E-16	4.189375E-17
8.780000E+03	7.060675E-16	4.054761E-17
8.790000E+03	6.799282E-16	3.920541E-17
8.800000E+03	6.542825E-16	3.787973E-17
8.810000E+03	6.292817E-16	3.657967E-17
8.820000E+03	6.050640E-16	3.531371E-17
8.830000E+03	5.817535E-16	3.408966E-17
8.840000E+03	5.594185E-16	3.291213E-17
8.850000E+03	5.381318E-16	3.178610E-17
8.860000E+03	5.179177E-16	3.071373E-17
8.870000E+03	4.987963E-16	2.969695E-17
8.880000E+03	4.807841E-16	2.873750E-17
8.890000E+03	4.638597E-16	2.783487E-17
8.900000E+03	4.480151E-16	2.698934E-17
8.910000E+03	4.332107E-16	2.619925E-17
8.920000E+03	4.194120E-16	2.546324E-17
8.930000E+03	4.065894E-16	2.478022E-17
8.940000E+03	3.946984E-16	2.414813E-17
8.950000E+03	3.836817E-16	2.356411E-17
8.960000E+03	3.734906E-16	2.302578E-17
8.970000E+03	3.640938E-16	2.253176E-17
8.980000E+03	3.554112E-16	2.207764E-17
8.990000E+03	3.474103E-16	2.166190E-17
9.000000E+03	3.400392E-16	2.128176E-17
9.040000E+03	3.158049E-16	2.005949E-17
9.080000E+03	2.976980E-16	1.918556E-17
9.120000E+03	2.830938E-16	1.850542E-17
9.160000E+03	2.699893E-16	1.789601E-17
9.200000E+03	2.570464E-16	1.727159E-17
9.240000E+03	2.435860E-16	1.658647E-17
9.280000E+03	2.294871E-16	1.583108E-17
9.320000E+03	2.150510E-16	1.502500E-17
9.360000E+03	2.008041E-16	1.420487E-17
9.400000E+03	1.872357E-16	1.340655E-17
9.440000E+03	1.746797E-16	1.265633E-17
9.480000E+03	1.632914E-16	1.196854E-17
9.520000E+03	1.530817E-16	1.134723E-17
9.560000E+03	1.440077E-16	1.079245E-17
9.600000E+03	1.359439E-16	1.029775E-17
9.640000E+03	1.287706E-16	9.856678E-18
9.680000E+03	1.223518E-16	9.461075E-18
9.720000E+03	1.165693E-16	9.103694E-18
9.760000E+03	1.113218E-16	8.778220E-18
9.800000E+03	1.065160E-16	8.478632E-18
9.840000E+03	1.020843E-16	8.200659E-18
9.880000E+03	9.797680E-17	7.941246E-18
9.920000E+03	9.413620E-17	7.696554E-18
9.960000E+03	9.052802E-17	7.464453E-18
1.000000E+04	8.712477E-17	7.243282E-18
1.004000E+04	8.389578E-17	7.031021E-18
1.008000E+04	8.081975E-17	6.826345E-18
1.012000E+04	7.787925E-17	6.628194E-18
1.016000E+04	7.506464E-17	6.436117E-18
1.020000E+04	7.236013E-17	6.249100E-18
1.024000E+04	6.975676E-17	6.066675E-18
1.028000E+04	6.724328E-17	5.888144E-18
1.032000E+04	6.481887E-17	5.713692E-18
