#wls	flux	fluxerr
1.600000E+03	2.495125E-16	4.155879E-16
1.640000E+03	2.478727E-16	4.122072E-16
1.680000E+03	2.460839E-16	4.085084E-16
1.720000E+03	2.442230E-16	4.046139E-16
1.760000E+03	2.421794E-16	4.003341E-16
1.800000E+03	2.400273E-16	3.957862E-16
1.840000E+03	2.377018E-16	3.908572E-16
1.880000E+03	2.352286E-16	3.855837E-16
1.920000E+03	2.325436E-16	3.798556E-16
1.960000E+03	2.297144E-16	3.737789E-16
2.000000E+03	2.266770E-16	3.672449E-16
2.040000E+03	2.234125E-16	3.602205E-16
2.080000E+03	2.199034E-16	3.526766E-16
2.120000E+03	2.162129E-16	3.447143E-16
2.160000E+03	2.122835E-16	3.362433E-16
2.200000E+03	2.081017E-16	3.272463E-16
2.240000E+03	2.037300E-16	3.178273E-16
2.280000E+03	1.990852E-16	3.078649E-16
2.320000E+03	1.942335E-16	2.974734E-16
2.360000E+03	1.891712E-16	2.866606E-16
2.400000E+03	1.839002E-16	2.754462E-16
2.440000E+03	1.784582E-16	2.639059E-16
2.480000E+03	1.728554E-16	2.520763E-16
2.520000E+03	1.671360E-16	2.400450E-16
2.560000E+03	1.613450E-16	2.279004E-16
2.600000E+03	1.555046E-16	2.156975E-16
2.640000E+03	1.496662E-16	2.035315E-16
2.680000E+03	1.438817E-16	1.914947E-16
2.720000E+03	1.382034E-16	1.796749E-16
2.760000E+03	1.326830E-16	1.681537E-16
2.800000E+03	1.273891E-16	1.570268E-16
2.840000E+03	1.223504E-16	1.463316E-16
2.880000E+03	1.176446E-16	1.361571E-16
2.920000E+03	1.133082E-16	1.265324E-16
2.960000E+03	1.093871E-16	1.174892E-16
3.000000E+03	1.059183E-16	1.090397E-16
3.010000E+03	1.051305E-16	1.070253E-16
3.020000E+03	1.043654E-16	1.050397E-16
3.030000E+03	1.036355E-16	1.030951E-16
3.040000E+03	1.029405E-16	1.011903E-16
3.050000E+03	1.022680E-16	9.931263E-17
3.060000E+03	1.016417E-16	9.748435E-17
3.070000E+03	1.010374E-16	9.568159E-17
3.080000E+03	1.004666E-16	9.391469E-17
3.090000E+03	9.993996E-17	9.219276E-17
3.100000E+03	9.943445E-17	9.049380E-17
3.110000E+03	9.896083E-17	8.882721E-17
3.120000E+03	9.852917E-17	8.720127E-17
3.130000E+03	9.811735E-17	8.559567E-17
3.140000E+03	9.774588E-17	8.402788E-17
3.150000E+03	9.740341E-17	8.248734E-17
3.160000E+03	9.709927E-17	8.098132E-17
3.170000E+03	9.682235E-17	7.949985E-17
3.180000E+03	9.657185E-17	7.804183E-17
3.190000E+03	9.635664E-17	7.661393E-17
3.200000E+03	9.617550E-17	7.521443E-17
3.210000E+03	9.601779E-17	7.383444E-17
3.220000E+03	9.590130E-17	7.248711E-17
3.230000E+03	9.579692E-17	7.114980E-17
3.240000E+03	9.573143E-17	6.984217E-17
3.250000E+03	9.569446E-17	6.855581E-17
3.260000E+03	9.568501E-17	6.728943E-17
3.270000E+03	9.570217E-17	6.604183E-17
3.280000E+03	9.574518E-17	6.481189E-17
3.290000E+03	9.582198E-17	6.360429E-17
3.300000E+03	9.591495E-17	6.240658E-17
3.310000E+03	9.604926E-17	6.123450E-17
3.320000E+03	9.620790E-17	6.007603E-17
3.330000E+03	9.639128E-17	5.893067E-17
3.340000E+03	9.661635E-17	5.780770E-17
3.350000E+03	9.686777E-17	5.669660E-17
3.360000E+03	9.715512E-17	5.560183E-17
3.370000E+03	9.748036E-17	5.452306E-17
3.380000E+03	9.784605E-17	5.346014E-17
3.390000E+03	9.825540E-17	5.241314E-17
3.400000E+03	9.871999E-17	5.138629E-17
3.410000E+03	9.923682E-17	5.037585E-17
3.420000E+03	9.981903E-17	4.938627E-17
3.430000E+03	1.004730E-16	4.841810E-17
3.440000E+03	1.011989E-16	4.746875E-17
3.450000E+03	1.020129E-16	4.654300E-17
3.460000E+03	1.029246E-16	4.564220E-17
3.470000E+03	1.039455E-16	4.476796E-17
3.480000E+03	1.050953E-16	4.392517E-17
3.490000E+03	1.063810E-16	4.311278E-17
3.500000E+03	1.078186E-16	4.233324E-17
3.510000E+03	1.094333E-16	4.159201E-17
3.520000E+03	1.112449E-16	4.089188E-17
3.530000E+03	1.132686E-16	4.023348E-17
3.540000E+03	1.155437E-16	3.962557E-17
3.550000E+03	1.180909E-16	3.906957E-17
3.560000E+03	1.209412E-16	3.857011E-17
3.570000E+03	1.241367E-16	3.813470E-17
3.580000E+03	1.277086E-16	3.776698E-17
3.590000E+03	1.317078E-16	3.747605E-17
3.600000E+03	1.361749E-16	3.726764E-17
3.610000E+03	1.411792E-16	3.715508E-17
3.620000E+03	1.467732E-16	3.714671E-17
3.630000E+03	1.530239E-16	3.725469E-17
3.640000E+03	1.600062E-16	3.749299E-17
3.650000E+03	1.678120E-16	3.787949E-17
3.660000E+03	1.765351E-16	3.843217E-17
3.670000E+03	1.862800E-16	3.917112E-17
3.680000E+03	1.971539E-16	4.011656E-17
3.690000E+03	2.093063E-16	4.129672E-17
3.700000E+03	2.228739E-16	4.273590E-17
3.710000E+03	2.380313E-16	4.446433E-17
3.720000E+03	2.549515E-16	4.651002E-17
3.730000E+03	2.738391E-16	4.890480E-17
3.740000E+03	2.949480E-16	5.168682E-17
3.750000E+03	3.185213E-16	5.488965E-17
3.760000E+03	3.448244E-16	5.854838E-17
3.770000E+03	3.741907E-16	6.270720E-17
3.780000E+03	4.069338E-16	6.740458E-17
3.790000E+03	4.434170E-16	7.268541E-17
3.800000E+03	4.839815E-16	7.858931E-17
3.810000E+03	5.290064E-16	8.516103E-17
3.820000E+03	5.788425E-16	9.244021E-17
3.830000E+03	6.337892E-16	1.004583E-16
3.840000E+03	6.941681E-16	1.092510E-16
3.850000E+03	7.601353E-16	1.188290E-16
3.860000E+03	8.318567E-16	1.292060E-16
3.870000E+03	9.092718E-16	1.403622E-16
3.880000E+03	9.923028E-16	1.522767E-16
3.890000E+03	1.080665E-15	1.648981E-16
3.900000E+03	1.173839E-15	1.781396E-16
3.910000E+03	1.271286E-15	1.919123E-16
3.920000E+03	1.372206E-15	2.060875E-16
3.930000E+03	1.475697E-15	2.205216E-16
3.940000E+03	1.580792E-15	2.350621E-16
3.950000E+03	1.686347E-15	2.495323E-16
3.960000E+03	1.791209E-15	2.637582E-16
3.970000E+03	1.894211E-15	2.775691E-16
3.980000E+03	1.994212E-15	2.908047E-16
3.990000E+03	2.090139E-15	3.033221E-16
4.000000E+03	2.180981E-15	3.149935E-16
4.010000E+03	2.266008E-15	3.257368E-16
4.020000E+03	2.344649E-15	3.354951E-16
4.030000E+03	2.416467E-15	3.442297E-16
4.040000E+03	2.481555E-15	3.519755E-16
4.050000E+03	2.540062E-15	3.587691E-16
4.060000E+03	2.592621E-15	3.647095E-16
4.070000E+03	2.640009E-15	3.699090E-16
4.080000E+03	2.683292E-15	3.745137E-16
4.090000E+03	2.723644E-15	3.786783E-16
4.100000E+03	2.762402E-15	3.825758E-16
4.110000E+03	2.800946E-15	3.863794E-16
4.120000E+03	2.840567E-15	3.902464E-16
4.130000E+03	2.882553E-15	3.943285E-16
4.140000E+03	2.928083E-15	3.987566E-16
4.150000E+03	2.978086E-15	4.036198E-16
4.160000E+03	3.033480E-15	4.089955E-16
4.170000E+03	3.095107E-15	4.149378E-16
4.180000E+03	3.163426E-15	4.214322E-16
4.190000E+03	3.239021E-15	4.284609E-16
4.200000E+03	3.322235E-15	4.359491E-16
4.210000E+03	3.413368E-15	4.437873E-16
4.220000E+03	3.512494E-15	4.518028E-16
4.230000E+03	3.619806E-15	4.597994E-16
4.240000E+03	3.735231E-15	4.675035E-16
4.250000E+03	3.858781E-15	4.746041E-16
4.260000E+03	3.990357E-15	4.807253E-16
4.270000E+03	4.129951E-15	4.854497E-16
4.280000E+03	4.277178E-15	4.882682E-16
4.290000E+03	4.431854E-15	4.886638E-16
4.300000E+03	4.593209E-15	4.860558E-16
4.310000E+03	4.760168E-15	4.798983E-16
4.320000E+03	4.930923E-15	4.697496E-16
4.330000E+03	5.103061E-15	4.554682E-16
4.340000E+03	5.272780E-15	4.374172E-16
4.350000E+03	5.435732E-15	4.169093E-16
4.360000E+03	5.586653E-15	3.965504E-16
4.370000E+03	5.720476E-15	3.804301E-16
4.380000E+03	5.833171E-15	3.734364E-16
4.390000E+03	5.923051E-15	3.793625E-16
4.400000E+03	5.991658E-15	3.988129E-16
4.410000E+03	6.043486E-15	4.290804E-16
4.420000E+03	6.085601E-15	4.661222E-16
4.430000E+03	6.125692E-15	5.063807E-16
4.440000E+03	6.171538E-15	5.475527E-16
4.450000E+03	6.229407E-15	5.884404E-16
4.460000E+03	6.304289E-15	6.286486E-16
4.470000E+03	6.399153E-15	6.681818E-16
4.480000E+03	6.514925E-15	7.071728E-16
4.490000E+03	6.650936E-15	7.457483E-16
4.500000E+03	6.804992E-15	7.839271E-16
4.510000E+03	6.973150E-15	8.215279E-16
4.520000E+03	7.150627E-15	8.582407E-16
4.530000E+03	7.331772E-15	8.936127E-16
4.540000E+03	7.510516E-15	9.271011E-16
4.550000E+03	7.680757E-15	9.581250E-16
4.560000E+03	7.836931E-15	9.861425E-16
4.570000E+03	7.973737E-15	1.010625E-15
4.580000E+03	8.087207E-15	1.031194E-15
4.590000E+03	8.174386E-15	1.047591E-15
4.600000E+03	8.233317E-15	1.059670E-15
4.610000E+03	8.263553E-15	1.067471E-15
4.620000E+03	8.265567E-15	1.071141E-15
4.630000E+03	8.240914E-15	1.070954E-15
4.640000E+03	8.192038E-15	1.067289E-15
4.650000E+03	8.121672E-15	1.060550E-15
4.660000E+03	8.033218E-15	1.051220E-15
4.670000E+03	7.930064E-15	1.039771E-15
4.680000E+03	7.815799E-15	1.026696E-15
4.690000E+03	7.693706E-15	1.012441E-15
4.700000E+03	7.566947E-15	9.974365E-16
4.710000E+03	7.438325E-15	9.820625E-16
4.720000E+03	7.310348E-15	9.666604E-16
4.730000E+03	7.185394E-15	9.515541E-16
4.740000E+03	7.065376E-15	9.370070E-16
4.750000E+03	6.951860E-15	9.232366E-16
4.760000E+03	6.846389E-15	9.104584E-16
4.770000E+03	6.750023E-15	8.988230E-16
4.780000E+03	6.663805E-15	8.884785E-16
4.790000E+03	6.588443E-15	8.795279E-16
4.800000E+03	6.524392E-15	8.720384E-16
4.810000E+03	6.471848E-15	8.660410E-16
4.820000E+03	6.430899E-15	8.615495E-16
4.830000E+03	6.401240E-15	8.585234E-16
4.840000E+03	6.382474E-15	8.569077E-16
4.850000E+03	6.373908E-15	8.566064E-16
4.860000E+03	6.374624E-15	8.574932E-16
4.870000E+03	6.383477E-15	8.594117E-16
4.880000E+03	6.399013E-15	8.621656E-16
4.890000E+03	6.419742E-15	8.655551E-16
4.900000E+03	6.443657E-15	8.693129E-16
4.910000E+03	6.468686E-15	8.731634E-16
4.920000E+03	6.492555E-15	8.768043E-16
4.930000E+03	6.513110E-15	8.799491E-16
4.940000E+03	6.528129E-15	8.823010E-16
4.950000E+03	6.535857E-15	8.836245E-16
4.960000E+03	6.534982E-15	8.837430E-16
4.970000E+03	6.524948E-15	8.825806E-16
4.980000E+03	6.505853E-15	8.801486E-16
4.990000E+03	6.478755E-15	8.765881E-16
5.000000E+03	6.445474E-15	8.721425E-16
5.010000E+03	6.408242E-15	8.671110E-16
5.020000E+03	6.369956E-15	8.618834E-16
5.030000E+03	6.333460E-15	8.568423E-16
5.040000E+03	6.301626E-15	8.523746E-16
5.050000E+03	6.276931E-15	8.488138E-16
5.060000E+03	6.261285E-15	8.464175E-16
5.070000E+03	6.256193E-15	8.453874E-16
5.080000E+03	6.262242E-15	8.458018E-16
5.090000E+03	6.279583E-15	8.476789E-16
5.100000E+03	6.307788E-15	8.509580E-16
5.110000E+03	6.345746E-15	8.554855E-16
5.120000E+03	6.392233E-15	8.610910E-16
5.130000E+03	6.445565E-15	8.675410E-16
5.140000E+03	6.503972E-15	8.745888E-16
5.150000E+03	6.565690E-15	8.819873E-16
5.160000E+03	6.628839E-15	8.894724E-16
5.170000E+03	6.691747E-15	8.968073E-16
5.180000E+03	6.752782E-15	9.037595E-16
5.190000E+03	6.810371E-15	9.101044E-16
5.200000E+03	6.863220E-15	9.156534E-16
5.210000E+03	6.910106E-15	9.202257E-16
5.220000E+03	6.949869E-15	9.236472E-16
5.230000E+03	6.981694E-15	9.257852E-16
5.240000E+03	7.004675E-15	9.264901E-16
5.250000E+03	7.018097E-15	9.256295E-16
5.260000E+03	7.021358E-15	9.230771E-16
5.270000E+03	7.014052E-15	9.187188E-16
5.280000E+03	6.995751E-15	9.124228E-16
5.290000E+03	6.966234E-15	9.040656E-16
5.300000E+03	6.925570E-15	8.935394E-16
5.310000E+03	6.873701E-15	8.806959E-16
5.320000E+03	6.810881E-15	8.654013E-16
5.330000E+03	6.737672E-15	8.475348E-16
5.340000E+03	6.654600E-15	8.269454E-16
5.350000E+03	6.562416E-15	8.034903E-16
5.360000E+03	6.462012E-15	7.770295E-16
5.370000E+03	6.354449E-15	7.474406E-16
5.380000E+03	6.240720E-15	7.146078E-16
5.390000E+03	6.121908E-15	6.784651E-16
5.400000E+03	5.999126E-15	6.390249E-16
5.410000E+03	5.873357E-15	5.964111E-16
5.420000E+03	5.745427E-15	5.509301E-16
5.430000E+03	5.616165E-15	5.031905E-16
5.440000E+03	5.486219E-15	4.542331E-16
5.450000E+03	5.356117E-15	4.057407E-16
5.460000E+03	5.226212E-15	3.602796E-16
5.470000E+03	5.096822E-15	3.214683E-16
5.480000E+03	4.968024E-15	2.936255E-16
5.490000E+03	4.839687E-15	2.803061E-16
5.500000E+03	4.711522E-15	2.820147E-16
5.510000E+03	4.583177E-15	2.954545E-16
5.520000E+03	4.454355E-15	3.154961E-16
5.530000E+03	4.324950E-15	3.375312E-16
5.540000E+03	4.195187E-15	3.584153E-16
5.550000E+03	4.065650E-15	3.763772E-16
5.560000E+03	3.937399E-15	3.906552E-16
5.570000E+03	3.811731E-15	4.011369E-16
5.580000E+03	3.690200E-15	4.081176E-16
5.590000E+03	3.574534E-15	4.121292E-16
5.600000E+03	3.466273E-15	4.137920E-16
5.610000E+03	3.367008E-15	4.137705E-16
5.620000E+03	3.278172E-15	4.127045E-16
5.630000E+03	3.200928E-15	4.111689E-16
5.640000E+03	3.136225E-15	4.096660E-16
5.650000E+03	3.084855E-15	4.086267E-16
5.660000E+03	3.047361E-15	4.084001E-16
5.670000E+03	3.024061E-15	4.092586E-16
5.680000E+03	3.015117E-15	4.114130E-16
5.690000E+03	3.020551E-15	4.150197E-16
5.700000E+03	3.040130E-15	4.201712E-16
5.710000E+03	3.073547E-15	4.269256E-16
5.720000E+03	3.120297E-15	4.352933E-16
5.730000E+03	3.179666E-15	4.452396E-16
5.740000E+03	3.250807E-15	4.566976E-16
5.750000E+03	3.332572E-15	4.695470E-16
5.760000E+03	3.423721E-15	4.836449E-16
5.770000E+03	3.522659E-15	4.987904E-16
5.780000E+03	3.627667E-15	5.147582E-16
5.790000E+03	3.736750E-15	5.312781E-16
5.800000E+03	3.847811E-15	5.480599E-16
5.810000E+03	3.958519E-15	5.647758E-16
5.820000E+03	4.066634E-15	5.811067E-16
5.830000E+03	4.169783E-15	5.967113E-16
5.840000E+03	4.265816E-15	6.112779E-16
5.850000E+03	4.352700E-15	6.245088E-16
5.860000E+03	4.428758E-15	6.361566E-16
5.870000E+03	4.492565E-15	6.460095E-16
5.880000E+03	4.543075E-15	6.539106E-16
5.890000E+03	4.579780E-15	6.597809E-16
5.900000E+03	4.602393E-15	6.635751E-16
5.910000E+03	4.611142E-15	6.653232E-16
5.920000E+03	4.606559E-15	6.651002E-16
5.930000E+03	4.589381E-15	6.630127E-16
5.940000E+03	4.560781E-15	6.592307E-16
5.950000E+03	4.521994E-15	6.539342E-16
5.960000E+03	4.474451E-15	6.473323E-16
5.970000E+03	4.419735E-15	6.396560E-16
5.980000E+03	4.359362E-15	6.311268E-16
5.990000E+03	4.295006E-15	6.219891E-16
6.000000E+03	4.228334E-15	6.124860E-16
6.010000E+03	4.160851E-15	6.028365E-16
6.020000E+03	4.094125E-15	5.932688E-16
6.030000E+03	4.029638E-15	5.839978E-16
6.040000E+03	3.968685E-15	5.752115E-16
6.050000E+03	3.912527E-15	5.670923E-16
6.060000E+03	3.862258E-15	5.597978E-16
6.070000E+03	3.818800E-15	5.534609E-16
6.080000E+03	3.783091E-15	5.482158E-16
6.090000E+03	3.755733E-15	5.441478E-16
6.100000E+03	3.737331E-15	5.413417E-16
6.110000E+03	3.728250E-15	5.398475E-16
6.120000E+03	3.728721E-15	5.396950E-16
6.130000E+03	3.738744E-15	5.408801E-16
6.140000E+03	3.758185E-15	5.433791E-16
6.150000E+03	3.786607E-15	5.471236E-16
6.160000E+03	3.823363E-15	5.520150E-16
6.170000E+03	3.867550E-15	5.579174E-16
6.180000E+03	3.917891E-15	5.646407E-16
6.190000E+03	3.973054E-15	5.719874E-16
6.200000E+03	4.031213E-15	5.796891E-16
6.210000E+03	4.090613E-15	5.874881E-16
6.220000E+03	4.149189E-15	5.950832E-16
6.230000E+03	4.204982E-15	6.021888E-16
6.240000E+03	4.256108E-15	6.085301E-16
6.250000E+03	4.300767E-15	6.138432E-16
6.260000E+03	4.337507E-15	6.179110E-16
6.270000E+03	4.365167E-15	6.205534E-16
6.280000E+03	4.383017E-15	6.216444E-16
6.290000E+03	4.390738E-15	6.211075E-16
6.300000E+03	4.388375E-15	6.189058E-16
6.310000E+03	4.376395E-15	6.150493E-16
6.320000E+03	4.355592E-15	6.095789E-16
6.330000E+03	4.327020E-15	6.025556E-16
6.340000E+03	4.291915E-15	5.940487E-16
6.350000E+03	4.251578E-15	5.841181E-16
6.360000E+03	4.207470E-15	5.728274E-16
6.370000E+03	4.160933E-15	5.602045E-16
6.380000E+03	4.113133E-15	5.462351E-16
6.390000E+03	4.065320E-15	5.308995E-16
6.400000E+03	4.018413E-15	5.141195E-16
6.410000E+03	3.973229E-15	4.957967E-16
6.420000E+03	3.930354E-15	4.758043E-16
6.430000E+03	3.890252E-15	4.540191E-16
6.440000E+03	3.853063E-15	4.303216E-16
6.450000E+03	3.818813E-15	4.046620E-16
6.460000E+03	3.787371E-15	3.771144E-16
6.470000E+03	3.758347E-15	3.479565E-16
6.480000E+03	3.731188E-15	3.178155E-16
6.490000E+03	3.705289E-15	2.878670E-16
6.500000E+03	3.679843E-15	2.600494E-16
6.510000E+03	3.654112E-15	2.372221E-16
6.520000E+03	3.627388E-15	2.228231E-16
6.530000E+03	3.599010E-15	2.195602E-16
6.540000E+03	3.568602E-15	2.276523E-16
6.550000E+03	3.535738E-15	2.445407E-16
6.560000E+03	3.500370E-15	2.665479E-16
6.570000E+03	3.462483E-15	2.904287E-16
6.580000E+03	3.422238E-15	3.139186E-16
6.590000E+03	3.379996E-15	3.356493E-16
6.600000E+03	3.336024E-15	3.548800E-16
6.610000E+03	3.290731E-15	3.713056E-16
6.620000E+03	3.244433E-15	3.848806E-16
6.630000E+03	3.197593E-15	3.957423E-16
6.640000E+03	3.150558E-15	4.041131E-16
6.650000E+03	3.103697E-15	4.102694E-16
6.660000E+03	3.057388E-15	4.145117E-16
6.670000E+03	3.011876E-15	4.171246E-16
6.680000E+03	2.967509E-15	4.183968E-16
6.690000E+03	2.924531E-15	4.185849E-16
6.700000E+03	2.883115E-15	4.179142E-16
6.710000E+03	2.843466E-15	4.165914E-16
6.720000E+03	2.805723E-15	4.147911E-16
6.730000E+03	2.769996E-15	4.126623E-16
6.740000E+03	2.736405E-15	4.103354E-16
6.750000E+03	2.704954E-15	4.079068E-16
6.760000E+03	2.675791E-15	4.054784E-16
6.770000E+03	2.648899E-15	4.031144E-16
6.780000E+03	2.624344E-15	4.008801E-16
6.790000E+03	2.602128E-15	3.988213E-16
6.800000E+03	2.582364E-15	3.969929E-16
6.810000E+03	2.564981E-15	3.954142E-16
6.820000E+03	2.550046E-15	3.941207E-16
6.830000E+03	2.537526E-15	3.931275E-16
6.840000E+03	2.527461E-15	3.924571E-16
6.850000E+03	2.519756E-15	3.921085E-16
6.860000E+03	2.514388E-15	3.920889E-16
6.870000E+03	2.511284E-15	3.923959E-16
6.880000E+03	2.510354E-15	3.930227E-16
6.890000E+03	2.511493E-15	3.939586E-16
6.900000E+03	2.514613E-15	3.951942E-16
6.910000E+03	2.519560E-15	3.967088E-16
6.920000E+03	2.526241E-15	3.984899E-16
6.930000E+03	2.534510E-15	4.005156E-16
6.940000E+03	2.544292E-15	4.027752E-16
6.950000E+03	2.555509E-15	4.052557E-16
6.960000E+03	2.568074E-15	4.079436E-16
6.970000E+03	2.582000E-15	4.108401E-16
6.980000E+03	2.597306E-15	4.139474E-16
6.990000E+03	2.614049E-15	4.172744E-16
7.000000E+03	2.632332E-15	4.208369E-16
7.010000E+03	2.652294E-15	4.246570E-16
7.020000E+03	2.674110E-15	4.287632E-16
7.030000E+03	2.697988E-15	4.331891E-16
7.040000E+03	2.724156E-15	4.379721E-16
7.050000E+03	2.752853E-15	4.431520E-16
7.060000E+03	2.784353E-15	4.487741E-16
7.070000E+03	2.818811E-15	4.548651E-16
7.080000E+03	2.856491E-15	4.614692E-16
7.090000E+03	2.897504E-15	4.686067E-16
7.100000E+03	2.941934E-15	4.762926E-16
7.110000E+03	2.989821E-15	4.845353E-16
7.120000E+03	3.041031E-15	4.933149E-16
7.130000E+03	3.095356E-15	5.025992E-16
7.140000E+03	3.152504E-15	5.123416E-16
7.150000E+03	3.211969E-15	5.224611E-16
7.160000E+03	3.273190E-15	5.328665E-16
7.170000E+03	3.335387E-15	5.434314E-16
7.180000E+03	3.397743E-15	5.540219E-16
7.190000E+03	3.459288E-15	5.644796E-16
7.200000E+03	3.518927E-15	5.746247E-16
7.210000E+03	3.575650E-15	5.842908E-16
7.220000E+03	3.628256E-15	5.932799E-16
7.230000E+03	3.675709E-15	6.014207E-16
7.240000E+03	3.717007E-15	6.085461E-16
7.250000E+03	3.751305E-15	6.145153E-16
7.260000E+03	3.777815E-15	6.191954E-16
7.270000E+03	3.795968E-15	6.224896E-16
7.280000E+03	3.805383E-15	6.243316E-16
7.290000E+03	3.805974E-15	6.247032E-16
7.300000E+03	3.797645E-15	6.235849E-16
7.310000E+03	3.780622E-15	6.210102E-16
7.320000E+03	3.755187E-15	6.170226E-16
7.330000E+03	3.721900E-15	6.117117E-16
7.340000E+03	3.681233E-15	6.051534E-16
7.350000E+03	3.633886E-15	5.974622E-16
7.360000E+03	3.580571E-15	5.887552E-16
7.370000E+03	3.521996E-15	5.791500E-16
7.380000E+03	3.458991E-15	5.687847E-16
7.390000E+03	3.392261E-15	5.577780E-16
7.400000E+03	3.322611E-15	5.462652E-16
7.410000E+03	3.250882E-15	5.343885E-16
7.420000E+03	3.177729E-15	5.222596E-16
7.430000E+03	3.103958E-15	5.100161E-16
7.440000E+03	3.030304E-15	4.977834E-16
7.450000E+03	2.957498E-15	4.856876E-16
7.460000E+03	2.886149E-15	4.738342E-16
7.470000E+03	2.816889E-15	4.623336E-16
7.480000E+03	2.750254E-15	4.512804E-16
7.490000E+03	2.686756E-15	4.407656E-16
7.500000E+03	2.626768E-15	4.308582E-16
7.510000E+03	2.570674E-15	4.216287E-16
7.520000E+03	2.518723E-15	4.131259E-16
7.530000E+03	2.471174E-15	4.054001E-16
7.540000E+03	2.428188E-15	3.984860E-16
7.550000E+03	2.389810E-15	3.923982E-16
7.560000E+03	2.356163E-15	3.871639E-16
7.570000E+03	2.327227E-15	3.827855E-16
7.580000E+03	2.302970E-15	3.792624E-16
7.590000E+03	2.283323E-15	3.765858E-16
7.600000E+03	2.268152E-15	3.747343E-16
7.610000E+03	2.257321E-15	3.736833E-16
7.620000E+03	2.250695E-15	3.734055E-16
7.630000E+03	2.248079E-15	3.738605E-16
7.640000E+03	2.249186E-15	3.749893E-16
7.650000E+03	2.253794E-15	3.767395E-16
7.660000E+03	2.261618E-15	3.790455E-16
7.670000E+03	2.272380E-15	3.818386E-16
7.680000E+03	2.285682E-15	3.850270E-16
7.690000E+03	2.301168E-15	3.885226E-16
7.700000E+03	2.318532E-15	3.922432E-16
7.710000E+03	2.337335E-15	3.960815E-16
7.720000E+03	2.357238E-15	3.999450E-16
7.730000E+03	2.377882E-15	4.037362E-16
7.740000E+03	2.398930E-15	4.073600E-16
7.750000E+03	2.420079E-15	4.107252E-16
7.760000E+03	2.441030E-15	4.137405E-16
7.770000E+03	2.461631E-15	4.163380E-16
7.780000E+03	2.481647E-15	4.184339E-16
7.790000E+03	2.501035E-15	4.199744E-16
7.800000E+03	2.519705E-15	4.208944E-16
7.810000E+03	2.537658E-15	4.211405E-16
7.820000E+03	2.554988E-15	4.206687E-16
7.830000E+03	2.571771E-15	4.194261E-16
7.840000E+03	2.588244E-15	4.173771E-16
7.850000E+03	2.604544E-15	4.144604E-16
7.860000E+03	2.620952E-15	4.106257E-16
7.870000E+03	2.637735E-15	4.058067E-16
7.880000E+03	2.655198E-15	3.999266E-16
7.890000E+03	2.673547E-15	3.928758E-16
7.900000E+03	2.692995E-15	3.845277E-16
7.910000E+03	2.713652E-15	3.747219E-16
7.920000E+03	2.735351E-15	3.632449E-16
7.930000E+03	2.757858E-15	3.498677E-16
7.940000E+03	2.780584E-15	3.343215E-16
7.950000E+03	2.802597E-15	3.163288E-16
7.960000E+03	2.822578E-15	2.956406E-16
7.970000E+03	2.838797E-15	2.721028E-16
7.980000E+03	2.849183E-15	2.457669E-16
7.990000E+03	2.851351E-15	2.170546E-16
8.000000E+03	2.842882E-15	1.870407E-16
8.010000E+03	2.821745E-15	1.578970E-16
8.020000E+03	2.786714E-15	1.334602E-16
8.030000E+03	2.737715E-15	1.191489E-16
8.040000E+03	2.675695E-15	1.189263E-16
8.050000E+03	2.601770E-15	1.307851E-16
8.060000E+03	2.517362E-15	1.486713E-16
8.070000E+03	2.424755E-15	1.675012E-16
8.080000E+03	2.326802E-15	1.844911E-16
8.090000E+03	2.226390E-15	1.984753E-16
8.100000E+03	2.126212E-15	2.092009E-16
8.110000E+03	2.028311E-15	2.168589E-16
8.120000E+03	1.934254E-15	2.218507E-16
8.130000E+03	1.845011E-15	2.246305E-16
8.140000E+03	1.761215E-15	2.256505E-16
8.150000E+03	1.683144E-15	2.253116E-16
8.160000E+03	1.610893E-15	2.239623E-16
8.170000E+03	1.544434E-15	2.218966E-16
8.180000E+03	1.483645E-15	2.193556E-16
8.190000E+03	1.428476E-15	2.165545E-16
8.200000E+03	1.378793E-15	2.136639E-16
8.210000E+03	1.334593E-15	2.108465E-16
8.220000E+03	1.295846E-15	2.082382E-16
8.230000E+03	1.262578E-15	2.059630E-16
8.240000E+03	1.234804E-15	2.041271E-16
8.250000E+03	1.212617E-15	2.028342E-16
8.260000E+03	1.196106E-15	2.021758E-16
8.270000E+03	1.185362E-15	2.022324E-16
8.280000E+03	1.180505E-15	2.030806E-16
8.290000E+03	1.181668E-15	2.047926E-16
8.300000E+03	1.188987E-15	2.074342E-16
8.310000E+03	1.202633E-15	2.110733E-16
8.320000E+03	1.222783E-15	2.157754E-16
8.330000E+03	1.249674E-15	2.216143E-16
8.340000E+03	1.283528E-15	2.286589E-16
8.350000E+03	1.324649E-15	2.369922E-16
8.360000E+03	1.373367E-15	2.467007E-16
8.370000E+03	1.430020E-15	2.578712E-16
8.380000E+03	1.495038E-15	2.706075E-16
8.390000E+03	1.568858E-15	2.850134E-16
8.400000E+03	1.651972E-15	3.012026E-16
8.410000E+03	1.744872E-15	3.192893E-16
8.420000E+03	1.848107E-15	3.393979E-16
8.430000E+03	1.962140E-15	3.616384E-16
8.440000E+03	2.087471E-15	3.861276E-16
8.450000E+03	2.224444E-15	4.129552E-16
8.460000E+03	2.373408E-15	4.422124E-16
8.470000E+03	2.534410E-15	4.739354E-16
8.480000E+03	2.707418E-15	5.081462E-16
8.490000E+03	2.892131E-15	5.448163E-16
8.500000E+03	3.087922E-15	5.838548E-16
8.510000E+03	3.293825E-15	6.251054E-16
8.520000E+03	3.508548E-15	6.683469E-16
8.530000E+03	3.730463E-15	7.132903E-16
8.540000E+03	3.957356E-15	7.595294E-16
8.550000E+03	4.186821E-15	8.066141E-16
8.560000E+03	4.416064E-15	8.540125E-16
8.570000E+03	4.641893E-15	9.011064E-16
8.580000E+03	4.861090E-15	9.472629E-16
8.590000E+03	5.070295E-15	9.918105E-16
8.600000E+03	5.265965E-15	1.034032E-15
8.610000E+03	5.445043E-15	1.073293E-15
8.620000E+03	5.604540E-15	1.108965E-15
8.630000E+03	5.741767E-15	1.140467E-15
8.640000E+03	5.854803E-15	1.167362E-15
8.650000E+03	5.941964E-15	1.189255E-15
8.660000E+03	6.002289E-15	1.205892E-15
8.670000E+03	6.035326E-15	1.217116E-15
8.680000E+03	6.041270E-15	1.222901E-15
8.690000E+03	6.020845E-15	1.223329E-15
8.700000E+03	5.975171E-15	1.218564E-15
8.710000E+03	5.905933E-15	1.208893E-15
8.720000E+03	5.814830E-15	1.194608E-15
8.730000E+03	5.704217E-15	1.176144E-15
8.740000E+03	5.576393E-15	1.153931E-15
8.750000E+03	5.433776E-15	1.128433E-15
8.760000E+03	5.279054E-15	1.100176E-15
8.770000E+03	5.114535E-15	1.069616E-15
8.780000E+03	4.942760E-15	1.037266E-15
8.790000E+03	4.766155E-15	1.003621E-15
8.800000E+03	4.586861E-15	9.691250E-16
8.810000E+03	4.406977E-15	9.342185E-16
8.820000E+03	4.228274E-15	8.992796E-16
8.830000E+03	4.052440E-15	8.646732E-16
8.840000E+03	3.880876E-15	8.307088E-16
8.850000E+03	3.714767E-15	7.976527E-16
8.860000E+03	3.555238E-15	7.657623E-16
8.870000E+03	3.402937E-15	7.351945E-16
8.880000E+03	3.258481E-15	7.061013E-16
8.890000E+03	3.122350E-15	6.786063E-16
8.900000E+03	2.994762E-15	6.527775E-16
8.910000E+03	2.875888E-15	6.286715E-16
8.920000E+03	2.765594E-15	6.062795E-16
8.930000E+03	2.663908E-15	5.856262E-16
8.940000E+03	2.570551E-15	5.666689E-16
8.950000E+03	2.485302E-15	5.493764E-16
8.960000E+03	2.407803E-15	5.336861E-16
8.970000E+03	2.337697E-15	5.195339E-16
8.980000E+03	2.274597E-15	5.068483E-16
8.990000E+03	2.218061E-15	4.955439E-16
9.000000E+03	2.167745E-15	4.855562E-16
9.040000E+03	2.019563E-15	4.569387E-16
9.080000E+03	1.936873E-15	4.424749E-16
9.120000E+03	1.895448E-15	4.370471E-16
9.160000E+03	1.874122E-15	4.360196E-16
9.200000E+03	1.855430E-15	4.354255E-16
9.240000E+03	1.827320E-15	4.324206E-16
9.280000E+03	1.784401E-15	4.256513E-16
9.320000E+03	1.727342E-15	4.151852E-16
9.360000E+03	1.660978E-15	4.021089E-16
9.400000E+03	1.591393E-15	3.878587E-16
9.440000E+03	1.524239E-15	3.738211E-16
9.480000E+03	1.464059E-15	3.611508E-16
9.520000E+03	1.413870E-15	3.506480E-16
9.560000E+03	1.375281E-15	3.427767E-16
9.600000E+03	1.348534E-15	3.376820E-16
9.640000E+03	1.332438E-15	3.351657E-16
9.680000E+03	1.324374E-15	3.346614E-16
9.720000E+03	1.320754E-15	3.353263E-16
9.760000E+03	1.317733E-15	3.362026E-16
9.800000E+03	1.311882E-15	3.364012E-16
9.840000E+03	1.301056E-15	3.354163E-16
9.880000E+03	1.284360E-15	3.333583E-16
9.920000E+03	1.261903E-15	3.313145E-16
9.960000E+03	1.233978E-15	3.316261E-16
1.000000E+04	1.200858E-15	3.379077E-16
1.004000E+04	1.162471E-15	3.538452E-16
1.008000E+04	1.119330E-15	3.811399E-16
1.012000E+04	1.072841E-15	4.180546E-16
1.016000E+04	1.024755E-15	4.603742E-16
1.020000E+04	9.766915E-16	5.037483E-16
1.024000E+04	9.299184E-16	5.450563E-16
1.028000E+04	8.849442E-16	5.822794E-16
1.032000E+04	8.422424E-16	6.145120E-16
