#wls	flux	fluxerr
1.570938E+03	7.900850E-03	4.199214E-04
1.610211E+03	8.184219E-03	4.325253E-04
1.649485E+03	8.486435E-03	4.458870E-04
1.688758E+03	8.811083E-03	4.601683E-04
1.728031E+03	9.157993E-03	4.753307E-04
1.767305E+03	9.531014E-03	4.915421E-04
1.806578E+03	9.931433E-03	5.088321E-04
1.845852E+03	1.036345E-02	5.273758E-04
1.885125E+03	1.082697E-02	5.471243E-04
1.924399E+03	1.132794E-02	5.683283E-04
1.963672E+03	1.186945E-02	5.910879E-04
2.002946E+03	1.245632E-02	6.155798E-04
2.042219E+03	1.309349E-02	6.419782E-04
2.081492E+03	1.378245E-02	6.702786E-04
2.120766E+03	1.453154E-02	7.008005E-04
2.160039E+03	1.534371E-02	7.335894E-04
2.199313E+03	1.622132E-02	7.686551E-04
2.238586E+03	1.716996E-02	8.061492E-04
2.277860E+03	1.818836E-02	8.458921E-04
2.317133E+03	1.927787E-02	8.878210E-04
2.356406E+03	2.043385E-02	9.315945E-04
2.395680E+03	2.165367E-02	9.769651E-04
2.434953E+03	2.292986E-02	1.023471E-03
2.474227E+03	2.424716E-02	1.070316E-03
2.513500E+03	2.559096E-02	1.116761E-03
2.552774E+03	2.694253E-02	1.161914E-03
2.592047E+03	2.828113E-02	1.204837E-03
2.631321E+03	2.957434E-02	1.244143E-03
2.670594E+03	3.079232E-02	1.278624E-03
2.709867E+03	3.189877E-02	1.306876E-03
2.749141E+03	3.285415E-02	1.327453E-03
2.788414E+03	3.361253E-02	1.338750E-03
2.827688E+03	3.413079E-02	1.339391E-03
2.866961E+03	3.437327E-02	1.328405E-03
2.906235E+03	3.431032E-02	1.305152E-03
2.945508E+03	3.392984E-02	1.269738E-03
2.955326E+03	3.378560E-02	1.259073E-03
2.965145E+03	3.362119E-02	1.247683E-03
2.974963E+03	3.343670E-02	1.235582E-03
2.984782E+03	3.323409E-02	1.222850E-03
2.994600E+03	3.301177E-02	1.209439E-03
3.004418E+03	3.277355E-02	1.195498E-03
3.014237E+03	3.251638E-02	1.180924E-03
3.024055E+03	3.224251E-02	1.165808E-03
3.033873E+03	3.195417E-02	1.150239E-03
3.043692E+03	3.165046E-02	1.134193E-03
3.053510E+03	3.133382E-02	1.117764E-03
3.063328E+03	3.100520E-02	1.100993E-03
3.073147E+03	3.066569E-02	1.083925E-03
3.082965E+03	3.031512E-02	1.066561E-03
3.092784E+03	2.995920E-02	1.049105E-03
3.102602E+03	2.959657E-02	1.031516E-03
3.112420E+03	2.923029E-02	1.013902E-03
3.122239E+03	2.886218E-02	9.963296E-04
3.132057E+03	2.849544E-02	9.789096E-04
3.141875E+03	2.813083E-02	9.616685E-04
3.151694E+03	2.777178E-02	9.447222E-04
3.161512E+03	2.742049E-02	9.281438E-04
3.171330E+03	2.707928E-02	9.120078E-04
3.181149E+03	2.675161E-02	8.964254E-04
3.190967E+03	2.643973E-02	8.814664E-04
3.200785E+03	2.614695E-02	8.672322E-04
3.210604E+03	2.587433E-02	8.537493E-04
3.220422E+03	2.562494E-02	8.411081E-04
3.230241E+03	2.540061E-02	8.293572E-04
3.240059E+03	2.520393E-02	8.185686E-04
3.249877E+03	2.503534E-02	8.087419E-04
3.259696E+03	2.489784E-02	7.999598E-04
3.269514E+03	2.479223E-02	7.922317E-04
3.279332E+03	2.471816E-02	7.855304E-04
3.289151E+03	2.467769E-02	7.799041E-04
3.298969E+03	2.466991E-02	7.753074E-04
3.308787E+03	2.469626E-02	7.717679E-04
3.318606E+03	2.475536E-02	7.692249E-04
3.328424E+03	2.484651E-02	7.676393E-04
3.338243E+03	2.497042E-02	7.670157E-04
3.348061E+03	2.512520E-02	7.672793E-04
3.357879E+03	2.531043E-02	7.684009E-04
3.367698E+03	2.552481E-02	7.703245E-04
3.377516E+03	2.576693E-02	7.729923E-04
3.387334E+03	2.603533E-02	7.763456E-04
3.397153E+03	2.632924E-02	7.803475E-04
3.406971E+03	2.664626E-02	7.849133E-04
3.416789E+03	2.698546E-02	7.900031E-04
3.426608E+03	2.734420E-02	7.955278E-04
3.436426E+03	2.772041E-02	8.014168E-04
3.446244E+03	2.811092E-02	8.075698E-04
3.456063E+03	2.851370E-02	8.139208E-04
3.465881E+03	2.892383E-02	8.203232E-04
3.475700E+03	2.933721E-02	8.266578E-04
3.485518E+03	2.974813E-02	8.327630E-04
3.495336E+03	3.015008E-02	8.384591E-04
3.505155E+03	3.053749E-02	8.435970E-04
3.514973E+03	3.090118E-02	8.479335E-04
3.524791E+03	3.123705E-02	8.513702E-04
3.534610E+03	3.154244E-02	8.538503E-04
3.544428E+03	3.181794E-02	8.554075E-04
3.554246E+03	3.206850E-02	8.561909E-04
3.564065E+03	3.230116E-02	8.564016E-04
3.573883E+03	3.252507E-02	8.562905E-04
3.583702E+03	3.274690E-02	8.560378E-04
3.593520E+03	3.297379E-02	8.558305E-04
3.603338E+03	3.321164E-02	8.558185E-04
3.613157E+03	3.346431E-02	8.560948E-04
3.622975E+03	3.373562E-02	8.567490E-04
3.632793E+03	3.402597E-02	8.577813E-04
3.642612E+03	3.433640E-02	8.592083E-04
3.652430E+03	3.466526E-02	8.609784E-04
3.662248E+03	3.501020E-02	8.630240E-04
3.672067E+03	3.536755E-02	8.652478E-04
3.681885E+03	3.573174E-02	8.675083E-04
3.691703E+03	3.609739E-02	8.696733E-04
3.701522E+03	3.645690E-02	8.715617E-04
3.711340E+03	3.680228E-02	8.729884E-04
3.721159E+03	3.712712E-02	8.738118E-04
3.730977E+03	3.742592E-02	8.739162E-04
3.740795E+03	3.769541E-02	8.732419E-04
3.750614E+03	3.794036E-02	8.719164E-04
3.760432E+03	3.817298E-02	8.702329E-04
3.770250E+03	3.841209E-02	8.686257E-04
3.780069E+03	3.868262E-02	8.676519E-04
3.789887E+03	3.901325E-02	8.679342E-04
3.799705E+03	3.943393E-02	8.701024E-04
3.809524E+03	3.997472E-02	8.747676E-04
3.819342E+03	4.066345E-02	8.824705E-04
3.829161E+03	4.152200E-02	8.936048E-04
3.838979E+03	4.256481E-02	9.083903E-04
3.848797E+03	4.379723E-02	9.268446E-04
3.858616E+03	4.521200E-02	9.487185E-04
3.868434E+03	4.679029E-02	9.735282E-04
3.878252E+03	4.850000E-02	1.000531E-03
3.888071E+03	5.029747E-02	1.028770E-03
3.897889E+03	5.213050E-02	1.057150E-03
3.907707E+03	5.394412E-02	1.084555E-03
3.917526E+03	5.568595E-02	1.109959E-03
3.927344E+03	5.731118E-02	1.132524E-03
3.937162E+03	5.879023E-02	1.151739E-03
3.946981E+03	6.010961E-02	1.167425E-03
3.956799E+03	6.126557E-02	1.179601E-03
3.966618E+03	6.226019E-02	1.188398E-03
3.976436E+03	6.309750E-02	1.193979E-03
3.986254E+03	6.378054E-02	1.196490E-03
3.996073E+03	6.430310E-02	1.195896E-03
4.005891E+03	6.465348E-02	1.192068E-03
4.015709E+03	6.481852E-02	1.184854E-03
4.025528E+03	6.478583E-02	1.174124E-03
4.035346E+03	6.454763E-02	1.159835E-03
4.045164E+03	6.409978E-02	1.142013E-03
4.054983E+03	6.344655E-02	1.120831E-03
4.064801E+03	6.259857E-02	1.096570E-03
4.074620E+03	6.157245E-02	1.069604E-03
4.084438E+03	6.038659E-02	1.040328E-03
4.094256E+03	5.906504E-02	1.009217E-03
4.104075E+03	5.763822E-02	9.768397E-04
4.113893E+03	5.614168E-02	9.438329E-04
4.123711E+03	5.461901E-02	9.109450E-04
4.133530E+03	5.312044E-02	8.790102E-04
4.143348E+03	5.169911E-02	8.488843E-04
4.153166E+03	5.041082E-02	8.214391E-04
4.162985E+03	4.930892E-02	7.974810E-04
4.172803E+03	4.844135E-02	7.777062E-04
4.182622E+03	4.784629E-02	7.626361E-04
4.192440E+03	4.754824E-02	7.525631E-04
4.202258E+03	4.755654E-02	7.475357E-04
4.212077E+03	4.786458E-02	7.473559E-04
4.221895E+03	4.845261E-02	7.516309E-04
4.231713E+03	4.928616E-02	7.597554E-04
4.241532E+03	5.031816E-02	7.709503E-04
4.251350E+03	5.148750E-02	7.842457E-04
4.261168E+03	5.272104E-02	7.985155E-04
4.270987E+03	5.393477E-02	8.124973E-04
4.280805E+03	5.503619E-02	8.248294E-04
4.290623E+03	5.593213E-02	8.341665E-04
4.300442E+03	5.654095E-02	8.393581E-04
4.310260E+03	5.680756E-02	8.396612E-04
4.320079E+03	5.671695E-02	8.349284E-04
4.329897E+03	5.629812E-02	8.256514E-04
4.339715E+03	5.561039E-02	8.127436E-04
4.349534E+03	5.472911E-02	7.973295E-04
4.359352E+03	5.373552E-02	7.805995E-04
4.369170E+03	5.270986E-02	7.637127E-04
4.378989E+03	5.172795E-02	7.477503E-04
4.388807E+03	5.086005E-02	7.337039E-04
4.398625E+03	5.016510E-02	7.223965E-04
4.408444E+03	4.969414E-02	7.145352E-04
4.418262E+03	4.948642E-02	7.106579E-04
4.428081E+03	4.957074E-02	7.111558E-04
4.437899E+03	4.996101E-02	7.162109E-04
4.447717E+03	5.066257E-02	7.258876E-04
4.457536E+03	5.167043E-02	7.401089E-04
4.467354E+03	5.296895E-02	7.586500E-04
4.477172E+03	5.453522E-02	7.811876E-04
4.486991E+03	5.633529E-02	8.072443E-04
4.496809E+03	5.832763E-02	8.362366E-04
4.506627E+03	6.045876E-02	8.674109E-04
4.516446E+03	6.266771E-02	8.999056E-04
4.526264E+03	6.488428E-02	9.327235E-04
4.536082E+03	6.703058E-02	9.647521E-04
4.545901E+03	6.902187E-02	9.947732E-04
4.555719E+03	7.077158E-02	1.021533E-03
4.565538E+03	7.219223E-02	1.043753E-03
4.575356E+03	7.320407E-02	1.060255E-03
4.585174E+03	7.373895E-02	1.070017E-03
4.594993E+03	7.375100E-02	1.072326E-03
4.604811E+03	7.322201E-02	1.066865E-03
4.614629E+03	7.216863E-02	1.053817E-03
4.624448E+03	7.064184E-02	1.033867E-03
4.634266E+03	6.872978E-02	1.008247E-03
4.644084E+03	6.654988E-02	9.786311E-04
4.653903E+03	6.423581E-02	9.469480E-04
4.663721E+03	6.192911E-02	9.152621E-04
4.673540E+03	5.975909E-02	8.854786E-04
4.683358E+03	5.783960E-02	8.592939E-04
4.693176E+03	5.625398E-02	8.379700E-04
4.702995E+03	5.505469E-02	8.223223E-04
4.712813E+03	5.426429E-02	8.127293E-04
4.722631E+03	5.387587E-02	8.091317E-04
4.732450E+03	5.385470E-02	8.110519E-04
4.742268E+03	5.414453E-02	8.176821E-04
4.752086E+03	5.467737E-02	8.280284E-04
4.761905E+03	5.537871E-02	8.409867E-04
4.771723E+03	5.617371E-02	8.554354E-04
4.781541E+03	5.699415E-02	8.703414E-04
4.791360E+03	5.778719E-02	8.848954E-04
4.801178E+03	5.851553E-02	8.985180E-04
4.810997E+03	5.915456E-02	9.108189E-04
4.820815E+03	5.969606E-02	9.216564E-04
4.830633E+03	6.014196E-02	9.310452E-04
4.840452E+03	6.050034E-02	9.390956E-04
4.850270E+03	6.078344E-02	9.459845E-04
4.860088E+03	6.100350E-02	9.518907E-04
4.869907E+03	6.117293E-02	9.569982E-04
4.879725E+03	6.129981E-02	9.614253E-04
4.889543E+03	6.138688E-02	9.652076E-04
4.899362E+03	6.143110E-02	9.682905E-04
4.909180E+03	6.141883E-02	9.704516E-04
4.918999E+03	6.132980E-02	9.713618E-04
4.928817E+03	6.113734E-02	9.705873E-04
4.938635E+03	6.081009E-02	9.676169E-04
4.948454E+03	6.032279E-02	9.620319E-04
4.958272E+03	5.966119E-02	9.535874E-04
4.968090E+03	5.883155E-02	9.423650E-04
4.977909E+03	5.785798E-02	9.287354E-04
4.987727E+03	5.678408E-02	9.133861E-04
4.997545E+03	5.566486E-02	8.971956E-04
5.007364E+03	5.456132E-02	8.811463E-04
5.017182E+03	5.353205E-02	8.661896E-04
5.027000E+03	5.262210E-02	8.530645E-04
5.036819E+03	5.186584E-02	8.423420E-04
5.046637E+03	5.128398E-02	8.343740E-04
5.056456E+03	5.088218E-02	8.292691E-04
5.066274E+03	5.065530E-02	8.269593E-04
5.076092E+03	5.058868E-02	8.272200E-04
5.085911E+03	5.066224E-02	8.297354E-04
5.095729E+03	5.085090E-02	8.341047E-04
5.105547E+03	5.112960E-02	8.399250E-04
5.115366E+03	5.147590E-02	8.468333E-04
5.125184E+03	5.187142E-02	8.545311E-04
5.135002E+03	5.230275E-02	8.628005E-04
5.144821E+03	5.276473E-02	8.715578E-04
5.154639E+03	5.325545E-02	8.807732E-04
5.164458E+03	5.377695E-02	8.904819E-04
5.174276E+03	5.433277E-02	9.007438E-04
5.184094E+03	5.492471E-02	9.115909E-04
5.193913E+03	5.555281E-02	9.230251E-04
5.203731E+03	5.621324E-02	9.349845E-04
5.213549E+03	5.689732E-02	9.473262E-04
5.223368E+03	5.759372E-02	9.598621E-04
5.233186E+03	5.828737E-02	9.723412E-04
5.243004E+03	5.895850E-02	9.844335E-04
5.252823E+03	5.958643E-02	9.957924E-04
5.262641E+03	6.014899E-02	1.006045E-03
5.272459E+03	6.062387E-02	1.014816E-03
5.282278E+03	6.098924E-02	1.021737E-03
5.292096E+03	6.123018E-02	1.026554E-03
5.301915E+03	6.133566E-02	1.029079E-03
5.311733E+03	6.130171E-02	1.029241E-03
5.321551E+03	6.113355E-02	1.027124E-03
5.331370E+03	6.084503E-02	1.022958E-03
5.341188E+03	6.045538E-02	1.017066E-03
5.351006E+03	5.998919E-02	1.009859E-03
5.360825E+03	5.947680E-02	1.001847E-03
5.370643E+03	5.894776E-02	9.935306E-04
5.380461E+03	5.843255E-02	9.854223E-04
5.390280E+03	5.795485E-02	9.779217E-04
5.400098E+03	5.753206E-02	9.713228E-04
5.409917E+03	5.717074E-02	9.657370E-04
5.419735E+03	5.686768E-02	9.611114E-04
5.429553E+03	5.661693E-02	9.573460E-04
5.439372E+03	5.640884E-02	9.542780E-04
5.449190E+03	5.623154E-02	9.517067E-04
5.459008E+03	5.607356E-02	9.494381E-04
5.468827E+03	5.592272E-02	9.472657E-04
5.478645E+03	5.576823E-02	9.450057E-04
5.488463E+03	5.559892E-02	9.424682E-04
5.498282E+03	5.540201E-02	9.394358E-04
5.508100E+03	5.516423E-02	9.356825E-04
5.517919E+03	5.486979E-02	9.309392E-04
5.527737E+03	5.450022E-02	9.248916E-04
5.537555E+03	5.403580E-02	9.172039E-04
5.547374E+03	5.345963E-02	9.075882E-04
5.557192E+03	5.275999E-02	8.958451E-04
5.567010E+03	5.193239E-02	8.818977E-04
5.576829E+03	5.098188E-02	8.658322E-04
5.586647E+03	4.992218E-02	8.478820E-04
5.596465E+03	4.877943E-02	8.284923E-04
5.606284E+03	4.758625E-02	8.082185E-04
5.616102E+03	4.638438E-02	7.877715E-04
5.625920E+03	4.521941E-02	7.679272E-04
5.635739E+03	4.413754E-02	7.494720E-04
5.645557E+03	4.318228E-02	7.331457E-04
5.655376E+03	4.239126E-02	7.195878E-04
5.665194E+03	4.179072E-02	7.092437E-04
5.675012E+03	4.139481E-02	7.023520E-04
5.684831E+03	4.120524E-02	6.989405E-04
5.694649E+03	4.121473E-02	6.988827E-04
5.704467E+03	4.140683E-02	7.018972E-04
5.714286E+03	4.176054E-02	7.076243E-04
5.724104E+03	4.225488E-02	7.157057E-04
5.733922E+03	4.287159E-02	7.258283E-04
5.743741E+03	4.359590E-02	7.377390E-04
5.753559E+03	4.441394E-02	7.511997E-04
5.763378E+03	4.531256E-02	7.659851E-04
5.773196E+03	4.627478E-02	7.818047E-04
5.783014E+03	4.727859E-02	7.982845E-04
5.792833E+03	4.829113E-02	8.148676E-04
5.802651E+03	4.927403E-02	8.309064E-04
5.812469E+03	5.018599E-02	8.457047E-04
5.822288E+03	5.098588E-02	8.585720E-04
5.832106E+03	5.163976E-02	8.689415E-04
5.841924E+03	5.212607E-02	8.764559E-04
5.851743E+03	5.243679E-02	8.809873E-04
5.861561E+03	5.257919E-02	8.826655E-04
5.871379E+03	5.257058E-02	8.817887E-04
5.881198E+03	5.243415E-02	8.787531E-04
5.891016E+03	5.219579E-02	8.739989E-04
5.900835E+03	5.188026E-02	8.679465E-04
5.910653E+03	5.150801E-02	8.609425E-04
5.920471E+03	5.109488E-02	8.532555E-04
5.930290E+03	5.065250E-02	8.450836E-04
5.940108E+03	5.018853E-02	8.365571E-04
5.949926E+03	4.970839E-02	8.277691E-04
5.959745E+03	4.921783E-02	8.188179E-04
5.969563E+03	4.872375E-02	8.098202E-04
5.979381E+03	4.823455E-02	8.009175E-04
5.989200E+03	4.775740E-02	7.922300E-04
5.999018E+03	4.729838E-02	7.838597E-04
6.008837E+03	4.686141E-02	7.758723E-04
6.018655E+03	4.644892E-02	7.683083E-04
6.028473E+03	4.606174E-02	7.611822E-04
6.038292E+03	4.569879E-02	7.544764E-04
6.048110E+03	4.536005E-02	7.481912E-04
6.057928E+03	4.504401E-02	7.423018E-04
6.067747E+03	4.474923E-02	7.367855E-04
6.077565E+03	4.447308E-02	7.315996E-04
6.087383E+03	4.420958E-02	7.266465E-04
6.097202E+03	4.394959E-02	7.217772E-04
6.107020E+03	4.368064E-02	7.167883E-04
6.116838E+03	4.338759E-02	7.114339E-04
6.126657E+03	4.305351E-02	7.054386E-04
6.136475E+03	4.266204E-02	6.985376E-04
6.146294E+03	4.220279E-02	6.905640E-04
6.156112E+03	4.167061E-02	6.814367E-04
6.165930E+03	4.106933E-02	6.712216E-04
6.175749E+03	4.041183E-02	6.601313E-04
6.185567E+03	3.972052E-02	6.485336E-04
6.195385E+03	3.902330E-02	6.368846E-04
6.205204E+03	3.835145E-02	6.256947E-04
6.215022E+03	3.773649E-02	6.154775E-04
6.224840E+03	3.720876E-02	6.067270E-04
6.234659E+03	3.679143E-02	5.998197E-04
6.244477E+03	3.650131E-02	5.950295E-04
6.254296E+03	3.634763E-02	5.925064E-04
6.264114E+03	3.632891E-02	5.922278E-04
6.273932E+03	3.643784E-02	5.940759E-04
6.283751E+03	3.666392E-02	5.978825E-04
6.293569E+03	3.699570E-02	6.034646E-04
6.303387E+03	3.742403E-02	6.106770E-04
6.313206E+03	3.794442E-02	6.194517E-04
6.323024E+03	3.855949E-02	6.298345E-04
6.332842E+03	3.927917E-02	6.419907E-04
6.342661E+03	4.011633E-02	6.561350E-04
6.352479E+03	4.108656E-02	6.725275E-04
6.362297E+03	4.220413E-02	6.914081E-04
6.372116E+03	4.347802E-02	7.129323E-04
6.381934E+03	4.490491E-02	7.370540E-04
6.391753E+03	4.647140E-02	7.635627E-04
6.401571E+03	4.815160E-02	7.920415E-04
6.411389E+03	4.990653E-02	8.218567E-04
6.421208E+03	5.168438E-02	8.521603E-04
6.431026E+03	5.342713E-02	8.819972E-04
6.440844E+03	5.507272E-02	9.103405E-04
6.450663E+03	5.656619E-02	9.362744E-04
6.460481E+03	5.786141E-02	9.590244E-04
6.470299E+03	5.893140E-02	9.781281E-04
6.480118E+03	5.976783E-02	9.934296E-04
6.489936E+03	6.037491E-02	1.004981E-03
6.499755E+03	6.077178E-02	1.013081E-03
6.509573E+03	6.098532E-02	1.018161E-03
6.519391E+03	6.104264E-02	1.020657E-03
6.529210E+03	6.096949E-02	1.020986E-03
6.539028E+03	6.078631E-02	1.019477E-03
6.548846E+03	6.050862E-02	1.016379E-03
6.558665E+03	6.014307E-02	1.011793E-03
6.568483E+03	5.969644E-02	1.005824E-03
6.578301E+03	5.916926E-02	9.984708E-04
6.588120E+03	5.856268E-02	9.897449E-04
6.597938E+03	5.787980E-02	9.796893E-04
6.607757E+03	5.712174E-02	9.683150E-04
6.617575E+03	5.629442E-02	9.557142E-04
6.627393E+03	5.540278E-02	9.419637E-04
6.637212E+03	5.445393E-02	9.271781E-04
6.647030E+03	5.345611E-02	9.114923E-04
6.656848E+03	5.241875E-02	8.950623E-04
6.666667E+03	5.134872E-02	8.780017E-04
6.676485E+03	5.025261E-02	8.604207E-04
6.686303E+03	4.913467E-02	8.423896E-04
6.696122E+03	4.799951E-02	8.239862E-04
6.705940E+03	4.685292E-02	8.053088E-04
6.715758E+03	4.569853E-02	7.864196E-04
6.725577E+03	4.454658E-02	7.674950E-04
6.735395E+03	4.340616E-02	7.486925E-04
6.745214E+03	4.229024E-02	7.302380E-04
6.755032E+03	4.121394E-02	7.123951E-04
6.764850E+03	4.019149E-02	6.954136E-04
6.774669E+03	3.923550E-02	6.795155E-04
6.784487E+03	3.835692E-02	6.648954E-04
6.794305E+03	3.756134E-02	6.516549E-04
6.804124E+03	3.684964E-02	6.398141E-04
6.813942E+03	3.621958E-02	6.293384E-04
6.823760E+03	3.566607E-02	6.201431E-04
6.833579E+03	3.517889E-02	6.120543E-04
6.843397E+03	3.475060E-02	6.049449E-04
6.853216E+03	3.437117E-02	5.986424E-04
6.863034E+03	3.403271E-02	5.930113E-04
6.872852E+03	3.372898E-02	5.879439E-04
6.882671E+03	3.345658E-02	5.833821E-04
6.892489E+03	3.321104E-02	5.792486E-04
6.902307E+03	3.299162E-02	5.755311E-04
6.912126E+03	3.279634E-02	5.721955E-04
6.921944E+03	3.262424E-02	5.692254E-04
6.931762E+03	3.247281E-02	5.665769E-04
6.941581E+03	3.233897E-02	5.641967E-04
6.951399E+03	3.221914E-02	5.620221E-04
6.961217E+03	3.210778E-02	5.599563E-04
6.971036E+03	3.199921E-02	5.579003E-04
6.980854E+03	3.188795E-02	5.557588E-04
6.990673E+03	3.176751E-02	5.534186E-04
7.000491E+03	3.163241E-02	5.507850E-04
7.010309E+03	3.147851E-02	5.477862E-04
7.020128E+03	3.130418E-02	5.443950E-04
7.029946E+03	3.110922E-02	5.406091E-04
7.039764E+03	3.089661E-02	5.364816E-04
7.049583E+03	3.066881E-02	5.320565E-04
7.059401E+03	3.043114E-02	5.274277E-04
7.069219E+03	3.018651E-02	5.226468E-04
7.079038E+03	2.993894E-02	5.177846E-04
7.088856E+03	2.969318E-02	5.129243E-04
7.098675E+03	2.945179E-02	5.081109E-04
7.108493E+03	2.921884E-02	5.034153E-04
7.118311E+03	2.899693E-02	4.988825E-04
7.128130E+03	2.879043E-02	4.945877E-04
7.137948E+03	2.859975E-02	4.905379E-04
7.147766E+03	2.842578E-02	4.867478E-04
7.157585E+03	2.826892E-02	4.832234E-04
7.167403E+03	2.812701E-02	4.799277E-04
7.177221E+03	2.799885E-02	4.768390E-04
7.187040E+03	2.788181E-02	4.739126E-04
7.196858E+03	2.777511E-02	4.711345E-04
7.206676E+03	2.767450E-02	4.684324E-04
7.216495E+03	2.757813E-02	4.657753E-04
7.226313E+03	2.748290E-02	4.631111E-04
7.236132E+03	2.738493E-02	4.603753E-04
7.245950E+03	2.728248E-02	4.575395E-04
7.255768E+03	2.717362E-02	4.545732E-04
7.265587E+03	2.705804E-02	4.514726E-04
7.275405E+03	2.693845E-02	4.482846E-04
7.285223E+03	2.681670E-02	4.450415E-04
7.295042E+03	2.669490E-02	4.417792E-04
7.304860E+03	2.657428E-02	4.385193E-04
7.314678E+03	2.645642E-02	4.352886E-04
7.324497E+03	2.634098E-02	4.320820E-04
7.334315E+03	2.622649E-02	4.288762E-04
7.344134E+03	2.610998E-02	4.256236E-04
7.353952E+03	2.598829E-02	4.222744E-04
7.363770E+03	2.585621E-02	4.187461E-04
7.373589E+03	2.571060E-02	4.149907E-04
7.383407E+03	2.554671E-02	4.109354E-04
7.393225E+03	2.536233E-02	4.065489E-04
7.403044E+03	2.515557E-02	4.018060E-04
7.412862E+03	2.492613E-02	3.967068E-04
7.422680E+03	2.467719E-02	3.913075E-04
7.432499E+03	2.441213E-02	3.856659E-04
7.442317E+03	2.413696E-02	3.798813E-04
7.452135E+03	2.385967E-02	3.740822E-04
7.461954E+03	2.358773E-02	3.683873E-04
7.471772E+03	2.332802E-02	3.629039E-04
7.481591E+03	2.308828E-02	3.577512E-04
7.491409E+03	2.287365E-02	3.530062E-04
7.501227E+03	2.268867E-02	3.487356E-04
7.511046E+03	2.253722E-02	3.449946E-04
7.520864E+03	2.241838E-02	3.417639E-04
7.530682E+03	2.232991E-02	3.390049E-04
7.540501E+03	2.226648E-02	3.366323E-04
7.550319E+03	2.222130E-02	3.345406E-04
7.560137E+03	2.218959E-02	3.326558E-04
7.569956E+03	2.216639E-02	3.309030E-04
7.579774E+03	2.214929E-02	3.292458E-04
7.589593E+03	2.213876E-02	3.276915E-04
7.599411E+03	2.213614E-02	3.262598E-04
7.609229E+03	2.214603E-02	3.250186E-04
7.619048E+03	2.217213E-02	3.240208E-04
7.628866E+03	2.221793E-02	3.233160E-04
7.638684E+03	2.228522E-02	3.229278E-04
7.648503E+03	2.237357E-02	3.228480E-04
7.658321E+03	2.247828E-02	3.230068E-04
7.668139E+03	2.259360E-02	3.233210E-04
7.677958E+03	2.270991E-02	3.236536E-04
7.687776E+03	2.281702E-02	3.238616E-04
7.697595E+03	2.290517E-02	3.238110E-04
7.707413E+03	2.296690E-02	3.234018E-04
7.717231E+03	2.299661E-02	3.225619E-04
7.727050E+03	2.299287E-02	3.212787E-04
7.736868E+03	2.295619E-02	3.195663E-04
7.746686E+03	2.289063E-02	3.174880E-04
7.756505E+03	2.280125E-02	3.151199E-04
7.766323E+03	2.269324E-02	3.125382E-04
7.776141E+03	2.257155E-02	3.098149E-04
7.785960E+03	2.243823E-02	3.069815E-04
7.795778E+03	2.229573E-02	3.040739E-04
7.805596E+03	2.214299E-02	3.010800E-04
7.815415E+03	2.197904E-02	2.979889E-04
7.825233E+03	2.180206E-02	2.947779E-04
7.835052E+03	2.161274E-02	2.914586E-04
7.844870E+03	2.141417E-02	2.880741E-04
7.854688E+03	2.121246E-02	2.847060E-04
7.864507E+03	2.101768E-02	2.814870E-04
7.874325E+03	2.084147E-02	2.785698E-04
7.884143E+03	2.069553E-02	2.761073E-04
7.893962E+03	2.058670E-02	2.741858E-04
7.903780E+03	2.051539E-02	2.728071E-04
7.913598E+03	2.047697E-02	2.719055E-04
7.923417E+03	2.046357E-02	2.713735E-04
7.933235E+03	2.046696E-02	2.710999E-04
7.943054E+03	2.048087E-02	2.709995E-04
7.952872E+03	2.050167E-02	2.710232E-04
7.962690E+03	2.052699E-02	2.711383E-04
7.972509E+03	2.055433E-02	2.713106E-04
7.982327E+03	2.058377E-02	2.715405E-04
7.992145E+03	2.061357E-02	2.718037E-04
8.001964E+03	2.064265E-02	2.720852E-04
8.011782E+03	2.066821E-02	2.723473E-04
8.021600E+03	2.068856E-02	2.725668E-04
8.031419E+03	2.070048E-02	2.727005E-04
8.041237E+03	2.070261E-02	2.727296E-04
8.051055E+03	2.069354E-02	2.726346E-04
8.060874E+03	2.067139E-02	2.723898E-04
8.070692E+03	2.063618E-02	2.719944E-04
8.080511E+03	2.058643E-02	2.714281E-04
8.090329E+03	2.052182E-02	2.706854E-04
8.100147E+03	2.044183E-02	2.697583E-04
8.109966E+03	2.034571E-02	2.686357E-04
8.119784E+03	2.023317E-02	2.673127E-04
8.129602E+03	2.010294E-02	2.657711E-04
8.139421E+03	1.995394E-02	2.639955E-04
8.149239E+03	1.978474E-02	2.619654E-04
8.159057E+03	1.959277E-02	2.596452E-04
8.168876E+03	1.937828E-02	2.570370E-04
8.178694E+03	1.914123E-02	2.541384E-04
8.188513E+03	1.888384E-02	2.509773E-04
8.198331E+03	1.860988E-02	2.476022E-04
8.208149E+03	1.832585E-02	2.440983E-04
8.217968E+03	1.803828E-02	2.405515E-04
8.227786E+03	1.775585E-02	2.370770E-04
8.237604E+03	1.748788E-02	2.337988E-04
8.247423E+03	1.724270E-02	2.308288E-04
8.257241E+03	1.702861E-02	2.282790E-04
8.267059E+03	1.685123E-02	2.262263E-04
8.276878E+03	1.671433E-02	2.247233E-04
8.286696E+03	1.662097E-02	2.238134E-04
8.296514E+03	1.657050E-02	2.234908E-04
8.306333E+03	1.656233E-02	2.237504E-04
8.316151E+03	1.659308E-02	2.245497E-04
8.325970E+03	1.665929E-02	2.258449E-04
8.335788E+03	1.675750E-02	2.275922E-04
8.345606E+03	1.688337E-02	2.297356E-04
8.355425E+03	1.703345E-02	2.322312E-04
8.365243E+03	1.720384E-02	2.350285E-04
8.375061E+03	1.739103E-02	2.380824E-04
8.384880E+03	1.759308E-02	2.413688E-04
8.394698E+03	1.780730E-02	2.448535E-04
8.404516E+03	1.803211E-02	2.485173E-04
8.414335E+03	1.826596E-02	2.523414E-04
8.424153E+03	1.850890E-02	2.563289E-04
8.433972E+03	1.876111E-02	2.604853E-04
8.443790E+03	1.902258E-02	2.648133E-04
8.453608E+03	1.929459E-02	2.693337E-04
8.463427E+03	1.957837E-02	2.740674E-04
8.473245E+03	1.987482E-02	2.790304E-04
8.483063E+03	2.018505E-02	2.842427E-04
8.492882E+03	2.051000E-02	2.897219E-04
8.502700E+03	2.084836E-02	2.954541E-04
8.512518E+03	2.119831E-02	3.014185E-04
8.522337E+03	2.155562E-02	3.075594E-04
8.532155E+03	2.191336E-02	3.137820E-04
8.541973E+03	2.226363E-02	3.199764E-04
8.551792E+03	2.259552E-02	3.259875E-04
8.561610E+03	2.289866E-02	3.316655E-04
8.571429E+03	2.316059E-02	3.368278E-04
8.581247E+03	2.337028E-02	3.413092E-04
8.591065E+03	2.351867E-02	3.449701E-04
8.600884E+03	2.360011E-02	3.477186E-04
8.610702E+03	2.361152E-02	3.494977E-04
8.620520E+03	2.355292E-02	3.502951E-04
8.630339E+03	2.342702E-02	3.501376E-04
8.640157E+03	2.323917E-02	3.490916E-04
8.649975E+03	2.299544E-02	3.472345E-04
8.659794E+03	2.270340E-02	3.446678E-04
8.669612E+03	2.237004E-02	3.414854E-04
8.679431E+03	2.200438E-02	3.378140E-04
8.689249E+03	2.161600E-02	3.337914E-04
8.699067E+03	2.121681E-02	3.295943E-04
8.708886E+03	2.081988E-02	3.254216E-04
8.718704E+03	2.044191E-02	3.215341E-04
8.728522E+03	2.010354E-02	3.182601E-04
8.738341E+03	1.982725E-02	3.159655E-04
8.748159E+03	1.963663E-02	3.150446E-04
8.757977E+03	1.954759E-02	3.157794E-04
8.767796E+03	1.955835E-02	3.181725E-04
8.777614E+03	1.964715E-02	3.219000E-04
8.787432E+03	1.978429E-02	3.264988E-04
8.797251E+03	1.994189E-02	3.315222E-04
8.807069E+03	2.009701E-02	3.365933E-04
8.816888E+03	2.023060E-02	3.413896E-04
8.826706E+03	2.032899E-02	3.456702E-04
8.836524E+03	2.038565E-02	3.493087E-04
8.875798E+03	2.019078E-02	3.570132E-04
8.915071E+03	1.963789E-02	3.586093E-04
8.954345E+03	1.919785E-02	3.622309E-04
8.993618E+03	1.901959E-02	3.708786E-04
9.032892E+03	1.897935E-02	3.824734E-04
9.072165E+03	1.896043E-02	3.947902E-04
9.111438E+03	1.892790E-02	4.070629E-04
9.150712E+03	1.885654E-02	4.186509E-04
9.189985E+03	1.872913E-02	4.290294E-04
9.229259E+03	1.857892E-02	4.388204E-04
9.268532E+03	1.843518E-02	4.486476E-04
9.307806E+03	1.825230E-02	4.573470E-04
9.347079E+03	1.797738E-02	4.634396E-04
9.386352E+03	1.762126E-02	4.669863E-04
9.425626E+03	1.722938E-02	4.690263E-04
9.464899E+03	1.679947E-02	4.694006E-04
9.504173E+03	1.628933E-02	4.668043E-04
9.543446E+03	1.566154E-02	4.599567E-04
9.582720E+03	1.495150E-02	4.496669E-04
9.621993E+03	1.426659E-02	4.390665E-04
9.661267E+03	1.370595E-02	4.313306E-04
9.700540E+03	1.332985E-02	4.286600E-04
9.739813E+03	1.316294E-02	4.322461E-04
9.779087E+03	1.319131E-02	4.420474E-04
9.818360E+03	1.334250E-02	4.559759E-04
9.857634E+03	1.351884E-02	4.708664E-04
9.896907E+03	1.368993E-02	4.856807E-04
9.936181E+03	1.386311E-02	5.006667E-04
9.975454E+03	1.402319E-02	5.152621E-04
1.001473E+04	1.415084E-02	5.287129E-04
1.005400E+04	1.422960E-02	5.403288E-04
1.009327E+04	1.425559E-02	5.498662E-04
1.013255E+04	1.422499E-02	5.570790E-04
