#wls	flux	fluxerr
1.591042E+03	6.269503E-05	4.100912E-06
1.630818E+03	6.624240E-05	4.311367E-06
1.670595E+03	6.967951E-05	4.511875E-06
1.710371E+03	7.295407E-05	4.699099E-06
1.750147E+03	7.601921E-05	4.870127E-06
1.789923E+03	7.871853E-05	5.015141E-06
1.829699E+03	8.084461E-05	5.121324E-06
1.869475E+03	8.211921E-05	5.171725E-06
1.909251E+03	8.235266E-05	5.155381E-06
1.949027E+03	8.131610E-05	5.059221E-06
1.988803E+03	7.910946E-05	4.890908E-06
2.028579E+03	7.625193E-05	4.683758E-06
2.068355E+03	7.369504E-05	4.496675E-06
2.108131E+03	7.283724E-05	4.414096E-06
2.147907E+03	7.490092E-05	4.507489E-06
2.187683E+03	8.063171E-05	4.817649E-06
2.227459E+03	9.005396E-05	5.341154E-06
2.267235E+03	1.025752E-04	6.038060E-06
2.307012E+03	1.173072E-04	6.852046E-06
2.346788E+03	1.333517E-04	7.727729E-06
2.386564E+03	1.499423E-04	8.618883E-06
2.426340E+03	1.663462E-04	9.482596E-06
2.466116E+03	1.820484E-04	1.028967E-05
2.505892E+03	1.967554E-04	1.102437E-05
2.545668E+03	2.100504E-04	1.166470E-05
2.585444E+03	2.218095E-04	1.220570E-05
2.625220E+03	2.317571E-04	1.263448E-05
2.664996E+03	2.399372E-04	1.295602E-05
2.704772E+03	2.462410E-04	1.316715E-05
2.744548E+03	2.508911E-04	1.328253E-05
2.784324E+03	2.540639E-04	1.331403E-05
2.824100E+03	2.559372E-04	1.327327E-05
2.863876E+03	2.569109E-04	1.318293E-05
2.903652E+03	2.572845E-04	1.305976E-05
2.943428E+03	2.573641E-04	1.292023E-05
2.983205E+03	2.575579E-04	1.278518E-05
2.993149E+03	2.576522E-04	1.275350E-05
3.003093E+03	2.577520E-04	1.272200E-05
3.013037E+03	2.579149E-04	1.269353E-05
3.022981E+03	2.581512E-04	1.266855E-05
3.032925E+03	2.584361E-04	1.264583E-05
3.042869E+03	2.587982E-04	1.262675E-05
3.052813E+03	2.592851E-04	1.261358E-05
3.062757E+03	2.598927E-04	1.260608E-05
3.072701E+03	2.606174E-04	1.260403E-05
3.082645E+03	2.613541E-04	1.260231E-05
3.092589E+03	2.622549E-04	1.260823E-05
3.102533E+03	2.632160E-04	1.261674E-05
3.112477E+03	2.643379E-04	1.263262E-05
3.122421E+03	2.654683E-04	1.264855E-05
3.132365E+03	2.667585E-04	1.267172E-05
3.142309E+03	2.681082E-04	1.269730E-05
3.152253E+03	2.696177E-04	1.273001E-05
3.162197E+03	2.711878E-04	1.276512E-05
3.172141E+03	2.728696E-04	1.280500E-05
3.182085E+03	2.746640E-04	1.284964E-05
3.192029E+03	2.765721E-04	1.289905E-05
3.201973E+03	2.785954E-04	1.295325E-05
3.211917E+03	2.807352E-04	1.301226E-05
3.221861E+03	2.829930E-04	1.307610E-05
3.231805E+03	2.854196E-04	1.314706E-05
3.241749E+03	2.879172E-04	1.322057E-05
3.251693E+03	2.905862E-04	1.330122E-05
3.261637E+03	2.933781E-04	1.338671E-05
3.271581E+03	2.962937E-04	1.347702E-05
3.281525E+03	2.993833E-04	1.357440E-05
3.291469E+03	3.025978E-04	1.367655E-05
3.301413E+03	3.059867E-04	1.378566E-05
3.311357E+03	3.095002E-04	1.389941E-05
3.321301E+03	3.131872E-04	1.401993E-05
3.331245E+03	3.169967E-04	1.414491E-05
3.341189E+03	3.209772E-04	1.427643E-05
3.351133E+03	3.251265E-04	1.441434E-05
3.361077E+03	3.294424E-04	1.455846E-05
3.371021E+03	3.338715E-04	1.470639E-05
3.380965E+03	3.385116E-04	1.486238E-05
3.390909E+03	3.432581E-04	1.502175E-05
3.400853E+03	3.482088E-04	1.518875E-05
3.410797E+03	3.533097E-04	1.536095E-05
3.420741E+03	3.585577E-04	1.553815E-05
3.430685E+03	3.639507E-04	1.572022E-05
3.440629E+03	3.695392E-04	1.590926E-05
3.450573E+03	3.752725E-04	1.610305E-05
3.460517E+03	3.812061E-04	1.630388E-05
3.470461E+03	3.872946E-04	1.650977E-05
3.480405E+03	3.936015E-04	1.672335E-05
3.490349E+03	4.001436E-04	1.694526E-05
3.500293E+03	4.069452E-04	1.717643E-05
3.510237E+03	4.139862E-04	1.741593E-05
3.520181E+03	4.214149E-04	1.766989E-05
3.530125E+03	4.292342E-04	1.793827E-05
3.540069E+03	4.375130E-04	1.822382E-05
3.550013E+03	4.463880E-04	1.853203E-05
3.559957E+03	4.558985E-04	1.886429E-05
3.569901E+03	4.661345E-04	1.922409E-05
3.579845E+03	4.772114E-04	1.961589E-05
3.589789E+03	4.891364E-04	2.003967E-05
3.599734E+03	5.018675E-04	2.049339E-05
3.609678E+03	5.153379E-04	2.097403E-05
3.619622E+03	5.294721E-04	2.147827E-05
3.629566E+03	5.441926E-04	2.200274E-05
3.639510E+03	5.594241E-04	2.254421E-05
3.649454E+03	5.751534E-04	2.310197E-05
3.659398E+03	5.912531E-04	2.367078E-05
3.669342E+03	6.077181E-04	2.425032E-05
3.679286E+03	6.244880E-04	2.483808E-05
3.689230E+03	6.414449E-04	2.542930E-05
3.699174E+03	6.586614E-04	2.602680E-05
3.709118E+03	6.760320E-04	2.662637E-05
3.719062E+03	6.935197E-04	2.722653E-05
3.729006E+03	7.110976E-04	2.782620E-05
3.738950E+03	7.288132E-04	2.842726E-05
3.748894E+03	7.466642E-04	2.902957E-05
3.758838E+03	7.645975E-04	2.963107E-05
3.768782E+03	7.827049E-04	3.023530E-05
3.778726E+03	8.010966E-04	3.084648E-05
3.788670E+03	8.197697E-04	3.146443E-05
3.798614E+03	8.388031E-04	3.209210E-05
3.808558E+03	8.583566E-04	3.273548E-05
3.818502E+03	8.784653E-04	3.339575E-05
3.828446E+03	8.992975E-04	3.407914E-05
3.838390E+03	9.209458E-04	3.478890E-05
3.848334E+03	9.435514E-04	3.553012E-05
3.858278E+03	9.670930E-04	3.630168E-05
3.868222E+03	9.915806E-04	3.710368E-05
3.878166E+03	1.017054E-03	3.793730E-05
3.888110E+03	1.043445E-03	3.879973E-05
3.898054E+03	1.070649E-03	3.968680E-05
3.907998E+03	1.098528E-03	4.059321E-05
3.917942E+03	1.126925E-03	4.151294E-05
3.927886E+03	1.155810E-03	4.244483E-05
3.937830E+03	1.184811E-03	4.337512E-05
3.947774E+03	1.214000E-03	4.430648E-05
3.957718E+03	1.243208E-03	4.523271E-05
3.967662E+03	1.272381E-03	4.615198E-05
3.977606E+03	1.301517E-03	4.706420E-05
3.987550E+03	1.330787E-03	4.797568E-05
3.997494E+03	1.360083E-03	4.888251E-05
4.007438E+03	1.389469E-03	4.978707E-05
4.017382E+03	1.418848E-03	5.068592E-05
4.027326E+03	1.448060E-03	5.157342E-05
4.037270E+03	1.476633E-03	5.243294E-05
4.047214E+03	1.504055E-03	5.324659E-05
4.057158E+03	1.529578E-03	5.398847E-05
4.067102E+03	1.552349E-03	5.462917E-05
4.077046E+03	1.571556E-03	5.514113E-05
4.086990E+03	1.586321E-03	5.549481E-05
4.096934E+03	1.596090E-03	5.567232E-05
4.106878E+03	1.600451E-03	5.566089E-05
4.116822E+03	1.599517E-03	5.546612E-05
4.126766E+03	1.593541E-03	5.509836E-05
4.136710E+03	1.583165E-03	5.458125E-05
4.146654E+03	1.569363E-03	5.394966E-05
4.156598E+03	1.553202E-03	5.324111E-05
4.166542E+03	1.536009E-03	5.250164E-05
4.176486E+03	1.519121E-03	5.177709E-05
4.186430E+03	1.503935E-03	5.111482E-05
4.196374E+03	1.491644E-03	5.055478E-05
4.206318E+03	1.483572E-03	5.014083E-05
4.216262E+03	1.480825E-03	4.990911E-05
4.226206E+03	1.484337E-03	4.988945E-05
4.236150E+03	1.494939E-03	5.010802E-05
4.246094E+03	1.513329E-03	5.058621E-05
4.256039E+03	1.539938E-03	5.133634E-05
4.265983E+03	1.574929E-03	5.236170E-05
4.275927E+03	1.618093E-03	5.365317E-05
4.285871E+03	1.668925E-03	5.519201E-05
4.295815E+03	1.726458E-03	5.694449E-05
4.305759E+03	1.789306E-03	5.886343E-05
4.315703E+03	1.855639E-03	6.088757E-05
4.325647E+03	1.923383E-03	6.294838E-05
4.335591E+03	1.990137E-03	6.496734E-05
4.345535E+03	2.053476E-03	6.686595E-05
4.355479E+03	2.111164E-03	6.857259E-05
4.365423E+03	2.161593E-03	7.003680E-05
4.375367E+03	2.204288E-03	7.124510E-05
4.385311E+03	2.240191E-03	7.222990E-05
4.395255E+03	2.271021E-03	7.304822E-05
4.405199E+03	2.299388E-03	7.378507E-05
4.415143E+03	2.328151E-03	7.453274E-05
4.425087E+03	2.360400E-03	7.538989E-05
4.435031E+03	2.399305E-03	7.645692E-05
4.444975E+03	2.448019E-03	7.783278E-05
4.454919E+03	2.509608E-03	7.961281E-05
4.464863E+03	2.587037E-03	8.188835E-05
4.474807E+03	2.683014E-03	8.474189E-05
4.484751E+03	2.799830E-03	8.824220E-05
4.494695E+03	2.939396E-03	9.244558E-05
4.504639E+03	3.102957E-03	9.738713E-05
4.514583E+03	3.290641E-03	1.030667E-04
4.524527E+03	3.501191E-03	1.094412E-04
4.534471E+03	3.731517E-03	1.164103E-04
4.544415E+03	3.976492E-03	1.238116E-04
4.554359E+03	4.228685E-03	1.314120E-04
4.564303E+03	4.478589E-03	1.389161E-04
4.574247E+03	4.715144E-03	1.459825E-04
4.584191E+03	4.926590E-03	1.522507E-04
4.594135E+03	5.101448E-03	1.573711E-04
4.604079E+03	5.229891E-03	1.610477E-04
4.614023E+03	5.304427E-03	1.630579E-04
4.623967E+03	5.320948E-03	1.632844E-04
4.633911E+03	5.279271E-03	1.617305E-04
4.643855E+03	5.182462E-03	1.584990E-04
4.653799E+03	5.036985E-03	1.537953E-04
4.663743E+03	4.852022E-03	1.479061E-04
4.673687E+03	4.638245E-03	1.411617E-04
4.683631E+03	4.407549E-03	1.339270E-04
4.693575E+03	4.171739E-03	1.265622E-04
4.703519E+03	3.942234E-03	1.194133E-04
4.713463E+03	3.729184E-03	1.127858E-04
4.723407E+03	3.541047E-03	1.069324E-04
4.733351E+03	3.384543E-03	1.020519E-04
4.743295E+03	3.264690E-03	9.829062E-05
4.753239E+03	3.184756E-03	9.574162E-05
4.763183E+03	3.146875E-03	9.446343E-05
4.773127E+03	3.151924E-03	9.447660E-05
4.783071E+03	3.199724E-03	9.577003E-05
4.793015E+03	3.288889E-03	9.829669E-05
4.802959E+03	3.416834E-03	1.019740E-04
4.812903E+03	3.579521E-03	1.066767E-04
4.822847E+03	3.771538E-03	1.122393E-04
4.832791E+03	3.986097E-03	1.184564E-04
4.842735E+03	4.215509E-03	1.250970E-04
4.852679E+03	4.451662E-03	1.319190E-04
4.862623E+03	4.686514E-03	1.386833E-04
4.872567E+03	4.912342E-03	1.451621E-04
4.882511E+03	5.122355E-03	1.511559E-04
4.892455E+03	5.310387E-03	1.564850E-04
4.902399E+03	5.471390E-03	1.610035E-04
4.912344E+03	5.601046E-03	1.645877E-04
4.922288E+03	5.696313E-03	1.671522E-04
4.932232E+03	5.755432E-03	1.686495E-04
4.942176E+03	5.777828E-03	1.690672E-04
4.952120E+03	5.764415E-03	1.684364E-04
4.962064E+03	5.717238E-03	1.668212E-04
4.972008E+03	5.639168E-03	1.643092E-04
4.981952E+03	5.534064E-03	1.610165E-04
4.991896E+03	5.406546E-03	1.570806E-04
5.001840E+03	5.261987E-03	1.526603E-04
5.011784E+03	5.106437E-03	1.479328E-04
5.021728E+03	4.946294E-03	1.430847E-04
5.031672E+03	4.788086E-03	1.383050E-04
5.041616E+03	4.638144E-03	1.337763E-04
5.051560E+03	4.502151E-03	1.296610E-04
5.061504E+03	4.384993E-03	1.260980E-04
5.071448E+03	4.290526E-03	1.231956E-04
5.081392E+03	4.221575E-03	1.210317E-04
5.091336E+03	4.179833E-03	1.196517E-04
5.101280E+03	4.165922E-03	1.190696E-04
5.111224E+03	4.179307E-03	1.192664E-04
5.121168E+03	4.218311E-03	1.201907E-04
5.131112E+03	4.280130E-03	1.217592E-04
5.141056E+03	4.361227E-03	1.238682E-04
5.151000E+03	4.457374E-03	1.263952E-04
5.160944E+03	4.564086E-03	1.292109E-04
5.170888E+03	4.676977E-03	1.321897E-04
5.180832E+03	4.792114E-03	1.352198E-04
5.190776E+03	4.906203E-03	1.382077E-04
5.200720E+03	5.016866E-03	1.410868E-04
5.210664E+03	5.122433E-03	1.438102E-04
5.220608E+03	5.222168E-03	1.463582E-04
5.230552E+03	5.315902E-03	1.487266E-04
5.240496E+03	5.404070E-03	1.509283E-04
5.250440E+03	5.487242E-03	1.529800E-04
5.260384E+03	5.566276E-03	1.549061E-04
5.270328E+03	5.641910E-03	1.567276E-04
5.280272E+03	5.714688E-03	1.584601E-04
5.290216E+03	5.784764E-03	1.601082E-04
5.300160E+03	5.852178E-03	1.616733E-04
5.310104E+03	5.916731E-03	1.631502E-04
5.320048E+03	5.978131E-03	1.645313E-04
5.329992E+03	6.036236E-03	1.658132E-04
5.339936E+03	6.091078E-03	1.669971E-04
5.349880E+03	6.142777E-03	1.680868E-04
5.359824E+03	6.191634E-03	1.690910E-04
5.369768E+03	6.237661E-03	1.700105E-04
5.379712E+03	6.280679E-03	1.708408E-04
5.389656E+03	6.320168E-03	1.715683E-04
5.399600E+03	6.355037E-03	1.721640E-04
5.409544E+03	6.384201E-03	1.725993E-04
5.419488E+03	6.406461E-03	1.728429E-04
5.429432E+03	6.421185E-03	1.728789E-04
5.439376E+03	6.428201E-03	1.727040E-04
5.449320E+03	6.428302E-03	1.723408E-04
5.459264E+03	6.422685E-03	1.718226E-04
5.469208E+03	6.412970E-03	1.711937E-04
5.479152E+03	6.400632E-03	1.704941E-04
5.489096E+03	6.386845E-03	1.697555E-04
5.499040E+03	6.372742E-03	1.690080E-04
5.508984E+03	6.359055E-03	1.682710E-04
5.518928E+03	6.346606E-03	1.675662E-04
5.528872E+03	6.335636E-03	1.668996E-04
5.538816E+03	6.326276E-03	1.662744E-04
5.548760E+03	6.318549E-03	1.656908E-04
5.558704E+03	6.311983E-03	1.651361E-04
5.568649E+03	6.305925E-03	1.645931E-04
5.578593E+03	6.299334E-03	1.640344E-04
5.588537E+03	6.290374E-03	1.634126E-04
5.598481E+03	6.276426E-03	1.626601E-04
5.608425E+03	6.253844E-03	1.616836E-04
5.618369E+03	6.218206E-03	1.603707E-04
5.628313E+03	6.164354E-03	1.585910E-04
5.638257E+03	6.087182E-03	1.562173E-04
5.648201E+03	5.982648E-03	1.531504E-04
5.658145E+03	5.848360E-03	1.493348E-04
5.668089E+03	5.684695E-03	1.447860E-04
5.678033E+03	5.494916E-03	1.395927E-04
5.687977E+03	5.285269E-03	1.339187E-04
5.697921E+03	5.064184E-03	1.279811E-04
5.707865E+03	4.841581E-03	1.220327E-04
5.717809E+03	4.627575E-03	1.163281E-04
5.727753E+03	4.431666E-03	1.111042E-04
5.737697E+03	4.261971E-03	1.065605E-04
5.747641E+03	4.124966E-03	1.028534E-04
5.757585E+03	4.025517E-03	1.000973E-04
5.767529E+03	3.966972E-03	9.836774E-05
5.777473E+03	3.951440E-03	9.770841E-05
5.787417E+03	3.979894E-03	9.813442E-05
5.797361E+03	4.052264E-03	9.963491E-05
5.807305E+03	4.167407E-03	1.021726E-04
5.817249E+03	4.322756E-03	1.056755E-04
5.827193E+03	4.514426E-03	1.100405E-04
5.837137E+03	4.736799E-03	1.151232E-04
5.847081E+03	4.982584E-03	1.207401E-04
5.857025E+03	5.242858E-03	1.266705E-04
5.866969E+03	5.507617E-03	1.326704E-04
5.876913E+03	5.766261E-03	1.384840E-04
5.886857E+03	6.008455E-03	1.438652E-04
5.896801E+03	6.224922E-03	1.485961E-04
5.906745E+03	6.408026E-03	1.525006E-04
5.916689E+03	6.552739E-03	1.554668E-04
5.926633E+03	6.656362E-03	1.574394E-04
5.936577E+03	6.719018E-03	1.584304E-04
5.946521E+03	6.742974E-03	1.585022E-04
5.956465E+03	6.732317E-03	1.577594E-04
5.966409E+03	6.692373E-03	1.563341E-04
5.976353E+03	6.629276E-03	1.543758E-04
5.986297E+03	6.549162E-03	1.520322E-04
5.996241E+03	6.458093E-03	1.494475E-04
6.006185E+03	6.361631E-03	1.467527E-04
6.016129E+03	6.264784E-03	1.440642E-04
6.026073E+03	6.171790E-03	1.414794E-04
6.036017E+03	6.086390E-03	1.390832E-04
6.045961E+03	6.011538E-03	1.369415E-04
6.055905E+03	5.949596E-03	1.351057E-04
6.065849E+03	5.902156E-03	1.336093E-04
6.075793E+03	5.870239E-03	1.324725E-04
6.085737E+03	5.854203E-03	1.317002E-04
6.095681E+03	5.853632E-03	1.312801E-04
6.105625E+03	5.867634E-03	1.311892E-04
6.115569E+03	5.894700E-03	1.313913E-04
6.125513E+03	5.932844E-03	1.318398E-04
6.135457E+03	5.979924E-03	1.324854E-04
6.145401E+03	6.033628E-03	1.332757E-04
6.155345E+03	6.091525E-03	1.341563E-04
6.165289E+03	6.151115E-03	1.350720E-04
6.175233E+03	6.210032E-03	1.359710E-04
6.185177E+03	6.265650E-03	1.367969E-04
6.195121E+03	6.315536E-03	1.374976E-04
6.205065E+03	6.356993E-03	1.380164E-04
6.215009E+03	6.387509E-03	1.383007E-04
6.224954E+03	6.404687E-03	1.383014E-04
6.234898E+03	6.406535E-03	1.379783E-04
6.244842E+03	6.391173E-03	1.372941E-04
6.254786E+03	6.357278E-03	1.362235E-04
6.264730E+03	6.304152E-03	1.347550E-04
6.274674E+03	6.231429E-03	1.328839E-04
6.284618E+03	6.139511E-03	1.306217E-04
6.294562E+03	6.029684E-03	1.279987E-04
6.304506E+03	5.904109E-03	1.250630E-04
6.314450E+03	5.766472E-03	1.218944E-04
6.324394E+03	5.621726E-03	1.185985E-04
6.334338E+03	5.476721E-03	1.153201E-04
6.344282E+03	5.340097E-03	1.122402E-04
6.354226E+03	5.221823E-03	1.095667E-04
6.364170E+03	5.133306E-03	1.075362E-04
6.374114E+03	5.086701E-03	1.063996E-04
6.384058E+03	5.094522E-03	1.064143E-04
6.394002E+03	5.169163E-03	1.078347E-04
6.403946E+03	5.322837E-03	1.109105E-04
6.413890E+03	5.567049E-03	1.158772E-04
6.423834E+03	5.912545E-03	1.229542E-04
6.433778E+03	6.368587E-03	1.323314E-04
6.443722E+03	6.942588E-03	1.441611E-04
6.453666E+03	7.640442E-03	1.585657E-04
6.463610E+03	8.466616E-03	1.756401E-04
6.473554E+03	9.424530E-03	1.954594E-04
6.483498E+03	1.051618E-02	2.180714E-04
6.493442E+03	1.173500E-02	2.433478E-04
6.503386E+03	1.304811E-02	2.706163E-04
6.513330E+03	1.438525E-02	2.984303E-04
6.523274E+03	1.565099E-02	3.248196E-04
6.533218E+03	1.674590E-02	3.477269E-04
6.543162E+03	1.758758E-02	3.654413E-04
6.553106E+03	1.812534E-02	3.769043E-04
6.563050E+03	1.834527E-02	3.818140E-04
6.572994E+03	1.826599E-02	3.805418E-04
6.582938E+03	1.792918E-02	3.739358E-04
6.592882E+03	1.738903E-02	3.631070E-04
6.602826E+03	1.670150E-02	3.492054E-04
6.612770E+03	1.591843E-02	3.332985E-04
6.622714E+03	1.508391E-02	3.162969E-04
6.632658E+03	1.423324E-02	2.989309E-04
6.642602E+03	1.339322E-02	2.817571E-04
6.652546E+03	1.258309E-02	2.651767E-04
6.662490E+03	1.181625E-02	2.494708E-04
6.672434E+03	1.110109E-02	2.348167E-04
6.682378E+03	1.044221E-02	2.213146E-04
6.692322E+03	9.841452E-03	2.090063E-04
6.702266E+03	9.298418E-03	1.978879E-04
6.712210E+03	8.811441E-03	1.879285E-04
6.722154E+03	8.377517E-03	1.790692E-04
6.732098E+03	7.993101E-03	1.712392E-04
6.742042E+03	7.654087E-03	1.643558E-04
6.751986E+03	7.356207E-03	1.583322E-04
6.761930E+03	7.095039E-03	1.530777E-04
6.771874E+03	6.866780E-03	1.485147E-04
6.781818E+03	6.667445E-03	1.445608E-04
6.791762E+03	6.493842E-03	1.411504E-04
6.801706E+03	6.343044E-03	1.382231E-04
6.811650E+03	6.212415E-03	1.357243E-04
6.821594E+03	6.100014E-03	1.336144E-04
6.831538E+03	6.003955E-03	1.318545E-04
6.841482E+03	5.922912E-03	1.304176E-04
6.851426E+03	5.855533E-03	1.292761E-04
6.861370E+03	5.800612E-03	1.284053E-04
6.871314E+03	5.757145E-03	1.277848E-04
6.881259E+03	5.724095E-03	1.273932E-04
6.891203E+03	5.700379E-03	1.272079E-04
6.901147E+03	5.685064E-03	1.272095E-04
6.911091E+03	5.677081E-03	1.273751E-04
6.921035E+03	5.675450E-03	1.276840E-04
6.930979E+03	5.679257E-03	1.281163E-04
6.940923E+03	5.687479E-03	1.286498E-04
6.950867E+03	5.699093E-03	1.292618E-04
6.960811E+03	5.713327E-03	1.299352E-04
6.970755E+03	5.729165E-03	1.306472E-04
6.980699E+03	5.745873E-03	1.313810E-04
6.990643E+03	5.762755E-03	1.321207E-04
7.000587E+03	5.779186E-03	1.328518E-04
7.010531E+03	5.794773E-03	1.335649E-04
7.020475E+03	5.809363E-03	1.342563E-04
7.030419E+03	5.822856E-03	1.349233E-04
7.040363E+03	5.835370E-03	1.355683E-04
7.050307E+03	5.847173E-03	1.361971E-04
7.060251E+03	5.858572E-03	1.368168E-04
7.070195E+03	5.870173E-03	1.374413E-04
7.080139E+03	5.882343E-03	1.380792E-04
7.090083E+03	5.895709E-03	1.387451E-04
7.100027E+03	5.910737E-03	1.394503E-04
7.109971E+03	5.927954E-03	1.402073E-04
7.119915E+03	5.947884E-03	1.410290E-04
7.129859E+03	5.970806E-03	1.419222E-04
7.139803E+03	5.996932E-03	1.428926E-04
7.149747E+03	6.026309E-03	1.439417E-04
7.159691E+03	6.058800E-03	1.450667E-04
7.169635E+03	6.094011E-03	1.462587E-04
7.179579E+03	6.131606E-03	1.475100E-04
7.189523E+03	6.170692E-03	1.487993E-04
7.199467E+03	6.210631E-03	1.501115E-04
7.209411E+03	6.250500E-03	1.514242E-04
7.219355E+03	6.289100E-03	1.527084E-04
7.229299E+03	6.325458E-03	1.539401E-04
7.239243E+03	6.358275E-03	1.550872E-04
7.249187E+03	6.386294E-03	1.561183E-04
7.259131E+03	6.408183E-03	1.570002E-04
7.269075E+03	6.422823E-03	1.577043E-04
7.279019E+03	6.429044E-03	1.582007E-04
7.288963E+03	6.425997E-03	1.584671E-04
7.298907E+03	6.412875E-03	1.584822E-04
7.308851E+03	6.389189E-03	1.582324E-04
7.318795E+03	6.354693E-03	1.577101E-04
7.328739E+03	6.309317E-03	1.569117E-04
7.338683E+03	6.253408E-03	1.558446E-04
7.348627E+03	6.187299E-03	1.545154E-04
7.358571E+03	6.111884E-03	1.529451E-04
7.368515E+03	6.027936E-03	1.511519E-04
7.378459E+03	5.936667E-03	1.491650E-04
7.388403E+03	5.839310E-03	1.470145E-04
7.398347E+03	5.737257E-03	1.447348E-04
7.408291E+03	5.632140E-03	1.423667E-04
7.418235E+03	5.525766E-03	1.399555E-04
7.428179E+03	5.419795E-03	1.375433E-04
7.438123E+03	5.316099E-03	1.351781E-04
7.448067E+03	5.216402E-03	1.329041E-04
7.458011E+03	5.122344E-03	1.307641E-04
7.467955E+03	5.035257E-03	1.287931E-04
7.477899E+03	4.956192E-03	1.270192E-04
7.487843E+03	4.886043E-03	1.254666E-04
7.497787E+03	4.825221E-03	1.241476E-04
7.507731E+03	4.774033E-03	1.230714E-04
7.517675E+03	4.732544E-03	1.222414E-04
7.527620E+03	4.700716E-03	1.216581E-04
7.537564E+03	4.678585E-03	1.213242E-04
7.547508E+03	4.665966E-03	1.212365E-04
7.557452E+03	4.662713E-03	1.213927E-04
7.567396E+03	4.668646E-03	1.217898E-04
7.577340E+03	4.683669E-03	1.224270E-04
7.587284E+03	4.707327E-03	1.232938E-04
7.597228E+03	4.739328E-03	1.243843E-04
7.607172E+03	4.779077E-03	1.256844E-04
7.617116E+03	4.826000E-03	1.271803E-04
7.627060E+03	4.879300E-03	1.288526E-04
7.637004E+03	4.938214E-03	1.306823E-04
7.646948E+03	5.001832E-03	1.326466E-04
7.656892E+03	5.069153E-03	1.347201E-04
7.666836E+03	5.139085E-03	1.368746E-04
7.676780E+03	5.210500E-03	1.390808E-04
7.686724E+03	5.281980E-03	1.413015E-04
7.696668E+03	5.352021E-03	1.434969E-04
7.706612E+03	5.419031E-03	1.456242E-04
7.716556E+03	5.481169E-03	1.476338E-04
7.726500E+03	5.536437E-03	1.494713E-04
7.736444E+03	5.583116E-03	1.510893E-04
7.746388E+03	5.619370E-03	1.524367E-04
7.756332E+03	5.644010E-03	1.534795E-04
7.766276E+03	5.656327E-03	1.541966E-04
7.776220E+03	5.656306E-03	1.545852E-04
7.786164E+03	5.644693E-03	1.546635E-04
7.796108E+03	5.622696E-03	1.544626E-04
7.806052E+03	5.592073E-03	1.540287E-04
7.815996E+03	5.554982E-03	1.534198E-04
7.825940E+03	5.513521E-03	1.526925E-04
7.835884E+03	5.469846E-03	1.519060E-04
7.845828E+03	5.426090E-03	1.511190E-04
7.855772E+03	5.383783E-03	1.503744E-04
7.865716E+03	5.344267E-03	1.497102E-04
7.875660E+03	5.308690E-03	1.491594E-04
7.885604E+03	5.277534E-03	1.487365E-04
7.895548E+03	5.250891E-03	1.484454E-04
7.905492E+03	5.228706E-03	1.482859E-04
7.915436E+03	5.210300E-03	1.482399E-04
7.925380E+03	5.194755E-03	1.482825E-04
7.935324E+03	5.181010E-03	1.483840E-04
7.945268E+03	5.167734E-03	1.485071E-04
7.955212E+03	5.153753E-03	1.486180E-04
7.965156E+03	5.137802E-03	1.486800E-04
7.975100E+03	5.118881E-03	1.486631E-04
7.985044E+03	5.095886E-03	1.485340E-04
7.994988E+03	5.067670E-03	1.482574E-04
8.004932E+03	5.032767E-03	1.477884E-04
8.014876E+03	4.989579E-03	1.470773E-04
8.024820E+03	4.936876E-03	1.460843E-04
8.034764E+03	4.874148E-03	1.447908E-04
8.044708E+03	4.801616E-03	1.431992E-04
8.054652E+03	4.720752E-03	1.413497E-04
8.064596E+03	4.633350E-03	1.392926E-04
8.074540E+03	4.542057E-03	1.371047E-04
8.084484E+03	4.449748E-03	1.348713E-04
8.094428E+03	4.358924E-03	1.326672E-04
8.104372E+03	4.271875E-03	1.305627E-04
8.114316E+03	4.190110E-03	1.286048E-04
8.124260E+03	4.114615E-03	1.268253E-04
8.134204E+03	4.045329E-03	1.252245E-04
8.144148E+03	3.981959E-03	1.237951E-04
8.154092E+03	3.923716E-03	1.225146E-04
8.164036E+03	3.869513E-03	1.213504E-04
8.173980E+03	3.818497E-03	1.202771E-04
8.183925E+03	3.769657E-03	1.192636E-04
8.193869E+03	3.722421E-03	1.182922E-04
8.203813E+03	3.676196E-03	1.173446E-04
8.213757E+03	3.630892E-03	1.164178E-04
8.223701E+03	3.586447E-03	1.155101E-04
8.233645E+03	3.543180E-03	1.146317E-04
8.243589E+03	3.501698E-03	1.138027E-04
8.253533E+03	3.462678E-03	1.130458E-04
8.263477E+03	3.427041E-03	1.123919E-04
8.273421E+03	3.395647E-03	1.118707E-04
8.283365E+03	3.369418E-03	1.115144E-04
8.293309E+03	3.349237E-03	1.113545E-04
8.303253E+03	3.335931E-03	1.114212E-04
8.313197E+03	3.330258E-03	1.117430E-04
8.323141E+03	3.332900E-03	1.123462E-04
8.333085E+03	3.344405E-03	1.132532E-04
8.343029E+03	3.365299E-03	1.144859E-04
8.352973E+03	3.396140E-03	1.160677E-04
8.362917E+03	3.437141E-03	1.180106E-04
8.372861E+03	3.488732E-03	1.203342E-04
8.382805E+03	3.551128E-03	1.230510E-04
8.392749E+03	3.624509E-03	1.261725E-04
8.402693E+03	3.709211E-03	1.297157E-04
8.412637E+03	3.805360E-03	1.336905E-04
8.422581E+03	3.913033E-03	1.381053E-04
8.432525E+03	4.032357E-03	1.429702E-04
8.442469E+03	4.163215E-03	1.482868E-04
8.452413E+03	4.305465E-03	1.540557E-04
8.462357E+03	4.458627E-03	1.602655E-04
8.472301E+03	4.622070E-03	1.668988E-04
8.482245E+03	4.794994E-03	1.739316E-04
8.492189E+03	4.976130E-03	1.813226E-04
8.502133E+03	5.164203E-03	1.890293E-04
8.512077E+03	5.357641E-03	1.969974E-04
8.522021E+03	5.554679E-03	2.051644E-04
8.531965E+03	5.753262E-03	2.134560E-04
8.541909E+03	5.951326E-03	2.217961E-04
8.551853E+03	6.146445E-03	2.300936E-04
8.561797E+03	6.336103E-03	2.382526E-04
8.571741E+03	6.517655E-03	2.461703E-04
8.581685E+03	6.688456E-03	2.537423E-04
8.591629E+03	6.845535E-03	2.608501E-04
8.601573E+03	6.986439E-03	2.673928E-04
8.611517E+03	7.108473E-03	2.732585E-04
8.621461E+03	7.209598E-03	2.783590E-04
8.631405E+03	7.287939E-03	2.826109E-04
8.641349E+03	7.342235E-03	2.859534E-04
8.651293E+03	7.371871E-03	2.883504E-04
8.661237E+03	7.376527E-03	2.897765E-04
8.671181E+03	7.356553E-03	2.902328E-04
8.681125E+03	7.312770E-03	2.897393E-04
8.691069E+03	7.246453E-03	2.883346E-04
8.701013E+03	7.159121E-03	2.860677E-04
8.710957E+03	7.052706E-03	2.830056E-04
8.720901E+03	6.929474E-03	2.792297E-04
8.730845E+03	6.791599E-03	2.748194E-04
8.740789E+03	6.641426E-03	2.698625E-04
8.750733E+03	6.481206E-03	2.644445E-04
8.760677E+03	6.313337E-03	2.586587E-04
8.770621E+03	6.139905E-03	2.525868E-04
8.780565E+03	5.962954E-03	2.463105E-04
8.790509E+03	5.784272E-03	2.399021E-04
8.800453E+03	5.605661E-03	2.334359E-04
8.810397E+03	5.428624E-03	2.269746E-04
8.820341E+03	5.254368E-03	2.205698E-04
8.830285E+03	5.084191E-03	2.142776E-04
8.840230E+03	4.918841E-03	2.081317E-04
8.850174E+03	4.759158E-03	2.021704E-04
8.860118E+03	4.605830E-03	1.964256E-04
8.870062E+03	4.459308E-03	1.909202E-04
8.880006E+03	4.319869E-03	1.856693E-04
8.889950E+03	4.187761E-03	1.806873E-04
8.899894E+03	4.063291E-03	1.759913E-04
8.909838E+03	3.946465E-03	1.715852E-04
8.919782E+03	3.837291E-03	1.674733E-04
8.929726E+03	3.735717E-03	1.636572E-04
8.939670E+03	3.641637E-03	1.601361E-04
8.949614E+03	3.554961E-03	1.569096E-04
8.989390E+03	3.277464E-03	1.468087E-04
9.029166E+03	3.097184E-03	1.407457E-04
9.068942E+03	2.994172E-03	1.379924E-04
9.108718E+03	2.946080E-03	1.376544E-04
9.148494E+03	2.936488E-03	1.390588E-04
9.188270E+03	2.953171E-03	1.416913E-04
9.228046E+03	2.987397E-03	1.451754E-04
9.267822E+03	3.033257E-03	1.492512E-04
9.307598E+03	3.086050E-03	1.537040E-04
9.347374E+03	3.141938E-03	1.583511E-04
9.387150E+03	3.197878E-03	1.630408E-04
9.426926E+03	3.251512E-03	1.676499E-04
9.466702E+03	3.300808E-03	1.720666E-04
9.506479E+03	3.344219E-03	1.762004E-04
9.546255E+03	3.380226E-03	1.799592E-04
9.586031E+03	3.407667E-03	1.832670E-04
9.625807E+03	3.425570E-03	1.860563E-04
9.665583E+03	3.432972E-03	1.882582E-04
9.705359E+03	3.429195E-03	1.898186E-04
9.745135E+03	3.413898E-03	1.907012E-04
9.784911E+03	3.386626E-03	1.908631E-04
9.824687E+03	3.347511E-03	1.902949E-04
9.864463E+03	3.296810E-03	1.889950E-04
9.904239E+03	3.235310E-03	1.869937E-04
9.944015E+03	3.163790E-03	1.843228E-04
9.983791E+03	3.083496E-03	1.810436E-04
1.002357E+04	2.995661E-03	1.772195E-04
1.006334E+04	2.901754E-03	1.729303E-04
1.010312E+04	2.803301E-03	1.682624E-04
1.014290E+04	2.701712E-03	1.632978E-04
1.018267E+04	2.598324E-03	1.581167E-04
1.022245E+04	2.494366E-03	1.527951E-04
1.026222E+04	2.390925E-03	1.474019E-04
