#wls	flux	fluxerr
1.591533E+03	5.209402E-05	3.051833E-06
1.631321E+03	5.325888E-05	3.107227E-06
1.671110E+03	5.451303E-05	3.166930E-06
1.710898E+03	5.579260E-05	3.227154E-06
1.750686E+03	5.714544E-05	3.290608E-06
1.790475E+03	5.855196E-05	3.356080E-06
1.830263E+03	6.001517E-05	3.423667E-06
1.870051E+03	6.156248E-05	3.494847E-06
1.909840E+03	6.317391E-05	3.568384E-06
1.949628E+03	6.485304E-05	3.644388E-06
1.989416E+03	6.662949E-05	3.724415E-06
2.029205E+03	6.850890E-05	3.808651E-06
2.068993E+03	7.044384E-05	3.894334E-06
2.108781E+03	7.249211E-05	3.984544E-06
2.148570E+03	7.466050E-05	4.079493E-06
2.188358E+03	7.689936E-05	4.176315E-06
2.228146E+03	7.930026E-05	4.279828E-06
2.267935E+03	8.178403E-05	4.385562E-06
2.307723E+03	8.441652E-05	4.496877E-06
2.347511E+03	8.720734E-05	4.614059E-06
2.387300E+03	9.013476E-05	4.735725E-06
2.427088E+03	9.320752E-05	4.862107E-06
2.466876E+03	9.646861E-05	4.995189E-06
2.506665E+03	9.989636E-05	5.133559E-06
2.546453E+03	1.035017E-04	5.277492E-06
2.586241E+03	1.073329E-04	5.429133E-06
2.626030E+03	1.114061E-04	5.588907E-06
2.665818E+03	1.157001E-04	5.755365E-06
2.705606E+03	1.202302E-04	5.928880E-06
2.745395E+03	1.250544E-04	6.111855E-06
2.785183E+03	1.301947E-04	6.304855E-06
2.824971E+03	1.356317E-04	6.506407E-06
2.864759E+03	1.413880E-04	6.717038E-06
2.904548E+03	1.475341E-04	6.939492E-06
2.944336E+03	1.540537E-04	7.172306E-06
2.984124E+03	1.610260E-04	7.418445E-06
2.994072E+03	1.628363E-04	7.481805E-06
3.004019E+03	1.646746E-04	7.545922E-06
3.013966E+03	1.665414E-04	7.610806E-06
3.023913E+03	1.684374E-04	7.676471E-06
3.033860E+03	1.703631E-04	7.742930E-06
3.043807E+03	1.723190E-04	7.810196E-06
3.053754E+03	1.743059E-04	7.878283E-06
3.063701E+03	1.763243E-04	7.947203E-06
3.073648E+03	1.784287E-04	8.019389E-06
3.083595E+03	1.805127E-04	8.090040E-06
3.093542E+03	1.826301E-04	8.161568E-06
3.103489E+03	1.848372E-04	8.236455E-06
3.113437E+03	1.870244E-04	8.309805E-06
3.123384E+03	1.892473E-04	8.384081E-06
3.133331E+03	1.915634E-04	8.461810E-06
3.143278E+03	1.938605E-04	8.538005E-06
3.153225E+03	1.962535E-04	8.617722E-06
3.163172E+03	1.986280E-04	8.695905E-06
3.173119E+03	2.011012E-04	8.777681E-06
3.183066E+03	2.035563E-04	8.857924E-06
3.193013E+03	2.061132E-04	8.941833E-06
3.202960E+03	2.086526E-04	9.024216E-06
3.212907E+03	2.112966E-04	9.110333E-06
3.222854E+03	2.139861E-04	9.197598E-06
3.232801E+03	2.167219E-04	9.286029E-06
3.242749E+03	2.194417E-04	9.372941E-06
3.252696E+03	2.222725E-04	9.463748E-06
3.262643E+03	2.251529E-04	9.555788E-06
3.272590E+03	2.280837E-04	9.649078E-06
3.282537E+03	2.310662E-04	9.743646E-06
3.292484E+03	2.340347E-04	9.836709E-06
3.302431E+03	2.371231E-04	9.933875E-06
3.312378E+03	2.402665E-04	1.003239E-05
3.322325E+03	2.434663E-04	1.013227E-05
3.332272E+03	2.467235E-04	1.023354E-05
3.342219E+03	2.500394E-04	1.033623E-05
3.352166E+03	2.534152E-04	1.044036E-05
3.362114E+03	2.568522E-04	1.054595E-05
3.372061E+03	2.603516E-04	1.065303E-05
3.382008E+03	2.639884E-04	1.076461E-05
3.391955E+03	2.676174E-04	1.087475E-05
3.401902E+03	2.713128E-04	1.098644E-05
3.411849E+03	2.750758E-04	1.109970E-05
3.421796E+03	2.789077E-04	1.121455E-05
3.431743E+03	2.828873E-04	1.133413E-05
3.441690E+03	2.868613E-04	1.145223E-05
3.451637E+03	2.909077E-04	1.157196E-05
3.461584E+03	2.951078E-04	1.169652E-05
3.471531E+03	2.993027E-04	1.181955E-05
3.481479E+03	3.035727E-04	1.194421E-05
3.491426E+03	3.080019E-04	1.207377E-05
3.501373E+03	3.124251E-04	1.220170E-05
3.511320E+03	3.170108E-04	1.233455E-05
3.521267E+03	3.215894E-04	1.246569E-05
3.531214E+03	3.263334E-04	1.260177E-05
3.541161E+03	3.310692E-04	1.273604E-05
3.551108E+03	3.359730E-04	1.287524E-05
3.561055E+03	3.409575E-04	1.301598E-05
3.571002E+03	3.459311E-04	1.315473E-05
3.580949E+03	3.510764E-04	1.329841E-05
3.590896E+03	3.563026E-04	1.344351E-05
3.600844E+03	3.615145E-04	1.358642E-05
3.610791E+03	3.669011E-04	1.373423E-05
3.620738E+03	3.723681E-04	1.388332E-05
3.630685E+03	3.779152E-04	1.403366E-05
3.640632E+03	3.834420E-04	1.418149E-05
3.650579E+03	3.891467E-04	1.433412E-05
3.660526E+03	3.949300E-04	1.448783E-05
3.670473E+03	4.007912E-04	1.464256E-05
3.680420E+03	4.067293E-04	1.479823E-05
3.690367E+03	4.127437E-04	1.495479E-05
3.700314E+03	4.188332E-04	1.511216E-05
3.710261E+03	4.249969E-04	1.527027E-05
3.720208E+03	4.312333E-04	1.542903E-05
3.730156E+03	4.375414E-04	1.558839E-05
3.740103E+03	4.439196E-04	1.574824E-05
3.750050E+03	4.503664E-04	1.590850E-05
3.759997E+03	4.568801E-04	1.606910E-05
3.769944E+03	4.634589E-04	1.622992E-05
3.779891E+03	4.701010E-04	1.639089E-05
3.789838E+03	4.768042E-04	1.655190E-05
3.799785E+03	4.836875E-04	1.671704E-05
3.809732E+03	4.905079E-04	1.687787E-05
3.819679E+03	4.973825E-04	1.703842E-05
3.829626E+03	5.043090E-04	1.719861E-05
3.839573E+03	5.112846E-04	1.735832E-05
3.849521E+03	5.184346E-04	1.752176E-05
3.859468E+03	5.255013E-04	1.768019E-05
3.869415E+03	5.326085E-04	1.783780E-05
3.879362E+03	5.398851E-04	1.799888E-05
3.889309E+03	5.470645E-04	1.815450E-05
3.899256E+03	5.542746E-04	1.830894E-05
3.909203E+03	5.616485E-04	1.846658E-05
3.919150E+03	5.689107E-04	1.861833E-05
3.929097E+03	5.761929E-04	1.876854E-05
3.939044E+03	5.836326E-04	1.892167E-05
3.948991E+03	5.909446E-04	1.906845E-05
3.958938E+03	5.984099E-04	1.921798E-05
3.968886E+03	6.057377E-04	1.936090E-05
3.978833E+03	6.132135E-04	1.950637E-05
3.988780E+03	6.205427E-04	1.964501E-05
3.998727E+03	6.280156E-04	1.978604E-05
4.008674E+03	6.353327E-04	1.992002E-05
4.018621E+03	6.427906E-04	2.005630E-05
4.028568E+03	6.500857E-04	2.018539E-05
4.038515E+03	6.575205E-04	2.031673E-05
4.048462E+03	6.647869E-04	2.044080E-05
4.058409E+03	6.721961E-04	2.056722E-05
4.068356E+03	6.795927E-04	2.069121E-05
4.078303E+03	6.868193E-04	2.080802E-05
4.088251E+03	6.941977E-04	2.092745E-05
4.098198E+03	7.015715E-04	2.104476E-05
4.108145E+03	7.087819E-04	2.115523E-05
4.118092E+03	7.161602E-04	2.126880E-05
4.128039E+03	7.233843E-04	2.137590E-05
4.137986E+03	7.307933E-04	2.148657E-05
4.147933E+03	7.382296E-04	2.159617E-05
4.157880E+03	7.457028E-04	2.170498E-05
4.167827E+03	7.530510E-04	2.180831E-05
4.177774E+03	7.606279E-04	2.191645E-05
4.187721E+03	7.682737E-04	2.202473E-05
4.197668E+03	7.758246E-04	2.212849E-05
4.207615E+03	7.836417E-04	2.223803E-05
4.217563E+03	7.915616E-04	2.234867E-05
4.227510E+03	7.995943E-04	2.246066E-05
4.237457E+03	8.075678E-04	2.256919E-05
4.247404E+03	8.158504E-04	2.268455E-05
4.257351E+03	8.242676E-04	2.280182E-05
4.267298E+03	8.328240E-04	2.292110E-05
4.277245E+03	8.413340E-04	2.303729E-05
4.287192E+03	8.501702E-04	2.316059E-05
4.297139E+03	8.591439E-04	2.328580E-05
4.307086E+03	8.682523E-04	2.341281E-05
4.317033E+03	8.774890E-04	2.354145E-05
4.326980E+03	8.866522E-04	2.366632E-05
4.336928E+03	8.961223E-04	2.379759E-05
4.346875E+03	9.056980E-04	2.392987E-05
4.356822E+03	9.153713E-04	2.406295E-05
4.366769E+03	9.249360E-04	2.419144E-05
4.376716E+03	9.347886E-04	2.432575E-05
4.386663E+03	9.447287E-04	2.446063E-05
4.396610E+03	9.547558E-04	2.459609E-05
4.406557E+03	9.648734E-04	2.473223E-05
4.416504E+03	9.748752E-04	2.486380E-05
4.426451E+03	9.851829E-04	2.500162E-05
4.436398E+03	9.955924E-04	2.514046E-05
4.446345E+03	1.006108E-03	2.528045E-05
4.456293E+03	1.016516E-03	2.541628E-05
4.466240E+03	1.027251E-03	2.555883E-05
4.476187E+03	1.038098E-03	2.570275E-05
4.486134E+03	1.049057E-03	2.584797E-05
4.496081E+03	1.059902E-03	2.598895E-05
4.506028E+03	1.071075E-03	2.613650E-05
4.515975E+03	1.082346E-03	2.628496E-05
4.525922E+03	1.093709E-03	2.643412E-05
4.535869E+03	1.104921E-03	2.657815E-05
4.545816E+03	1.116432E-03	2.672784E-05
4.555763E+03	1.127998E-03	2.687732E-05
4.565710E+03	1.139368E-03	2.702057E-05
4.575658E+03	1.150996E-03	2.716841E-05
4.585605E+03	1.162630E-03	2.731483E-05
4.595552E+03	1.174011E-03	2.745374E-05
4.605499E+03	1.185601E-03	2.759602E-05
4.615446E+03	1.197141E-03	2.773558E-05
4.625393E+03	1.208366E-03	2.786630E-05
4.635340E+03	1.219750E-03	2.799918E-05
4.645287E+03	1.231029E-03	2.812811E-05
4.655234E+03	1.241930E-03	2.824693E-05
4.665181E+03	1.252939E-03	2.836674E-05
4.675128E+03	1.263530E-03	2.847564E-05
4.685075E+03	1.274195E-03	2.858479E-05
4.695022E+03	1.284400E-03	2.868220E-05
4.704970E+03	1.294640E-03	2.877905E-05
4.714917E+03	1.304374E-03	2.886332E-05
4.724864E+03	1.314102E-03	2.894618E-05
4.734811E+03	1.323277E-03	2.901558E-05
4.744758E+03	1.332403E-03	2.908270E-05
4.754705E+03	1.340926E-03	2.913549E-05
4.764652E+03	1.349088E-03	2.917936E-05
4.774599E+03	1.357137E-03	2.921973E-05
4.784546E+03	1.364514E-03	2.924460E-05
4.794493E+03	1.371466E-03	2.925946E-05
4.804440E+03	1.378246E-03	2.926976E-05
4.814387E+03	1.384290E-03	2.926362E-05
4.824335E+03	1.389852E-03	2.924658E-05
4.834282E+03	1.395191E-03	2.922415E-05
4.844229E+03	1.399745E-03	2.918468E-05
4.854176E+03	1.403775E-03	2.913379E-05
4.864123E+03	1.407273E-03	2.907145E-05
4.874070E+03	1.410237E-03	2.899772E-05
4.884017E+03	1.412668E-03	2.891276E-05
4.893964E+03	1.414571E-03	2.881683E-05
4.903911E+03	1.415958E-03	2.871027E-05
4.913858E+03	1.416845E-03	2.859355E-05
4.923805E+03	1.417251E-03	2.846717E-05
4.933752E+03	1.417202E-03	2.833176E-05
4.943700E+03	1.416725E-03	2.818796E-05
4.953647E+03	1.415850E-03	2.803648E-05
4.963594E+03	1.414607E-03	2.787801E-05
4.973541E+03	1.413031E-03	2.771332E-05
4.983488E+03	1.411155E-03	2.754313E-05
4.993435E+03	1.409013E-03	2.736819E-05
5.003382E+03	1.406374E-03	2.718407E-05
5.013329E+03	1.403807E-03	2.700184E-05
5.023276E+03	1.401077E-03	2.681702E-05
5.033223E+03	1.398219E-03	2.663026E-05
5.043170E+03	1.395005E-03	2.643729E-05
5.053117E+03	1.391995E-03	2.624876E-05
5.063064E+03	1.388698E-03	2.605541E-05
5.073012E+03	1.385670E-03	2.586767E-05
5.082959E+03	1.382421E-03	2.567637E-05
5.092906E+03	1.379500E-03	2.549171E-05
5.102853E+03	1.376415E-03	2.530457E-05
5.112800E+03	1.373706E-03	2.512485E-05
5.122747E+03	1.370879E-03	2.494347E-05
5.132694E+03	1.368205E-03	2.476536E-05
5.142641E+03	1.365696E-03	2.459070E-05
5.152588E+03	1.363611E-03	2.442410E-05
5.162535E+03	1.361449E-03	2.425650E-05
5.172482E+03	1.359462E-03	2.409239E-05
5.182429E+03	1.357647E-03	2.393170E-05
5.192377E+03	1.355998E-03	2.377427E-05
5.202324E+03	1.354507E-03	2.361993E-05
5.212271E+03	1.353163E-03	2.346845E-05
5.222218E+03	1.351953E-03	2.331957E-05
5.232165E+03	1.350864E-03	2.317304E-05
5.242112E+03	1.349879E-03	2.302857E-05
5.252059E+03	1.348982E-03	2.288586E-05
5.262006E+03	1.347908E-03	2.274043E-05
5.271953E+03	1.347130E-03	2.260029E-05
5.281900E+03	1.346382E-03	2.246094E-05
5.291847E+03	1.345401E-03	2.231802E-05
5.301794E+03	1.344655E-03	2.217933E-05
5.311742E+03	1.343637E-03	2.203654E-05
5.321689E+03	1.342816E-03	2.189736E-05
5.331636E+03	1.341690E-03	2.175364E-05
5.341583E+03	1.340727E-03	2.161303E-05
5.351530E+03	1.339429E-03	2.146753E-05
5.361477E+03	1.338024E-03	2.132090E-05
5.371424E+03	1.336499E-03	2.117297E-05
5.381371E+03	1.335079E-03	2.102735E-05
5.391318E+03	1.333273E-03	2.087636E-05
5.401265E+03	1.331304E-03	2.072362E-05
5.411212E+03	1.329159E-03	2.056898E-05
5.421159E+03	1.326822E-03	2.041227E-05
5.431107E+03	1.324275E-03	2.025332E-05
5.441054E+03	1.321499E-03	2.009191E-05
5.451001E+03	1.318241E-03	1.992430E-05
5.460948E+03	1.314942E-03	1.975730E-05
5.470895E+03	1.311341E-03	1.958704E-05
5.480842E+03	1.307409E-03	1.941319E-05
5.490789E+03	1.302887E-03	1.923203E-05
5.500736E+03	1.298206E-03	1.904997E-05
5.510683E+03	1.292884E-03	1.886001E-05
5.520630E+03	1.287361E-03	1.866858E-05
5.530577E+03	1.281173E-03	1.846904E-05
5.540524E+03	1.274550E-03	1.826475E-05
5.550471E+03	1.267720E-03	1.805907E-05
5.560419E+03	1.260260E-03	1.784596E-05
5.570366E+03	1.252420E-03	1.762908E-05
5.580313E+03	1.244234E-03	1.740893E-05
5.590260E+03	1.235744E-03	1.718616E-05
5.600207E+03	1.227000E-03	1.696149E-05
5.610154E+03	1.218056E-03	1.673566E-05
5.620101E+03	1.208971E-03	1.650949E-05
5.630048E+03	1.199807E-03	1.628385E-05
5.639995E+03	1.190425E-03	1.605682E-05
5.649942E+03	1.181305E-03	1.583486E-05
5.659889E+03	1.172307E-03	1.561602E-05
5.669836E+03	1.163299E-03	1.539849E-05
5.679784E+03	1.154749E-03	1.518841E-05
5.689731E+03	1.146322E-03	1.498126E-05
5.699678E+03	1.138473E-03	1.478290E-05
5.709625E+03	1.130868E-03	1.458886E-05
5.719572E+03	1.123755E-03	1.440224E-05
5.729519E+03	1.117183E-03	1.422353E-05
5.739466E+03	1.111384E-03	1.405551E-05
5.749413E+03	1.106017E-03	1.389371E-05
5.759360E+03	1.101307E-03	1.374081E-05
5.769307E+03	1.097285E-03	1.359703E-05
5.779254E+03	1.093792E-03	1.346024E-05
5.789201E+03	1.091222E-03	1.333513E-05
5.799149E+03	1.089410E-03	1.321945E-05
5.809096E+03	1.088372E-03	1.311321E-05
5.819043E+03	1.087938E-03	1.301419E-05
5.828990E+03	1.088490E-03	1.292678E-05
5.838937E+03	1.089669E-03	1.284652E-05
5.848884E+03	1.091854E-03	1.277769E-05
5.858831E+03	1.094686E-03	1.271589E-05
5.868778E+03	1.098359E-03	1.266321E-05
5.878725E+03	1.103070E-03	1.262171E-05
5.888672E+03	1.108463E-03	1.258712E-05
5.898619E+03	1.114739E-03	1.256158E-05
5.908566E+03	1.121924E-03	1.254517E-05
5.918514E+03	1.130044E-03	1.253801E-05
5.928461E+03	1.139134E-03	1.254029E-05
5.938408E+03	1.149234E-03	1.255225E-05
5.948355E+03	1.160193E-03	1.257208E-05
5.958302E+03	1.172442E-03	1.260426E-05
5.968249E+03	1.185835E-03	1.264699E-05
5.978196E+03	1.200213E-03	1.269841E-05
5.988143E+03	1.216013E-03	1.276293E-05
5.998090E+03	1.232863E-03	1.283646E-05
6.008037E+03	1.251190E-03	1.292329E-05
6.017984E+03	1.270592E-03	1.301906E-05
6.027931E+03	1.291269E-03	1.312572E-05
6.037878E+03	1.313204E-03	1.324295E-05
6.047826E+03	1.336360E-03	1.337030E-05
6.057773E+03	1.360683E-03	1.350715E-05
6.067720E+03	1.386101E-03	1.365275E-05
6.077667E+03	1.412521E-03	1.380622E-05
6.087614E+03	1.439830E-03	1.396652E-05
6.097561E+03	1.467897E-03	1.413249E-05
6.107508E+03	1.496326E-03	1.430054E-05
6.117455E+03	1.525453E-03	1.447411E-05
6.127402E+03	1.554626E-03	1.464733E-05
6.137349E+03	1.584220E-03	1.482410E-05
6.147296E+03	1.613617E-03	1.499902E-05
6.157243E+03	1.643290E-03	1.517696E-05
6.167191E+03	1.672709E-03	1.535348E-05
6.177138E+03	1.702210E-03	1.553219E-05
6.187085E+03	1.731930E-03	1.571485E-05
6.197032E+03	1.762069E-03	1.590376E-05
6.206979E+03	1.792880E-03	1.610170E-05
6.216926E+03	1.824663E-03	1.631187E-05
6.226873E+03	1.857761E-03	1.653782E-05
6.236820E+03	1.892240E-03	1.678064E-05
6.246767E+03	1.929120E-03	1.704988E-05
6.256714E+03	1.968525E-03	1.734713E-05
6.266661E+03	2.010568E-03	1.767398E-05
6.276608E+03	2.056364E-03	1.804083E-05
6.286556E+03	2.105713E-03	1.844661E-05
6.296503E+03	2.159775E-03	1.890227E-05
6.306450E+03	2.218329E-03	1.940675E-05
6.316397E+03	2.282195E-03	1.996803E-05
6.326344E+03	2.351836E-03	2.059076E-05
6.336291E+03	2.427696E-03	2.127952E-05
6.346238E+03	2.510196E-03	2.203877E-05
6.356185E+03	2.599713E-03	2.287277E-05
6.366132E+03	2.696568E-03	2.378536E-05
6.376079E+03	2.800993E-03	2.477971E-05
6.386026E+03	2.912615E-03	2.585376E-05
6.395973E+03	3.032296E-03	2.701645E-05
6.405921E+03	3.158769E-03	2.825788E-05
6.415868E+03	3.292476E-03	2.958335E-05
6.425815E+03	3.431480E-03	3.097679E-05
6.435762E+03	3.575638E-03	3.243807E-05
6.445709E+03	3.722179E-03	3.394307E-05
6.455656E+03	3.869626E-03	3.547895E-05
6.465603E+03	4.015531E-03	3.702355E-05
6.475550E+03	4.157040E-03	3.855035E-05
6.485497E+03	4.290947E-03	4.002881E-05
6.495444E+03	4.413758E-03	4.142481E-05
6.505391E+03	4.521775E-03	4.270140E-05
6.515338E+03	4.611260E-03	4.382018E-05
6.525285E+03	4.678581E-03	4.474273E-05
6.535233E+03	4.719682E-03	4.542553E-05
6.545180E+03	4.733404E-03	4.585194E-05
6.555127E+03	4.716353E-03	4.598315E-05
6.565074E+03	4.669303E-03	4.582030E-05
6.575021E+03	4.591212E-03	4.534673E-05
6.584968E+03	4.484621E-03	4.458112E-05
6.594915E+03	4.353145E-03	4.355359E-05
6.604862E+03	4.199140E-03	4.228252E-05
6.614809E+03	4.027699E-03	4.081474E-05
6.624756E+03	3.843417E-03	3.919340E-05
6.634703E+03	3.650808E-03	3.746207E-05
6.644650E+03	3.454079E-03	3.566246E-05
6.654598E+03	3.256431E-03	3.382694E-05
6.664545E+03	3.062121E-03	3.199984E-05
6.674492E+03	2.873151E-03	3.020292E-05
6.684439E+03	2.691506E-03	2.845830E-05
6.694386E+03	2.518231E-03	2.677860E-05
6.704333E+03	2.355158E-03	2.518521E-05
6.714280E+03	2.202086E-03	2.367800E-05
6.724227E+03	2.059687E-03	2.226633E-05
6.734174E+03	1.928284E-03	2.095582E-05
6.744121E+03	1.807038E-03	1.973950E-05
6.754068E+03	1.695950E-03	1.861936E-05
6.764015E+03	1.594581E-03	1.759254E-05
6.773963E+03	1.502429E-03	1.665531E-05
6.783910E+03	1.418955E-03	1.580338E-05
6.793857E+03	1.343603E-03	1.503216E-05
6.803804E+03	1.275824E-03	1.433691E-05
6.813751E+03	1.214885E-03	1.371072E-05
6.823698E+03	1.160680E-03	1.315358E-05
6.833645E+03	1.112521E-03	1.265878E-05
6.843592E+03	1.069783E-03	1.222019E-05
6.853539E+03	1.032404E-03	1.183797E-05
6.863486E+03	9.996532E-04	1.150456E-05
6.873433E+03	9.713497E-04	1.121856E-05
6.883380E+03	9.473188E-04	1.097861E-05
6.893327E+03	9.269497E-04	1.077821E-05
6.903275E+03	9.101314E-04	1.061657E-05
6.913222E+03	8.966237E-04	1.049136E-05
6.923169E+03	8.862134E-04	1.040050E-05
6.933116E+03	8.787134E-04	1.034216E-05
6.943063E+03	8.739591E-04	1.031474E-05
6.953010E+03	8.718073E-04	1.031686E-05
6.962957E+03	8.721315E-04	1.034730E-05
6.972904E+03	8.746765E-04	1.040328E-05
6.982851E+03	8.796289E-04	1.048725E-05
6.992798E+03	8.866099E-04	1.059490E-05
7.002745E+03	8.958251E-04	1.072889E-05
7.012692E+03	9.069020E-04	1.088494E-05
7.022640E+03	9.200583E-04	1.106584E-05
7.032587E+03	9.349158E-04	1.126719E-05
7.042534E+03	9.515437E-04	1.148998E-05
7.052481E+03	9.700186E-04	1.173528E-05
7.062428E+03	9.899384E-04	1.199838E-05
7.072375E+03	1.011368E-03	1.228019E-05
7.082322E+03	1.034209E-03	1.257965E-05
7.092269E+03	1.058355E-03	1.289560E-05
7.102216E+03	1.083689E-03	1.322675E-05
7.112163E+03	1.110082E-03	1.357168E-05
7.122110E+03	1.137206E-03	1.392648E-05
7.132057E+03	1.165274E-03	1.429393E-05
7.142005E+03	1.193929E-03	1.466978E-05
7.151952E+03	1.222779E-03	1.504936E-05
7.161899E+03	1.252013E-03	1.543513E-05
7.171846E+03	1.280993E-03	1.581941E-05
7.181793E+03	1.309891E-03	1.620445E-05
7.191740E+03	1.338014E-03	1.658182E-05
7.201687E+03	1.365517E-03	1.695359E-05
7.211634E+03	1.391653E-03	1.731063E-05
7.221581E+03	1.416332E-03	1.765194E-05
7.231528E+03	1.439230E-03	1.797357E-05
7.241475E+03	1.460019E-03	1.827151E-05
7.251422E+03	1.478368E-03	1.854170E-05
7.261370E+03	1.493956E-03	1.878015E-05
7.271317E+03	1.506484E-03	1.898306E-05
7.281264E+03	1.515682E-03	1.914701E-05
7.291211E+03	1.521331E-03	1.926911E-05
7.301158E+03	1.523274E-03	1.934727E-05
7.311105E+03	1.521441E-03	1.938035E-05
7.321052E+03	1.515599E-03	1.936516E-05
7.330999E+03	1.506381E-03	1.930949E-05
7.340946E+03	1.493500E-03	1.920937E-05
7.350893E+03	1.477758E-03	1.907475E-05
7.360840E+03	1.459019E-03	1.890354E-05
7.370787E+03	1.438178E-03	1.870700E-05
7.380734E+03	1.415177E-03	1.848404E-05
7.390682E+03	1.390697E-03	1.824322E-05
7.400629E+03	1.365398E-03	1.799295E-05
7.410576E+03	1.339234E-03	1.773238E-05
7.420523E+03	1.312832E-03	1.746961E-05
7.430470E+03	1.286558E-03	1.720938E-05
7.440417E+03	1.260745E-03	1.695607E-05
7.450364E+03	1.235691E-03	1.671365E-05
7.460311E+03	1.211651E-03	1.648565E-05
7.470258E+03	1.188835E-03	1.627501E-05
7.480205E+03	1.167411E-03	1.608405E-05
7.490152E+03	1.147306E-03	1.591183E-05
7.500099E+03	1.128994E-03	1.576506E-05
7.510047E+03	1.112333E-03	1.564194E-05
7.519994E+03	1.097162E-03	1.554046E-05
7.529941E+03	1.083866E-03	1.546632E-05
7.539888E+03	1.072248E-03	1.541706E-05
7.549835E+03	1.062105E-03	1.539011E-05
7.559782E+03	1.053591E-03	1.538802E-05
7.569729E+03	1.046842E-03	1.541320E-05
7.579676E+03	1.041451E-03	1.546011E-05
7.589623E+03	1.037543E-03	1.553094E-05
7.599570E+03	1.035232E-03	1.562790E-05
7.609517E+03	1.034094E-03	1.574500E-05
7.619464E+03	1.034229E-03	1.588416E-05
7.629412E+03	1.035552E-03	1.604448E-05
7.639359E+03	1.037967E-03	1.622487E-05
7.649306E+03	1.041369E-03	1.642408E-05
7.659253E+03	1.045643E-03	1.664064E-05
7.669200E+03	1.050667E-03	1.687290E-05
7.679147E+03	1.056316E-03	1.711911E-05
7.689094E+03	1.062460E-03	1.737740E-05
7.699041E+03	1.068975E-03	1.764588E-05
7.708988E+03	1.075737E-03	1.792263E-05
7.718935E+03	1.082440E-03	1.820259E-05
7.728882E+03	1.089348E-03	1.849016E-05
7.738829E+03	1.096170E-03	1.878041E-05
7.748777E+03	1.102615E-03	1.906825E-05
7.758724E+03	1.108975E-03	1.935856E-05
7.768671E+03	1.114784E-03	1.964300E-05
7.778618E+03	1.120356E-03	1.992689E-05
7.788565E+03	1.125240E-03	2.020195E-05
7.798512E+03	1.129779E-03	2.047401E-05
7.808459E+03	1.133544E-03	2.073500E-05
7.818406E+03	1.136710E-03	2.098767E-05
7.828353E+03	1.139467E-03	2.123526E-05
7.838300E+03	1.141420E-03	2.147004E-05
7.848247E+03	1.142782E-03	2.169558E-05
7.858194E+03	1.143573E-03	2.191193E-05
7.868141E+03	1.143823E-03	2.211926E-05
7.878089E+03	1.143562E-03	2.231783E-05
7.888036E+03	1.142823E-03	2.250799E-05
7.897983E+03	1.141641E-03	2.269009E-05
7.907930E+03	1.140049E-03	2.286452E-05
7.917877E+03	1.138079E-03	2.303164E-05
7.927824E+03	1.135763E-03	2.319182E-05
7.937771E+03	1.133128E-03	2.334541E-05
7.947718E+03	1.130202E-03	2.349274E-05
7.957665E+03	1.127006E-03	2.363405E-05
7.967612E+03	1.123563E-03	2.376964E-05
7.977559E+03	1.119692E-03	2.389543E-05
7.987506E+03	1.115811E-03	2.402016E-05
7.997454E+03	1.111735E-03	2.413977E-05
8.007401E+03	1.107280E-03	2.425003E-05
8.017348E+03	1.102857E-03	2.435978E-05
8.027295E+03	1.098078E-03	2.446039E-05
8.037242E+03	1.093349E-03	2.456071E-05
8.047189E+03	1.088285E-03	2.465200E-05
8.057136E+03	1.083284E-03	2.474315E-05
8.067083E+03	1.077959E-03	2.482523E-05
8.077030E+03	1.072707E-03	2.490723E-05
8.086977E+03	1.067139E-03	2.498007E-05
8.096924E+03	1.061456E-03	2.504828E-05
8.106871E+03	1.055854E-03	2.511642E-05
8.116819E+03	1.049951E-03	2.517537E-05
8.126766E+03	1.043948E-03	2.522975E-05
8.136713E+03	1.037849E-03	2.527958E-05
8.146660E+03	1.031847E-03	2.532956E-05
8.156607E+03	1.025568E-03	2.537043E-05
8.166554E+03	1.019205E-03	2.540682E-05
8.176501E+03	1.012758E-03	2.543868E-05
8.186448E+03	1.006228E-03	2.546597E-05
8.196395E+03	9.996148E-04	2.548859E-05
8.206342E+03	9.929177E-04	2.550648E-05
8.216289E+03	9.861359E-04	2.551955E-05
8.226236E+03	9.792710E-04	2.552777E-05
8.236184E+03	9.723222E-04	2.553106E-05
8.246131E+03	9.652922E-04	2.552944E-05
8.256078E+03	9.581814E-04	2.552285E-05
8.266025E+03	9.509938E-04	2.551134E-05
8.275972E+03	9.435551E-04	2.549015E-05
8.285919E+03	9.362226E-04	2.546884E-05
8.295866E+03	9.288233E-04	2.544274E-05
8.305813E+03	9.213620E-04	2.541192E-05
8.315760E+03	9.138455E-04	2.537653E-05
8.325707E+03	9.061105E-04	2.533197E-05
8.335654E+03	8.985084E-04	2.528799E-05
8.345601E+03	8.908783E-04	2.524012E-05
8.355548E+03	8.830643E-04	2.518388E-05
8.365496E+03	8.754156E-04	2.512919E-05
8.375443E+03	8.676126E-04	2.506692E-05
8.385390E+03	8.599996E-04	2.500697E-05
8.395337E+03	8.522622E-04	2.494025E-05
8.405284E+03	8.447389E-04	2.487667E-05
8.415231E+03	8.372767E-04	2.481181E-05
8.425178E+03	8.297283E-04	2.474130E-05
8.435125E+03	8.222624E-04	2.467017E-05
8.445072E+03	8.150428E-04	2.460340E-05
8.455019E+03	8.077596E-04	2.453172E-05
8.464966E+03	8.007276E-04	2.446472E-05
8.474913E+03	7.936408E-04	2.439312E-05
8.484861E+03	7.866532E-04	2.432167E-05
8.494808E+03	7.799169E-04	2.425514E-05
8.504755E+03	7.731271E-04	2.418415E-05
8.514702E+03	7.664344E-04	2.411342E-05
8.524649E+03	7.599850E-04	2.404761E-05
8.534596E+03	7.534797E-04	2.397734E-05
8.544543E+03	7.470652E-04	2.390729E-05
8.554490E+03	7.407375E-04	2.383737E-05
8.564437E+03	7.346381E-04	2.377222E-05
8.574384E+03	7.284752E-04	2.370247E-05
8.584331E+03	7.223902E-04	2.363272E-05
8.594278E+03	7.163803E-04	2.356291E-05
8.604226E+03	7.104423E-04	2.349300E-05
8.614173E+03	7.045723E-04	2.342289E-05
8.624120E+03	6.989057E-04	2.335715E-05
8.634067E+03	6.931625E-04	2.328648E-05
8.644014E+03	6.874791E-04	2.321546E-05
8.653961E+03	6.818523E-04	2.314401E-05
8.663908E+03	6.762793E-04	2.307208E-05
8.673855E+03	6.707586E-04	2.299965E-05
8.683802E+03	6.652875E-04	2.292665E-05
8.693749E+03	6.598637E-04	2.285305E-05
8.703696E+03	6.544858E-04	2.277882E-05
8.713643E+03	6.491527E-04	2.270395E-05
8.723590E+03	6.438630E-04	2.262843E-05
8.733538E+03	6.386144E-04	2.255220E-05
8.743485E+03	6.334072E-04	2.247530E-05
8.753432E+03	6.282404E-04	2.239772E-05
8.763379E+03	6.231130E-04	2.231946E-05
8.773326E+03	6.180247E-04	2.224052E-05
8.783273E+03	6.129756E-04	2.216095E-05
8.793220E+03	6.078419E-04	2.207627E-05
8.803167E+03	6.028718E-04	2.199549E-05
8.813114E+03	5.979409E-04	2.191416E-05
8.823061E+03	5.930495E-04	2.183231E-05
8.833008E+03	5.881980E-04	2.174998E-05
8.842955E+03	5.833869E-04	2.166721E-05
8.852903E+03	5.786167E-04	2.158405E-05
8.862850E+03	5.737694E-04	2.149612E-05
8.872797E+03	5.690835E-04	2.141234E-05
8.882744E+03	5.644404E-04	2.132833E-05
8.892691E+03	5.598407E-04	2.124413E-05
8.902638E+03	5.552850E-04	2.115981E-05
8.912585E+03	5.507740E-04	2.107541E-05
8.922532E+03	5.461942E-04	2.098659E-05
8.932479E+03	5.417752E-04	2.090220E-05
8.942426E+03	5.374025E-04	2.081789E-05
8.952373E+03	5.330768E-04	2.073370E-05
8.992162E+03	5.161420E-04	2.039479E-05
9.031950E+03	4.999860E-04	2.006121E-05
9.071738E+03	4.845021E-04	1.973051E-05
9.111527E+03	4.698780E-04	1.941210E-05
9.151315E+03	4.559658E-04	1.910173E-05
9.191103E+03	4.427096E-04	1.879869E-05
9.230892E+03	4.300437E-04	1.850167E-05
9.270680E+03	4.178036E-04	1.820489E-05
9.310468E+03	4.061075E-04	1.791465E-05
9.350257E+03	3.947926E-04	1.762492E-05
9.390045E+03	3.837985E-04	1.733393E-05
9.429833E+03	3.730735E-04	1.704018E-05
9.469622E+03	3.625760E-04	1.674248E-05
9.509410E+03	3.522743E-04	1.644004E-05
9.549198E+03	3.422278E-04	1.613626E-05
9.588987E+03	3.322583E-04	1.582335E-05
9.628775E+03	3.225207E-04	1.550917E-05
9.668563E+03	3.128565E-04	1.518664E-05
9.708352E+03	3.034237E-04	1.486392E-05
9.748140E+03	2.941507E-04	1.453806E-05
9.787928E+03	2.851172E-04	1.421351E-05
9.827717E+03	2.761875E-04	1.388404E-05
9.867505E+03	2.675119E-04	1.355766E-05
9.907293E+03	2.589607E-04	1.322831E-05
9.947082E+03	2.507418E-04	1.290708E-05
9.986870E+03	2.426611E-04	1.258455E-05
1.002666E+04	2.348529E-04	1.226812E-05
1.006645E+04	2.271952E-04	1.195189E-05
1.010623E+04	2.198134E-04	1.164288E-05
1.014602E+04	2.127048E-04	1.134146E-05
1.018581E+04	2.058089E-04	1.104485E-05
1.022560E+04	1.990700E-04	1.075045E-05
1.026539E+04	1.926523E-04	1.046752E-05
