#wls	flux	fluxerr
1.600000E+03	7.881478E-16	2.909049E-20
1.640000E+03	7.943806E-16	2.932054E-20
1.680000E+03	8.007467E-16	2.955551E-20
1.720000E+03	8.072429E-16	2.979527E-20
1.760000E+03	8.138815E-16	3.004030E-20
1.800000E+03	8.206640E-16	3.029064E-20
1.840000E+03	8.275918E-16	3.054634E-20
1.880000E+03	8.346705E-16	3.080761E-20
1.920000E+03	8.419059E-16	3.107467E-20
1.960000E+03	8.492969E-16	3.134746E-20
2.000000E+03	8.568530E-16	3.162635E-20
2.040000E+03	8.645657E-16	3.191102E-20
2.080000E+03	8.724417E-16	3.220172E-20
2.120000E+03	8.804809E-16	3.249845E-20
2.160000E+03	8.886696E-16	3.280069E-20
2.200000E+03	8.970088E-16	3.310848E-20
2.240000E+03	9.054854E-16	3.342135E-20
2.280000E+03	9.140887E-16	3.373889E-20
2.320000E+03	9.228105E-16	3.406081E-20
2.360000E+03	9.316201E-16	3.438596E-20
2.400000E+03	9.404937E-16	3.471348E-20
2.440000E+03	9.494076E-16	3.504249E-20
2.480000E+03	9.583192E-16	3.537141E-20
2.520000E+03	9.671842E-16	3.569861E-20
2.560000E+03	9.759430E-16	3.602189E-20
2.600000E+03	9.845449E-16	3.633938E-20
2.640000E+03	9.929023E-16	3.664785E-20
2.680000E+03	1.000928E-15	3.694406E-20
2.720000E+03	1.008525E-15	3.722446E-20
2.760000E+03	1.015577E-15	3.748476E-20
2.800000E+03	1.021943E-15	3.771970E-20
2.840000E+03	1.027468E-15	3.792365E-20
2.880000E+03	1.031990E-15	3.809053E-20
2.920000E+03	1.035310E-15	3.821306E-20
2.960000E+03	1.037225E-15	3.828376E-20
3.000000E+03	1.037508E-15	3.829418E-20
3.010000E+03	1.037298E-15	3.828644E-20
3.020000E+03	1.036966E-15	3.827419E-20
3.030000E+03	1.036506E-15	3.825722E-20
3.040000E+03	1.035924E-15	3.823572E-20
3.050000E+03	1.035208E-15	3.820929E-20
3.060000E+03	1.034360E-15	3.817800E-20
3.070000E+03	1.033364E-15	3.814123E-20
3.080000E+03	1.032236E-15	3.809960E-20
3.090000E+03	1.030953E-15	3.805223E-20
3.100000E+03	1.029523E-15	3.799944E-20
3.110000E+03	1.027945E-15	3.794121E-20
3.120000E+03	1.026207E-15	3.787705E-20
3.130000E+03	1.024306E-15	3.780690E-20
3.140000E+03	1.022240E-15	3.773063E-20
3.150000E+03	1.020012E-15	3.764840E-20
3.160000E+03	1.017620E-15	3.756009E-20
3.170000E+03	1.015047E-15	3.746513E-20
3.180000E+03	1.012311E-15	3.736416E-20
3.190000E+03	1.009391E-15	3.725639E-20
3.200000E+03	1.006299E-15	3.714225E-20
3.210000E+03	1.003025E-15	3.702140E-20
3.220000E+03	9.995776E-16	3.689416E-20
3.230000E+03	9.959548E-16	3.676044E-20
3.240000E+03	9.921434E-16	3.661976E-20
3.250000E+03	9.881578E-16	3.647265E-20
3.260000E+03	9.839993E-16	3.631916E-20
3.270000E+03	9.796630E-16	3.615911E-20
3.280000E+03	9.751515E-16	3.599259E-20
3.290000E+03	9.704750E-16	3.581998E-20
3.300000E+03	9.656311E-16	3.564119E-20
3.310000E+03	9.606317E-16	3.545666E-20
3.320000E+03	9.554763E-16	3.526638E-20
3.330000E+03	9.501788E-16	3.507085E-20
3.340000E+03	9.447413E-16	3.487015E-20
3.350000E+03	9.391801E-16	3.466488E-20
3.360000E+03	9.334998E-16	3.445522E-20
3.370000E+03	9.277198E-16	3.424189E-20
3.380000E+03	9.218483E-16	3.402517E-20
3.390000E+03	9.159013E-16	3.380567E-20
3.400000E+03	9.099038E-16	3.358430E-20
3.410000E+03	9.038760E-16	3.336181E-20
3.420000E+03	8.978342E-16	3.313881E-20
3.430000E+03	8.918099E-16	3.291645E-20
3.440000E+03	8.858244E-16	3.269553E-20
3.450000E+03	8.799145E-16	3.247740E-20
3.460000E+03	8.741071E-16	3.226305E-20
3.470000E+03	8.684446E-16	3.205404E-20
3.480000E+03	8.629594E-16	3.185158E-20
3.490000E+03	8.576990E-16	3.165743E-20
3.500000E+03	8.527067E-16	3.147316E-20
3.510000E+03	8.480206E-16	3.130020E-20
3.520000E+03	8.436848E-16	3.114016E-20
3.530000E+03	8.397478E-16	3.099485E-20
3.540000E+03	8.362473E-16	3.086565E-20
3.550000E+03	8.332153E-16	3.075373E-20
3.560000E+03	8.306605E-16	3.065943E-20
3.570000E+03	8.285605E-16	3.058192E-20
3.580000E+03	8.268912E-16	3.052031E-20
3.590000E+03	8.255994E-16	3.047263E-20
3.600000E+03	8.246413E-16	3.043727E-20
3.610000E+03	8.239785E-16	3.041280E-20
3.620000E+03	8.235680E-16	3.039765E-20
3.630000E+03	8.233692E-16	3.039031E-20
3.640000E+03	8.233381E-16	3.038916E-20
3.650000E+03	8.234471E-16	3.039318E-20
3.660000E+03	8.236593E-16	3.040101E-20
3.670000E+03	8.239535E-16	3.041187E-20
3.680000E+03	8.243063E-16	3.042489E-20
3.690000E+03	8.246966E-16	3.043930E-20
3.700000E+03	8.251002E-16	3.045419E-20
3.710000E+03	8.255078E-16	3.046923E-20
3.720000E+03	8.259058E-16	3.048392E-20
3.730000E+03	8.262821E-16	3.049781E-20
3.740000E+03	8.266204E-16	3.051030E-20
3.750000E+03	8.269171E-16	3.052125E-20
3.760000E+03	8.271632E-16	3.053033E-20
3.770000E+03	8.273435E-16	3.053698E-20
3.780000E+03	8.274613E-16	3.054133E-20
3.790000E+03	8.274937E-16	3.054253E-20
3.800000E+03	9.044191E-16	3.338182E-20
3.803041E+03	8.969829E-16	3.310735E-20
3.806083E+03	8.868765E-16	3.273433E-20
3.809124E+03	8.747982E-16	3.228852E-20
3.812166E+03	8.662425E-16	3.197273E-20
3.815207E+03	8.584361E-16	3.168460E-20
3.818249E+03	8.480967E-16	3.130297E-20
3.821290E+03	8.371973E-16	3.090068E-20
3.824331E+03	8.285101E-16	3.058004E-20
3.827373E+03	8.233944E-16	3.039122E-20
3.830414E+03	8.175312E-16	3.017481E-20
3.833456E+03	8.145417E-16	3.006447E-20
3.836497E+03	8.123344E-16	2.998300E-20
3.839538E+03	8.148014E-16	3.007405E-20
3.842580E+03	8.158910E-16	3.011427E-20
3.845621E+03	8.177619E-16	3.018332E-20
3.848663E+03	8.204988E-16	3.028434E-20
3.851704E+03	8.258858E-16	3.048318E-20
3.854745E+03	8.276187E-16	3.054714E-20
3.857787E+03	8.304553E-16	3.065183E-20
3.860828E+03	8.337667E-16	3.077406E-20
3.863870E+03	8.367546E-16	3.088434E-20
3.866911E+03	8.437331E-16	3.114191E-20
3.869952E+03	8.476701E-16	3.128722E-20
3.872994E+03	8.491948E-16	3.134350E-20
3.876035E+03	8.501754E-16	3.137970E-20
3.879077E+03	8.462148E-16	3.123351E-20
3.882118E+03	8.484004E-16	3.131418E-20
3.885160E+03	8.410277E-16	3.104206E-20
3.888201E+03	8.323660E-16	3.072235E-20
3.891242E+03	8.302910E-16	3.064577E-20
3.894284E+03	8.322215E-16	3.071702E-20
3.897325E+03	8.277705E-16	3.055273E-20
3.900367E+03	8.222510E-16	3.034901E-20
3.903408E+03	8.243334E-16	3.042587E-20
3.906449E+03	8.232935E-16	3.038749E-20
3.909491E+03	8.179785E-16	3.019131E-20
3.912532E+03	8.150389E-16	3.008281E-20
3.915574E+03	8.233617E-16	3.039001E-20
3.918615E+03	8.285283E-16	3.058070E-20
3.921656E+03	8.271139E-16	3.052850E-20
3.924698E+03	8.233086E-16	3.038804E-20
3.927739E+03	8.200970E-16	3.026951E-20
3.930781E+03	8.163094E-16	3.012971E-20
3.933822E+03	8.099793E-16	2.989606E-20
3.936863E+03	8.044977E-16	2.969374E-20
3.939905E+03	8.098638E-16	2.989180E-20
3.942946E+03	8.090601E-16	2.986213E-20
3.945988E+03	8.180337E-16	3.019335E-20
3.949029E+03	8.224813E-16	3.035751E-20
3.952070E+03	8.211335E-16	3.030776E-20
3.955112E+03	8.178712E-16	3.018735E-20
3.958153E+03	8.191321E-16	3.023389E-20
3.961195E+03	8.165645E-16	3.013912E-20
3.964236E+03	8.075445E-16	2.980619E-20
3.967278E+03	7.975606E-16	2.943769E-20
3.970319E+03	7.909987E-16	2.919549E-20
3.973360E+03	7.918536E-16	2.922705E-20
3.976402E+03	7.913876E-16	2.920985E-20
3.979443E+03	7.954073E-16	2.935821E-20
3.982485E+03	7.936879E-16	2.929475E-20
3.985526E+03	7.940840E-16	2.930937E-20
3.988567E+03	7.844614E-16	2.895420E-20
3.991609E+03	7.753481E-16	2.861783E-20
3.994650E+03	7.706523E-16	2.844451E-20
3.997692E+03	7.650435E-16	2.823749E-20
4.000733E+03	7.553926E-16	2.788128E-20
4.003774E+03	7.496674E-16	2.766997E-20
4.006816E+03	7.458712E-16	2.752985E-20
4.009857E+03	7.478929E-16	2.760447E-20
4.012899E+03	7.541919E-16	2.783696E-20
4.015940E+03	7.576150E-16	2.796331E-20
4.018981E+03	7.600060E-16	2.805156E-20
4.022023E+03	7.629878E-16	2.816162E-20
4.025064E+03	7.656982E-16	2.826166E-20
4.028106E+03	7.722948E-16	2.850514E-20
4.031147E+03	7.773182E-16	2.869055E-20
4.034189E+03	7.829825E-16	2.889961E-20
4.037230E+03	7.932406E-16	2.927824E-20
4.040271E+03	7.979722E-16	2.945288E-20
4.043313E+03	8.016382E-16	2.958819E-20
4.046354E+03	8.084447E-16	2.983941E-20
4.049396E+03	8.149285E-16	3.007873E-20
4.052437E+03	8.180503E-16	3.019395E-20
4.055479E+03	8.216775E-16	3.032783E-20
4.058520E+03	8.264686E-16	3.050467E-20
4.061561E+03	8.302792E-16	3.064531E-20
4.064603E+03	8.309490E-16	3.067004E-20
4.067644E+03	8.259308E-16	3.048482E-20
4.070686E+03	8.199513E-16	3.026412E-20
4.073727E+03	8.127916E-16	2.999986E-20
4.076768E+03	8.069999E-16	2.978608E-20
4.079810E+03	8.012428E-16	2.957359E-20
4.082851E+03	8.005639E-16	2.954853E-20
4.085893E+03	7.993283E-16	2.950293E-20
4.088934E+03	7.901495E-16	2.916414E-20
4.091975E+03	7.855083E-16	2.899283E-20
4.095017E+03	7.774115E-16	2.869398E-20
4.098058E+03	7.668885E-16	2.830558E-20
4.101100E+03	7.546987E-16	2.785566E-20
4.104141E+03	7.444159E-16	2.747613E-20
4.107182E+03	7.359216E-16	2.716261E-20
4.110224E+03	7.302431E-16	2.695302E-20
4.113265E+03	7.276490E-16	2.685727E-20
4.116307E+03	7.276832E-16	2.685853E-20
4.119348E+03	7.326360E-16	2.704134E-20
4.122390E+03	7.338819E-16	2.708732E-20
4.125431E+03	7.339819E-16	2.709101E-20
4.128472E+03	7.323134E-16	2.702943E-20
4.131514E+03	7.333894E-16	2.706914E-20
4.134555E+03	7.300709E-16	2.694666E-20
4.137596E+03	7.323415E-16	2.703047E-20
4.140638E+03	7.399301E-16	2.731056E-20
4.143679E+03	7.468097E-16	2.756448E-20
4.146721E+03	7.531488E-16	2.779845E-20
4.149762E+03	7.593010E-16	2.802553E-20
4.152804E+03	7.686479E-16	2.837052E-20
4.155845E+03	7.822816E-16	2.887373E-20
4.158886E+03	7.916564E-16	2.921975E-20
4.161928E+03	7.999691E-16	2.952657E-20
4.164969E+03	8.057740E-16	2.974083E-20
4.168011E+03	8.111903E-16	2.994074E-20
4.171052E+03	8.204211E-16	3.028145E-20
4.174093E+03	8.262370E-16	3.049611E-20
4.177135E+03	8.255804E-16	3.047187E-20
4.180176E+03	8.268898E-16	3.052020E-20
4.183218E+03	8.271062E-16	3.052819E-20
4.186259E+03	8.250205E-16	3.045121E-20
4.189301E+03	8.251020E-16	3.045422E-20
4.192342E+03	8.219246E-16	3.033694E-20
4.195383E+03	8.146162E-16	3.006719E-20
4.198425E+03	8.071749E-16	2.979253E-20
4.201466E+03	8.014812E-16	2.958238E-20
4.204508E+03	7.910210E-16	2.919630E-20
4.207549E+03	7.801936E-16	2.879666E-20
4.210590E+03	7.704093E-16	2.843553E-20
4.213632E+03	7.578582E-16	2.797227E-20
4.216673E+03	7.504611E-16	2.769925E-20
4.219715E+03	7.471259E-16	2.757614E-20
4.222756E+03	7.412246E-16	2.735833E-20
4.225797E+03	7.318524E-16	2.701241E-20
4.228839E+03	7.239246E-16	2.671979E-20
4.231880E+03	7.178934E-16	2.649718E-20
4.234922E+03	7.137078E-16	2.634269E-20
4.237963E+03	7.096905E-16	2.619442E-20
4.241005E+03	7.071323E-16	2.609999E-20
4.244046E+03	7.073900E-16	2.610951E-20
4.247087E+03	7.085355E-16	2.615178E-20
4.250129E+03	7.107694E-16	2.623424E-20
4.253170E+03	7.190836E-16	2.654111E-20
4.256212E+03	7.285679E-16	2.689117E-20
4.259253E+03	7.293233E-16	2.691905E-20
4.262294E+03	7.288389E-16	2.690118E-20
4.265336E+03	7.274837E-16	2.685115E-20
4.268377E+03	7.235001E-16	2.670412E-20
4.271419E+03	7.219109E-16	2.664546E-20
4.274460E+03	7.190330E-16	2.653924E-20
4.277501E+03	7.155866E-16	2.641204E-20
4.280543E+03	7.088446E-16	2.616319E-20
4.283584E+03	7.060859E-16	2.606137E-20
4.286626E+03	7.050169E-16	2.602191E-20
4.289667E+03	7.023592E-16	2.592382E-20
4.292708E+03	6.984976E-16	2.578129E-20
4.295750E+03	6.931990E-16	2.558572E-20
4.298791E+03	6.889881E-16	2.543030E-20
4.301833E+03	6.869679E-16	2.535573E-20
4.304874E+03	6.813211E-16	2.514731E-20
4.307916E+03	6.783828E-16	2.503886E-20
4.310957E+03	6.750439E-16	2.491562E-20
4.313998E+03	6.748297E-16	2.490771E-20
4.317040E+03	6.756509E-16	2.493802E-20
4.320081E+03	6.702085E-16	2.473714E-20
4.323123E+03	6.660031E-16	2.458193E-20
4.326164E+03	6.684103E-16	2.467078E-20
4.329205E+03	6.712672E-16	2.477622E-20
4.332247E+03	6.757421E-16	2.494139E-20
4.335288E+03	6.787300E-16	2.505167E-20
4.338330E+03	6.778620E-16	2.501963E-20
4.341371E+03	6.768104E-16	2.498082E-20
4.344412E+03	6.769097E-16	2.498448E-20
4.347454E+03	6.755743E-16	2.493520E-20
4.350495E+03	6.709704E-16	2.476526E-20
4.353537E+03	6.681516E-16	2.466122E-20
4.356578E+03	6.664336E-16	2.459781E-20
4.359619E+03	6.641490E-16	2.451349E-20
4.362661E+03	6.659148E-16	2.457867E-20
4.365702E+03	6.658634E-16	2.457677E-20
4.368744E+03	6.634289E-16	2.448691E-20
4.371785E+03	6.573466E-16	2.426242E-20
4.374827E+03	6.554466E-16	2.419229E-20
4.377868E+03	6.578102E-16	2.427952E-20
4.380909E+03	6.604391E-16	2.437656E-20
4.383951E+03	6.642989E-16	2.451902E-20
4.386992E+03	6.750819E-16	2.491702E-20
4.390034E+03	6.856782E-16	2.530812E-20
4.393075E+03	6.940742E-16	2.561802E-20
4.396116E+03	7.046634E-16	2.600886E-20
4.399158E+03	7.181103E-16	2.650518E-20
4.402199E+03	7.296730E-16	2.693195E-20
4.405241E+03	7.391197E-16	2.728063E-20
4.408282E+03	7.527531E-16	2.778383E-20
4.411323E+03	7.647693E-16	2.822734E-20
4.414365E+03	7.779613E-16	2.871426E-20
4.417406E+03	7.899024E-16	2.915500E-20
4.420448E+03	7.947436E-16	2.933368E-20
4.423489E+03	8.000648E-16	2.953009E-20
4.426530E+03	8.017293E-16	2.959152E-20
4.429572E+03	8.060669E-16	2.975162E-20
4.432613E+03	8.088749E-16	2.985526E-20
4.435655E+03	8.097721E-16	2.988838E-20
4.438696E+03	8.071992E-16	2.979342E-20
4.441738E+03	7.981700E-16	2.946015E-20
4.444779E+03	7.889443E-16	2.911963E-20
4.447820E+03	7.788916E-16	2.874859E-20
4.450862E+03	7.648603E-16	2.823070E-20
4.453903E+03	7.526579E-16	2.778031E-20
4.456945E+03	7.408073E-16	2.734292E-20
4.459986E+03	7.318292E-16	2.701153E-20
4.463027E+03	7.182281E-16	2.650952E-20
4.466069E+03	7.053771E-16	2.603520E-20
4.469110E+03	6.946847E-16	2.564055E-20
4.472152E+03	6.853709E-16	2.529678E-20
4.475193E+03	6.777002E-16	2.501365E-20
4.478234E+03	6.695678E-16	2.471349E-20
4.481276E+03	6.623655E-16	2.444765E-20
4.484317E+03	6.583778E-16	2.430047E-20
4.487359E+03	6.548546E-16	2.417043E-20
4.490400E+03	6.521933E-16	2.407220E-20
4.493441E+03	6.502111E-16	2.399904E-20
4.496483E+03	6.488250E-16	2.394788E-20
4.499524E+03	6.504007E-16	2.400604E-20
4.502566E+03	6.514295E-16	2.404401E-20
4.505607E+03	6.529374E-16	2.409967E-20
4.508649E+03	6.532043E-16	2.410952E-20
4.511690E+03	6.527765E-16	2.409373E-20
4.514731E+03	6.518194E-16	2.405840E-20
4.517773E+03	6.466148E-16	2.386630E-20
4.520814E+03	6.451794E-16	2.381332E-20
4.523856E+03	6.428850E-16	2.372864E-20
4.526897E+03	6.402113E-16	2.362995E-20
4.529938E+03	6.371254E-16	2.351605E-20
4.532980E+03	6.360878E-16	2.347776E-20
4.536021E+03	6.351660E-16	2.344373E-20
4.539063E+03	6.344587E-16	2.341763E-20
4.542104E+03	6.341806E-16	2.340736E-20
4.545145E+03	6.317571E-16	2.331791E-20
4.548187E+03	6.284434E-16	2.319560E-20
4.551228E+03	6.268131E-16	2.313543E-20
4.554270E+03	6.255129E-16	2.308744E-20
4.557311E+03	6.226464E-16	2.298164E-20
4.560352E+03	6.194510E-16	2.286370E-20
4.563394E+03	6.161741E-16	2.274275E-20
4.566435E+03	6.125190E-16	2.260784E-20
4.569477E+03	6.127868E-16	2.261772E-20
4.572518E+03	6.143721E-16	2.267623E-20
4.575560E+03	6.170602E-16	2.277545E-20
4.578601E+03	6.207186E-16	2.291048E-20
4.581642E+03	6.221362E-16	2.296280E-20
4.584684E+03	6.218903E-16	2.295373E-20
4.587725E+03	6.213974E-16	2.293553E-20
4.590767E+03	6.222209E-16	2.296593E-20
4.593808E+03	6.181078E-16	2.281411E-20
4.596850E+03	6.152133E-16	2.270728E-20
4.599891E+03	6.169907E-16	2.277289E-20
4.602932E+03	6.189317E-16	2.284453E-20
4.605974E+03	6.191288E-16	2.285180E-20
4.609015E+03	6.167449E-16	2.276381E-20
4.612056E+03	6.162188E-16	2.274439E-20
4.615098E+03	6.127020E-16	2.261459E-20
4.618139E+03	6.093999E-16	2.249271E-20
4.621181E+03	6.066244E-16	2.239027E-20
4.624222E+03	6.040305E-16	2.229453E-20
4.627264E+03	6.005833E-16	2.216729E-20
4.630305E+03	5.966120E-16	2.202071E-20
4.633346E+03	5.928225E-16	2.188084E-20
4.636388E+03	5.908393E-16	2.180764E-20
4.639429E+03	5.906450E-16	2.180047E-20
4.642471E+03	5.900569E-16	2.177877E-20
4.645512E+03	5.924703E-16	2.186784E-20
4.648553E+03	5.942100E-16	2.193206E-20
4.651595E+03	5.964081E-16	2.201319E-20
4.654636E+03	5.977690E-16	2.206342E-20
4.657678E+03	5.986049E-16	2.209427E-20
4.660719E+03	5.996695E-16	2.213357E-20
4.663761E+03	5.978503E-16	2.206642E-20
4.666802E+03	5.970470E-16	2.203677E-20
4.669843E+03	5.955725E-16	2.198234E-20
4.672885E+03	5.983388E-16	2.208445E-20
4.675926E+03	5.997780E-16	2.213757E-20
4.678967E+03	6.020183E-16	2.222025E-20
4.682009E+03	6.058610E-16	2.236209E-20
4.685050E+03	6.085732E-16	2.246220E-20
4.688092E+03	6.077348E-16	2.243125E-20
4.691133E+03	6.059643E-16	2.236590E-20
4.694175E+03	6.034586E-16	2.227342E-20
4.697216E+03	6.022123E-16	2.222742E-20
4.700257E+03	5.987436E-16	2.209939E-20
4.703299E+03	5.913542E-16	2.182665E-20
4.706340E+03	5.865815E-16	2.165049E-20
4.709382E+03	5.848978E-16	2.158834E-20
4.712423E+03	5.846026E-16	2.157745E-20
4.715465E+03	5.865606E-16	2.164972E-20
4.718506E+03	5.869178E-16	2.166290E-20
4.721547E+03	5.852019E-16	2.159957E-20
4.724589E+03	5.857383E-16	2.161937E-20
4.727630E+03	5.843165E-16	2.156689E-20
4.730672E+03	5.839554E-16	2.155356E-20
4.733713E+03	5.821102E-16	2.148546E-20
4.736754E+03	5.786350E-16	2.135719E-20
4.739796E+03	5.756012E-16	2.124521E-20
4.742837E+03	5.787129E-16	2.136006E-20
4.745879E+03	5.822632E-16	2.149110E-20
4.748920E+03	5.838080E-16	2.154812E-20
4.751961E+03	5.841954E-16	2.156242E-20
4.755003E+03	5.855108E-16	2.161097E-20
4.758044E+03	5.867115E-16	2.165529E-20
4.761086E+03	5.864953E-16	2.164731E-20
4.764127E+03	5.833981E-16	2.153299E-20
4.767168E+03	5.801231E-16	2.141211E-20
4.770210E+03	5.774024E-16	2.131169E-20
4.773251E+03	5.703234E-16	2.105041E-20
4.776293E+03	5.665809E-16	2.091227E-20
4.779334E+03	5.623357E-16	2.075558E-20
4.782376E+03	5.582058E-16	2.060315E-20
4.785417E+03	5.553614E-16	2.049817E-20
4.788458E+03	5.517544E-16	2.036503E-20
4.791500E+03	5.509916E-16	2.033688E-20
4.794541E+03	5.481661E-16	2.023259E-20
4.797583E+03	5.450819E-16	2.011875E-20
4.800624E+03	5.434112E-16	2.005709E-20
4.803665E+03	5.414002E-16	1.998286E-20
4.806707E+03	5.408668E-16	1.996317E-20
4.809748E+03	5.394572E-16	1.991115E-20
4.812790E+03	5.392647E-16	1.990404E-20
4.815831E+03	5.404507E-16	1.994782E-20
4.818872E+03	5.437442E-16	2.006938E-20
4.821914E+03	5.430317E-16	2.004308E-20
4.824955E+03	5.426435E-16	2.002875E-20
4.827997E+03	5.427252E-16	2.003177E-20
4.831038E+03	5.433254E-16	2.005392E-20
4.834079E+03	5.413008E-16	1.997919E-20
4.837121E+03	5.396170E-16	1.991705E-20
4.840162E+03	5.397959E-16	1.992365E-20
4.843204E+03	5.415449E-16	1.998820E-20
4.846245E+03	5.400559E-16	1.993324E-20
4.849287E+03	5.370625E-16	1.982276E-20
4.852328E+03	5.375648E-16	1.984130E-20
4.855369E+03	5.374844E-16	1.983833E-20
4.858411E+03	5.361587E-16	1.978940E-20
4.861452E+03	5.344776E-16	1.972735E-20
4.864494E+03	5.307604E-16	1.959015E-20
4.867535E+03	5.274971E-16	1.946971E-20
4.870576E+03	5.254632E-16	1.939463E-20
4.873618E+03	5.218790E-16	1.926234E-20
4.876659E+03	5.190714E-16	1.915872E-20
4.879701E+03	5.164588E-16	1.906228E-20
4.882742E+03	5.147350E-16	1.899866E-20
4.885783E+03	5.154653E-16	1.902562E-20
4.888825E+03	5.171796E-16	1.908889E-20
4.891866E+03	5.178603E-16	1.911401E-20
4.894908E+03	5.205893E-16	1.921474E-20
4.897949E+03	5.246718E-16	1.936542E-20
4.900990E+03	5.300260E-16	1.956305E-20
4.904032E+03	5.340883E-16	1.971298E-20
4.907073E+03	5.399377E-16	1.992888E-20
4.910115E+03	5.431902E-16	2.004893E-20
4.913156E+03	5.517737E-16	2.036574E-20
4.916198E+03	5.617708E-16	2.073473E-20
4.919239E+03	5.719083E-16	2.110890E-20
4.922280E+03	5.867908E-16	2.165821E-20
4.925322E+03	5.997513E-16	2.213658E-20
4.928363E+03	6.150558E-16	2.270146E-20
4.931405E+03	6.305948E-16	2.327500E-20
4.934446E+03	6.451619E-16	2.381266E-20
4.937487E+03	6.567956E-16	2.424206E-20
4.940529E+03	6.660604E-16	2.458402E-20
4.943570E+03	6.777485E-16	2.501542E-20
4.946612E+03	6.920192E-16	2.554214E-20
4.949653E+03	7.055120E-16	2.604016E-20
4.952694E+03	7.170391E-16	2.646562E-20
4.955736E+03	7.260393E-16	2.679781E-20
4.958777E+03	7.321450E-16	2.702317E-20
4.961819E+03	7.328695E-16	2.704991E-20
4.964860E+03	7.313784E-16	2.699488E-20
4.967901E+03	7.255228E-16	2.677875E-20
4.970943E+03	7.169100E-16	2.646086E-20
4.973984E+03	7.057022E-16	2.604718E-20
4.977026E+03	6.934085E-16	2.559342E-20
4.980067E+03	6.799817E-16	2.509784E-20
4.983109E+03	6.666086E-16	2.460425E-20
4.986150E+03	6.526162E-16	2.408780E-20
4.989191E+03	6.378446E-16	2.354258E-20
4.992233E+03	6.234157E-16	2.301002E-20
4.995274E+03	6.096176E-16	2.250074E-20
4.998316E+03	5.978751E-16	2.206733E-20
5.001357E+03	5.846488E-16	2.157915E-20
5.004398E+03	5.712040E-16	2.108290E-20
5.007440E+03	5.596532E-16	2.065657E-20
5.010481E+03	5.500273E-16	2.030128E-20
5.013523E+03	5.425970E-16	2.002703E-20
5.016564E+03	5.358094E-16	1.977650E-20
5.019605E+03	5.303038E-16	1.957329E-20
5.022647E+03	5.261911E-16	1.942150E-20
5.025688E+03	5.234546E-16	1.932049E-20
5.028730E+03	5.220295E-16	1.926789E-20
5.031771E+03	5.217549E-16	1.925776E-20
5.034812E+03	5.224067E-16	1.928182E-20
5.037854E+03	5.237128E-16	1.933002E-20
5.040895E+03	5.252577E-16	1.938705E-20
5.043937E+03	5.265624E-16	1.943520E-20
5.046978E+03	5.270208E-16	1.945212E-20
5.050020E+03	5.258995E-16	1.941073E-20
5.053061E+03	5.254165E-16	1.939291E-20
5.056102E+03	5.229564E-16	1.930211E-20
5.059144E+03	5.229524E-16	1.930196E-20
5.062185E+03	5.211633E-16	1.923592E-20
5.065227E+03	5.202193E-16	1.920108E-20
5.068268E+03	5.200085E-16	1.919330E-20
5.071310E+03	5.194634E-16	1.917318E-20
5.074351E+03	5.171666E-16	1.908841E-20
5.077392E+03	5.136129E-16	1.895724E-20
5.080434E+03	5.107293E-16	1.885081E-20
5.083475E+03	5.078469E-16	1.874442E-20
5.086516E+03	5.077820E-16	1.874202E-20
5.089558E+03	5.103576E-16	1.883709E-20
5.092599E+03	5.156834E-16	1.903366E-20
5.095641E+03	5.220562E-16	1.926888E-20
5.098682E+03	5.264230E-16	1.943006E-20
5.101724E+03	5.298978E-16	1.955831E-20
5.104765E+03	5.328308E-16	1.966656E-20
5.107806E+03	5.351269E-16	1.975131E-20
5.110848E+03	5.370726E-16	1.982313E-20
5.113889E+03	5.384773E-16	1.987497E-20
5.116931E+03	5.394368E-16	1.991039E-20
5.119972E+03	5.383009E-16	1.986846E-20
5.123013E+03	5.381015E-16	1.986110E-20
5.126055E+03	5.367281E-16	1.981041E-20
5.129096E+03	5.346257E-16	1.973281E-20
5.132138E+03	5.307480E-16	1.958969E-20
5.135179E+03	5.263648E-16	1.942791E-20
5.138221E+03	5.232038E-16	1.931124E-20
5.141262E+03	5.198699E-16	1.918818E-20
5.144303E+03	5.150957E-16	1.901197E-20
5.147345E+03	5.103078E-16	1.883525E-20
5.150386E+03	5.053160E-16	1.865100E-20
5.153427E+03	5.014663E-16	1.850891E-20
5.156469E+03	4.983624E-16	1.839435E-20
5.159510E+03	4.960036E-16	1.830729E-20
5.162552E+03	4.932185E-16	1.820449E-20
5.165593E+03	4.911624E-16	1.812860E-20
5.168635E+03	4.885062E-16	1.803056E-20
5.171676E+03	4.862147E-16	1.794598E-20
5.174717E+03	4.853470E-16	1.791396E-20
5.177759E+03	4.845903E-16	1.788603E-20
5.180800E+03	4.840392E-16	1.786569E-20
5.183842E+03	4.837254E-16	1.785410E-20
5.186883E+03	4.836959E-16	1.785301E-20
5.189925E+03	4.839032E-16	1.786067E-20
5.192966E+03	4.843473E-16	1.787706E-20
5.196007E+03	4.849647E-16	1.789984E-20
5.199049E+03	4.856448E-16	1.792495E-20
5.202090E+03	4.862773E-16	1.794829E-20
5.205132E+03	4.868149E-16	1.796814E-20
5.208173E+03	4.868948E-16	1.797109E-20
5.211214E+03	4.863757E-16	1.795192E-20
5.214256E+03	4.868339E-16	1.796884E-20
5.217297E+03	4.865040E-16	1.795666E-20
5.220339E+03	4.850240E-16	1.790203E-20
5.223380E+03	4.861752E-16	1.794453E-20
5.226421E+03	4.889795E-16	1.804803E-20
5.229463E+03	4.912156E-16	1.813056E-20
5.232504E+03	4.933247E-16	1.820841E-20
5.235546E+03	4.953227E-16	1.828216E-20
5.238587E+03	4.982166E-16	1.838897E-20
5.241628E+03	4.998664E-16	1.844986E-20
5.244670E+03	4.997227E-16	1.844456E-20
5.247711E+03	5.012300E-16	1.850019E-20
5.250753E+03	5.042299E-16	1.861092E-20
5.253794E+03	5.051852E-16	1.864618E-20
5.256836E+03	5.058731E-16	1.867157E-20
5.259877E+03	5.079430E-16	1.874797E-20
5.262918E+03	5.089126E-16	1.878375E-20
5.265960E+03	5.100387E-16	1.882532E-20
5.269001E+03	5.114155E-16	1.887613E-20
5.272042E+03	5.110494E-16	1.886262E-20
5.275084E+03	5.114682E-16	1.887808E-20
5.278125E+03	5.101296E-16	1.882867E-20
5.281167E+03	5.078662E-16	1.874513E-20
5.284208E+03	5.067956E-16	1.870561E-20
5.287250E+03	5.048004E-16	1.863197E-20
5.290291E+03	5.005805E-16	1.847622E-20
5.293332E+03	4.978354E-16	1.837490E-20
5.296374E+03	4.947782E-16	1.826206E-20
5.299415E+03	4.916911E-16	1.814811E-20
5.302457E+03	4.896232E-16	1.807179E-20
5.305498E+03	4.890436E-16	1.805040E-20
5.308539E+03	4.875563E-16	1.799550E-20
5.311581E+03	4.867583E-16	1.796605E-20
5.314622E+03	4.850845E-16	1.790427E-20
5.317664E+03	4.824572E-16	1.780729E-20
5.320705E+03	4.808633E-16	1.774846E-20
5.323747E+03	4.784884E-16	1.766081E-20
5.326788E+03	4.756142E-16	1.755472E-20
5.329829E+03	4.733664E-16	1.747176E-20
5.332871E+03	4.701041E-16	1.735135E-20
5.335912E+03	4.671557E-16	1.724252E-20
5.338954E+03	4.648332E-16	1.715680E-20
5.341995E+03	4.632302E-16	1.709763E-20
5.345036E+03	4.629858E-16	1.708861E-20
5.348078E+03	4.646146E-16	1.714873E-20
5.351119E+03	4.652908E-16	1.717369E-20
5.354161E+03	4.653271E-16	1.717503E-20
5.357202E+03	4.632265E-16	1.709750E-20
5.360243E+03	4.624680E-16	1.706950E-20
5.363285E+03	4.613823E-16	1.702943E-20
5.366326E+03	4.620428E-16	1.705381E-20
5.369368E+03	4.642770E-16	1.713627E-20
5.372409E+03	4.662453E-16	1.720892E-20
5.375450E+03	4.670756E-16	1.723957E-20
5.378492E+03	4.681704E-16	1.727997E-20
5.381533E+03	4.688442E-16	1.730485E-20
5.384575E+03	4.695333E-16	1.733028E-20
5.387616E+03	4.689617E-16	1.730918E-20
5.390658E+03	4.693237E-16	1.732254E-20
5.393699E+03	4.706189E-16	1.737035E-20
5.396740E+03	4.712916E-16	1.739518E-20
5.399782E+03	4.696938E-16	1.733620E-20
5.402823E+03	4.704129E-16	1.736274E-20
5.405865E+03	4.714737E-16	1.740190E-20
5.408906E+03	4.709957E-16	1.738425E-20
5.411947E+03	4.697411E-16	1.733795E-20
5.414989E+03	4.685028E-16	1.729224E-20
5.418030E+03	4.668612E-16	1.723165E-20
5.421072E+03	4.641648E-16	1.713213E-20
5.424113E+03	4.626491E-16	1.707618E-20
5.427154E+03	4.612582E-16	1.702485E-20
5.430196E+03	4.596197E-16	1.696437E-20
5.433237E+03	4.562913E-16	1.684152E-20
5.436279E+03	4.528559E-16	1.671472E-20
5.439320E+03	4.497012E-16	1.659828E-20
5.442361E+03	4.474002E-16	1.651336E-20
5.445403E+03	4.448988E-16	1.642103E-20
5.448444E+03	4.444437E-16	1.640423E-20
5.451486E+03	4.456306E-16	1.644804E-20
5.454527E+03	4.465072E-16	1.648040E-20
5.457569E+03	4.468261E-16	1.649217E-20
5.460610E+03	4.471913E-16	1.650565E-20
5.463651E+03	4.459933E-16	1.646143E-20
5.466693E+03	4.454767E-16	1.644236E-20
5.469734E+03	4.446199E-16	1.641074E-20
5.472776E+03	4.429129E-16	1.634773E-20
5.475817E+03	4.409903E-16	1.627677E-20
5.478858E+03	4.389293E-16	1.620070E-20
5.481900E+03	4.363129E-16	1.610413E-20
5.484941E+03	4.341302E-16	1.602357E-20
5.487983E+03	4.332463E-16	1.599094E-20
5.491024E+03	4.348956E-16	1.605182E-20
5.494065E+03	4.348148E-16	1.604884E-20
5.497107E+03	4.332675E-16	1.599172E-20
5.500148E+03	4.320913E-16	1.594831E-20
5.503190E+03	4.316254E-16	1.593111E-20
5.506231E+03	4.282438E-16	1.580630E-20
5.509273E+03	4.284113E-16	1.581249E-20
5.512314E+03	4.277154E-16	1.578680E-20
5.515355E+03	4.273433E-16	1.577306E-20
5.518397E+03	4.263857E-16	1.573772E-20
5.521438E+03	4.249047E-16	1.568306E-20
5.524480E+03	4.227618E-16	1.560396E-20
5.527521E+03	4.219907E-16	1.557550E-20
5.530562E+03	4.212200E-16	1.554706E-20
5.533604E+03	4.214658E-16	1.555613E-20
5.536645E+03	4.226660E-16	1.560043E-20
5.539687E+03	4.230192E-16	1.561346E-20
5.542728E+03	4.237723E-16	1.564126E-20
5.545769E+03	4.246327E-16	1.567302E-20
5.548811E+03	4.250467E-16	1.568830E-20
5.551852E+03	4.247994E-16	1.567917E-20
5.554894E+03	4.232916E-16	1.562352E-20
5.557935E+03	4.219535E-16	1.557413E-20
5.560976E+03	4.225830E-16	1.559736E-20
5.564018E+03	4.216297E-16	1.556218E-20
5.567059E+03	4.200317E-16	1.550320E-20
5.570101E+03	4.200777E-16	1.550489E-20
5.573142E+03	4.188492E-16	1.545955E-20
5.576184E+03	4.170074E-16	1.539157E-20
5.579225E+03	4.147980E-16	1.531002E-20
5.582266E+03	4.131113E-16	1.524777E-20
5.585308E+03	4.109345E-16	1.516742E-20
5.588349E+03	4.099394E-16	1.513069E-20
5.591391E+03	4.092363E-16	1.510474E-20
5.594432E+03	4.083800E-16	1.507314E-20
5.597473E+03	4.079840E-16	1.505852E-20
5.600515E+03	4.062245E-16	1.499358E-20
5.603556E+03	4.051704E-16	1.495467E-20
5.606598E+03	4.047294E-16	1.493840E-20
5.609639E+03	4.043345E-16	1.492382E-20
5.612681E+03	4.039399E-16	1.490926E-20
5.615722E+03	4.039893E-16	1.491108E-20
5.618763E+03	4.044212E-16	1.492702E-20
5.621805E+03	4.048071E-16	1.494126E-20
5.624846E+03	4.062482E-16	1.499445E-20
5.627887E+03	4.060830E-16	1.498836E-20
5.630929E+03	4.058261E-16	1.497887E-20
5.633970E+03	4.070368E-16	1.502356E-20
5.637012E+03	4.078191E-16	1.505243E-20
5.640053E+03	4.062633E-16	1.499501E-20
5.643095E+03	4.055331E-16	1.496806E-20
5.646136E+03	4.051392E-16	1.495352E-20
5.649177E+03	4.051120E-16	1.495252E-20
5.652219E+03	4.020926E-16	1.484107E-20
5.655260E+03	4.044623E-16	1.492854E-20
5.658302E+03	4.036265E-16	1.489769E-20
5.661343E+03	4.029742E-16	1.487361E-20
5.664384E+03	4.014069E-16	1.481576E-20
5.667426E+03	3.997184E-16	1.475344E-20
5.670467E+03	3.976648E-16	1.467764E-20
5.673509E+03	3.967704E-16	1.464463E-20
5.676550E+03	3.943069E-16	1.455370E-20
5.679592E+03	3.928194E-16	1.449880E-20
5.682633E+03	3.916526E-16	1.445574E-20
5.685674E+03	3.893288E-16	1.436997E-20
5.688716E+03	3.879348E-16	1.431851E-20
5.691757E+03	3.885052E-16	1.433957E-20
5.694798E+03	3.877513E-16	1.431174E-20
5.697840E+03	3.865868E-16	1.426876E-20
5.700881E+03	3.869595E-16	1.428252E-20
5.703923E+03	3.866931E-16	1.427268E-20
5.706964E+03	3.869134E-16	1.428081E-20
5.710006E+03	3.865560E-16	1.426762E-20
5.713047E+03	3.856059E-16	1.423256E-20
5.716088E+03	3.853553E-16	1.422331E-20
5.719130E+03	3.856366E-16	1.423369E-20
5.722171E+03	3.861760E-16	1.425360E-20
5.725213E+03	3.864266E-16	1.426285E-20
5.728254E+03	3.871023E-16	1.428779E-20
5.731296E+03	3.876714E-16	1.430879E-20
5.734337E+03	3.879519E-16	1.431915E-20
5.737378E+03	3.887179E-16	1.434742E-20
5.740420E+03	3.885886E-16	1.434264E-20
5.743461E+03	3.870790E-16	1.428693E-20
5.746502E+03	3.851456E-16	1.421557E-20
5.749544E+03	3.849716E-16	1.420914E-20
5.752585E+03	3.844188E-16	1.418874E-20
5.755627E+03	3.833813E-16	1.415045E-20
5.758668E+03	3.808898E-16	1.405848E-20
5.761710E+03	3.796111E-16	1.401129E-20
5.764751E+03	3.781210E-16	1.395629E-20
5.767792E+03	3.765862E-16	1.389964E-20
5.770834E+03	3.752942E-16	1.385196E-20
5.773875E+03	3.741996E-16	1.381155E-20
5.776917E+03	3.733626E-16	1.378066E-20
5.779958E+03	3.729647E-16	1.376597E-20
5.782999E+03	3.713116E-16	1.370496E-20
5.786041E+03	3.698560E-16	1.365123E-20
5.789082E+03	3.686729E-16	1.360757E-20
5.792124E+03	3.681404E-16	1.358791E-20
5.795165E+03	3.676082E-16	1.356827E-20
5.798207E+03	3.688136E-16	1.361276E-20
5.801248E+03	3.711817E-16	1.370017E-20
5.804289E+03	3.720687E-16	1.373291E-20
5.807331E+03	3.725779E-16	1.375170E-20
5.810372E+03	3.728606E-16	1.376213E-20
5.813413E+03	3.732185E-16	1.377534E-20
5.816455E+03	3.733198E-16	1.377908E-20
5.819496E+03	3.733909E-16	1.378171E-20
5.822538E+03	3.704605E-16	1.367355E-20
5.825579E+03	3.686171E-16	1.360551E-20
5.828621E+03	3.692922E-16	1.363043E-20
5.831662E+03	3.695751E-16	1.364087E-20
5.834703E+03	3.692251E-16	1.362795E-20
5.837745E+03	3.702763E-16	1.366675E-20
5.840786E+03	3.685104E-16	1.360157E-20
5.843828E+03	3.669560E-16	1.354420E-20
5.846869E+03	3.667423E-16	1.353631E-20
5.849910E+03	3.650534E-16	1.347397E-20
5.852952E+03	3.655778E-16	1.349333E-20
5.855993E+03	3.654098E-16	1.348713E-20
5.859035E+03	3.650312E-16	1.347315E-20
5.862076E+03	3.653598E-16	1.348528E-20
5.865118E+03	3.646506E-16	1.345910E-20
5.868159E+03	3.635057E-16	1.341685E-20
5.871200E+03	3.619254E-16	1.335852E-20
5.874242E+03	3.610221E-16	1.332518E-20
5.877283E+03	3.598337E-16	1.328132E-20
5.880325E+03	3.581651E-16	1.321973E-20
5.883366E+03	3.582394E-16	1.322247E-20
5.886407E+03	3.584187E-16	1.322909E-20
5.889449E+03	3.569166E-16	1.317365E-20
5.892490E+03	3.564810E-16	1.315757E-20
5.895532E+03	3.578461E-16	1.320795E-20
5.898573E+03	3.584755E-16	1.323119E-20
5.901614E+03	3.589098E-16	1.324722E-20
5.904656E+03	3.586990E-16	1.323944E-20
5.907697E+03	3.590880E-16	1.325379E-20
5.910739E+03	3.584426E-16	1.322997E-20
5.913780E+03	3.591463E-16	1.325594E-20
5.916822E+03	3.590555E-16	1.325259E-20
5.919863E+03	3.598937E-16	1.328353E-20
5.922904E+03	3.619297E-16	1.335868E-20
5.925946E+03	3.616738E-16	1.334923E-20
5.928987E+03	3.610587E-16	1.332653E-20
5.932029E+03	3.616114E-16	1.334693E-20
5.935070E+03	3.618794E-16	1.335682E-20
5.938111E+03	3.624617E-16	1.337832E-20
5.941153E+03	3.642254E-16	1.344341E-20
5.944194E+03	3.680373E-16	1.358411E-20
5.947236E+03	3.713542E-16	1.370653E-20
5.950277E+03	3.731449E-16	1.377263E-20
5.953318E+03	3.741876E-16	1.381111E-20
5.956360E+03	3.743183E-16	1.381594E-20
5.959401E+03	3.745984E-16	1.382628E-20
5.962443E+03	3.743855E-16	1.381842E-20
5.965484E+03	3.733065E-16	1.377859E-20
5.968525E+03	3.706604E-16	1.368093E-20
5.971567E+03	3.698216E-16	1.364997E-20
5.974608E+03	3.698189E-16	1.364987E-20
5.977650E+03	3.683689E-16	1.359635E-20
5.980691E+03	3.661288E-16	1.351367E-20
5.983733E+03	3.646802E-16	1.346020E-20
5.986774E+03	3.629190E-16	1.339520E-20
5.989815E+03	3.626197E-16	1.338415E-20
5.992857E+03	3.620969E-16	1.336485E-20
5.995898E+03	3.619916E-16	1.336097E-20
5.998940E+03	3.634657E-16	1.341537E-20
6.001981E+03	3.636284E-16	1.342138E-20
6.005022E+03	3.643123E-16	1.344662E-20
6.008064E+03	3.648023E-16	1.346471E-20
6.011105E+03	3.641607E-16	1.344103E-20
6.014147E+03	3.640702E-16	1.343768E-20
6.017188E+03	3.627595E-16	1.338931E-20
6.020229E+03	3.623866E-16	1.337555E-20
6.023271E+03	3.619841E-16	1.336069E-20
6.026312E+03	3.620727E-16	1.336396E-20
6.029354E+03	3.622504E-16	1.337052E-20
6.032395E+03	3.610455E-16	1.332605E-20
6.035436E+03	3.603168E-16	1.329915E-20
6.038478E+03	3.599748E-16	1.328653E-20
6.041519E+03	3.606283E-16	1.331065E-20
6.044561E+03	3.604497E-16	1.330405E-20
6.047602E+03	3.596772E-16	1.327554E-20
6.050644E+03	3.587269E-16	1.324047E-20
6.053685E+03	3.585342E-16	1.323335E-20
6.056726E+03	3.576884E-16	1.320214E-20
6.059768E+03	3.570805E-16	1.317970E-20
6.062809E+03	3.565618E-16	1.316056E-20
6.065851E+03	3.563845E-16	1.315401E-20
6.068892E+03	3.557773E-16	1.313160E-20
6.071933E+03	3.535396E-16	1.304901E-20
6.074975E+03	3.520439E-16	1.299380E-20
6.078016E+03	3.501488E-16	1.292385E-20
6.081058E+03	3.482692E-16	1.285448E-20
6.084099E+03	3.477237E-16	1.283434E-20
6.087141E+03	3.484668E-16	1.286177E-20
6.090182E+03	3.490912E-16	1.288482E-20
6.093223E+03	3.489160E-16	1.287835E-20
6.096265E+03	3.482820E-16	1.285495E-20
6.099306E+03	3.481515E-16	1.285013E-20
6.102347E+03	3.463195E-16	1.278252E-20
6.105389E+03	3.445624E-16	1.271766E-20
6.108430E+03	3.436489E-16	1.268395E-20
6.111472E+03	3.423810E-16	1.263715E-20
6.114513E+03	3.410694E-16	1.258874E-20
6.117555E+03	3.393591E-16	1.252561E-20
6.120596E+03	3.376496E-16	1.246251E-20
6.123637E+03	3.361772E-16	1.240817E-20
6.126679E+03	3.353258E-16	1.237674E-20
6.129720E+03	3.350951E-16	1.236823E-20
6.132762E+03	3.347167E-16	1.235426E-20
6.135803E+03	3.329953E-16	1.229073E-20
6.138844E+03	3.322339E-16	1.226262E-20
6.141886E+03	3.317236E-16	1.224379E-20
6.144927E+03	3.310071E-16	1.221734E-20
6.147969E+03	3.303204E-16	1.219200E-20
6.151010E+03	3.297961E-16	1.217265E-20
6.154051E+03	3.294786E-16	1.216093E-20
6.157093E+03	3.291023E-16	1.214704E-20
6.160134E+03	3.282545E-16	1.211574E-20
6.163176E+03	3.280701E-16	1.210894E-20
6.166217E+03	3.293149E-16	1.215488E-20
6.169258E+03	3.303381E-16	1.219265E-20
6.172300E+03	3.306689E-16	1.220486E-20
6.175341E+03	3.302046E-16	1.218772E-20
6.178383E+03	3.291811E-16	1.214995E-20
6.181424E+03	3.293354E-16	1.215564E-20
6.184466E+03	3.293278E-16	1.215536E-20
6.187507E+03	3.304972E-16	1.219852E-20
6.190548E+03	3.295481E-16	1.216349E-20
6.193590E+03	3.303346E-16	1.219252E-20
6.196631E+03	3.304152E-16	1.219550E-20
6.199673E+03	3.292023E-16	1.215073E-20
6.202714E+03	3.273137E-16	1.208102E-20
6.205756E+03	3.257786E-16	1.202436E-20
6.208797E+03	3.259190E-16	1.202954E-20
6.211838E+03	3.244141E-16	1.197400E-20
6.214880E+03	3.238205E-16	1.195209E-20
6.217921E+03	3.227279E-16	1.191176E-20
6.220962E+03	3.217239E-16	1.187470E-20
6.224004E+03	3.202946E-16	1.182195E-20
6.227045E+03	3.201719E-16	1.181742E-20
6.230087E+03	3.202399E-16	1.181993E-20
6.233128E+03	3.201172E-16	1.181540E-20
6.236170E+03	3.194960E-16	1.179247E-20
6.239211E+03	3.186992E-16	1.176306E-20
6.242252E+03	3.186504E-16	1.176126E-20
6.245294E+03	3.180593E-16	1.173945E-20
6.248335E+03	3.163696E-16	1.167708E-20
6.251377E+03	3.159257E-16	1.166070E-20
6.254418E+03	3.158629E-16	1.165838E-20
6.257459E+03	3.150679E-16	1.162903E-20
6.260501E+03	3.143026E-16	1.160079E-20
6.263542E+03	3.133912E-16	1.156715E-20
6.266584E+03	3.128900E-16	1.154865E-20
6.269625E+03	3.127986E-16	1.154528E-20
6.272667E+03	3.130877E-16	1.155595E-20
6.275708E+03	3.131720E-16	1.155906E-20
6.278749E+03	3.122911E-16	1.152655E-20
6.281791E+03	3.109136E-16	1.147570E-20
6.284832E+03	3.111445E-16	1.148422E-20
6.287873E+03	3.111415E-16	1.148411E-20
6.290915E+03	3.107001E-16	1.146782E-20
6.293956E+03	3.104636E-16	1.145909E-20
6.296998E+03	3.107676E-16	1.147031E-20
6.300039E+03	3.112759E-16	1.148907E-20
6.303081E+03	3.119154E-16	1.151268E-20
6.306122E+03	3.107301E-16	1.146893E-20
6.309163E+03	3.103770E-16	1.145590E-20
6.312205E+03	3.100097E-16	1.144234E-20
6.315246E+03	3.106053E-16	1.146432E-20
6.318288E+03	3.107923E-16	1.147122E-20
6.321329E+03	3.109793E-16	1.147813E-20
6.324370E+03	3.107289E-16	1.146888E-20
6.327412E+03	3.110615E-16	1.148116E-20
6.330453E+03	3.113651E-16	1.149237E-20
6.333495E+03	3.126156E-16	1.153852E-20
6.336536E+03	3.132539E-16	1.156208E-20
6.339578E+03	3.148386E-16	1.162057E-20
6.342619E+03	3.144714E-16	1.160702E-20
6.345660E+03	3.141771E-16	1.159616E-20
6.348702E+03	3.146982E-16	1.161539E-20
6.351743E+03	3.144769E-16	1.160722E-20
6.354785E+03	3.149978E-16	1.162645E-20
6.357826E+03	3.152421E-16	1.163547E-20
6.360867E+03	3.152099E-16	1.163428E-20
6.363909E+03	3.140434E-16	1.159122E-20
6.366950E+03	3.135027E-16	1.157127E-20
6.369992E+03	3.133983E-16	1.156741E-20
6.373033E+03	3.134829E-16	1.157054E-20
6.376074E+03	3.121290E-16	1.152056E-20
6.379116E+03	3.106447E-16	1.146578E-20
6.382157E+03	3.102942E-16	1.145284E-20
6.385199E+03	3.099147E-16	1.143883E-20
6.388240E+03	3.097242E-16	1.143180E-20
6.391282E+03	3.080240E-16	1.136905E-20
6.394323E+03	3.078050E-16	1.136097E-20
6.397364E+03	3.087326E-16	1.139520E-20
6.400406E+03	3.102837E-16	1.145245E-20
6.403447E+03	3.117182E-16	1.150540E-20
6.406489E+03	3.132973E-16	1.156368E-20
6.409530E+03	3.144987E-16	1.160803E-20
6.412571E+03	3.144239E-16	1.160527E-20
6.415613E+03	3.132910E-16	1.156345E-20
6.418654E+03	3.122745E-16	1.152593E-20
6.421696E+03	3.122002E-16	1.152319E-20
6.424737E+03	3.134444E-16	1.156911E-20
6.427778E+03	3.135728E-16	1.157385E-20
6.430820E+03	3.151060E-16	1.163044E-20
6.433861E+03	3.153064E-16	1.163784E-20
6.436903E+03	3.156083E-16	1.164898E-20
6.439944E+03	3.150415E-16	1.162806E-20
6.442985E+03	3.140121E-16	1.159007E-20
6.446027E+03	3.128094E-16	1.154568E-20
6.449068E+03	3.111588E-16	1.148475E-20
6.452110E+03	3.083663E-16	1.138168E-20
6.455151E+03	3.067462E-16	1.132189E-20
6.458193E+03	3.059363E-16	1.129199E-20
6.461234E+03	3.056471E-16	1.128132E-20
6.464275E+03	3.042742E-16	1.123065E-20
6.467317E+03	3.027718E-16	1.117519E-20
6.470358E+03	3.012556E-16	1.111923E-20
6.473400E+03	2.995666E-16	1.105689E-20
6.476441E+03	2.975606E-16	1.098285E-20
6.479482E+03	2.967249E-16	1.095201E-20
6.482524E+03	2.965968E-16	1.094728E-20
6.485565E+03	2.961658E-16	1.093137E-20
6.488607E+03	2.959514E-16	1.092346E-20
6.491648E+03	2.958526E-16	1.091981E-20
6.494689E+03	2.960711E-16	1.092787E-20
6.497731E+03	2.959724E-16	1.092423E-20
6.500772E+03	2.966522E-16	1.094932E-20
6.503814E+03	2.975337E-16	1.098186E-20
6.506855E+03	2.974781E-16	1.097981E-20
6.509896E+03	2.979269E-16	1.099637E-20
6.512938E+03	2.983900E-16	1.101346E-20
6.515979E+03	2.992850E-16	1.104650E-20
6.519021E+03	2.994597E-16	1.105295E-20
6.522062E+03	2.992888E-16	1.104664E-20
6.525104E+03	2.989595E-16	1.103449E-20
6.528145E+03	2.993358E-16	1.104837E-20
6.531186E+03	2.995680E-16	1.105695E-20
6.534228E+03	2.989225E-16	1.103312E-20
6.537269E+03	2.980470E-16	1.100081E-20
6.540311E+03	2.997754E-16	1.106460E-20
6.543352E+03	3.013163E-16	1.112147E-20
6.546393E+03	3.022240E-16	1.115498E-20
6.549435E+03	3.027431E-16	1.117414E-20
6.552476E+03	3.036216E-16	1.120656E-20
6.555518E+03	3.040829E-16	1.122359E-20
6.558559E+03	3.034809E-16	1.120137E-20
6.561600E+03	3.019885E-16	1.114629E-20
6.564642E+03	3.023926E-16	1.116120E-20
6.567683E+03	3.045916E-16	1.124237E-20
6.570725E+03	3.074072E-16	1.134629E-20
6.573766E+03	3.076666E-16	1.135586E-20
6.576807E+03	3.097631E-16	1.143324E-20
6.579849E+03	3.097782E-16	1.143380E-20
6.582890E+03	3.095494E-16	1.142536E-20
6.585932E+03	3.088617E-16	1.139997E-20
6.588973E+03	3.077297E-16	1.135819E-20
6.592015E+03	3.068133E-16	1.132437E-20
6.595056E+03	3.055531E-16	1.127785E-20
6.598097E+03	3.058558E-16	1.128903E-20
6.601139E+03	3.056140E-16	1.128010E-20
6.604180E+03	3.050140E-16	1.125795E-20
6.607222E+03	3.033398E-16	1.119616E-20
6.610263E+03	3.032561E-16	1.119307E-20
6.613304E+03	3.073113E-16	1.134275E-20
6.616346E+03	3.136703E-16	1.157746E-20
6.619387E+03	3.202847E-16	1.182159E-20
6.622429E+03	3.233615E-16	1.193516E-20
6.625470E+03	3.171211E-16	1.170482E-20
6.628511E+03	3.059181E-16	1.129133E-20
6.631553E+03	2.944759E-16	1.086900E-20
6.634594E+03	2.855695E-16	1.054027E-20
6.637636E+03	2.826868E-16	1.043387E-20
6.640677E+03	2.880405E-16	1.063147E-20
6.643718E+03	3.003399E-16	1.108544E-20
6.646760E+03	3.158221E-16	1.165688E-20
6.649801E+03	3.351571E-16	1.237053E-20
6.652843E+03	3.600287E-16	1.328853E-20
6.655884E+03	3.885484E-16	1.434118E-20
6.658926E+03	4.202716E-16	1.551207E-20
6.661967E+03	4.547252E-16	1.678374E-20
6.665008E+03	4.900518E-16	1.808764E-20
6.668050E+03	5.251947E-16	1.938475E-20
6.671091E+03	5.583555E-16	2.060870E-20
6.674133E+03	5.921183E-16	2.185488E-20
6.677174E+03	6.245139E-16	2.305058E-20
6.680215E+03	6.522192E-16	2.407318E-20
6.683257E+03	6.760927E-16	2.495434E-20
6.686298E+03	6.955658E-16	2.567309E-20
6.689340E+03	7.100994E-16	2.620951E-20
6.692381E+03	7.194391E-16	2.655424E-20
6.695422E+03	7.240157E-16	2.672316E-20
6.698464E+03	7.235890E-16	2.670741E-20
6.701505E+03	7.180053E-16	2.650132E-20
6.704547E+03	7.065122E-16	2.607711E-20
6.707588E+03	6.907080E-16	2.549379E-20
6.710630E+03	6.716057E-16	2.478873E-20
6.713671E+03	6.485951E-16	2.393942E-20
6.716712E+03	6.224184E-16	2.297324E-20
6.719754E+03	5.923657E-16	2.186401E-20
6.722795E+03	5.603312E-16	2.068163E-20
6.725837E+03	5.259464E-16	1.941250E-20
6.728878E+03	4.898098E-16	1.807871E-20
6.731919E+03	4.541268E-16	1.676166E-20
6.734961E+03	4.201341E-16	1.550700E-20
6.738002E+03	3.879873E-16	1.432047E-20
6.741044E+03	3.591068E-16	1.325450E-20
6.744085E+03	3.351255E-16	1.236936E-20
6.747127E+03	3.139660E-16	1.158837E-20
6.750168E+03	2.987099E-16	1.102528E-20
6.753209E+03	2.884025E-16	1.064483E-20
6.756251E+03	2.874581E-16	1.060998E-20
6.759292E+03	2.959287E-16	1.092262E-20
6.762333E+03	3.049360E-16	1.125508E-20
6.765375E+03	3.114560E-16	1.149573E-20
6.768416E+03	3.129496E-16	1.155086E-20
6.771458E+03	3.066240E-16	1.131738E-20
6.774499E+03	2.996905E-16	1.106147E-20
6.777541E+03	2.942347E-16	1.086010E-20
6.780582E+03	2.904686E-16	1.072109E-20
6.783623E+03	2.881502E-16	1.063552E-20
6.786665E+03	2.865274E-16	1.057563E-20
6.789706E+03	2.851604E-16	1.052517E-20
6.792748E+03	2.803213E-16	1.034656E-20
6.795789E+03	2.790836E-16	1.030088E-20
6.798830E+03	2.788521E-16	1.029233E-20
6.801872E+03	2.784650E-16	1.027805E-20
6.804913E+03	2.777664E-16	1.025226E-20
6.807955E+03	2.773939E-16	1.023851E-20
6.810996E+03	2.761862E-16	1.019394E-20
6.814038E+03	2.752196E-16	1.015826E-20
6.817079E+03	2.749610E-16	1.014871E-20
6.820120E+03	2.760329E-16	1.018828E-20
6.823162E+03	2.764535E-16	1.020380E-20
6.826203E+03	2.756292E-16	1.017338E-20
6.829244E+03	2.746355E-16	1.013670E-20
6.832286E+03	2.733450E-16	1.008907E-20
6.835327E+03	2.724794E-16	1.005712E-20
6.838369E+03	2.727592E-16	1.006745E-20
6.841410E+03	2.715548E-16	1.002299E-20
6.844452E+03	2.697855E-16	9.957689E-21
6.847493E+03	2.674374E-16	9.871022E-21
6.850534E+03	2.663335E-16	9.830279E-21
6.853576E+03	2.671653E-16	9.860981E-21
6.856617E+03	2.652851E-16	9.791583E-21
6.859659E+03	2.646623E-16	9.768597E-21
6.862700E+03	2.636869E-16	9.732595E-21
6.865742E+03	2.617378E-16	9.660654E-21
6.868783E+03	2.598035E-16	9.589258E-21
6.871824E+03	2.584626E-16	9.539766E-21
6.874866E+03	2.557676E-16	9.440297E-21
6.877907E+03	2.547383E-16	9.402304E-21
6.880949E+03	2.554442E-16	9.428360E-21
6.883990E+03	2.550641E-16	9.414329E-21
6.887031E+03	2.544585E-16	9.391976E-21
6.890073E+03	2.522600E-16	9.310833E-21
6.893114E+03	2.501610E-16	9.233360E-21
6.896156E+03	2.484011E-16	9.168401E-21
6.899197E+03	2.456835E-16	9.068096E-21
6.902238E+03	2.450098E-16	9.043229E-21
6.905280E+03	2.450829E-16	9.045927E-21
6.908321E+03	2.433672E-16	8.982603E-21
6.911363E+03	2.429197E-16	8.966083E-21
6.914404E+03	2.443872E-16	9.020250E-21
6.917445E+03	2.452067E-16	9.050495E-21
6.920487E+03	2.456600E-16	9.067228E-21
6.923528E+03	2.454237E-16	9.058504E-21
6.926570E+03	2.456095E-16	9.065365E-21
6.929611E+03	2.451061E-16	9.046785E-21
6.932653E+03	2.448279E-16	9.036516E-21
6.935694E+03	2.462234E-16	9.088025E-21
6.938735E+03	2.461422E-16	9.085025E-21
6.941777E+03	2.472560E-16	9.126136E-21
6.944818E+03	2.471887E-16	9.123651E-21
6.947859E+03	2.473745E-16	9.130508E-21
6.950901E+03	2.482629E-16	9.163301E-21
6.953942E+03	2.496429E-16	9.214235E-21
6.956984E+03	2.499408E-16	9.225230E-21
6.960025E+03	2.505616E-16	9.248147E-21
6.963067E+03	2.499886E-16	9.226997E-21
6.966108E+03	2.492332E-16	9.199115E-21
6.969149E+03	2.481974E-16	9.160883E-21
6.972191E+03	2.463899E-16	9.094169E-21
6.975232E+03	2.448215E-16	9.036281E-21
6.978274E+03	2.429591E-16	8.967539E-21
6.981315E+03	2.415602E-16	8.915908E-21
6.984356E+03	2.419857E-16	8.931611E-21
6.987398E+03	2.401948E-16	8.865511E-21
6.990439E+03	2.389796E-16	8.820657E-21
6.993481E+03	2.382836E-16	8.794969E-21
6.996522E+03	2.393684E-16	8.835009E-21
6.999564E+03	2.395839E-16	8.842963E-21
7.002605E+03	2.377390E-16	8.774868E-21
7.005646E+03	2.378847E-16	8.780246E-21
7.008688E+03	2.372176E-16	8.755625E-21
7.011729E+03	2.368731E-16	8.742908E-21
7.014771E+03	2.372852E-16	8.758117E-21
7.017812E+03	2.385935E-16	8.806409E-21
7.020853E+03	2.404756E-16	8.875877E-21
7.023895E+03	2.428472E-16	8.963410E-21
7.026936E+03	2.449661E-16	9.041619E-21
7.029978E+03	2.453209E-16	9.054715E-21
7.033019E+03	2.447100E-16	9.032167E-21
7.036060E+03	2.445332E-16	9.025641E-21
7.039102E+03	2.454897E-16	9.060944E-21
7.042143E+03	2.458164E-16	9.073002E-21
7.045185E+03	2.457934E-16	9.072155E-21
7.048226E+03	2.463439E-16	9.092473E-21
7.051267E+03	2.455241E-16	9.062214E-21
7.054309E+03	2.440754E-16	9.008743E-21
7.057350E+03	2.434379E-16	8.985215E-21
7.060392E+03	2.433178E-16	8.980780E-21
7.063433E+03	2.423454E-16	8.944889E-21
7.066475E+03	2.409961E-16	8.895088E-21
7.069516E+03	2.398987E-16	8.854584E-21
7.072557E+03	2.391230E-16	8.825952E-21
7.075599E+03	2.382219E-16	8.792692E-21
7.078640E+03	2.362179E-16	8.718727E-21
7.081682E+03	2.343263E-16	8.648910E-21
7.084723E+03	2.319886E-16	8.562625E-21
7.087764E+03	2.302100E-16	8.496978E-21
7.090806E+03	2.307484E-16	8.516851E-21
7.093847E+03	2.314822E-16	8.543934E-21
7.096889E+03	2.326762E-16	8.588004E-21
7.099930E+03	2.347487E-16	8.664498E-21
7.102971E+03	2.359279E-16	8.708024E-21
7.106013E+03	2.365770E-16	8.731982E-21
7.109054E+03	2.360688E-16	8.713225E-21
7.112096E+03	2.366062E-16	8.733060E-21
7.115137E+03	2.360982E-16	8.714311E-21
7.118178E+03	2.350748E-16	8.676535E-21
7.121220E+03	2.345673E-16	8.657803E-21
7.124261E+03	2.342271E-16	8.645248E-21
7.127303E+03	2.338036E-16	8.629616E-21
7.130344E+03	2.339234E-16	8.634040E-21
7.133386E+03	2.333748E-16	8.613789E-21
7.136427E+03	2.329517E-16	8.598175E-21
7.139468E+03	2.341022E-16	8.640636E-21
7.142510E+03	2.353080E-16	8.685145E-21
7.145551E+03	2.357340E-16	8.700869E-21
7.148593E+03	2.368420E-16	8.741763E-21
7.151634E+03	2.371010E-16	8.751322E-21
7.154675E+03	2.369563E-16	8.745981E-21
7.157717E+03	2.371456E-16	8.752971E-21
7.160758E+03	2.378358E-16	8.778446E-21
7.163800E+03	2.391238E-16	8.825983E-21
7.166841E+03	2.407730E-16	8.886856E-21
7.169882E+03	2.402946E-16	8.869199E-21
7.172924E+03	2.399694E-16	8.857196E-21
7.175965E+03	2.378373E-16	8.778501E-21
7.179007E+03	2.364842E-16	8.728557E-21
7.182048E+03	2.370908E-16	8.750947E-21
7.185090E+03	2.362940E-16	8.721538E-21
7.188131E+03	2.354558E-16	8.690601E-21
7.191172E+03	2.351179E-16	8.678130E-21
7.194214E+03	2.350441E-16	8.675406E-21
7.197255E+03	2.341511E-16	8.642445E-21
7.200297E+03	2.337028E-16	8.625896E-21
7.203338E+03	2.342957E-16	8.647782E-21
7.206379E+03	2.347359E-16	8.664029E-21
7.209421E+03	2.348707E-16	8.669006E-21
7.212462E+03	2.353248E-16	8.685765E-21
7.215504E+03	2.354456E-16	8.690226E-21
7.218545E+03	2.348592E-16	8.668579E-21
7.221587E+03	2.343838E-16	8.651033E-21
7.224628E+03	2.325216E-16	8.582301E-21
7.227669E+03	2.323797E-16	8.577064E-21
7.230711E+03	2.332084E-16	8.607651E-21
7.233752E+03	2.337043E-16	8.625952E-21
7.236793E+03	2.340060E-16	8.637090E-21
7.239835E+03	2.346126E-16	8.659481E-21
7.242876E+03	2.351083E-16	8.677774E-21
7.245918E+03	2.369757E-16	8.746701E-21
7.248959E+03	2.372493E-16	8.756801E-21
7.252001E+03	2.372599E-16	8.757191E-21
7.255042E+03	2.371319E-16	8.752465E-21
7.258083E+03	2.352175E-16	8.681805E-21
7.261125E+03	2.332205E-16	8.608097E-21
7.264166E+03	2.317641E-16	8.554343E-21
7.267208E+03	2.309727E-16	8.525132E-21
7.270249E+03	2.295171E-16	8.471408E-21
7.273290E+03	2.276192E-16	8.401355E-21
7.276332E+03	2.251543E-16	8.310377E-21
7.279373E+03	2.237833E-16	8.259773E-21
7.282415E+03	2.231321E-16	8.235738E-21
7.285456E+03	2.237538E-16	8.258684E-21
7.288498E+03	2.240434E-16	8.269373E-21
7.291539E+03	2.250937E-16	8.308139E-21
7.294580E+03	2.257843E-16	8.333629E-21
7.297622E+03	2.256589E-16	8.329002E-21
7.300663E+03	2.253402E-16	8.317238E-21
7.303704E+03	2.269568E-16	8.376908E-21
7.306746E+03	2.271771E-16	8.385039E-21
7.309787E+03	2.274666E-16	8.395724E-21
7.312829E+03	2.287785E-16	8.444145E-21
7.315870E+03	2.285981E-16	8.437486E-21
7.318912E+03	2.278513E-16	8.409925E-21
7.321953E+03	2.277956E-16	8.407867E-21
7.324994E+03	2.281127E-16	8.419572E-21
7.328036E+03	2.272423E-16	8.387446E-21
7.331077E+03	2.249362E-16	8.302328E-21
7.334119E+03	2.238732E-16	8.263095E-21
7.337160E+03	2.232247E-16	8.239159E-21
7.340202E+03	2.224798E-16	8.211663E-21
7.343243E+03	2.219008E-16	8.190293E-21
7.346284E+03	2.216255E-16	8.180130E-21
7.349326E+03	2.203983E-16	8.134838E-21
7.352367E+03	2.190474E-16	8.084974E-21
7.355408E+03	2.183038E-16	8.057530E-21
7.358450E+03	2.168433E-16	8.003622E-21
7.361491E+03	2.156590E-16	7.959909E-21
7.364533E+03	2.146405E-16	7.922317E-21
7.367574E+03	2.134155E-16	7.877102E-21
7.370616E+03	2.140381E-16	7.900085E-21
7.373657E+03	2.157634E-16	7.963763E-21
7.376698E+03	2.167579E-16	8.000471E-21
7.379740E+03	2.168152E-16	8.002584E-21
7.382781E+03	2.176165E-16	8.032163E-21
7.385823E+03	2.197680E-16	8.111572E-21
7.388864E+03	2.208307E-16	8.150795E-21
7.391905E+03	2.224167E-16	8.209334E-21
7.394947E+03	2.245395E-16	8.287687E-21
7.397988E+03	2.260147E-16	8.342137E-21
7.401030E+03	2.252589E-16	8.314241E-21
7.404071E+03	2.245722E-16	8.288895E-21
7.407113E+03	2.254138E-16	8.319957E-21
7.410154E+03	2.256771E-16	8.329678E-21
7.413195E+03	2.265049E-16	8.360229E-21
7.416237E+03	2.252819E-16	8.315091E-21
7.419278E+03	2.243207E-16	8.279612E-21
7.422319E+03	2.234837E-16	8.248719E-21
7.425361E+03	2.232247E-16	8.239161E-21
7.428402E+03	2.228284E-16	8.224533E-21
7.431444E+03	2.222259E-16	8.202294E-21
7.434485E+03	2.222699E-16	8.203917E-21
7.437527E+03	2.229053E-16	8.227371E-21
7.440568E+03	2.230457E-16	8.232554E-21
7.443609E+03	2.228973E-16	8.227077E-21
7.446651E+03	2.223643E-16	8.207403E-21
7.449692E+03	2.225049E-16	8.212593E-21
7.452734E+03	2.211338E-16	8.161986E-21
7.455775E+03	2.198867E-16	8.115954E-21
7.458816E+03	2.193544E-16	8.096310E-21
7.461858E+03	2.184378E-16	8.062476E-21
7.464899E+03	2.176037E-16	8.031690E-21
7.467941E+03	2.178551E-16	8.040969E-21
7.470982E+03	2.173923E-16	8.023887E-21
7.474024E+03	2.159134E-16	7.969304E-21
7.477065E+03	2.152313E-16	7.944128E-21
7.480106E+03	2.154695E-16	7.952918E-21
7.483148E+03	2.149937E-16	7.935357E-21
7.486189E+03	2.151770E-16	7.942122E-21
7.489231E+03	2.156623E-16	7.960036E-21
7.492272E+03	2.158320E-16	7.966298E-21
7.495313E+03	2.144647E-16	7.915830E-21
7.498355E+03	2.139485E-16	7.896779E-21
7.501396E+03	2.151750E-16	7.942049E-21
7.504438E+03	2.144394E-16	7.914899E-21
7.507479E+03	2.140333E-16	7.899911E-21
7.510520E+03	2.141898E-16	7.905686E-21
7.513562E+03	2.148264E-16	7.929181E-21
7.516603E+03	2.155999E-16	7.957733E-21
7.519645E+03	2.139876E-16	7.898222E-21
7.522686E+03	2.129515E-16	7.859982E-21
7.525727E+03	2.128753E-16	7.857170E-21
7.528769E+03	2.131282E-16	7.866505E-21
7.531810E+03	2.143954E-16	7.913277E-21
7.534852E+03	2.173208E-16	8.021249E-21
7.537893E+03	2.211775E-16	8.163600E-21
7.540935E+03	2.249513E-16	8.302889E-21
7.543976E+03	2.259842E-16	8.341014E-21
7.547017E+03	2.230441E-16	8.232497E-21
7.550059E+03	2.199266E-16	8.117432E-21
7.553100E+03	2.176454E-16	8.033230E-21
7.556142E+03	2.143648E-16	7.912147E-21
7.559183E+03	2.112767E-16	7.798164E-21
7.562224E+03	2.074635E-16	7.657422E-21
7.565266E+03	2.042262E-16	7.537932E-21
7.568307E+03	2.021670E-16	7.461928E-21
7.571349E+03	1.981096E-16	7.312171E-21
7.574390E+03	1.939846E-16	7.159919E-21
7.577431E+03	1.906132E-16	7.035482E-21
7.580473E+03	1.878309E-16	6.932788E-21
7.583514E+03	1.854188E-16	6.843757E-21
7.586556E+03	1.836639E-16	6.778986E-21
7.589597E+03	1.807876E-16	6.672821E-21
7.592639E+03	1.793756E-16	6.620705E-21
7.595680E+03	1.779777E-16	6.569108E-21
7.598721E+03	1.766348E-16	6.519542E-21
7.601763E+03	1.754837E-16	6.477055E-21
7.604804E+03	1.755635E-16	6.480003E-21
7.607846E+03	1.753701E-16	6.472862E-21
7.610887E+03	1.752176E-16	6.467235E-21
7.613928E+03	1.766376E-16	6.519645E-21
7.616970E+03	1.792057E-16	6.614433E-21
7.620011E+03	1.802834E-16	6.654212E-21
7.623053E+03	1.830012E-16	6.754524E-21
7.626094E+03	1.857186E-16	6.854822E-21
7.629135E+03	1.882032E-16	6.946529E-21
7.632177E+03	1.925459E-16	7.106817E-21
7.635218E+03	1.965873E-16	7.255985E-21
7.638260E+03	1.987154E-16	7.334533E-21
7.641301E+03	2.027421E-16	7.483156E-21
7.644342E+03	2.068227E-16	7.633771E-21
7.647384E+03	2.092637E-16	7.723869E-21
7.650425E+03	2.095739E-16	7.735317E-21
7.653467E+03	2.101572E-16	7.756846E-21
7.656508E+03	2.108224E-16	7.781400E-21
7.659550E+03	2.114329E-16	7.803934E-21
7.662591E+03	2.089580E-16	7.712584E-21
7.665632E+03	2.062923E-16	7.614193E-21
7.668674E+03	2.052379E-16	7.575276E-21
7.671715E+03	2.041019E-16	7.533348E-21
7.674757E+03	2.054092E-16	7.581600E-21
7.677798E+03	2.081903E-16	7.684250E-21
7.680839E+03	2.121447E-16	7.830204E-21
7.683881E+03	2.148840E-16	7.931312E-21
7.686922E+03	2.162995E-16	7.983557E-21
7.689964E+03	2.152864E-16	7.946164E-21
7.693005E+03	2.123363E-16	7.837279E-21
7.696046E+03	2.109282E-16	7.785306E-21
7.699088E+03	2.111845E-16	7.794766E-21
7.702129E+03	2.099815E-16	7.750365E-21
7.705171E+03	2.097198E-16	7.740703E-21
7.708212E+03	2.099490E-16	7.749165E-21
7.711253E+03	2.099330E-16	7.748572E-21
7.714295E+03	2.095487E-16	7.734390E-21
7.717336E+03	2.088375E-16	7.708139E-21
7.720378E+03	2.092307E-16	7.722653E-21
7.723419E+03	2.096103E-16	7.736662E-21
7.726461E+03	2.103715E-16	7.764757E-21
7.729502E+03	2.107920E-16	7.780279E-21
7.732543E+03	2.116349E-16	7.811389E-21
7.735585E+03	2.112104E-16	7.795724E-21
7.738626E+03	2.132116E-16	7.869587E-21
7.741668E+03	2.130871E-16	7.864989E-21
7.744709E+03	2.113548E-16	7.801054E-21
7.747750E+03	2.119254E-16	7.822112E-21
7.750792E+03	2.101801E-16	7.757694E-21
7.753833E+03	2.079447E-16	7.675186E-21
7.756875E+03	2.070855E-16	7.643472E-21
7.759916E+03	2.061719E-16	7.609752E-21
7.762958E+03	2.048227E-16	7.559955E-21
7.765999E+03	2.019894E-16	7.455380E-21
7.769040E+03	2.008043E-16	7.411637E-21
7.772082E+03	2.001232E-16	7.386498E-21
7.775123E+03	1.990337E-16	7.346285E-21
7.778164E+03	1.992515E-16	7.354324E-21
7.781206E+03	1.985300E-16	7.327694E-21
7.784247E+03	1.978903E-16	7.304081E-21
7.787289E+03	1.984213E-16	7.323682E-21
7.790330E+03	1.965842E-16	7.255874E-21
7.793372E+03	1.951965E-16	7.204656E-21
7.796413E+03	1.941900E-16	7.167506E-21
7.799454E+03	1.939595E-16	7.158996E-21
7.802496E+03	1.933207E-16	7.135420E-21
7.805537E+03	1.932536E-16	7.132943E-21
7.808579E+03	1.916357E-16	7.073226E-21
7.811620E+03	1.910110E-16	7.050170E-21
7.814661E+03	1.919509E-16	7.084861E-21
7.817703E+03	1.930267E-16	7.124570E-21
7.820744E+03	1.949594E-16	7.195904E-21
7.823786E+03	1.944709E-16	7.177875E-21
7.826827E+03	1.936699E-16	7.148307E-21
7.829868E+03	1.941337E-16	7.165427E-21
7.832910E+03	1.951685E-16	7.203622E-21
7.835951E+03	1.940550E-16	7.162523E-21
7.838993E+03	1.923299E-16	7.098849E-21
7.842034E+03	1.919918E-16	7.086371E-21
7.845075E+03	1.919392E-16	7.084431E-21
7.848117E+03	1.920498E-16	7.088513E-21
7.851158E+03	1.918072E-16	7.079558E-21
7.854200E+03	1.918772E-16	7.082142E-21
7.857241E+03	1.934423E-16	7.139908E-21
7.860283E+03	1.943413E-16	7.173091E-21
7.863324E+03	1.956888E-16	7.222826E-21
7.866365E+03	1.940466E-16	7.162214E-21
7.869407E+03	1.922960E-16	7.097598E-21
7.872448E+03	1.914968E-16	7.068100E-21
7.875490E+03	1.901134E-16	7.017040E-21
7.878531E+03	1.894776E-16	6.993571E-21
7.881573E+03	1.896976E-16	7.001695E-21
7.884614E+03	1.893065E-16	6.987259E-21
7.887655E+03	1.862396E-16	6.874060E-21
7.890697E+03	1.845585E-16	6.812009E-21
7.893738E+03	1.849556E-16	6.826666E-21
7.896779E+03	1.835600E-16	6.775157E-21
7.899821E+03	1.832647E-16	6.764258E-21
7.902862E+03	1.834720E-16	6.771907E-21
7.905904E+03	1.831497E-16	6.760011E-21
7.908945E+03	1.825287E-16	6.737090E-21
7.911987E+03	1.816906E-16	6.706157E-21
7.915028E+03	1.815994E-16	6.702793E-21
7.918069E+03	1.803951E-16	6.658340E-21
7.921111E+03	1.787022E-16	6.595855E-21
7.924152E+03	1.804031E-16	6.658638E-21
7.927194E+03	1.812625E-16	6.690356E-21
7.930235E+03	1.821895E-16	6.724572E-21
7.933276E+03	1.827637E-16	6.745767E-21
7.936318E+03	1.831615E-16	6.760449E-21
7.939359E+03	1.833828E-16	6.768617E-21
7.942401E+03	1.826408E-16	6.741228E-21
7.945442E+03	1.850333E-16	6.829538E-21
7.948484E+03	1.859332E-16	6.862750E-21
7.951525E+03	1.859781E-16	6.864410E-21
7.954566E+03	1.866609E-16	6.889613E-21
7.957608E+03	1.865975E-16	6.887272E-21
7.960649E+03	1.862221E-16	6.873413E-21
7.963690E+03	1.859146E-16	6.862066E-21
7.966732E+03	1.853359E-16	6.840706E-21
7.969773E+03	1.841333E-16	6.796319E-21
7.972815E+03	1.831616E-16	6.760454E-21
7.975856E+03	1.833157E-16	6.766141E-21
7.978898E+03	1.825069E-16	6.736289E-21
7.981939E+03	1.800573E-16	6.645874E-21
7.984980E+03	1.793980E-16	6.621541E-21
7.988022E+03	1.795254E-16	6.626241E-21
7.991063E+03	1.801002E-16	6.647457E-21
7.994105E+03	1.811497E-16	6.686194E-21
7.997146E+03	1.829718E-16	6.753450E-21
8.000188E+03	1.853770E-16	6.842223E-21
8.003229E+03	1.894223E-16	6.991535E-21
8.006270E+03	1.918271E-16	7.080294E-21
8.009312E+03	1.932149E-16	7.131519E-21
8.012353E+03	1.937893E-16	7.152721E-21
8.015395E+03	1.953398E-16	7.209950E-21
8.018436E+03	1.971205E-16	7.275674E-21
8.021477E+03	1.986979E-16	7.333897E-21
8.024519E+03	2.004107E-16	7.397115E-21
8.027560E+03	2.016492E-16	7.442827E-21
8.030602E+03	2.003397E-16	7.394494E-21
8.033643E+03	2.001959E-16	7.389187E-21
8.036684E+03	2.012853E-16	7.429396E-21
8.039726E+03	2.011279E-16	7.423588E-21
8.042767E+03	2.014315E-16	7.434792E-21
8.045809E+03	2.006375E-16	7.405486E-21
8.048850E+03	1.990036E-16	7.345179E-21
8.051891E+03	1.976950E-16	7.296880E-21
8.054933E+03	1.954519E-16	7.214088E-21
8.057974E+03	1.943876E-16	7.174803E-21
8.061016E+03	1.921448E-16	7.092022E-21
8.064057E+03	1.894553E-16	6.992754E-21
8.067099E+03	1.884863E-16	6.956988E-21
8.070140E+03	1.892783E-16	6.986221E-21
8.073181E+03	1.874291E-16	6.917968E-21
8.076223E+03	1.865959E-16	6.887215E-21
8.079264E+03	1.858170E-16	6.858465E-21
8.082306E+03	1.840767E-16	6.794231E-21
8.085347E+03	1.824719E-16	6.735000E-21
8.088388E+03	1.820591E-16	6.719761E-21
8.091430E+03	1.841514E-16	6.796988E-21
8.094471E+03	1.842125E-16	6.799244E-21
8.097513E+03	1.826082E-16	6.740032E-21
8.100554E+03	1.819248E-16	6.714807E-21
8.103595E+03	1.813634E-16	6.694084E-21
8.106637E+03	1.803958E-16	6.658370E-21
8.109678E+03	1.808770E-16	6.676133E-21
8.112720E+03	1.798826E-16	6.639428E-21
8.115761E+03	1.784416E-16	6.586241E-21
8.118802E+03	1.774067E-16	6.548045E-21
8.121844E+03	1.781590E-16	6.575810E-21
8.124885E+03	1.786945E-16	6.595575E-21
8.127927E+03	1.782420E-16	6.578876E-21
8.130968E+03	1.772752E-16	6.543190E-21
8.134010E+03	1.758619E-16	6.491026E-21
8.137051E+03	1.742051E-16	6.429873E-21
8.140092E+03	1.723589E-16	6.361731E-21
8.143134E+03	1.722995E-16	6.359537E-21
8.146175E+03	1.716851E-16	6.336860E-21
8.149217E+03	1.710573E-16	6.313689E-21
8.152258E+03	1.711468E-16	6.316995E-21
8.155299E+03	1.720484E-16	6.350269E-21
8.158341E+03	1.739918E-16	6.422001E-21
8.161382E+03	1.750286E-16	6.460270E-21
8.164424E+03	1.746040E-16	6.444597E-21
8.167465E+03	1.750725E-16	6.461890E-21
8.170506E+03	1.763393E-16	6.508647E-21
8.173548E+03	1.757119E-16	6.485491E-21
8.176589E+03	1.745299E-16	6.441863E-21
8.179631E+03	1.748497E-16	6.453667E-21
8.182672E+03	1.750073E-16	6.459483E-21
8.185713E+03	1.743937E-16	6.436835E-21
8.188755E+03	1.741319E-16	6.427173E-21
8.191796E+03	1.732209E-16	6.393549E-21
8.194838E+03	1.713225E-16	6.323477E-21
8.197879E+03	1.699382E-16	6.272384E-21
8.200921E+03	1.694603E-16	6.254746E-21
8.203962E+03	1.703216E-16	6.286537E-21
8.207003E+03	1.692488E-16	6.246939E-21
8.210045E+03	1.680136E-16	6.201349E-21
8.213086E+03	1.681042E-16	6.204691E-21
8.216128E+03	1.685328E-16	6.220511E-21
8.219169E+03	1.661754E-16	6.133501E-21
8.222210E+03	1.634665E-16	6.033516E-21
8.225252E+03	1.619614E-16	5.977965E-21
8.228293E+03	1.610380E-16	5.943881E-21
8.231335E+03	1.598172E-16	5.898821E-21
8.234376E+03	1.592455E-16	5.877719E-21
8.237417E+03	1.586334E-16	5.855126E-21
8.240459E+03	1.577102E-16	5.821053E-21
8.243500E+03	1.559894E-16	5.757537E-21
8.246542E+03	1.563375E-16	5.770387E-21
8.249583E+03	1.574428E-16	5.811185E-21
8.252624E+03	1.566687E-16	5.782611E-21
8.255666E+03	1.564626E-16	5.775003E-21
8.258707E+03	1.564727E-16	5.775378E-21
8.261749E+03	1.585246E-16	5.851111E-21
8.264790E+03	1.617391E-16	5.969758E-21
8.267832E+03	1.658052E-16	6.119839E-21
8.270873E+03	1.687897E-16	6.229994E-21
8.273914E+03	1.709358E-16	6.309208E-21
8.276956E+03	1.729603E-16	6.383932E-21
8.279997E+03	1.747278E-16	6.449171E-21
8.283039E+03	1.754816E-16	6.476991E-21
8.286080E+03	1.770193E-16	6.533749E-21
8.289121E+03	1.791518E-16	6.612459E-21
8.292163E+03	1.794594E-16	6.623814E-21
8.295204E+03	1.797806E-16	6.635666E-21
8.298246E+03	1.817509E-16	6.708392E-21
8.301287E+03	1.824911E-16	6.735711E-21
8.304328E+03	1.828935E-16	6.750563E-21
8.307370E+03	1.843230E-16	6.803327E-21
8.310411E+03	1.839415E-16	6.789245E-21
8.313453E+03	1.844520E-16	6.808090E-21
8.316494E+03	1.821107E-16	6.721672E-21
8.319535E+03	1.788641E-16	6.601840E-21
8.322577E+03	1.758744E-16	6.491490E-21
8.325618E+03	1.713576E-16	6.324776E-21
8.328660E+03	1.687060E-16	6.226907E-21
8.331701E+03	1.668114E-16	6.156979E-21
8.334743E+03	1.648763E-16	6.085553E-21
8.337784E+03	1.632117E-16	6.024113E-21
8.340825E+03	1.607497E-16	5.933242E-21
8.343867E+03	1.601933E-16	5.912707E-21
8.346908E+03	1.603938E-16	5.920105E-21
8.349950E+03	1.605673E-16	5.926510E-21
8.352991E+03	1.612813E-16	5.952864E-21
8.356032E+03	1.612521E-16	5.951786E-21
8.359074E+03	1.621690E-16	5.985627E-21
8.362115E+03	1.633965E-16	6.030934E-21
8.365157E+03	1.624486E-16	5.995948E-21
8.368198E+03	1.612980E-16	5.953479E-21
8.371239E+03	1.631878E-16	6.023230E-21
8.374281E+03	1.646317E-16	6.076525E-21
8.377322E+03	1.655485E-16	6.110366E-21
8.380364E+03	1.670329E-16	6.165155E-21
8.383405E+03	1.683147E-16	6.212464E-21
8.386447E+03	1.700017E-16	6.274733E-21
8.389488E+03	1.692974E-16	6.248735E-21
8.392529E+03	1.690659E-16	6.240192E-21
8.395571E+03	1.684831E-16	6.218681E-21
8.398612E+03	1.669277E-16	6.161272E-21
8.401654E+03	1.666829E-16	6.152236E-21
8.404695E+03	1.657896E-16	6.119263E-21
8.407736E+03	1.637749E-16	6.044904E-21
8.410778E+03	1.631520E-16	6.021910E-21
8.413819E+03	1.627587E-16	6.007396E-21
8.416861E+03	1.607037E-16	5.931546E-21
8.419902E+03	1.587299E-16	5.858692E-21
8.422943E+03	1.576478E-16	5.818752E-21
8.425985E+03	1.563902E-16	5.772333E-21
8.429026E+03	1.547542E-16	5.711950E-21
8.432068E+03	1.537263E-16	5.674012E-21
8.435109E+03	1.525633E-16	5.631086E-21
8.438150E+03	1.528460E-16	5.641518E-21
8.441192E+03	1.549795E-16	5.720265E-21
8.444233E+03	1.563698E-16	5.771583E-21
8.447275E+03	1.600298E-16	5.906672E-21
8.450316E+03	1.647164E-16	6.079655E-21
8.453358E+03	1.704163E-16	6.290035E-21
8.456399E+03	1.710367E-16	6.312937E-21
8.459440E+03	1.711709E-16	6.317888E-21
8.462482E+03	1.711834E-16	6.318352E-21
8.465523E+03	1.719931E-16	6.348236E-21
8.468565E+03	1.722759E-16	6.358675E-21
8.471606E+03	1.705595E-16	6.295321E-21
8.474647E+03	1.730713E-16	6.388033E-21
8.477689E+03	1.741512E-16	6.427893E-21
8.480730E+03	1.724755E-16	6.366040E-21
8.483772E+03	1.723803E-16	6.362529E-21
8.486813E+03	1.713260E-16	6.323616E-21
8.489854E+03	1.705419E-16	6.294673E-21
8.492896E+03	1.695013E-16	6.256264E-21
8.495937E+03	1.693252E-16	6.249764E-21
8.498979E+03	1.685817E-16	6.222324E-21
8.502020E+03	1.661363E-16	6.132063E-21
8.505062E+03	1.655686E-16	6.111108E-21
8.508103E+03	1.653250E-16	6.102120E-21
8.511144E+03	1.625015E-16	5.997905E-21
8.514186E+03	1.603671E-16	5.919122E-21
8.517227E+03	1.601236E-16	5.910137E-21
8.520269E+03	1.584619E-16	5.848804E-21
8.523310E+03	1.560574E-16	5.760052E-21
8.526351E+03	1.546389E-16	5.707696E-21
8.529393E+03	1.545037E-16	5.702705E-21
8.532434E+03	1.535581E-16	5.667804E-21
8.535476E+03	1.516804E-16	5.598498E-21
8.538517E+03	1.532203E-16	5.655337E-21
8.541558E+03	1.535715E-16	5.668301E-21
8.544600E+03	1.542604E-16	5.693728E-21
8.547641E+03	1.571918E-16	5.801925E-21
8.550683E+03	1.579079E-16	5.828354E-21
8.553724E+03	1.589886E-16	5.868243E-21
8.556765E+03	1.606908E-16	5.931070E-21
8.559807E+03	1.600967E-16	5.909144E-21
8.562848E+03	1.585570E-16	5.852312E-21
8.565890E+03	1.598946E-16	5.901683E-21
8.568931E+03	1.583549E-16	5.844855E-21
8.571973E+03	1.563831E-16	5.772074E-21
8.575014E+03	1.527092E-16	5.636474E-21
8.578055E+03	1.485762E-16	5.483923E-21
8.581097E+03	1.460100E-16	5.389205E-21
8.584138E+03	1.460915E-16	5.392216E-21
8.587180E+03	1.466458E-16	5.412674E-21
8.590221E+03	1.472001E-16	5.433132E-21
8.593263E+03	1.488486E-16	5.493979E-21
8.596304E+03	1.501595E-16	5.542363E-21
8.599345E+03	1.484040E-16	5.477570E-21
8.602387E+03	1.455543E-16	5.372388E-21
8.605428E+03	1.455955E-16	5.373908E-21
8.608469E+03	1.463121E-16	5.400358E-21
8.611511E+03	1.471503E-16	5.431295E-21
8.614552E+03	1.486505E-16	5.486666E-21
8.617594E+03	1.488674E-16	5.494671E-21
8.620635E+03	1.497192E-16	5.526113E-21
8.623677E+03	1.509358E-16	5.571019E-21
8.626718E+03	1.492616E-16	5.509222E-21
8.629759E+03	1.496813E-16	5.524714E-21
8.632801E+03	1.473585E-16	5.438981E-21
8.635842E+03	1.465760E-16	5.410098E-21
8.638884E+03	1.473334E-16	5.438054E-21
8.641925E+03	1.468480E-16	5.420139E-21
8.644966E+03	1.458629E-16	5.383777E-21
8.648008E+03	1.443237E-16	5.326967E-21
8.651049E+03	1.423794E-16	5.255203E-21
8.654091E+03	1.401378E-16	5.172465E-21
8.657132E+03	1.382610E-16	5.103193E-21
8.660174E+03	1.392348E-16	5.139136E-21
8.663215E+03	1.373580E-16	5.069863E-21
8.666256E+03	1.322009E-16	4.879514E-21
8.669298E+03	1.308306E-16	4.828940E-21
8.672339E+03	1.304453E-16	4.814717E-21
8.675380E+03	1.307518E-16	4.826028E-21
8.678422E+03	1.309516E-16	4.833405E-21
8.681463E+03	1.295651E-16	4.782231E-21
8.684505E+03	1.292448E-16	4.770408E-21
8.687546E+03	1.296703E-16	4.786110E-21
8.690588E+03	1.305579E-16	4.818873E-21
8.693629E+03	1.335451E-16	4.929132E-21
8.696670E+03	1.378174E-16	5.086821E-21
8.699712E+03	1.407373E-16	5.194595E-21
8.702753E+03	1.423062E-16	5.252502E-21
8.705795E+03	1.439426E-16	5.312900E-21
8.708836E+03	1.491733E-16	5.505966E-21
8.711877E+03	1.524044E-16	5.625224E-21
8.714919E+03	1.535005E-16	5.665683E-21
8.717960E+03	1.546508E-16	5.708138E-21
8.721002E+03	1.517068E-16	5.599477E-21
8.724043E+03	1.509654E-16	5.572110E-21
8.727085E+03	1.510482E-16	5.575169E-21
8.730126E+03	1.497797E-16	5.528349E-21
8.733167E+03	1.502680E-16	5.546370E-21
8.736209E+03	1.498104E-16	5.529483E-21
8.739250E+03	1.483934E-16	5.477179E-21
8.742292E+03	1.469897E-16	5.425371E-21
8.745333E+03	1.436537E-16	5.302237E-21
8.748374E+03	1.437637E-16	5.306297E-21
8.751416E+03	1.429817E-16	5.277436E-21
8.754457E+03	1.431728E-16	5.284489E-21
8.757499E+03	1.423504E-16	5.254133E-21
8.760540E+03	1.391087E-16	5.134485E-21
8.763581E+03	1.376375E-16	5.080182E-21
8.766623E+03	1.365987E-16	5.041839E-21
8.769664E+03	1.374115E-16	5.071841E-21
8.772706E+03	1.385489E-16	5.113821E-21
8.775747E+03	1.412405E-16	5.213170E-21
8.778789E+03	1.412561E-16	5.213744E-21
8.781830E+03	1.429477E-16	5.276181E-21
8.784871E+03	1.438824E-16	5.310682E-21
8.787913E+03	1.441956E-16	5.322239E-21
8.790954E+03	1.447925E-16	5.344273E-21
8.793996E+03	1.435917E-16	5.299952E-21
8.797037E+03	1.436480E-16	5.302028E-21
8.800078E+03	1.452183E-16	5.359990E-21
8.803120E+03	1.476132E-16	5.448385E-21
8.806161E+03	1.506302E-16	5.559740E-21
8.809203E+03	1.510516E-16	5.575295E-21
8.812244E+03	1.524736E-16	5.627780E-21
8.815285E+03	1.567615E-16	5.786047E-21
8.818327E+03	1.582918E-16	5.842529E-21
8.821368E+03	1.593489E-16	5.881546E-21
8.824410E+03	1.594463E-16	5.885142E-21
8.827451E+03	1.576104E-16	5.817379E-21
8.830492E+03	1.568155E-16	5.788039E-21
8.833534E+03	1.544658E-16	5.701312E-21
8.836575E+03	1.522376E-16	5.619072E-21
8.839617E+03	1.521592E-16	5.616178E-21
8.842658E+03	1.519727E-16	5.609292E-21
8.845700E+03	1.494200E-16	5.515074E-21
8.848741E+03	1.497202E-16	5.526153E-21
8.851782E+03	1.502503E-16	5.545721E-21
8.854824E+03	1.490902E-16	5.502902E-21
8.857865E+03	1.453610E-16	5.365258E-21
8.860906E+03	1.428892E-16	5.274022E-21
8.863948E+03	1.400116E-16	5.167812E-21
8.866989E+03	1.370935E-16	5.060105E-21
8.870031E+03	1.368257E-16	5.050218E-21
8.873072E+03	1.322034E-16	4.879613E-21
8.876114E+03	1.299841E-16	4.797696E-21
8.879155E+03	1.306101E-16	4.820805E-21
8.882196E+03	1.298041E-16	4.791053E-21
8.885238E+03	1.260618E-16	4.652927E-21
8.888279E+03	1.273019E-16	4.698698E-21
8.891321E+03	1.292507E-16	4.770628E-21
8.894362E+03	1.299675E-16	4.797086E-21
8.897404E+03	1.295848E-16	4.782959E-21
8.900445E+03	1.320234E-16	4.872969E-21
8.903486E+03	1.315718E-16	4.856299E-21
8.906528E+03	1.307941E-16	4.827596E-21
8.909569E+03	1.315936E-16	4.857105E-21
8.912611E+03	1.335633E-16	4.929805E-21
8.915652E+03	1.360836E-16	5.022830E-21
8.918693E+03	1.388733E-16	5.125797E-21
8.921735E+03	1.403644E-16	5.180832E-21
8.924776E+03	1.379865E-16	5.093067E-21
8.927818E+03	1.335632E-16	4.929801E-21
8.930859E+03	1.334660E-16	4.926216E-21
8.933900E+03	1.320255E-16	4.873047E-21
8.936942E+03	1.296244E-16	4.784421E-21
8.939983E+03	1.248812E-16	4.609350E-21
8.943025E+03	1.220847E-16	4.506133E-21
8.946066E+03	1.182044E-16	4.362909E-21
8.949107E+03	1.162073E-16	4.289198E-21
8.952149E+03	1.149178E-16	4.241605E-21
8.955190E+03	1.118151E-16	4.127084E-21
8.958232E+03	1.070750E-16	3.952128E-21
8.961273E+03	1.041939E-16	3.845785E-21
8.964315E+03	1.013736E-16	3.741689E-21
8.967356E+03	1.002799E-16	3.701321E-21
8.970397E+03	1.009982E-16	3.727834E-21
8.973439E+03	9.993569E-17	3.688615E-21
8.976480E+03	1.010209E-16	3.728670E-21
8.979522E+03	9.900546E-17	3.654281E-21
8.982563E+03	1.006726E-16	3.715816E-21
8.985604E+03	9.931359E-17	3.665654E-21
8.988646E+03	9.966394E-17	3.678585E-21
8.991687E+03	1.010010E-16	3.727937E-21
8.994729E+03	1.072367E-16	3.958095E-21
8.997770E+03	1.112231E-16	4.105231E-21
9.000811E+03	1.125282E-16	4.153402E-21
9.003853E+03	1.162550E-16	4.290958E-21
9.006894E+03	1.191387E-16	4.397396E-21
9.009936E+03	1.220063E-16	4.503241E-21
9.012977E+03	1.260708E-16	4.653260E-21
9.016019E+03	1.291893E-16	4.768362E-21
9.019060E+03	1.281855E-16	4.731311E-21
9.022101E+03	1.292666E-16	4.771215E-21
9.025143E+03	1.318831E-16	4.867792E-21
9.028184E+03	1.343278E-16	4.958023E-21
9.031226E+03	1.310738E-16	4.837919E-21
9.034267E+03	1.327482E-16	4.899723E-21
9.037308E+03	1.336956E-16	4.934691E-21
9.040350E+03	1.339119E-16	4.942675E-21
9.043391E+03	1.321647E-16	4.878187E-21
9.046433E+03	1.333939E-16	4.923557E-21
9.049474E+03	1.347627E-16	4.974076E-21
9.052515E+03	1.359393E-16	5.017506E-21
9.055557E+03	1.375276E-16	5.076130E-21
9.058598E+03	1.390483E-16	5.132259E-21
9.061640E+03	1.394857E-16	5.148403E-21
9.064681E+03	1.395574E-16	5.151049E-21
9.067722E+03	1.390331E-16	5.131699E-21
9.070764E+03	1.375608E-16	5.077356E-21
9.073805E+03	1.358040E-16	5.012511E-21
9.076847E+03	1.367290E-16	5.046654E-21
9.079888E+03	1.333763E-16	4.922906E-21
9.082930E+03	1.289925E-16	4.761101E-21
9.085971E+03	1.266799E-16	4.675743E-21
9.089012E+03	1.266375E-16	4.674179E-21
9.092054E+03	1.272659E-16	4.697372E-21
9.095095E+03	1.275095E-16	4.706364E-21
9.098137E+03	1.264457E-16	4.667097E-21
9.101178E+03	1.204596E-16	4.446153E-21
9.104219E+03	1.155747E-16	4.265852E-21
9.107261E+03	1.137639E-16	4.199016E-21
9.110302E+03	1.131780E-16	4.177388E-21
9.113344E+03	1.144186E-16	4.223180E-21
9.116385E+03	1.158341E-16	4.275426E-21
9.119426E+03	1.156249E-16	4.267704E-21
9.122468E+03	1.168224E-16	4.311903E-21
9.125509E+03	1.134041E-16	4.185736E-21
9.128551E+03	1.117597E-16	4.125039E-21
9.131592E+03	1.100583E-16	4.062241E-21
9.134633E+03	1.111324E-16	4.101887E-21
9.137675E+03	1.111441E-16	4.102318E-21
9.140716E+03	1.147517E-16	4.235475E-21
9.143758E+03	1.155971E-16	4.266677E-21
9.146799E+03	1.144012E-16	4.222537E-21
9.149841E+03	1.171729E-16	4.324841E-21
9.152882E+03	1.173447E-16	4.331183E-21
9.155923E+03	1.191611E-16	4.398226E-21
9.158965E+03	1.235086E-16	4.558691E-21
9.162006E+03	1.242623E-16	4.586510E-21
9.165048E+03	1.230855E-16	4.543073E-21
9.168089E+03	1.229594E-16	4.538420E-21
9.171130E+03	1.239790E-16	4.576053E-21
9.174172E+03	1.221580E-16	4.508842E-21
9.177213E+03	1.168047E-16	4.311252E-21
9.180255E+03	1.144370E-16	4.223859E-21
9.183296E+03	1.129207E-16	4.167892E-21
9.186337E+03	1.087517E-16	4.014016E-21
9.189379E+03	1.031871E-16	3.808626E-21
9.192420E+03	1.017272E-16	3.754743E-21
9.195462E+03	1.007719E-16	3.719481E-21
9.198503E+03	9.899720E-17	3.653978E-21
9.201544E+03	9.765647E-17	3.604492E-21
9.204586E+03	9.564831E-17	3.530371E-21
9.207627E+03	9.478485E-17	3.498501E-21
9.210669E+03	9.366090E-17	3.457016E-21
9.213710E+03	9.240530E-17	3.410672E-21
9.216752E+03	9.214126E-17	3.400926E-21
9.219793E+03	8.992643E-17	3.319177E-21
9.222834E+03	8.699649E-17	3.211033E-21
9.225876E+03	8.523177E-17	3.145897E-21
9.228917E+03	8.438815E-17	3.114759E-21
9.231959E+03	8.692832E-17	3.208517E-21
9.235000E+03	8.881198E-17	3.278043E-21
9.240000E+03	1.113541E-16	4.110071E-21
9.280000E+03	1.080993E-16	3.989937E-21
9.320000E+03	1.051011E-16	3.879274E-21
9.360000E+03	1.024222E-16	3.780396E-21
9.400000E+03	1.001392E-16	3.696132E-21
9.440000E+03	9.830415E-17	3.628400E-21
9.480000E+03	9.697325E-17	3.579277E-21
9.520000E+03	9.618554E-17	3.550203E-21
9.560000E+03	9.595921E-17	3.541850E-21
9.600000E+03	9.628243E-17	3.553780E-21
9.640000E+03	9.712796E-17	3.584989E-21
9.680000E+03	9.844143E-17	3.633469E-21
9.720000E+03	1.001574E-16	3.696805E-21
9.760000E+03	1.022017E-16	3.772262E-21
9.800000E+03	1.044801E-16	3.856358E-21
9.840000E+03	1.068997E-16	3.945666E-21
9.880000E+03	1.093471E-16	4.036001E-21
9.920000E+03	1.117251E-16	4.123770E-21
9.960000E+03	1.139197E-16	4.204774E-21
1.000000E+04	1.158555E-16	4.276227E-21
1.004000E+04	1.174651E-16	4.335636E-21
1.008000E+04	1.187385E-16	4.382636E-21
1.012000E+04	1.196719E-16	4.417089E-21
1.016000E+04	1.202931E-16	4.440017E-21
1.020000E+04	1.206226E-16	4.452179E-21
1.024000E+04	1.206936E-16	4.454800E-21
1.028000E+04	1.205333E-16	4.448886E-21
1.032000E+04	1.201620E-16	4.435182E-21
