#wls	flux	fluxerr
1.600000E+03	6.209884E-16	3.700305E-16
1.640000E+03	6.581912E-16	3.647977E-16
1.680000E+03	6.942817E-16	3.556643E-16
1.720000E+03	7.276421E-16	3.420591E-16
1.760000E+03	7.583203E-16	3.244089E-16
1.800000E+03	7.856599E-16	3.028769E-16
1.840000E+03	8.096267E-16	2.779875E-16
1.880000E+03	8.326465E-16	2.511000E-16
1.920000E+03	8.556558E-16	2.229680E-16
1.960000E+03	8.819880E-16	1.950749E-16
2.000000E+03	9.153662E-16	1.690677E-16
2.040000E+03	9.582994E-16	1.468324E-16
2.080000E+03	1.012148E-15	1.308728E-16
2.120000E+03	1.076576E-15	1.224731E-16
2.160000E+03	1.149133E-15	1.178371E-16
2.200000E+03	1.225508E-15	1.133688E-16
2.240000E+03	1.295629E-15	1.112642E-16
2.280000E+03	1.348575E-15	1.198320E-16
2.320000E+03	1.390340E-15	1.381200E-16
2.360000E+03	1.436775E-15	1.577202E-16
2.400000E+03	1.499878E-15	1.738257E-16
2.440000E+03	1.583642E-15	1.836251E-16
2.480000E+03	1.681656E-15	1.837857E-16
2.520000E+03	1.782518E-15	1.711078E-16
2.560000E+03	1.873982E-15	1.459930E-16
2.600000E+03	1.945925E-15	1.217360E-16
2.640000E+03	1.990545E-15	1.308668E-16
2.680000E+03	2.016992E-15	1.703387E-16
2.720000E+03	2.039893E-15	2.136032E-16
2.760000E+03	2.062475E-15	2.508502E-16
2.800000E+03	2.075132E-15	2.792228E-16
2.840000E+03	2.060472E-15	2.968447E-16
2.880000E+03	2.005440E-15	3.023944E-16
2.920000E+03	1.907128E-15	2.955338E-16
2.960000E+03	1.782742E-15	2.789925E-16
3.000000E+03	1.658136E-15	2.575188E-16
3.010000E+03	1.630897E-15	2.521394E-16
3.020000E+03	1.605470E-15	2.468356E-16
3.030000E+03	1.582913E-15	2.417884E-16
3.040000E+03	1.562771E-15	2.369430E-16
3.050000E+03	1.546316E-15	2.325037E-16
3.060000E+03	1.533012E-15	2.283949E-16
3.070000E+03	1.522996E-15	2.246383E-16
3.080000E+03	1.516676E-15	2.212898E-16
3.090000E+03	1.514083E-15	2.183422E-16
3.100000E+03	1.515209E-15	2.157768E-16
3.110000E+03	1.520014E-15	2.135638E-16
3.120000E+03	1.528728E-15	2.117053E-16
3.130000E+03	1.540944E-15	2.101084E-16
3.140000E+03	1.556546E-15	2.087160E-16
3.150000E+03	1.575987E-15	2.075420E-16
3.160000E+03	1.598523E-15	2.064352E-16
3.170000E+03	1.624292E-15	2.053588E-16
3.180000E+03	1.653431E-15	2.042695E-16
3.190000E+03	1.685493E-15	2.030477E-16
3.200000E+03	1.720629E-15	2.016456E-16
3.210000E+03	1.758708E-15	1.999789E-16
3.220000E+03	1.799323E-15	1.979317E-16
3.230000E+03	1.843265E-15	1.955206E-16
3.240000E+03	1.889867E-15	1.926005E-16
3.250000E+03	1.939065E-15	1.890974E-16
3.260000E+03	1.991402E-15	1.849982E-16
3.270000E+03	2.046531E-15	1.802064E-16
3.280000E+03	2.104694E-15	1.746892E-16
3.290000E+03	2.165807E-15	1.683963E-16
3.300000E+03	2.229441E-15	1.612715E-16
3.310000E+03	2.296318E-15	1.533701E-16
3.320000E+03	2.365548E-15	1.446675E-16
3.330000E+03	2.437035E-15	1.352513E-16
3.340000E+03	2.510223E-15	1.252548E-16
3.350000E+03	2.584687E-15	1.149195E-16
3.360000E+03	2.659481E-15	1.045948E-16
3.366132E+03	2.786644E-15	1.622105E-16
3.370204E+03	2.827297E-15	1.634585E-16
3.374276E+03	2.877675E-15	1.650919E-16
3.378349E+03	2.929973E-15	1.667956E-16
3.382421E+03	2.982995E-15	1.685213E-16
3.386493E+03	3.032121E-15	1.700817E-16
3.390566E+03	3.069458E-15	1.711579E-16
3.394638E+03	3.100344E-15	1.699366E-16
3.398710E+03	3.136972E-15	1.699485E-16
3.402782E+03	3.164198E-15	1.814720E-16
3.406855E+03	3.183932E-15	1.822536E-16
3.410927E+03	3.205820E-15	1.830813E-16
3.414999E+03	3.229783E-15	1.820144E-16
3.419071E+03	3.238356E-15	1.832474E-16
3.423144E+03	3.243658E-15	1.805607E-16
3.427216E+03	3.246088E-15	1.777699E-16
3.431288E+03	3.238464E-15	1.787020E-16
3.435360E+03	3.228923E-15	1.824970E-16
3.439433E+03	3.218659E-15	1.898271E-16
3.443505E+03	3.211344E-15	1.878260E-16
3.447577E+03	3.205780E-15	1.884319E-16
3.451649E+03	3.214019E-15	1.771328E-16
3.455722E+03	3.227284E-15	1.752231E-16
3.459794E+03	3.240869E-15	1.847669E-16
3.463866E+03	3.259162E-15	1.878181E-16
3.467939E+03	3.278015E-15	1.861289E-16
3.472011E+03	3.294552E-15	1.838081E-16
3.476083E+03	3.315800E-15	1.841279E-16
3.480155E+03	3.350223E-15	1.864021E-16
3.484228E+03	3.382892E-15	1.821522E-16
3.488300E+03	3.413088E-15	1.730697E-16
3.492372E+03	3.433861E-15	1.730765E-16
3.496445E+03	3.451439E-15	1.717001E-16
3.500517E+03	3.480040E-15	1.710161E-16
3.504589E+03	3.501293E-15	1.716718E-16
3.508661E+03	3.518792E-15	1.623480E-16
3.512734E+03	3.534293E-15	1.578387E-16
3.516806E+03	3.560179E-15	1.594353E-16
3.520878E+03	3.587584E-15	1.580603E-16
3.524950E+03	3.605560E-15	1.605679E-16
3.529023E+03	3.623935E-15	1.611370E-16
3.533095E+03	3.627445E-15	1.603713E-16
3.537167E+03	3.619922E-15	1.592167E-16
3.541240E+03	3.608479E-15	1.599248E-16
3.545312E+03	3.597111E-15	1.592111E-16
3.549384E+03	3.577186E-15	1.575355E-16
3.553456E+03	3.562610E-15	1.562309E-16
3.557529E+03	3.559463E-15	1.566573E-16
3.561601E+03	3.560309E-15	1.568144E-16
3.565673E+03	3.556434E-15	1.560381E-16
3.569745E+03	3.557673E-15	1.565211E-16
3.573818E+03	3.555150E-15	1.566643E-16
3.577890E+03	3.539349E-15	1.527540E-16
3.581962E+03	3.518105E-15	1.555759E-16
3.586035E+03	3.492136E-15	1.549362E-16
3.590107E+03	3.466721E-15	1.545732E-16
3.594179E+03	3.451219E-15	1.536753E-16
3.598251E+03	3.442750E-15	1.557862E-16
3.602324E+03	3.439797E-15	1.617779E-16
3.606396E+03	3.440680E-15	1.681028E-16
3.610468E+03	3.443319E-15	1.741547E-16
3.614540E+03	3.455396E-15	1.791986E-16
3.618613E+03	3.475151E-15	1.781635E-16
3.622685E+03	3.508266E-15	1.785841E-16
3.626757E+03	3.552583E-15	1.888365E-16
3.630829E+03	3.602820E-15	1.942291E-16
3.634902E+03	3.655299E-15	1.974781E-16
3.638974E+03	3.703697E-15	1.961178E-16
3.643046E+03	3.752734E-15	1.964565E-16
3.647119E+03	3.805533E-15	1.965980E-16
3.651191E+03	3.859372E-15	1.936338E-16
3.655263E+03	3.913050E-15	1.875192E-16
3.659335E+03	3.959444E-15	1.769747E-16
3.663408E+03	3.994231E-15	1.668938E-16
3.667480E+03	4.018530E-15	1.691078E-16
3.671552E+03	4.031059E-15	1.702664E-16
3.675624E+03	4.035259E-15	1.648070E-16
3.679697E+03	4.023925E-15	1.560333E-16
3.683769E+03	4.016188E-15	1.508963E-16
3.687841E+03	4.011328E-15	1.494101E-16
3.691914E+03	4.003341E-15	1.513668E-16
3.695986E+03	3.999351E-15	1.575519E-16
3.700058E+03	3.994636E-15	1.575805E-16
3.704130E+03	3.992559E-15	1.591214E-16
3.708203E+03	3.991277E-15	1.750241E-16
3.712275E+03	3.985026E-15	1.895222E-16
3.716347E+03	3.968041E-15	1.962686E-16
3.720419E+03	3.941923E-15	2.028282E-16
3.724492E+03	3.908914E-15	2.040636E-16
3.728564E+03	3.875979E-15	2.021765E-16
3.732636E+03	3.842637E-15	2.193581E-16
3.736709E+03	3.811132E-15	2.387899E-16
3.740781E+03	3.778340E-15	2.423494E-16
3.744853E+03	3.745302E-15	2.417226E-16
3.748925E+03	3.718105E-15	2.418547E-16
3.752998E+03	3.695146E-15	2.412160E-16
3.757070E+03	3.677708E-15	2.308441E-16
3.761142E+03	3.671235E-15	2.251119E-16
3.765215E+03	3.680852E-15	2.244971E-16
3.769287E+03	3.699033E-15	2.175186E-16
3.773359E+03	3.716087E-15	2.093617E-16
3.777431E+03	3.734018E-15	2.093827E-16
3.781503E+03	3.748179E-15	1.999910E-16
3.785576E+03	3.763697E-15	1.809647E-16
3.789648E+03	3.789139E-15	1.732287E-16
3.793720E+03	3.822263E-15	1.589060E-16
3.797793E+03	3.859224E-15	1.532478E-16
3.801865E+03	3.893456E-15	1.543033E-16
3.805937E+03	3.918955E-15	1.622690E-16
3.810009E+03	3.932597E-15	1.709287E-16
3.814082E+03	3.938386E-15	1.683415E-16
3.818154E+03	3.931038E-15	1.619179E-16
3.822226E+03	3.917519E-15	1.637697E-16
3.826298E+03	3.903595E-15	1.660006E-16
3.830371E+03	3.901275E-15	1.677227E-16
3.834443E+03	3.912560E-15	1.655336E-16
3.838515E+03	3.930804E-15	1.584767E-16
3.842588E+03	3.955125E-15	1.588568E-16
3.846660E+03	3.978479E-15	1.593150E-16
3.850732E+03	4.001025E-15	1.587966E-16
3.854804E+03	4.022843E-15	1.572221E-16
3.858877E+03	4.041852E-15	1.477658E-16
3.862949E+03	4.061254E-15	1.369136E-16
3.867021E+03	4.073524E-15	1.331939E-16
3.871093E+03	4.083786E-15	1.344302E-16
3.875166E+03	4.089558E-15	1.336657E-16
3.879238E+03	4.089561E-15	1.333893E-16
3.883310E+03	4.089478E-15	1.375286E-16
3.887383E+03	4.082345E-15	1.391653E-16
3.891455E+03	4.075047E-15	1.380219E-16
3.895527E+03	4.059660E-15	1.375231E-16
3.899599E+03	4.053150E-15	1.370151E-16
3.903672E+03	4.062877E-15	1.423417E-16
3.907744E+03	4.094598E-15	1.423509E-16
3.911816E+03	4.141271E-15	1.404015E-16
3.915889E+03	4.203533E-15	1.471882E-16
3.919961E+03	4.274420E-15	1.576850E-16
3.924033E+03	4.345052E-15	1.666783E-16
3.928105E+03	4.407270E-15	1.686493E-16
3.932178E+03	4.455955E-15	1.666424E-16
3.936250E+03	4.503907E-15	1.671842E-16
3.940322E+03	4.551685E-15	1.722779E-16
3.944394E+03	4.605207E-15	1.793143E-16
3.948467E+03	4.657434E-15	1.819287E-16
3.952539E+03	4.704449E-15	1.850070E-16
3.956611E+03	4.736497E-15	1.876998E-16
3.960684E+03	4.755581E-15	1.954549E-16
3.964756E+03	4.762263E-15	2.053339E-16
3.968828E+03	4.764299E-15	2.016383E-16
3.972900E+03	4.755615E-15	2.023519E-16
3.976973E+03	4.741809E-15	2.222225E-16
3.981045E+03	4.727917E-15	2.419685E-16
3.985117E+03	4.714337E-15	2.405643E-16
3.989189E+03	4.698834E-15	2.395331E-16
3.993262E+03	4.685481E-15	2.358528E-16
3.997334E+03	4.679151E-15	2.375152E-16
4.001406E+03	4.689349E-15	2.346918E-16
4.005479E+03	4.717267E-15	2.301706E-16
4.009551E+03	4.752438E-15	2.247195E-16
4.013623E+03	4.787194E-15	2.142950E-16
4.017695E+03	4.824649E-15	2.114827E-16
4.021768E+03	4.861048E-15	2.085977E-16
4.025840E+03	4.901822E-15	1.920635E-16
4.029912E+03	4.944013E-15	1.666965E-16
4.033984E+03	4.980439E-15	1.678630E-16
4.038057E+03	5.009584E-15	1.646732E-16
4.042129E+03	5.024348E-15	1.562229E-16
4.046201E+03	5.042690E-15	1.517595E-16
4.050273E+03	5.069951E-15	1.512945E-16
4.054346E+03	5.103498E-15	1.539560E-16
4.058418E+03	5.136229E-15	1.544572E-16
4.062490E+03	5.160407E-15	1.546679E-16
4.066563E+03	5.170214E-15	1.548952E-16
4.070635E+03	5.166533E-15	1.540490E-16
4.074707E+03	5.153036E-15	1.503872E-16
4.078779E+03	5.131321E-15	1.465055E-16
4.082852E+03	5.115976E-15	1.446725E-16
4.086924E+03	5.108753E-15	1.450965E-16
4.090996E+03	5.110922E-15	1.451936E-16
4.095068E+03	5.117221E-15	1.492791E-16
4.099141E+03	5.128526E-15	1.590949E-16
4.103213E+03	5.140851E-15	1.602476E-16
4.107285E+03	5.153001E-15	1.639128E-16
4.111358E+03	5.167445E-15	1.876041E-16
4.115430E+03	5.188241E-15	1.977361E-16
4.119502E+03	5.212441E-15	1.965087E-16
4.123574E+03	5.241397E-15	1.974620E-16
4.127647E+03	5.270092E-15	1.981408E-16
4.131719E+03	5.296220E-15	1.982276E-16
4.135791E+03	5.315008E-15	1.976134E-16
4.139863E+03	5.325505E-15	1.966161E-16
4.143936E+03	5.330181E-15	1.914354E-16
4.148008E+03	5.329754E-15	1.772921E-16
4.152080E+03	5.326134E-15	1.708950E-16
4.156153E+03	5.308752E-15	1.696599E-16
4.160225E+03	5.286992E-15	1.490816E-16
4.164297E+03	5.260937E-15	1.364688E-16
4.168369E+03	5.228204E-15	1.422150E-16
4.172442E+03	5.188163E-15	1.462618E-16
4.176514E+03	5.145107E-15	1.450626E-16
4.180586E+03	5.099751E-15	1.437856E-16
4.184658E+03	5.053843E-15	1.451575E-16
4.188731E+03	5.000876E-15	1.478881E-16
4.192803E+03	4.951964E-15	1.486956E-16
4.196875E+03	4.909404E-15	1.491946E-16
4.200948E+03	4.869703E-15	1.477912E-16
4.205020E+03	4.824613E-15	1.458509E-16
4.209092E+03	4.767637E-15	1.446050E-16
4.213164E+03	4.710037E-15	1.426843E-16
4.217237E+03	4.658789E-15	1.350709E-16
4.221309E+03	4.611431E-15	1.255483E-16
4.225381E+03	4.568518E-15	1.270689E-16
4.229453E+03	4.525610E-15	1.273833E-16
4.233526E+03	4.488172E-15	1.247643E-16
4.237598E+03	4.456200E-15	1.219461E-16
4.241670E+03	4.425575E-15	1.185552E-16
4.245743E+03	4.400016E-15	1.154446E-16
4.249815E+03	4.382840E-15	1.123207E-16
4.253887E+03	4.369219E-15	1.086051E-16
4.257959E+03	4.358596E-15	1.083590E-16
4.262032E+03	4.351839E-15	1.072774E-16
4.266104E+03	4.349655E-15	1.075240E-16
4.270176E+03	4.351725E-15	1.074916E-16
4.274248E+03	4.356704E-15	1.016365E-16
4.278321E+03	4.360956E-15	9.976583E-17
4.282393E+03	4.362746E-15	9.924620E-17
4.286465E+03	4.365862E-15	9.763226E-17
4.290538E+03	4.375118E-15	9.839571E-17
4.294610E+03	4.381989E-15	9.750435E-17
4.298682E+03	4.365893E-15	9.717775E-17
4.302754E+03	4.309111E-15	9.441546E-17
4.306827E+03	4.225153E-15	9.346697E-17
4.310899E+03	4.136107E-15	9.306617E-17
4.314971E+03	4.059229E-15	9.210449E-17
4.319043E+03	3.995927E-15	9.365884E-17
4.323116E+03	3.959180E-15	1.128976E-16
4.327188E+03	3.943062E-15	1.434827E-16
4.331260E+03	3.946454E-15	1.869158E-16
4.335333E+03	3.965090E-15	2.252646E-16
4.339405E+03	4.004224E-15	2.380533E-16
4.343477E+03	4.052126E-15	2.362982E-16
4.347549E+03	4.113972E-15	2.971466E-16
4.351622E+03	4.186058E-15	3.881966E-16
4.355694E+03	4.264680E-15	4.312368E-16
4.359766E+03	4.346377E-15	4.359059E-16
4.363838E+03	4.424161E-15	4.358953E-16
4.367911E+03	4.499838E-15	4.366121E-16
4.371983E+03	4.569331E-15	4.376386E-16
4.376055E+03	4.623394E-15	4.337732E-16
4.380127E+03	4.663609E-15	4.193651E-16
4.384200E+03	4.690929E-15	3.959009E-16
4.388272E+03	4.706855E-15	3.773851E-16
4.392344E+03	4.716724E-15	3.778991E-16
4.396417E+03	4.724142E-15	3.550434E-16
4.400489E+03	4.722226E-15	2.682793E-16
4.404561E+03	4.710518E-15	1.792020E-16
4.408633E+03	4.689027E-15	1.576196E-16
4.412706E+03	4.660970E-15	1.614705E-16
4.416778E+03	4.632057E-15	1.628110E-16
4.420850E+03	4.607602E-15	1.591963E-16
4.424922E+03	4.598528E-15	1.534587E-16
4.428995E+03	4.609893E-15	1.405411E-16
4.433067E+03	4.650565E-15	1.212640E-16
4.437139E+03	4.718640E-15	1.058780E-16
4.441212E+03	4.793817E-15	1.070600E-16
4.445284E+03	4.851387E-15	1.097719E-16
4.449356E+03	4.883503E-15	1.109580E-16
4.453428E+03	4.901407E-15	1.096060E-16
4.457501E+03	4.916555E-15	1.058944E-16
4.461573E+03	4.931831E-15	1.049596E-16
4.465645E+03	4.939768E-15	1.064170E-16
4.469717E+03	4.946595E-15	1.079841E-16
4.473790E+03	4.952312E-15	1.065575E-16
4.477862E+03	4.956299E-15	1.064956E-16
4.481934E+03	4.960422E-15	1.072894E-16
4.486007E+03	4.965535E-15	1.082733E-16
4.490079E+03	4.969542E-15	1.083408E-16
4.494151E+03	4.978260E-15	1.087699E-16
4.498223E+03	4.986025E-15	1.098982E-16
4.502296E+03	4.996246E-15	1.104693E-16
4.506368E+03	5.009309E-15	1.110737E-16
4.510440E+03	5.026679E-15	1.111807E-16
4.514512E+03	5.045488E-15	1.113157E-16
4.518585E+03	5.060089E-15	1.106311E-16
4.522657E+03	5.070180E-15	1.115456E-16
4.526729E+03	5.077001E-15	1.140378E-16
4.530801E+03	5.084110E-15	1.162884E-16
4.534874E+03	5.090039E-15	1.159356E-16
4.538946E+03	5.090625E-15	1.153037E-16
4.543018E+03	5.086415E-15	1.140056E-16
4.547091E+03	5.073483E-15	1.123250E-16
4.551163E+03	5.056697E-15	1.136384E-16
4.555235E+03	5.038988E-15	1.163091E-16
4.559307E+03	5.024899E-15	1.181121E-16
4.563380E+03	5.015119E-15	1.181256E-16
4.567452E+03	5.008487E-15	1.186343E-16
4.571524E+03	5.007767E-15	1.208805E-16
4.575596E+03	5.007495E-15	1.190617E-16
4.579669E+03	5.014504E-15	1.156594E-16
4.583741E+03	5.024487E-15	1.147387E-16
4.587813E+03	5.038589E-15	1.239446E-16
4.591886E+03	5.055041E-15	1.359031E-16
4.595958E+03	5.074530E-15	1.473220E-16
4.600030E+03	5.098735E-15	1.493143E-16
4.604102E+03	5.122750E-15	1.481772E-16
4.608175E+03	5.145351E-15	1.517562E-16
4.612247E+03	5.166309E-15	1.578697E-16
4.616319E+03	5.187310E-15	1.614244E-16
4.620391E+03	5.208277E-15	1.613258E-16
4.624464E+03	5.223254E-15	1.612091E-16
4.628536E+03	5.233241E-15	1.608208E-16
4.632608E+03	5.238322E-15	1.615280E-16
4.636681E+03	5.234084E-15	1.586285E-16
4.640753E+03	5.218558E-15	1.543931E-16
4.644825E+03	5.186508E-15	1.465872E-16
4.648897E+03	5.148160E-15	1.438448E-16
4.652970E+03	5.104210E-15	1.457152E-16
4.657042E+03	5.052766E-15	1.423547E-16
4.661114E+03	4.996956E-15	1.360766E-16
4.665186E+03	4.943778E-15	1.353185E-16
4.669259E+03	4.896340E-15	1.400435E-16
4.673331E+03	4.851294E-15	1.453278E-16
4.677403E+03	4.806666E-15	1.494763E-16
4.681476E+03	4.764956E-15	1.486488E-16
4.685548E+03	4.719872E-15	1.488120E-16
4.689620E+03	4.670056E-15	1.496978E-16
4.693692E+03	4.610824E-15	1.552334E-16
4.697765E+03	4.548017E-15	1.559991E-16
4.701837E+03	4.486403E-15	1.552294E-16
4.705909E+03	4.426586E-15	1.546484E-16
4.709981E+03	4.371810E-15	1.537814E-16
4.714054E+03	4.320331E-15	1.523893E-16
4.718126E+03	4.272673E-15	1.485538E-16
4.722198E+03	4.229281E-15	1.425737E-16
4.726271E+03	4.192410E-15	1.362692E-16
4.730343E+03	4.156626E-15	1.378861E-16
4.734415E+03	4.119144E-15	1.369364E-16
4.738487E+03	4.079740E-15	1.319288E-16
4.742560E+03	4.039697E-15	1.248063E-16
4.746632E+03	4.000969E-15	1.239888E-16
4.750704E+03	3.960776E-15	1.234806E-16
4.754776E+03	3.918371E-15	1.237018E-16
4.758849E+03	3.882907E-15	1.228140E-16
4.762921E+03	3.851976E-15	1.196098E-16
4.766993E+03	3.829465E-15	1.192994E-16
4.771065E+03	3.818954E-15	1.218181E-16
4.775138E+03	3.825437E-15	1.254702E-16
4.779210E+03	3.844022E-15	1.239397E-16
4.783282E+03	3.863328E-15	1.245203E-16
4.787355E+03	3.882157E-15	1.246727E-16
4.791427E+03	3.897002E-15	1.215220E-16
4.795499E+03	3.913390E-15	1.183058E-16
4.799571E+03	3.931841E-15	1.145936E-16
4.803644E+03	3.951457E-15	1.132695E-16
4.807716E+03	3.980356E-15	1.198187E-16
4.811788E+03	4.029093E-15	1.383141E-16
4.815860E+03	4.082974E-15	1.466840E-16
4.819933E+03	4.108457E-15	1.455597E-16
4.824005E+03	4.078985E-15	1.376778E-16
4.828077E+03	4.001415E-15	1.325045E-16
4.832150E+03	3.917621E-15	1.303714E-16
4.836222E+03	3.860257E-15	1.295448E-16
4.840294E+03	3.836912E-15	1.411581E-16
4.844366E+03	3.848859E-15	1.773475E-16
4.848439E+03	3.894850E-15	2.400955E-16
4.852511E+03	3.965426E-15	3.025200E-16
4.856583E+03	4.058176E-15	3.529632E-16
4.860655E+03	4.166038E-15	3.599675E-16
4.864728E+03	4.289575E-15	3.487633E-16
4.868800E+03	4.422114E-15	4.711910E-16
4.872872E+03	4.561574E-15	6.587392E-16
4.876945E+03	4.702041E-15	7.547555E-16
4.881017E+03	4.836143E-15	7.608216E-16
4.885089E+03	4.961095E-15	7.654696E-16
4.889161E+03	5.064176E-15	7.767582E-16
4.893234E+03	5.144397E-15	7.842329E-16
4.897306E+03	5.205254E-15	7.807542E-16
4.901378E+03	5.242889E-15	7.613529E-16
4.905450E+03	5.256828E-15	7.277934E-16
4.909523E+03	5.241172E-15	6.992693E-16
4.913595E+03	5.204628E-15	7.017013E-16
4.917667E+03	5.151485E-15	6.571383E-16
4.921740E+03	5.079943E-15	4.938861E-16
4.925812E+03	4.991719E-15	2.918641E-16
4.929884E+03	4.887941E-15	2.593324E-16
4.933956E+03	4.774122E-15	2.817502E-16
4.938029E+03	4.658027E-15	2.834640E-16
4.942101E+03	4.553097E-15	2.577280E-16
4.946173E+03	4.472304E-15	2.208491E-16
4.950245E+03	4.425452E-15	1.970115E-16
4.954318E+03	4.429027E-15	1.834493E-16
4.958390E+03	4.478783E-15	1.787317E-16
4.962462E+03	4.539907E-15	1.805386E-16
4.966535E+03	4.576360E-15	1.832649E-16
4.970607E+03	4.569499E-15	1.827764E-16
4.974679E+03	4.532483E-15	1.802244E-16
4.978751E+03	4.500812E-15	1.727674E-16
4.982824E+03	4.471210E-15	1.603607E-16
4.986896E+03	4.434026E-15	1.460009E-16
4.990968E+03	4.405223E-15	1.453531E-16
4.995041E+03	4.387612E-15	1.442260E-16
4.999113E+03	4.373496E-15	1.393187E-16
5.003185E+03	4.360337E-15	1.406760E-16
5.007257E+03	4.351460E-15	1.422481E-16
5.011330E+03	4.343026E-15	1.435832E-16
5.015402E+03	4.335903E-15	1.499790E-16
5.019474E+03	4.330375E-15	1.516481E-16
5.023546E+03	4.327522E-15	1.515142E-16
5.027619E+03	4.324312E-15	1.576536E-16
5.031691E+03	4.319160E-15	1.773722E-16
5.035763E+03	4.302492E-15	1.869911E-16
5.039836E+03	4.283253E-15	1.863560E-16
5.043908E+03	4.261879E-15	1.868879E-16
5.047980E+03	4.237369E-15	1.870647E-16
5.052052E+03	4.213463E-15	1.844266E-16
5.056125E+03	4.186858E-15	1.821831E-16
5.060197E+03	4.162223E-15	1.773762E-16
5.064269E+03	4.141204E-15	1.693721E-16
5.068341E+03	4.117417E-15	1.650886E-16
5.072414E+03	4.093014E-15	1.650352E-16
5.076486E+03	4.067997E-15	1.605350E-16
5.080558E+03	4.038719E-15	1.342604E-16
5.084631E+03	4.006331E-15	1.120520E-16
5.088703E+03	3.973627E-15	1.126840E-16
5.092775E+03	3.939107E-15	1.129049E-16
5.096847E+03	3.906414E-15	1.107031E-16
5.100919E+03	3.881321E-15	1.102961E-16
5.104992E+03	3.861535E-15	1.080607E-16
5.109064E+03	3.850607E-15	1.088453E-16
5.113136E+03	3.852581E-15	1.099886E-16
5.117209E+03	3.864657E-15	1.101208E-16
5.121281E+03	3.882055E-15	1.110200E-16
5.125353E+03	3.896307E-15	1.113124E-16
5.129425E+03	3.898470E-15	1.115496E-16
5.133498E+03	3.887501E-15	1.104001E-16
5.137570E+03	3.878322E-15	1.097189E-16
5.141642E+03	3.872488E-15	1.077672E-16
5.145715E+03	3.871978E-15	1.077008E-16
5.149787E+03	3.879190E-15	1.060091E-16
5.153859E+03	3.891988E-15	1.070993E-16
5.157931E+03	3.904138E-15	1.098830E-16
5.162004E+03	3.918185E-15	1.139856E-16
5.166076E+03	3.931089E-15	1.194864E-16
5.170148E+03	3.947018E-15	1.197238E-16
5.174220E+03	3.967095E-15	1.196290E-16
5.178293E+03	3.988282E-15	1.252430E-16
5.182365E+03	4.003456E-15	1.442065E-16
5.186437E+03	4.019674E-15	1.546661E-16
5.190510E+03	4.030597E-15	1.544863E-16
5.194582E+03	4.040949E-15	1.561211E-16
5.198654E+03	4.049958E-15	1.588949E-16
5.202726E+03	4.052495E-15	1.587155E-16
5.206799E+03	4.054542E-15	1.562453E-16
5.210871E+03	4.059330E-15	1.516982E-16
5.214943E+03	4.063415E-15	1.462587E-16
5.219015E+03	4.065398E-15	1.451261E-16
5.223088E+03	4.065632E-15	1.459476E-16
5.227160E+03	4.064610E-15	1.420627E-16
5.231232E+03	4.063175E-15	1.236296E-16
5.235305E+03	4.058529E-15	1.061616E-16
5.239377E+03	4.047740E-15	1.063209E-16
5.243449E+03	4.030609E-15	1.064012E-16
5.247521E+03	4.016297E-15	1.043471E-16
5.251594E+03	4.005010E-15	1.029552E-16
5.255666E+03	4.001067E-15	1.025947E-16
5.259738E+03	4.007038E-15	1.047888E-16
5.263810E+03	4.018934E-15	1.064540E-16
5.267883E+03	4.038137E-15	1.056578E-16
5.271955E+03	4.059416E-15	1.051647E-16
5.276027E+03	4.074207E-15	1.052937E-16
5.280100E+03	4.076332E-15	1.043947E-16
5.284172E+03	4.069913E-15	1.070307E-16
5.288244E+03	4.063161E-15	1.113113E-16
5.292316E+03	4.059964E-15	1.135857E-16
5.296389E+03	4.061985E-15	1.126301E-16
5.300461E+03	4.064427E-15	1.126829E-16
5.304533E+03	4.064379E-15	1.146969E-16
5.308605E+03	4.060529E-15	1.155618E-16
5.312678E+03	4.057383E-15	1.142412E-16
5.316750E+03	4.056257E-15	1.156470E-16
5.320822E+03	4.056317E-15	1.155116E-16
5.324895E+03	4.055417E-15	1.172487E-16
5.328967E+03	4.050381E-15	1.200250E-16
5.333039E+03	4.043425E-15	1.203834E-16
5.337111E+03	4.033724E-15	1.165181E-16
5.341184E+03	4.023145E-15	1.124568E-16
5.345256E+03	4.006930E-15	1.128335E-16
5.349328E+03	3.988328E-15	1.123547E-16
5.353400E+03	3.971890E-15	1.094198E-16
5.357473E+03	3.960162E-15	1.055256E-16
5.361545E+03	3.951415E-15	1.060721E-16
5.365617E+03	3.942274E-15	1.041731E-16
5.369690E+03	3.931502E-15	1.041529E-16
5.373762E+03	3.922813E-15	1.017595E-16
5.377834E+03	3.915104E-15	9.960495E-17
5.381906E+03	3.900752E-15	9.749786E-17
5.385979E+03	3.881689E-15	9.564331E-17
5.390051E+03	3.858949E-15	9.549067E-17
5.394123E+03	3.837338E-15	9.431560E-17
5.398195E+03	3.816787E-15	9.328171E-17
5.402268E+03	3.798252E-15	9.439523E-17
5.406340E+03	3.781390E-15	9.574906E-17
5.410412E+03	3.766265E-15	9.401416E-17
5.414484E+03	3.756024E-15	9.259680E-17
5.418557E+03	3.745940E-15	9.162861E-17
5.422629E+03	3.732868E-15	9.134927E-17
5.426701E+03	3.717429E-15	8.903875E-17
5.430774E+03	3.698531E-15	8.650651E-17
5.434846E+03	3.679457E-15	8.542758E-17
5.438918E+03	3.663755E-15	8.478381E-17
5.442990E+03	3.649171E-15	8.374601E-17
5.447063E+03	3.637406E-15	8.358320E-17
5.451135E+03	3.626891E-15	8.213622E-17
5.455207E+03	3.617418E-15	7.973498E-17
5.459279E+03	3.610962E-15	7.991876E-17
5.463352E+03	3.606634E-15	7.996220E-17
5.467424E+03	3.604159E-15	7.976099E-17
5.471496E+03	3.603194E-15	7.980144E-17
5.475569E+03	3.599182E-15	8.005276E-17
5.479641E+03	3.591787E-15	8.009040E-17
5.483713E+03	3.584885E-15	8.007892E-17
5.487785E+03	3.578272E-15	8.006362E-17
5.491858E+03	3.567603E-15	8.009939E-17
5.495930E+03	3.556206E-15	8.052147E-17
5.500002E+03	3.545712E-15	8.084291E-17
5.504074E+03	3.536322E-15	8.075899E-17
5.508147E+03	3.525391E-15	7.985855E-17
5.512219E+03	3.512378E-15	7.969681E-17
5.516291E+03	3.499318E-15	7.968563E-17
5.520364E+03	3.487836E-15	7.982718E-17
5.524436E+03	3.479555E-15	7.956347E-17
5.528508E+03	3.468583E-15	7.874456E-17
5.532580E+03	3.458847E-15	7.866894E-17
5.536653E+03	3.449129E-15	7.846810E-17
5.540725E+03	3.438820E-15	7.831961E-17
5.544797E+03	3.430149E-15	7.846101E-17
5.548869E+03	3.419469E-15	7.839300E-17
5.552942E+03	3.405092E-15	7.857055E-17
5.557014E+03	3.393434E-15	7.889619E-17
5.561086E+03	3.382132E-15	7.875011E-17
5.565158E+03	3.369228E-15	7.886247E-17
5.569231E+03	3.355871E-15	7.892464E-17
5.573303E+03	3.340778E-15	7.984458E-17
5.577375E+03	3.324694E-15	7.977336E-17
5.581448E+03	3.308428E-15	7.978010E-17
5.585520E+03	3.291036E-15	7.995995E-17
5.589592E+03	3.271510E-15	7.968041E-17
5.593664E+03	3.251870E-15	7.891748E-17
5.597737E+03	3.235817E-15	7.870290E-17
5.601809E+03	3.217630E-15	7.955237E-17
5.605881E+03	3.198925E-15	7.869091E-17
5.609953E+03	3.180845E-15	7.839855E-17
5.614026E+03	3.160701E-15	7.880737E-17
5.618098E+03	3.136746E-15	7.876696E-17
5.622170E+03	3.110127E-15	7.765001E-17
5.626243E+03	3.078764E-15	7.711302E-17
5.630315E+03	3.046016E-15	7.625760E-17
5.634387E+03	3.011147E-15	7.483815E-17
5.638459E+03	2.970937E-15	7.335521E-17
5.642532E+03	2.927537E-15	7.238331E-17
5.646604E+03	2.884235E-15	7.643346E-17
5.650676E+03	2.841902E-15	7.606785E-17
5.654748E+03	2.798660E-15	7.746726E-17
5.658821E+03	2.756989E-15	7.793437E-17
5.662893E+03	2.719232E-15	7.656947E-17
5.666965E+03	2.684047E-15	7.587207E-17
5.671038E+03	2.654443E-15	7.505592E-17
5.675110E+03	2.627337E-15	7.551815E-17
5.679182E+03	2.605672E-15	7.590958E-17
5.683254E+03	2.588239E-15	7.735554E-17
5.687327E+03	2.576239E-15	7.922536E-17
5.691399E+03	2.568732E-15	7.946129E-17
5.695471E+03	2.565379E-15	7.650931E-17
5.699543E+03	2.563706E-15	7.648001E-17
5.703616E+03	2.567786E-15	7.472445E-17
5.707688E+03	2.577348E-15	7.461018E-17
5.711760E+03	2.590587E-15	7.637533E-17
5.715833E+03	2.607030E-15	7.703459E-17
5.719905E+03	2.627077E-15	7.784890E-17
5.723977E+03	2.648924E-15	7.777798E-17
5.728049E+03	2.668765E-15	7.771526E-17
5.732122E+03	2.687802E-15	7.797933E-17
5.736194E+03	2.704836E-15	7.704093E-17
5.740266E+03	2.719734E-15	7.834076E-17
5.744338E+03	2.735899E-15	7.949859E-17
5.748411E+03	2.748795E-15	7.998873E-17
5.752483E+03	2.762959E-15	7.996312E-17
5.756555E+03	2.778189E-15	7.981438E-17
5.760627E+03	2.790621E-15	8.009618E-17
5.764700E+03	2.800588E-15	8.112385E-17
5.768772E+03	2.810025E-15	8.231782E-17
5.772844E+03	2.815002E-15	8.279956E-17
5.776917E+03	2.816920E-15	8.295170E-17
5.780989E+03	2.817978E-15	8.225028E-17
5.785061E+03	2.817711E-15	8.187621E-17
5.789133E+03	2.817581E-15	8.120094E-17
5.793206E+03	2.820784E-15	8.110570E-17
5.797278E+03	2.826851E-15	8.024706E-17
5.801350E+03	2.835049E-15	8.030121E-17
5.805422E+03	2.847704E-15	8.078514E-17
5.809495E+03	2.862287E-15	8.091933E-17
5.813567E+03	2.878666E-15	8.110932E-17
5.817639E+03	2.899562E-15	8.127145E-17
5.821712E+03	2.921985E-15	8.269502E-17
5.825784E+03	2.948524E-15	8.366387E-17
5.829856E+03	2.975723E-15	8.478378E-17
5.833928E+03	3.002786E-15	8.570877E-17
5.838001E+03	3.028185E-15	8.655562E-17
5.842073E+03	3.050925E-15	8.700701E-17
5.846145E+03	3.070345E-15	8.774011E-17
5.850217E+03	3.086445E-15	8.812657E-17
5.854290E+03	3.098565E-15	8.830997E-17
5.858362E+03	3.106506E-15	8.953324E-17
5.862434E+03	3.108082E-15	8.957481E-17
5.866507E+03	3.107871E-15	9.006782E-17
5.870579E+03	3.109058E-15	9.041993E-17
5.874651E+03	3.110847E-15	9.318900E-17
5.878723E+03	3.113701E-15	9.458337E-17
5.882796E+03	3.119011E-15	9.546991E-17
5.886868E+03	3.125053E-15	9.622699E-17
5.890940E+03	3.130701E-15	9.667386E-17
5.895012E+03	3.138605E-15	9.671922E-17
5.899085E+03	3.148829E-15	9.743199E-17
5.903157E+03	3.159784E-15	1.019600E-16
5.907229E+03	3.169350E-15	1.060420E-16
5.911302E+03	3.178190E-15	1.114957E-16
5.915374E+03	3.186435E-15	1.119519E-16
5.919446E+03	3.190579E-15	1.124136E-16
5.923518E+03	3.191747E-15	1.107191E-16
5.927591E+03	3.192589E-15	1.096969E-16
5.931663E+03	3.191449E-15	1.104769E-16
5.935735E+03	3.187535E-15	1.099464E-16
5.939807E+03	3.181840E-15	1.096844E-16
5.943880E+03	3.173108E-15	1.096933E-16
5.947952E+03	3.162596E-15	1.093796E-16
5.952024E+03	3.148255E-15	1.060054E-16
5.956097E+03	3.128168E-15	1.009858E-16
5.960169E+03	3.106768E-15	9.404826E-17
5.964241E+03	3.086964E-15	9.270453E-17
5.968313E+03	3.065912E-15	9.265267E-17
5.972386E+03	3.046785E-15	9.218620E-17
5.976458E+03	3.029451E-15	9.142387E-17
5.980530E+03	3.014040E-15	8.964264E-17
5.984602E+03	3.002336E-15	8.894481E-17
5.988675E+03	2.995725E-15	8.826670E-17
5.992747E+03	2.992026E-15	8.755366E-17
5.996819E+03	2.987340E-15	8.746845E-17
6.000892E+03	2.980412E-15	8.721835E-17
6.004964E+03	2.971904E-15	8.674691E-17
6.009036E+03	2.960695E-15	8.635232E-17
6.013108E+03	2.950943E-15	8.613012E-17
6.017181E+03	2.943374E-15	8.581468E-17
6.021253E+03	2.935546E-15	8.561811E-17
6.025325E+03	2.927393E-15	8.532437E-17
6.029398E+03	2.922015E-15	8.494253E-17
6.033470E+03	2.915652E-15	8.462105E-17
6.037542E+03	2.907247E-15	8.440926E-17
6.041614E+03	2.899770E-15	8.434028E-17
6.045687E+03	2.893023E-15	8.433499E-17
6.049759E+03	2.885818E-15	8.402347E-17
6.053831E+03	2.878683E-15	8.381000E-17
6.057903E+03	2.872277E-15	8.354767E-17
6.061976E+03	2.866930E-15	8.320960E-17
6.066048E+03	2.860597E-15	8.266617E-17
6.070120E+03	2.853410E-15	8.213535E-17
6.074193E+03	2.846425E-15	8.193734E-17
6.078265E+03	2.841684E-15	8.174520E-17
6.082337E+03	2.838792E-15	8.196771E-17
6.086409E+03	2.836496E-15	8.259525E-17
6.090481E+03	2.835191E-15	8.225477E-17
6.094554E+03	2.834019E-15	8.172577E-17
6.098626E+03	2.831664E-15	8.155272E-17
6.102698E+03	2.827796E-15	8.130055E-17
6.106771E+03	2.826104E-15	8.104091E-17
6.110843E+03	2.824481E-15	8.083498E-17
6.114915E+03	2.820685E-15	8.062474E-17
6.118987E+03	2.815114E-15	8.029646E-17
6.123060E+03	2.808689E-15	7.970456E-17
6.127132E+03	2.802399E-15	7.960721E-17
6.131204E+03	2.795650E-15	7.939499E-17
6.135276E+03	2.788048E-15	7.817098E-17
6.139349E+03	2.778342E-15	7.778512E-17
6.143421E+03	2.766928E-15	7.731060E-17
6.147493E+03	2.755385E-15	7.686470E-17
6.151566E+03	2.745556E-15	7.646259E-17
6.155638E+03	2.737178E-15	7.638311E-17
6.159710E+03	2.729000E-15	7.598047E-17
6.163782E+03	2.722404E-15	7.555076E-17
6.167855E+03	2.717653E-15	7.507369E-17
6.171927E+03	2.714482E-15	7.479968E-17
6.175999E+03	2.711576E-15	7.440373E-17
6.180072E+03	2.708605E-15	7.415997E-17
6.184144E+03	2.705176E-15	7.408215E-17
6.188216E+03	2.703063E-15	7.382183E-17
6.192288E+03	2.701741E-15	7.361719E-17
6.196361E+03	2.700288E-15	7.342049E-17
6.200433E+03	2.699231E-15	7.342194E-17
6.204505E+03	2.698438E-15	7.296133E-17
6.208577E+03	2.696988E-15	7.273368E-17
6.212650E+03	2.694750E-15	7.262349E-17
6.216722E+03	2.690607E-15	7.235235E-17
6.220794E+03	2.684755E-15	7.205363E-17
6.224867E+03	2.679497E-15	7.187400E-17
6.228939E+03	2.674305E-15	7.150583E-17
6.233011E+03	2.667867E-15	7.095762E-17
6.237083E+03	2.661363E-15	7.082596E-17
6.241156E+03	2.652890E-15	7.046404E-17
6.245228E+03	2.642776E-15	7.004209E-17
6.249300E+03	2.631021E-15	6.949837E-17
6.253372E+03	2.620910E-15	6.941044E-17
6.257445E+03	2.611261E-15	6.922007E-17
6.261517E+03	2.603518E-15	6.888531E-17
6.265589E+03	2.597156E-15	6.857117E-17
6.269662E+03	2.591057E-15	6.824991E-17
6.273734E+03	2.584762E-15	6.777103E-17
6.277806E+03	2.574069E-15	6.748951E-17
6.281878E+03	2.558387E-15	6.754558E-17
6.285951E+03	2.540868E-15	6.759280E-17
6.290023E+03	2.520266E-15	6.840266E-17
6.294095E+03	2.496713E-15	6.857309E-17
6.298167E+03	2.474082E-15	6.762735E-17
6.302240E+03	2.449748E-15	6.690059E-17
6.306312E+03	2.425416E-15	6.876948E-17
6.310384E+03	2.405485E-15	7.307140E-17
6.314457E+03	2.387132E-15	7.742975E-17
6.318529E+03	2.371406E-15	7.828641E-17
6.322601E+03	2.357912E-15	7.777443E-17
6.326673E+03	2.346717E-15	7.845087E-17
6.330746E+03	2.338277E-15	7.946547E-17
6.334818E+03	2.331151E-15	7.939216E-17
6.338890E+03	2.325534E-15	7.951258E-17
6.342962E+03	2.322081E-15	8.010713E-17
6.347035E+03	2.320399E-15	8.047056E-17
6.351107E+03	2.320816E-15	8.109491E-17
6.355179E+03	2.322280E-15	7.902834E-17
6.359252E+03	2.325580E-15	7.634815E-17
6.363324E+03	2.329272E-15	7.196888E-17
6.367396E+03	2.334601E-15	7.242007E-17
6.371468E+03	2.341896E-15	7.373006E-17
6.375541E+03	2.351614E-15	7.358598E-17
6.379613E+03	2.362640E-15	7.254131E-17
6.383685E+03	2.373008E-15	7.170526E-17
6.387757E+03	2.380490E-15	7.010400E-17
6.391830E+03	2.383383E-15	6.837746E-17
6.395902E+03	2.382802E-15	6.875309E-17
6.399974E+03	2.381760E-15	6.899087E-17
6.404047E+03	2.381373E-15	7.049620E-17
6.408119E+03	2.383147E-15	6.930813E-17
6.412191E+03	2.387211E-15	6.799927E-17
6.416263E+03	2.393436E-15	6.550767E-17
6.420336E+03	2.401557E-15	6.581311E-17
6.424408E+03	2.407907E-15	6.915603E-17
6.428480E+03	2.413534E-15	7.124741E-17
6.432552E+03	2.420207E-15	7.179313E-17
6.436625E+03	2.427466E-15	7.165864E-17
6.440697E+03	2.437865E-15	7.218472E-17
6.444769E+03	2.449505E-15	7.203774E-17
6.448841E+03	2.460551E-15	7.129150E-17
6.452914E+03	2.476241E-15	7.055028E-17
6.456986E+03	2.496704E-15	7.048205E-17
6.461058E+03	2.520564E-15	7.085505E-17
6.465131E+03	2.551485E-15	7.156633E-17
6.469203E+03	2.587633E-15	7.165137E-17
6.473275E+03	2.627698E-15	7.030745E-17
6.477347E+03	2.674361E-15	6.932251E-17
6.481420E+03	2.725133E-15	7.077567E-17
6.485492E+03	2.781193E-15	7.418137E-17
6.489564E+03	2.842733E-15	7.732338E-17
6.493636E+03	2.908772E-15	7.844054E-17
6.497709E+03	2.978328E-15	8.090287E-17
6.501781E+03	3.048522E-15	8.883999E-17
6.505853E+03	3.118570E-15	9.780026E-17
6.509926E+03	3.190891E-15	1.019718E-16
6.513998E+03	3.269601E-15	1.048504E-16
6.518070E+03	3.365939E-15	1.476657E-16
6.522142E+03	3.487348E-15	2.292953E-16
6.526215E+03	3.593312E-15	3.046937E-16
6.530287E+03	3.610531E-15	3.527624E-16
6.534359E+03	3.483635E-15	3.641565E-16
6.538431E+03	3.243107E-15	3.543834E-16
6.542504E+03	2.997466E-15	3.573346E-16
6.546576E+03	2.850876E-15	4.049769E-16
6.550648E+03	2.839485E-15	5.057188E-16
6.554721E+03	2.956918E-15	6.518047E-16
6.558793E+03	3.185115E-15	8.192692E-16
6.562865E+03	3.502304E-15	9.640703E-16
6.566937E+03	3.881369E-15	1.035116E-15
6.571010E+03	4.296379E-15	9.910233E-16
6.575082E+03	4.725004E-15	1.032507E-15
6.579154E+03	5.147729E-15	1.463224E-15
6.583226E+03	5.548243E-15	1.976222E-15
6.587299E+03	5.908677E-15	2.209182E-15
6.591371E+03	6.212085E-15	2.222979E-15
6.595443E+03	6.450526E-15	2.234126E-15
6.599516E+03	6.616912E-15	2.277364E-15
6.603588E+03	6.700311E-15	2.305717E-15
6.607660E+03	6.698925E-15	2.297997E-15
6.611732E+03	6.612782E-15	2.254541E-15
6.615805E+03	6.444517E-15	2.196604E-15
6.619877E+03	6.197351E-15	2.178695E-15
6.623949E+03	5.881610E-15	2.172397E-15
6.628021E+03	5.506439E-15	1.972510E-15
6.632094E+03	5.089712E-15	1.471520E-15
6.636166E+03	4.650795E-15	9.850137E-16
6.640238E+03	4.211063E-15	9.094579E-16
6.644310E+03	3.794553E-15	9.514721E-16
6.648383E+03	3.429654E-15	8.952450E-16
6.652455E+03	3.144806E-15	7.741711E-16
6.656527E+03	2.970717E-15	6.253146E-16
6.660600E+03	2.931374E-15	4.838310E-16
6.664672E+03	3.035061E-15	3.810241E-16
6.668744E+03	3.245343E-15	3.318409E-16
6.672816E+03	3.466703E-15	3.277674E-16
6.676889E+03	3.598074E-15	3.331024E-16
6.680961E+03	3.594004E-15	3.219425E-16
6.685033E+03	3.503662E-15	2.786407E-16
6.689105E+03	3.405925E-15	2.128697E-16
6.693178E+03	3.338715E-15	1.529471E-16
6.697250E+03	3.289471E-15	1.244890E-16
6.701322E+03	3.243683E-15	1.224392E-16
6.705395E+03	3.200961E-15	1.194354E-16
6.709467E+03	3.161174E-15	1.097000E-16
6.713539E+03	3.120745E-15	1.025203E-16
6.717611E+03	3.079089E-15	1.000934E-16
6.721684E+03	3.036987E-15	9.867088E-17
6.725756E+03	2.996259E-15	9.781469E-17
6.729828E+03	2.955085E-15	9.691854E-17
6.733900E+03	2.912165E-15	9.597851E-17
6.737973E+03	2.869321E-15	9.502624E-17
6.742045E+03	2.828563E-15	9.411013E-17
6.746117E+03	2.788660E-15	9.311283E-17
6.750190E+03	2.748310E-15	9.220005E-17
6.754262E+03	2.709333E-15	9.129507E-17
6.758334E+03	2.671273E-15	9.050613E-17
6.762406E+03	2.634391E-15	8.968681E-17
6.766479E+03	2.597517E-15	8.883136E-17
6.770551E+03	2.561494E-15	8.796794E-17
6.774623E+03	2.526648E-15	8.713254E-17
6.778695E+03	2.493237E-15	8.677263E-17
6.782768E+03	2.460547E-15	8.611261E-17
6.786840E+03	2.427346E-15	8.521802E-17
6.790912E+03	2.393180E-15	8.457169E-17
6.794984E+03	2.359800E-15	8.417276E-17
6.799057E+03	2.327529E-15	8.392190E-17
6.803129E+03	2.301490E-15	8.380923E-17
6.807201E+03	2.282521E-15	8.337145E-17
6.811274E+03	2.265048E-15	8.300259E-17
6.815346E+03	2.246087E-15	8.251175E-17
6.819418E+03	2.227326E-15	8.214313E-17
6.823490E+03	2.209993E-15	8.184845E-17
6.827563E+03	2.191110E-15	8.139236E-17
6.831635E+03	2.174692E-15	8.253484E-17
6.835707E+03	2.160027E-15	8.462575E-17
6.839779E+03	2.146853E-15	8.610963E-17
6.843852E+03	2.134719E-15	8.536072E-17
6.847924E+03	2.121551E-15	8.637865E-17
6.851996E+03	2.111687E-15	9.380392E-17
6.856069E+03	2.106290E-15	9.833111E-17
6.860141E+03	2.101346E-15	9.842144E-17
6.864213E+03	2.097762E-15	9.903595E-17
6.868285E+03	2.095796E-15	9.953167E-17
6.872358E+03	2.095188E-15	9.972585E-17
6.876430E+03	2.094967E-15	1.001231E-16
6.880502E+03	2.094939E-15	9.901164E-17
6.884574E+03	2.097433E-15	9.709656E-17
6.888647E+03	2.101929E-15	9.513163E-17
6.892719E+03	2.106682E-15	9.553314E-17
6.896791E+03	2.112855E-15	9.537998E-17
6.900864E+03	2.120446E-15	8.896490E-17
6.904936E+03	2.127454E-15	8.459025E-17
6.909008E+03	2.134266E-15	8.492177E-17
6.913080E+03	2.140687E-15	8.523802E-17
6.917153E+03	2.146913E-15	8.552257E-17
6.921225E+03	2.152813E-15	8.596745E-17
6.925297E+03	2.157420E-15	8.587998E-17
6.929369E+03	2.160153E-15	8.621546E-17
6.933442E+03	2.157463E-15	8.665972E-17
6.937514E+03	2.149287E-15	8.640521E-17
6.941586E+03	2.140146E-15	8.602196E-17
6.945659E+03	2.133135E-15	8.560247E-17
6.949731E+03	2.131997E-15	8.563079E-17
6.953803E+03	2.133567E-15	8.545397E-17
6.957875E+03	2.133072E-15	8.562413E-17
6.961948E+03	2.131353E-15	8.576048E-17
6.966020E+03	2.129955E-15	8.588785E-17
6.970092E+03	2.129009E-15	8.601953E-17
6.974164E+03	2.125033E-15	8.609425E-17
6.978237E+03	2.121316E-15	8.614355E-17
6.982309E+03	2.117986E-15	8.660668E-17
6.986381E+03	2.112272E-15	8.672882E-17
6.990454E+03	2.106367E-15	8.678637E-17
6.994526E+03	2.099883E-15	8.680128E-17
6.998598E+03	2.095655E-15	8.712193E-17
7.002670E+03	2.090590E-15	8.729090E-17
7.006743E+03	2.083789E-15	8.725273E-17
7.010815E+03	2.077632E-15	8.736939E-17
7.014887E+03	2.070705E-15	8.719441E-17
7.018959E+03	2.064037E-15	8.710727E-17
7.023032E+03	2.058142E-15	8.754441E-17
7.027104E+03	2.050769E-15	8.761920E-17
7.031176E+03	2.044556E-15	8.681672E-17
7.035249E+03	2.038152E-15	8.673292E-17
7.039321E+03	2.029627E-15	8.652189E-17
7.043393E+03	2.021489E-15	8.626882E-17
7.047465E+03	2.013611E-15	8.574792E-17
7.051538E+03	2.006121E-15	8.548852E-17
7.055610E+03	1.999725E-15	8.529845E-17
7.059682E+03	1.994231E-15	8.552691E-17
7.063755E+03	1.989766E-15	8.585584E-17
7.067827E+03	1.986330E-15	8.628472E-17
7.071899E+03	1.985913E-15	8.590339E-17
7.075971E+03	1.986588E-15	8.575275E-17
7.080043E+03	1.985979E-15	8.576946E-17
7.084116E+03	1.986846E-15	8.547396E-17
7.088188E+03	1.990216E-15	8.628803E-17
7.092260E+03	1.992751E-15	8.670269E-17
7.096333E+03	1.995863E-15	8.710001E-17
7.100405E+03	2.000449E-15	8.718699E-17
7.104477E+03	2.005098E-15	8.746519E-17
7.108550E+03	2.011991E-15	8.733305E-17
7.112622E+03	2.017598E-15	8.722730E-17
7.116694E+03	2.020319E-15	8.686290E-17
7.120766E+03	2.022333E-15	8.694045E-17
7.124838E+03	2.024026E-15	8.718713E-17
7.128911E+03	2.024243E-15	8.735295E-17
7.132983E+03	2.021193E-15	8.747768E-17
7.137055E+03	2.017886E-15	8.705352E-17
7.141128E+03	2.012274E-15	8.720841E-17
7.145200E+03	2.006023E-15	8.689997E-17
7.149272E+03	2.000030E-15	8.678157E-17
7.153344E+03	1.993846E-15	8.658044E-17
7.157417E+03	1.988177E-15	8.646990E-17
7.161489E+03	1.982957E-15	8.643319E-17
7.165561E+03	1.980748E-15	8.640450E-17
7.169633E+03	1.981163E-15	8.686012E-17
7.173706E+03	1.982347E-15	8.696613E-17
7.177778E+03	1.984298E-15	8.726213E-17
7.181850E+03	1.986185E-15	8.751005E-17
7.185923E+03	1.987047E-15	8.779748E-17
7.189995E+03	1.988741E-15	8.763570E-17
7.194067E+03	1.990627E-15	8.780123E-17
7.198139E+03	1.992384E-15	8.800889E-17
7.202212E+03	1.993373E-15	8.824348E-17
7.206284E+03	1.994362E-15	8.820132E-17
7.210356E+03	1.996757E-15	8.832582E-17
7.214428E+03	1.997554E-15	8.906643E-17
7.218501E+03	1.996051E-15	8.885605E-17
7.222573E+03	1.994229E-15	8.870167E-17
7.226645E+03	1.993812E-15	8.869597E-17
7.230718E+03	1.994738E-15	8.865056E-17
7.234790E+03	1.994833E-15	8.838374E-17
7.238862E+03	1.991416E-15	8.796922E-17
7.242934E+03	1.987873E-15	8.773813E-17
7.247007E+03	1.987076E-15	8.741904E-17
7.251079E+03	1.986343E-15	8.711060E-17
7.255151E+03	1.985100E-15	8.691720E-17
7.259224E+03	1.981306E-15	8.678785E-17
7.263296E+03	1.977895E-15	8.649192E-17
7.267368E+03	1.978696E-15	8.636924E-17
7.271440E+03	1.980581E-15	8.654036E-17
7.275513E+03	1.981063E-15	8.697910E-17
7.279585E+03	1.979505E-15	8.675283E-17
7.283657E+03	1.976481E-15	8.659044E-17
7.287729E+03	1.974287E-15	8.662758E-17
7.291802E+03	1.973815E-15	8.655855E-17
7.295874E+03	1.972642E-15	8.663500E-17
7.299946E+03	1.968922E-15	8.646179E-17
7.304019E+03	1.966158E-15	8.648000E-17
7.308091E+03	1.964797E-15	8.620223E-17
7.312163E+03	1.963373E-15	8.583975E-17
7.316235E+03	1.960740E-15	8.544374E-17
7.320308E+03	1.957408E-15	8.517971E-17
7.324380E+03	1.954586E-15	8.479162E-17
7.328452E+03	1.951893E-15	8.485666E-17
7.332524E+03	1.945765E-15	8.450753E-17
7.336597E+03	1.938429E-15	8.424720E-17
7.340669E+03	1.932941E-15	8.389989E-17
7.344741E+03	1.926438E-15	8.336275E-17
7.348814E+03	1.918855E-15	8.307346E-17
7.352886E+03	1.912865E-15	8.299260E-17
7.356958E+03	1.907576E-15	8.258553E-17
7.361030E+03	1.901781E-15	8.248605E-17
7.365103E+03	1.894335E-15	8.168649E-17
7.369175E+03	1.886892E-15	8.153544E-17
7.373247E+03	1.882121E-15	8.154538E-17
7.377319E+03	1.880401E-15	8.076318E-17
7.381392E+03	1.879254E-15	8.229816E-17
7.385464E+03	1.876520E-15	8.193360E-17
7.389536E+03	1.873724E-15	8.194925E-17
7.393609E+03	1.871882E-15	8.156584E-17
7.397681E+03	1.869723E-15	8.131430E-17
7.401753E+03	1.867122E-15	8.044805E-17
7.405825E+03	1.864965E-15	8.015078E-17
7.409898E+03	1.866936E-15	7.989722E-17
7.413970E+03	1.868527E-15	7.999662E-17
7.418042E+03	1.868087E-15	7.959354E-17
7.422114E+03	1.865871E-15	7.917161E-17
7.426187E+03	1.861880E-15	7.989384E-17
7.430259E+03	1.858588E-15	7.790099E-17
7.434331E+03	1.858279E-15	7.819505E-17
7.438404E+03	1.856956E-15	7.834729E-17
7.442476E+03	1.853098E-15	7.811326E-17
7.446548E+03	1.850193E-15	7.785730E-17
7.450620E+03	1.848747E-15	7.785583E-17
7.454693E+03	1.846098E-15	7.794915E-17
7.458765E+03	1.841169E-15	7.803115E-17
7.462837E+03	1.836876E-15	7.814176E-17
7.466909E+03	1.836576E-15	7.823106E-17
7.470982E+03	1.839761E-15	7.766428E-17
7.475054E+03	1.842250E-15	7.647961E-17
7.479126E+03	1.841382E-15	7.668772E-17
7.483198E+03	1.840009E-15	7.643200E-17
7.487271E+03	1.840916E-15	7.543650E-17
7.491343E+03	1.840115E-15	7.520096E-17
7.495415E+03	1.839187E-15	7.522487E-17
7.499488E+03	1.839148E-15	7.520409E-17
7.503560E+03	1.839868E-15	7.516661E-17
7.507632E+03	1.841792E-15	7.420826E-17
7.511704E+03	1.840173E-15	7.371272E-17
7.515777E+03	1.835012E-15	7.445260E-17
7.519849E+03	1.827577E-15	7.520114E-17
7.523921E+03	1.816729E-15	7.492857E-17
7.527993E+03	1.806960E-15	7.422746E-17
7.532066E+03	1.809208E-15	7.367996E-17
7.536138E+03	1.821889E-15	7.395339E-17
7.540210E+03	1.834441E-15	7.390249E-17
7.544283E+03	1.838900E-15	7.361128E-17
7.548355E+03	1.831288E-15	7.275502E-17
7.552427E+03	1.812493E-15	7.122747E-17
7.556499E+03	1.792061E-15	7.200680E-17
7.560572E+03	1.771382E-15	7.746303E-17
7.564644E+03	1.751025E-15	8.196237E-17
7.568716E+03	1.733958E-15	8.241361E-17
7.572788E+03	1.719549E-15	8.008983E-17
7.576861E+03	1.705207E-15	1.052101E-16
7.580933E+03	1.691943E-15	1.532888E-16
7.585005E+03	1.679251E-15	1.680044E-16
7.589078E+03	1.666564E-15	1.676756E-16
7.593150E+03	1.654827E-15	1.786619E-16
7.597222E+03	1.643283E-15	1.940718E-16
7.601294E+03	1.633383E-15	2.012237E-16
7.605367E+03	1.627715E-15	2.007648E-16
7.609439E+03	1.626277E-15	1.995865E-16
7.613511E+03	1.630139E-15	1.960136E-16
7.617583E+03	1.637976E-15	1.924196E-16
7.621656E+03	1.647011E-15	1.920711E-16
7.625728E+03	1.656486E-15	1.844098E-16
7.629800E+03	1.665456E-15	1.472097E-16
7.633873E+03	1.674867E-15	1.214702E-16
7.637945E+03	1.684845E-15	1.214161E-16
7.642017E+03	1.695704E-15	1.122509E-16
7.646089E+03	1.708265E-15	8.765332E-17
7.650162E+03	1.720194E-15	6.609615E-17
7.654234E+03	1.728404E-15	6.504681E-17
7.658306E+03	1.730941E-15	6.328574E-17
7.662378E+03	1.724092E-15	6.182116E-17
7.666451E+03	1.707605E-15	5.874349E-17
7.670523E+03	1.688603E-15	5.695057E-17
7.674595E+03	1.680440E-15	5.634575E-17
7.678667E+03	1.688909E-15	5.704300E-17
7.682740E+03	1.703550E-15	5.771089E-17
7.686812E+03	1.714474E-15	5.775241E-17
7.690884E+03	1.716771E-15	5.766522E-17
7.694957E+03	1.710254E-15	5.756836E-17
7.699029E+03	1.699333E-15	5.694339E-17
7.703101E+03	1.691500E-15	5.643633E-17
7.707173E+03	1.688265E-15	5.607877E-17
7.711246E+03	1.686416E-15	5.590494E-17
7.715318E+03	1.687905E-15	5.505494E-17
7.719390E+03	1.691787E-15	5.499439E-17
7.723462E+03	1.693467E-15	5.524931E-17
7.727535E+03	1.695337E-15	5.423197E-17
7.731607E+03	1.697083E-15	5.295862E-17
7.735679E+03	1.695685E-15	5.263364E-17
7.739752E+03	1.692905E-15	5.261823E-17
7.743824E+03	1.689875E-15	5.188835E-17
7.747896E+03	1.687916E-15	5.150951E-17
7.751968E+03	1.687155E-15	5.113561E-17
7.756041E+03	1.685640E-15	5.084846E-17
7.760113E+03	1.684065E-15	5.044743E-17
7.764185E+03	1.684944E-15	5.033147E-17
7.768257E+03	1.684064E-15	5.062680E-17
7.772330E+03	1.680608E-15	4.978597E-17
7.776402E+03	1.677029E-15	4.941520E-17
7.780474E+03	1.671693E-15	4.913865E-17
7.784547E+03	1.668244E-15	4.935342E-17
7.788619E+03	1.666620E-15	4.881510E-17
7.792691E+03	1.666884E-15	4.821671E-17
7.796763E+03	1.666081E-15	4.761094E-17
7.800836E+03	1.664086E-15	4.715133E-17
7.804908E+03	1.663162E-15	4.709690E-17
7.808980E+03	1.660166E-15	4.666645E-17
7.813052E+03	1.657550E-15	4.625687E-17
7.817125E+03	1.657448E-15	4.542490E-17
7.821197E+03	1.658039E-15	4.527259E-17
7.825269E+03	1.658130E-15	4.543257E-17
7.829342E+03	1.657532E-15	4.510080E-17
7.833414E+03	1.656559E-15	4.482920E-17
7.837486E+03	1.654709E-15	4.475417E-17
7.841558E+03	1.652610E-15	4.442700E-17
7.845631E+03	1.651015E-15	4.463594E-17
7.849703E+03	1.648481E-15	4.461599E-17
7.853775E+03	1.646389E-15	4.430416E-17
7.857847E+03	1.644738E-15	4.410308E-17
7.861920E+03	1.643529E-15	4.399248E-17
7.865992E+03	1.643578E-15	4.340273E-17
7.870064E+03	1.643127E-15	4.314377E-17
7.874136E+03	1.643055E-15	4.314050E-17
7.878209E+03	1.643612E-15	4.335183E-17
7.882281E+03	1.641849E-15	4.261279E-17
7.886353E+03	1.639524E-15	4.201608E-17
7.890426E+03	1.637578E-15	4.233052E-17
7.894498E+03	1.634881E-15	4.206189E-17
7.898570E+03	1.632563E-15	4.152914E-17
7.902642E+03	1.630749E-15	4.131137E-17
7.906715E+03	1.628937E-15	4.108373E-17
7.910787E+03	1.628509E-15	4.045038E-17
7.914859E+03	1.626201E-15	4.003980E-17
7.918931E+03	1.621447E-15	3.971701E-17
7.923004E+03	1.617073E-15	3.940970E-17
7.927076E+03	1.611886E-15	3.870975E-17
7.931148E+03	1.607454E-15	3.942173E-17
7.935221E+03	1.603401E-15	4.069406E-17
7.939293E+03	1.599225E-15	4.022480E-17
7.943365E+03	1.593923E-15	3.954001E-17
7.947437E+03	1.588247E-15	4.015799E-17
7.951510E+03	1.583514E-15	4.140082E-17
7.955582E+03	1.579474E-15	4.156306E-17
7.959654E+03	1.576566E-15	4.161772E-17
7.963726E+03	1.573472E-15	4.155849E-17
7.967799E+03	1.570506E-15	4.197376E-17
7.971871E+03	1.569111E-15	4.187410E-17
7.975943E+03	1.567718E-15	4.183048E-17
7.980016E+03	1.566328E-15	4.098969E-17
7.984088E+03	1.564752E-15	3.957565E-17
7.988160E+03	1.563241E-15	3.932745E-17
7.992232E+03	1.563051E-15	3.942640E-17
7.996305E+03	1.561796E-15	3.914174E-17
8.000377E+03	1.559665E-15	3.787970E-17
8.004449E+03	1.558227E-15	3.753365E-17
8.008521E+03	1.557105E-15	3.723939E-17
8.012594E+03	1.555232E-15	3.724037E-17
8.016666E+03	1.554177E-15	3.826460E-17
8.020738E+03	1.553376E-15	3.931753E-17
8.024811E+03	1.552827E-15	3.953583E-17
8.028883E+03	1.550713E-15	3.948730E-17
8.032955E+03	1.546969E-15	3.994596E-17
8.037027E+03	1.544796E-15	4.020107E-17
8.041100E+03	1.542751E-15	4.033455E-17
8.045172E+03	1.540959E-15	4.061348E-17
8.049244E+03	1.538416E-15	4.087327E-17
8.053316E+03	1.535624E-15	4.108048E-17
8.057389E+03	1.534842E-15	4.110360E-17
8.061461E+03	1.533686E-15	4.143379E-17
8.065533E+03	1.531779E-15	4.085059E-17
8.069606E+03	1.530564E-15	4.003340E-17
8.073678E+03	1.529288E-15	4.012986E-17
8.077750E+03	1.528202E-15	4.057855E-17
8.081822E+03	1.527244E-15	4.072024E-17
8.085895E+03	1.524782E-15	4.132081E-17
8.089967E+03	1.521506E-15	4.158914E-17
8.094039E+03	1.517479E-15	4.262079E-17
8.098111E+03	1.512198E-15	4.373260E-17
8.102184E+03	1.507169E-15	4.377234E-17
8.106256E+03	1.501640E-15	4.435687E-17
8.110328E+03	1.496427E-15	4.439521E-17
8.114400E+03	1.493600E-15	4.478345E-17
8.118473E+03	1.490963E-15	4.527336E-17
8.122545E+03	1.488139E-15	4.552631E-17
8.126617E+03	1.484501E-15	4.573536E-17
8.130690E+03	1.478793E-15	4.598978E-17
8.134762E+03	1.476099E-15	4.638570E-17
8.138834E+03	1.476296E-15	4.673129E-17
8.142906E+03	1.473103E-15	4.622743E-17
8.146979E+03	1.469535E-15	4.539819E-17
8.151051E+03	1.467789E-15	4.594837E-17
8.155123E+03	1.467239E-15	4.619488E-17
8.159195E+03	1.466941E-15	4.666802E-17
8.163268E+03	1.467461E-15	4.693042E-17
8.167340E+03	1.466915E-15	4.732456E-17
8.171412E+03	1.465303E-15	4.775277E-17
8.175485E+03	1.462499E-15	4.815022E-17
8.179557E+03	1.459696E-15	4.840562E-17
8.183629E+03	1.458716E-15	4.976796E-17
8.187701E+03	1.457236E-15	4.998707E-17
8.191774E+03	1.455505E-15	5.174428E-17
8.195846E+03	1.453084E-15	5.202985E-17
8.199918E+03	1.451042E-15	5.250580E-17
8.203990E+03	1.450447E-15	5.338173E-17
8.208063E+03	1.449475E-15	5.394375E-17
8.212135E+03	1.448694E-15	5.426552E-17
8.216207E+03	1.447537E-15	5.474918E-17
8.220280E+03	1.445439E-15	5.592787E-17
8.224352E+03	1.443970E-15	5.668347E-17
8.228424E+03	1.442880E-15	5.697514E-17
8.232496E+03	1.441916E-15	5.600127E-17
8.236569E+03	1.442526E-15	5.675541E-17
8.240641E+03	1.443390E-15	5.661840E-17
8.244713E+03	1.443500E-15	5.717494E-17
8.248785E+03	1.444554E-15	5.729652E-17
8.252858E+03	1.446932E-15	5.714456E-17
8.256930E+03	1.448556E-15	5.720977E-17
8.261002E+03	1.447980E-15	5.818447E-17
8.265075E+03	1.447279E-15	5.916490E-17
8.269147E+03	1.443497E-15	5.919565E-17
8.273219E+03	1.438331E-15	5.872647E-17
8.277291E+03	1.433669E-15	5.916957E-17
8.281364E+03	1.432091E-15	6.006430E-17
8.285436E+03	1.429445E-15	6.058295E-17
8.289508E+03	1.423966E-15	6.016499E-17
8.293581E+03	1.418614E-15	6.007087E-17
8.297653E+03	1.414458E-15	6.034715E-17
8.301725E+03	1.411562E-15	6.061363E-17
8.305797E+03	1.408856E-15	6.142025E-17
8.309870E+03	1.405080E-15	6.167624E-17
8.313942E+03	1.400611E-15	6.082596E-17
8.318014E+03	1.397214E-15	6.107536E-17
8.322086E+03	1.393061E-15	6.124143E-17
8.326159E+03	1.388846E-15	6.167829E-17
8.330231E+03	1.386647E-15	6.171253E-17
8.334303E+03	1.385898E-15	6.171756E-17
8.338376E+03	1.387733E-15	6.204957E-17
8.342448E+03	1.390327E-15	6.259464E-17
8.346520E+03	1.391598E-15	6.295611E-17
8.350592E+03	1.392682E-15	6.342295E-17
8.354665E+03	1.393136E-15	6.378846E-17
8.358737E+03	1.392836E-15	6.381399E-17
8.362809E+03	1.391401E-15	6.417660E-17
8.366881E+03	1.389210E-15	6.413411E-17
8.370954E+03	1.387335E-15	6.444125E-17
8.375026E+03	1.385776E-15	6.435529E-17
8.379098E+03	1.383903E-15	6.471864E-17
8.383171E+03	1.381525E-15	6.495199E-17
8.387243E+03	1.378643E-15	6.515939E-17
8.391315E+03	1.374058E-15	6.538630E-17
8.395387E+03	1.368463E-15	6.649488E-17
8.399460E+03	1.363688E-15	6.695752E-17
8.403532E+03	1.358093E-15	6.670352E-17
8.407604E+03	1.351424E-15	6.681409E-17
8.411676E+03	1.345765E-15	6.722777E-17
8.415749E+03	1.339348E-15	6.728196E-17
8.419821E+03	1.335330E-15	6.766771E-17
8.423893E+03	1.333080E-15	6.789022E-17
8.427966E+03	1.331589E-15	6.794270E-17
8.432038E+03	1.329908E-15	6.818543E-17
8.436110E+03	1.329428E-15	6.858940E-17
8.440182E+03	1.328760E-15	6.929516E-17
8.444254E+03	1.330936E-15	6.895656E-17
8.448327E+03	1.334820E-15	6.909593E-17
8.452399E+03	1.337883E-15	6.972136E-17
8.456471E+03	1.341644E-15	7.014484E-17
8.460544E+03	1.347555E-15	7.071668E-17
8.464616E+03	1.357263E-15	7.182303E-17
8.468688E+03	1.367606E-15	7.255660E-17
8.472760E+03	1.377194E-15	7.348557E-17
8.476833E+03	1.387543E-15	7.501537E-17
8.480905E+03	1.395556E-15	7.694095E-17
8.484977E+03	1.400787E-15	7.789761E-17
8.489049E+03	1.403743E-15	7.823327E-17
8.493122E+03	1.403599E-15	7.856718E-17
8.497194E+03	1.401684E-15	7.881249E-17
8.501266E+03	1.400655E-15	7.886901E-17
8.505339E+03	1.399943E-15	7.961495E-17
8.509411E+03	1.400055E-15	8.077823E-17
8.513483E+03	1.401814E-15	8.213505E-17
8.517555E+03	1.403385E-15	8.289778E-17
8.521628E+03	1.401283E-15	8.328384E-17
8.525700E+03	1.395000E-15	8.356998E-17
8.529772E+03	1.386562E-15	8.459928E-17
8.533844E+03	1.377489E-15	8.586911E-17
8.537917E+03	1.368162E-15	8.575040E-17
8.541989E+03	1.360353E-15	8.564166E-17
8.546061E+03	1.355522E-15	8.616223E-17
8.550134E+03	1.352973E-15	8.835521E-17
8.554206E+03	1.353150E-15	8.975867E-17
8.558278E+03	1.355801E-15	9.129245E-17
8.562350E+03	1.360356E-15	9.150264E-17
8.566423E+03	1.366562E-15	9.211578E-17
8.570495E+03	1.372389E-15	9.528754E-17
8.574567E+03	1.376315E-15	9.828750E-17
8.578639E+03	1.378847E-15	9.837097E-17
8.582712E+03	1.380492E-15	9.749595E-17
8.586784E+03	1.381503E-15	9.764864E-17
8.590856E+03	1.383785E-15	9.829763E-17
8.594929E+03	1.386512E-15	9.886347E-17
8.599001E+03	1.389113E-15	9.823019E-17
8.603073E+03	1.392542E-15	9.854034E-17
8.607145E+03	1.397432E-15	9.741395E-17
8.611218E+03	1.404929E-15	9.699941E-17
8.615290E+03	1.411603E-15	9.766940E-17
8.619362E+03	1.415737E-15	9.607990E-17
8.623434E+03	1.419619E-15	9.387372E-17
8.627507E+03	1.420389E-15	9.300208E-17
8.631579E+03	1.420968E-15	9.362729E-17
8.635651E+03	1.422057E-15	9.410238E-17
8.639724E+03	1.422129E-15	9.435959E-17
8.643796E+03	1.419149E-15	9.446249E-17
8.647868E+03	1.416678E-15	9.444688E-17
8.651940E+03	1.417577E-15	9.367864E-17
8.656013E+03	1.425095E-15	9.417280E-17
8.660085E+03	1.435287E-15	9.514139E-17
8.664157E+03	1.441091E-15	9.618596E-17
8.668229E+03	1.441679E-15	9.646772E-17
8.672302E+03	1.438639E-15	9.610023E-17
8.676374E+03	1.433179E-15	9.561109E-17
8.680446E+03	1.426699E-15	9.504913E-17
8.684519E+03	1.419899E-15	9.501355E-17
8.688591E+03	1.412206E-15	9.604618E-17
8.692663E+03	1.402983E-15	9.698002E-17
8.696735E+03	1.393821E-15	9.591505E-17
8.700808E+03	1.385612E-15	9.835348E-17
8.704880E+03	1.376000E-15	1.011474E-16
8.708952E+03	1.366194E-15	1.010111E-16
8.713024E+03	1.359254E-15	1.007914E-16
8.717097E+03	1.353269E-15	1.005877E-16
8.721169E+03	1.348366E-15	1.005717E-16
8.725241E+03	1.345504E-15	1.006867E-16
8.729314E+03	1.342832E-15	1.006742E-16
8.733386E+03	1.339649E-15	1.006808E-16
8.737458E+03	1.336019E-15	9.976016E-17
8.741530E+03	1.333410E-15	9.828375E-17
8.745603E+03	1.332778E-15	9.894500E-17
8.749675E+03	1.332913E-15	9.750236E-17
8.753747E+03	1.333942E-15	9.446508E-17
8.757819E+03	1.336887E-15	9.492353E-17
8.761892E+03	1.340089E-15	9.691873E-17
8.765964E+03	1.343995E-15	9.888023E-17
8.770036E+03	1.349563E-15	1.002655E-16
8.774109E+03	1.353727E-15	1.009720E-16
8.778181E+03	1.359043E-15	1.018722E-16
8.782253E+03	1.361486E-15	1.036317E-16
8.786325E+03	1.359326E-15	1.047925E-16
8.790398E+03	1.352117E-15	1.045812E-16
8.794470E+03	1.344841E-15	1.042814E-16
8.798542E+03	1.339226E-15	1.039256E-16
8.802614E+03	1.338342E-15	1.039685E-16
8.806687E+03	1.337075E-15	1.047286E-16
8.810759E+03	1.331969E-15	1.044100E-16
8.814831E+03	1.326734E-15	1.035635E-16
8.818904E+03	1.323097E-15	1.030333E-16
8.822976E+03	1.319523E-15	1.028253E-16
8.827048E+03	1.316525E-15	1.027647E-16
8.831120E+03	1.313270E-15	1.020069E-16
8.835193E+03	1.310654E-15	1.014847E-16
8.839265E+03	1.308422E-15	1.017593E-16
8.843337E+03	1.304653E-15	1.019021E-16
8.847409E+03	1.296718E-15	1.016015E-16
8.851482E+03	1.285961E-15	1.020225E-16
8.855554E+03	1.277765E-15	1.012629E-16
8.859626E+03	1.273989E-15	1.003412E-16
8.863699E+03	1.274315E-15	1.002205E-16
8.867771E+03	1.277526E-15	1.007306E-16
8.871843E+03	1.280995E-15	1.012565E-16
8.875915E+03	1.283888E-15	1.017329E-16
8.879988E+03	1.285243E-15	1.016852E-16
8.884060E+03	1.283904E-15	1.011215E-16
8.888132E+03	1.280383E-15	1.003829E-16
8.892204E+03	1.275898E-15	1.019506E-16
8.896277E+03	1.271155E-15	1.041332E-16
8.900349E+03	1.266604E-15	1.030384E-16
8.904421E+03	1.263592E-15	1.034293E-16
8.908494E+03	1.262377E-15	1.052446E-16
8.912566E+03	1.260199E-15	1.065103E-16
8.916638E+03	1.259369E-15	1.068031E-16
8.920710E+03	1.260788E-15	1.071465E-16
8.924783E+03	1.263171E-15	1.075673E-16
8.928855E+03	1.264077E-15	1.078709E-16
8.932927E+03	1.263055E-15	1.084033E-16
8.936999E+03	1.260169E-15	1.090533E-16
8.941072E+03	1.256188E-15	1.077132E-16
8.945144E+03	1.250213E-15	1.052395E-16
8.949216E+03	1.248095E-15	1.049875E-16
8.953289E+03	1.244948E-15	1.045931E-16
8.957361E+03	1.236588E-15	1.027439E-16
8.961433E+03	1.233052E-15	1.011881E-16
8.965505E+03	1.235821E-15	1.025842E-16
8.969578E+03	1.237755E-15	1.049721E-16
8.973650E+03	1.238789E-15	1.055346E-16
8.977722E+03	1.240016E-15	1.058715E-16
8.981794E+03	1.243046E-15	1.062317E-16
8.985867E+03	1.244403E-15	1.064529E-16
8.989939E+03	1.241251E-15	1.070482E-16
8.994011E+03	1.234555E-15	1.078869E-16
8.998084E+03	1.225085E-15	1.075808E-16
9.002156E+03	1.214711E-15	1.075454E-16
9.006228E+03	1.207233E-15	1.072183E-16
9.010300E+03	1.202977E-15	1.120262E-16
9.014373E+03	1.200332E-15	1.149239E-16
9.018445E+03	1.200072E-15	1.136637E-16
9.022517E+03	1.202650E-15	1.139785E-16
9.026589E+03	1.207229E-15	1.148763E-16
9.030662E+03	1.211874E-15	1.150364E-16
9.034734E+03	1.215488E-15	1.148934E-16
9.038806E+03	1.220587E-15	1.152285E-16
9.042879E+03	1.226205E-15	1.159552E-16
9.046951E+03	1.229759E-15	1.192453E-16
9.051023E+03	1.231311E-15	1.208885E-16
9.055095E+03	1.230088E-15	1.207586E-16
9.059168E+03	1.228153E-15	1.166452E-16
9.063240E+03	1.228996E-15	1.127714E-16
9.067312E+03	1.232035E-15	1.142074E-16
9.071384E+03	1.232750E-15	1.148936E-16
9.075457E+03	1.233270E-15	1.153702E-16
9.079529E+03	1.233209E-15	1.158197E-16
9.083601E+03	1.231015E-15	1.158393E-16
9.087674E+03	1.227203E-15	1.153356E-16
9.091746E+03	1.219703E-15	1.138042E-16
9.095818E+03	1.211036E-15	1.108963E-16
9.099890E+03	1.199778E-15	1.086661E-16
9.103962E+03	1.186705E-15	1.086182E-16
9.108035E+03	1.179971E-15	1.082341E-16
9.112107E+03	1.176082E-15	1.079504E-16
9.116179E+03	1.171156E-15	1.067872E-16
9.120252E+03	1.168819E-15	1.062016E-16
9.124324E+03	1.169654E-15	1.063947E-16
9.128396E+03	1.171720E-15	1.067223E-16
9.132468E+03	1.175924E-15	1.072503E-16
9.136541E+03	1.179871E-15	1.076922E-16
9.140613E+03	1.183494E-15	1.082509E-16
9.144685E+03	1.185305E-15	1.079513E-16
9.148757E+03	1.183420E-15	1.071522E-16
9.152830E+03	1.181665E-15	1.066011E-16
9.156902E+03	1.179909E-15	1.068007E-16
9.160974E+03	1.177893E-15	1.067734E-16
9.165047E+03	1.176136E-15	1.067618E-16
9.169119E+03	1.172951E-15	1.068146E-16
9.173191E+03	1.171128E-15	1.063159E-16
9.177263E+03	1.172029E-15	1.062892E-16
9.181336E+03	1.173256E-15	1.070221E-16
9.185408E+03	1.175846E-15	1.074641E-16
9.189480E+03	1.178761E-15	1.078234E-16
9.193552E+03	1.178820E-15	1.079585E-16
9.197625E+03	1.176736E-15	1.086001E-16
9.201697E+03	1.173741E-15	1.088809E-16
9.205769E+03	1.172629E-15	1.090183E-16
9.209842E+03	1.169958E-15	1.093050E-16
9.213914E+03	1.164751E-15	1.094268E-16
9.217986E+03	1.156812E-15	1.087153E-16
9.222058E+03	1.150236E-15	1.086883E-16
9.226131E+03	1.146324E-15	1.099069E-16
9.230203E+03	1.145791E-15	1.103637E-16
9.234275E+03	1.147471E-15	1.115476E-16
9.238347E+03	1.151427E-15	1.127953E-16
9.242420E+03	1.159158E-15	1.136718E-16
9.246492E+03	1.167737E-15	1.138620E-16
9.250564E+03	1.178272E-15	1.141902E-16
9.254637E+03	1.188159E-15	1.153232E-16
9.258709E+03	1.194143E-15	1.181245E-16
9.262781E+03	1.198370E-15	1.218566E-16
9.266853E+03	1.202338E-15	1.248332E-16
9.270926E+03	1.202530E-15	1.251615E-16
9.274998E+03	1.201093E-15	1.238633E-16
9.279070E+03	1.200632E-15	1.239335E-16
9.283142E+03	1.195349E-15	1.230809E-16
9.287215E+03	1.190064E-15	1.232812E-16
9.291287E+03	1.183735E-15	1.243022E-16
9.295359E+03	1.170101E-15	1.235288E-16
9.299432E+03	1.155224E-15	1.230480E-16
9.303504E+03	1.139168E-15	1.217217E-16
9.307576E+03	1.120954E-15	1.193717E-16
9.311648E+03	1.102473E-15	1.146127E-16
9.315721E+03	1.083791E-15	1.099084E-16
9.319793E+03	1.067517E-15	1.078067E-16
9.323865E+03	1.054371E-15	1.067790E-16
9.327938E+03	1.042396E-15	1.055662E-16
9.332010E+03	1.036489E-15	1.050816E-16
9.336082E+03	1.036522E-15	1.042360E-16
9.340154E+03	1.040605E-15	1.034681E-16
9.344227E+03	1.048477E-15	1.044666E-16
9.348299E+03	1.059618E-15	1.048764E-16
9.352371E+03	1.070959E-15	1.060689E-16
9.356443E+03	1.081257E-15	1.061338E-16
9.360516E+03	1.093389E-15	1.072393E-16
9.364588E+03	1.101667E-15	1.082905E-16
9.368660E+03	1.105306E-15	1.088372E-16
9.372733E+03	1.113065E-15	1.097314E-16
9.376805E+03	1.120958E-15	1.103350E-16
9.380877E+03	1.122246E-15	1.114174E-16
9.384949E+03	1.123207E-15	1.116212E-16
9.389022E+03	1.127309E-15	1.121995E-16
9.393094E+03	1.131020E-15	1.123634E-16
9.397166E+03	1.135059E-15	1.131984E-16
9.401238E+03	1.134844E-15	1.134796E-16
9.405311E+03	1.129652E-15	1.132554E-16
9.409383E+03	1.123739E-15	1.135267E-16
9.413455E+03	1.117692E-15	1.132513E-16
9.417528E+03	1.108761E-15	1.123905E-16
9.421600E+03	1.100941E-15	1.127482E-16
9.425672E+03	1.096985E-15	1.126096E-16
9.429744E+03	1.095189E-15	1.131394E-16
9.433817E+03	1.098375E-15	1.135966E-16
9.437889E+03	1.100447E-15	1.161047E-16
9.441961E+03	1.098651E-15	1.161175E-16
9.446033E+03	1.097707E-15	1.157032E-16
9.450106E+03	1.099713E-15	1.163853E-16
9.454178E+03	1.104016E-15	1.176869E-16
9.458250E+03	1.110486E-15	1.181807E-16
9.462322E+03	1.113479E-15	1.186852E-16
9.466395E+03	1.114570E-15	1.192772E-16
9.470467E+03	1.114414E-15	1.178272E-16
9.474539E+03	1.113864E-15	1.195422E-16
9.478612E+03	1.114693E-15	1.197677E-16
9.482684E+03	1.116243E-15	1.200010E-16
9.486756E+03	1.118320E-15	1.184923E-16
9.490828E+03	1.117967E-15	1.183664E-16
9.494901E+03	1.115182E-15	1.182368E-16
9.498973E+03	1.111674E-15	1.191534E-16
9.503045E+03	1.111778E-15	1.189279E-16
9.507117E+03	1.111620E-15	1.184398E-16
9.511190E+03	1.106794E-15	1.187418E-16
9.515262E+03	1.103282E-15	1.183236E-16
9.519334E+03	1.104437E-15	1.188801E-16
9.523406E+03	1.103816E-15	1.178606E-16
9.527479E+03	1.098591E-15	1.161274E-16
9.531551E+03	1.091127E-15	1.152173E-16
9.535623E+03	1.084055E-15	1.146298E-16
9.539696E+03	1.077113E-15	1.136875E-16
9.543768E+03	1.072406E-15	1.133614E-16
9.547840E+03	1.071054E-15	1.122294E-16
9.551912E+03	1.072073E-15	1.127795E-16
9.555985E+03	1.072960E-15	1.129855E-16
9.560057E+03	1.074571E-15	1.128881E-16
9.564129E+03	1.074800E-15	1.139250E-16
9.568201E+03	1.077005E-15	1.138488E-16
9.572274E+03	1.082900E-15	1.141788E-16
9.576346E+03	1.089851E-15	1.177249E-16
9.580418E+03	1.098715E-15	1.260390E-16
9.584491E+03	1.104879E-15	1.290762E-16
9.588563E+03	1.108012E-15	1.294814E-16
9.592635E+03	1.110684E-15	1.306001E-16
9.596707E+03	1.115731E-15	1.320713E-16
9.600780E+03	1.119395E-15	1.321540E-16
9.604852E+03	1.120684E-15	1.323747E-16
9.608924E+03	1.116695E-15	1.316352E-16
9.612996E+03	1.111253E-15	1.292727E-16
9.617069E+03	1.104885E-15	1.283719E-16
9.621141E+03	1.096204E-15	1.276969E-16
9.625213E+03	1.085607E-15	1.252464E-16
9.629286E+03	1.075138E-15	1.178022E-16
9.633358E+03	1.064467E-15	1.132031E-16
9.637430E+03	1.053992E-15	1.122937E-16
9.641502E+03	1.041795E-15	1.109913E-16
9.645575E+03	1.030586E-15	1.089750E-16
9.649647E+03	1.024263E-15	1.081469E-16
9.653719E+03	1.018533E-15	1.076545E-16
9.657791E+03	1.015378E-15	1.073674E-16
9.661864E+03	1.016255E-15	1.075466E-16
9.665936E+03	1.020504E-15	1.079997E-16
9.670008E+03	1.026209E-15	1.087166E-16
9.674081E+03	1.026889E-15	1.089013E-16
9.678153E+03	1.024659E-15	1.083892E-16
9.682225E+03	1.020906E-15	1.081625E-16
9.686297E+03	1.017615E-15	1.078582E-16
9.690370E+03	1.017367E-15	1.081898E-16
9.694442E+03	1.019369E-15	1.084865E-16
9.698514E+03	1.015943E-15	1.086352E-16
9.702586E+03	1.011324E-15	1.082442E-16
9.706659E+03	1.008558E-15	1.084436E-16
9.710731E+03	1.002017E-15	1.080004E-16
9.714803E+03	9.932207E-16	1.071537E-16
9.718876E+03	9.815076E-16	1.060261E-16
9.722948E+03	9.709833E-16	1.050098E-16
9.727020E+03	9.690035E-16	1.061360E-16
9.731092E+03	9.671555E-16	1.061968E-16
9.735165E+03	9.646440E-16	1.061759E-16
9.739237E+03	9.640539E-16	1.061688E-16
9.743309E+03	9.636624E-16	1.061710E-16
9.747381E+03	9.631380E-16	1.070366E-16
9.751454E+03	9.608226E-16	1.069395E-16
9.755526E+03	9.578431E-16	1.062581E-16
9.759598E+03	9.583121E-16	1.088716E-16
9.763671E+03	9.609041E-16	1.107587E-16
9.767743E+03	9.615060E-16	1.110452E-16
9.771815E+03	9.607805E-16	1.123199E-16
9.775887E+03	9.601210E-16	1.149386E-16
9.779960E+03	9.613199E-16	1.150650E-16
9.784032E+03	9.645772E-16	1.152815E-16
9.788104E+03	9.677688E-16	1.151871E-16
9.792176E+03	9.682382E-16	1.153277E-16
9.796249E+03	9.663827E-16	1.146950E-16
9.800321E+03	9.665194E-16	1.150560E-16
9.804393E+03	9.601448E-16	1.145242E-16
9.808466E+03	9.554294E-16	1.122922E-16
9.812538E+03	9.549659E-16	1.102766E-16
9.816610E+03	9.535715E-16	1.101774E-16
9.820682E+03	9.525754E-16	1.094952E-16
9.824755E+03	9.527756E-16	1.058725E-16
9.828827E+03	9.534412E-16	1.071331E-16
9.832899E+03	9.556364E-16	1.083063E-16
9.836971E+03	9.601600E-16	1.088497E-16
9.841044E+03	9.599615E-16	1.116446E-16
9.845116E+03	9.582323E-16	1.137148E-16
9.849188E+03	9.606948E-16	1.135744E-16
9.853261E+03	9.595639E-16	1.145249E-16
9.857333E+03	9.539728E-16	1.147437E-16
9.861405E+03	9.480470E-16	1.160697E-16
9.865477E+03	9.420529E-16	1.155322E-16
9.869550E+03	9.384541E-16	1.152553E-16
9.873622E+03	9.385837E-16	1.153049E-16
9.877694E+03	9.366482E-16	1.143220E-16
9.881766E+03	9.328468E-16	1.130811E-16
9.885839E+03	9.289774E-16	1.128794E-16
9.889911E+03	9.252401E-16	1.115730E-16
9.893983E+03	9.203686E-16	1.084790E-16
9.898056E+03	9.116296E-16	1.076880E-16
9.902128E+03	9.040880E-16	1.062742E-16
9.906200E+03	9.020112E-16	1.052353E-16
9.910272E+03	8.988001E-16	1.041040E-16
9.914345E+03	8.945209E-16	1.037725E-16
9.918417E+03	8.905071E-16	1.031355E-16
9.922489E+03	8.858917E-16	1.026835E-16
9.926561E+03	8.825424E-16	1.021417E-16
9.930634E+03	8.802597E-16	1.023794E-16
9.934706E+03	8.777093E-16	1.021137E-16
9.938778E+03	8.698183E-16	9.958168E-17
9.942851E+03	8.592549E-16	9.868196E-17
9.946923E+03	8.507581E-16	9.818911E-17
9.950995E+03	8.375849E-16	9.636142E-17
9.955067E+03	8.289490E-16	9.671664E-17
9.959140E+03	8.225814E-16	9.526233E-17
9.963212E+03	8.159448E-16	9.479135E-17
9.967284E+03	8.107760E-16	9.432292E-17
9.971356E+03	8.049374E-16	9.425723E-17
9.975429E+03	8.023048E-16	9.416063E-17
9.979501E+03	8.006738E-16	9.352522E-17
9.983573E+03	7.987079E-16	9.315645E-17
9.987646E+03	7.942010E-16	9.272719E-17
9.991718E+03	7.935038E-16	9.270337E-17
9.995790E+03	7.924719E-16	9.264352E-17
9.999862E+03	7.892994E-16	9.235490E-17
1.000393E+04	7.888683E-16	9.235834E-17
1.004000E+04	7.423667E-16	4.645247E-17
1.008000E+04	6.976670E-16	6.994733E-17
1.012000E+04	6.586472E-16	9.529094E-17
1.016000E+04	6.254489E-16	1.207608E-16
1.020000E+04	5.977119E-16	1.458358E-16
1.024000E+04	5.747392E-16	1.703438E-16
1.028000E+04	5.557904E-16	1.942346E-16
1.032000E+04	5.401511E-16	2.174906E-16
