#wls	flux	fluxerr	mangling_mask
3.800000E+03	3.410179E-15	2.655368E-16	2.352172E+00
3.803041E+03	3.445140E-15	2.663019E-16	2.352274E+00
3.806083E+03	3.483865E-15	2.671880E-16	2.352374E+00
3.809124E+03	3.520945E-15	2.680118E-16	2.352472E+00
3.812166E+03	3.552614E-15	2.686456E-16	2.352569E+00
3.815207E+03	3.592047E-15	2.695354E-16	2.352664E+00
3.818249E+03	3.631716E-15	2.704261E-16	2.352757E+00
3.821290E+03	3.667621E-15	2.711822E-16	2.352849E+00
3.824331E+03	3.706821E-15	2.720425E-16	2.352939E+00
3.827373E+03	3.747432E-15	2.695883E-16	2.353028E+00
3.830414E+03	3.784985E-15	2.618555E-16	2.353115E+00
3.833456E+03	3.826538E-15	2.479069E-16	2.353200E+00
3.836497E+03	3.869268E-15	2.452991E-16	2.353283E+00
3.839538E+03	3.915528E-15	2.446180E-16	2.353364E+00
3.842580E+03	3.962965E-15	2.279708E-16	2.353444E+00
3.845621E+03	4.011108E-15	2.293168E-16	2.353522E+00
3.848663E+03	4.063488E-15	2.499301E-16	2.353599E+00
3.851704E+03	4.111161E-15	2.591773E-16	2.353673E+00
3.854745E+03	4.159304E-15	2.602789E-16	2.353746E+00
3.857787E+03	4.206271E-15	2.500353E-16	2.353817E+00
3.860828E+03	4.251118E-15	2.551420E-16	2.353886E+00
3.863870E+03	4.288668E-15	2.566184E-16	2.353953E+00
3.866911E+03	4.321508E-15	2.574930E-16	2.354019E+00
3.869952E+03	4.356465E-15	2.530637E-16	2.354083E+00
3.872994E+03	4.392598E-15	2.493118E-16	2.354144E+00
3.876035E+03	4.427081E-15	2.486447E-16	2.354204E+00
3.879077E+03	4.453323E-15	2.497315E-16	2.354262E+00
3.882118E+03	4.482387E-15	2.559301E-16	2.354319E+00
3.885160E+03	4.507683E-15	2.430739E-16	2.354373E+00
3.888201E+03	4.529915E-15	2.336237E-16	2.354426E+00
3.891242E+03	4.552615E-15	2.360621E-16	2.354476E+00
3.894284E+03	4.572958E-15	2.350684E-16	2.354525E+00
3.897325E+03	4.585528E-15	2.286031E-16	2.354571E+00
3.900367E+03	4.598801E-15	2.315728E-16	2.354616E+00
3.903408E+03	4.607361E-15	2.303023E-16	2.354659E+00
3.906449E+03	4.609560E-15	2.350297E-16	2.354700E+00
3.909491E+03	4.612933E-15	2.467201E-16	2.354739E+00
3.912532E+03	4.614654E-15	2.523798E-16	2.354776E+00
3.915574E+03	4.619903E-15	2.518937E-16	2.354811E+00
3.918615E+03	4.622087E-15	2.545118E-16	2.354843E+00
3.921656E+03	4.624973E-15	2.533482E-16	2.354874E+00
3.924698E+03	4.621262E-15	2.512681E-16	2.354903E+00
3.927739E+03	4.622021E-15	2.511031E-16	2.354930E+00
3.930781E+03	4.623718E-15	2.383011E-16	2.354955E+00
3.933822E+03	4.628237E-15	2.479371E-16	2.354978E+00
3.936863E+03	4.626158E-15	2.524008E-16	2.354998E+00
3.939905E+03	4.620778E-15	2.616444E-16	2.355017E+00
3.942946E+03	4.625285E-15	2.643151E-16	2.355033E+00
3.945988E+03	4.620603E-15	2.658251E-16	2.355048E+00
3.949029E+03	4.612856E-15	2.627114E-16	2.355060E+00
3.952070E+03	4.609107E-15	2.647963E-16	2.355070E+00
3.955112E+03	4.601351E-15	2.602573E-16	2.355078E+00
3.958153E+03	4.591236E-15	2.470233E-16	2.355084E+00
3.961195E+03	4.583942E-15	2.417074E-16	2.355087E+00
3.964236E+03	4.574996E-15	2.466021E-16	2.355089E+00
3.967278E+03	4.570755E-15	2.394347E-16	2.355088E+00
3.970319E+03	4.557090E-15	2.371040E-16	2.355085E+00
3.973360E+03	4.544834E-15	2.361858E-16	2.355080E+00
3.976402E+03	4.534928E-15	2.363322E-16	2.355073E+00
3.979443E+03	4.525254E-15	2.375199E-16	2.355063E+00
3.982485E+03	4.514163E-15	2.325645E-16	2.355051E+00
3.985526E+03	4.498828E-15	2.279818E-16	2.355037E+00
3.988567E+03	4.482782E-15	2.190200E-16	2.355021E+00
3.991609E+03	4.469559E-15	2.154504E-16	2.355002E+00
3.994650E+03	4.457273E-15	2.131813E-16	2.354981E+00
3.997692E+03	4.451813E-15	2.137133E-16	2.354958E+00
4.000733E+03	4.449645E-15	2.112550E-16	2.354933E+00
4.003774E+03	4.439466E-15	2.112108E-16	2.354905E+00
4.006816E+03	4.426222E-15	2.085281E-16	2.354875E+00
4.009857E+03	4.419096E-15	2.103370E-16	2.354842E+00
4.012899E+03	4.411731E-15	2.038723E-16	2.354807E+00
4.015940E+03	4.400358E-15	2.047417E-16	2.354770E+00
4.018981E+03	4.390158E-15	1.991418E-16	2.354730E+00
4.022023E+03	4.383958E-15	1.975953E-16	2.354688E+00
4.025064E+03	4.377753E-15	2.002841E-16	2.354643E+00
4.028106E+03	4.365186E-15	1.995964E-16	2.354596E+00
4.031147E+03	4.365330E-15	1.940392E-16	2.354547E+00
4.034189E+03	4.361231E-15	1.940519E-16	2.354495E+00
4.037230E+03	4.360188E-15	1.977925E-16	2.354441E+00
4.040271E+03	4.357729E-15	1.966080E-16	2.354384E+00
4.043313E+03	4.348202E-15	1.965892E-16	2.354324E+00
4.046354E+03	4.337022E-15	1.918083E-16	2.354262E+00
4.049396E+03	4.326781E-15	1.904489E-16	2.354198E+00
4.052437E+03	4.321243E-15	1.880836E-16	2.354131E+00
4.055479E+03	4.310287E-15	1.872613E-16	2.354062E+00
4.058520E+03	4.296502E-15	1.792225E-16	2.353990E+00
4.061561E+03	4.283655E-15	1.772721E-16	2.353915E+00
4.064603E+03	4.279042E-15	1.720483E-16	2.353838E+00
4.067644E+03	4.265716E-15	1.712282E-16	2.353758E+00
4.070686E+03	4.247914E-15	1.701893E-16	2.353676E+00
4.073727E+03	4.234580E-15	1.692021E-16	2.353591E+00
4.076768E+03	4.217948E-15	1.643126E-16	2.353503E+00
4.079810E+03	4.201077E-15	1.627976E-16	2.353413E+00
4.082851E+03	4.196204E-15	1.665237E-16	2.353320E+00
4.085893E+03	4.187091E-15	1.627796E-16	2.353224E+00
4.088934E+03	4.181269E-15	1.624126E-16	2.353126E+00
4.091975E+03	4.177089E-15	1.606461E-16	2.353024E+00
4.095017E+03	4.174787E-15	1.627813E-16	2.352921E+00
4.098058E+03	4.170128E-15	1.620000E-16	2.352814E+00
4.101100E+03	4.161464E-15	1.616979E-16	2.352705E+00
4.104141E+03	4.151856E-15	1.653559E-16	2.352593E+00
4.107182E+03	4.145772E-15	1.650617E-16	2.352478E+00
4.110224E+03	4.139683E-15	1.600596E-16	2.352360E+00
4.113265E+03	4.127710E-15	1.547537E-16	2.352240E+00
4.116307E+03	4.122790E-15	1.569916E-16	2.352116E+00
4.119348E+03	4.126096E-15	1.559131E-16	2.351990E+00
4.122390E+03	4.126340E-15	1.549096E-16	2.351861E+00
4.125431E+03	4.115291E-15	1.552907E-16	2.351729E+00
4.128472E+03	4.107765E-15	1.539563E-16	2.351595E+00
4.131514E+03	4.102587E-15	1.513497E-16	2.351457E+00
4.134555E+03	4.098815E-15	1.540738E-16	2.351316E+00
4.137596E+03	4.093862E-15	1.531876E-16	2.351173E+00
4.140638E+03	4.092432E-15	1.576776E-16	2.351026E+00
4.143679E+03	4.084884E-15	1.651054E-16	2.350877E+00
4.146721E+03	4.076862E-15	1.647581E-16	2.350725E+00
4.149762E+03	4.072832E-15	1.697311E-16	2.350569E+00
4.152804E+03	4.066446E-15	1.671007E-16	2.350411E+00
4.155845E+03	4.062877E-15	1.662590E-16	2.350250E+00
4.158886E+03	4.065178E-15	1.660199E-16	2.350085E+00
4.161928E+03	4.065123E-15	1.655669E-16	2.349918E+00
4.164969E+03	4.066943E-15	1.638958E-16	2.349747E+00
4.168011E+03	4.066173E-15	1.642186E-16	2.349574E+00
4.171052E+03	4.063987E-15	1.633331E-16	2.349397E+00
4.174093E+03	4.060857E-15	1.630181E-16	2.349217E+00
4.177135E+03	4.059367E-15	1.629528E-16	2.349035E+00
4.180176E+03	4.053408E-15	1.654807E-16	2.348849E+00
4.183218E+03	4.048149E-15	1.691861E-16	2.348659E+00
4.186259E+03	4.043356E-15	1.690081E-16	2.348467E+00
4.189301E+03	4.039731E-15	1.648742E-16	2.348272E+00
4.192342E+03	4.036807E-15	1.465395E-16	2.348073E+00
4.195383E+03	4.028712E-15	1.459224E-16	2.347871E+00
4.198425E+03	4.021551E-15	1.417138E-16	2.347666E+00
4.201466E+03	4.011570E-15	1.412253E-16	2.347457E+00
4.204508E+03	4.002288E-15	1.405348E-16	2.347246E+00
4.207549E+03	3.991125E-15	1.465650E-16	2.347031E+00
4.210590E+03	3.969868E-15	1.463672E-16	2.346812E+00
4.213632E+03	3.948608E-15	1.505437E-16	2.346591E+00
4.216673E+03	3.929928E-15	1.417229E-16	2.346366E+00
4.219715E+03	3.905146E-15	1.398123E-16	2.346138E+00
4.222756E+03	3.880832E-15	1.589994E-16	2.345906E+00
4.225797E+03	3.858629E-15	1.766921E-16	2.345671E+00
4.228839E+03	3.830091E-15	1.726811E-16	2.345432E+00
4.231880E+03	3.804368E-15	1.671097E-16	2.345191E+00
4.234922E+03	3.779583E-15	1.694005E-16	2.344945E+00
4.237963E+03	3.752218E-15	1.666737E-16	2.344697E+00
4.241005E+03	3.727901E-15	1.615363E-16	2.344445E+00
4.244046E+03	3.706163E-15	1.607620E-16	2.344189E+00
4.247087E+03	3.677157E-15	1.618609E-16	2.343930E+00
4.250129E+03	3.646981E-15	1.595343E-16	2.343667E+00
4.253170E+03	3.613056E-15	1.602634E-16	2.343401E+00
4.256212E+03	3.586163E-15	1.467195E-16	2.343131E+00
4.259253E+03	3.560676E-15	1.467913E-16	2.342858E+00
4.262294E+03	3.531910E-15	1.445607E-16	2.342581E+00
4.265336E+03	3.498226E-15	1.468939E-16	2.342301E+00
4.268377E+03	3.472508E-15	1.479895E-16	2.342017E+00
4.271419E+03	3.448664E-15	1.315423E-16	2.341729E+00
4.274460E+03	3.425523E-15	1.075632E-16	2.341438E+00
4.277501E+03	3.402149E-15	1.062274E-16	2.341143E+00
4.280543E+03	3.379711E-15	1.042249E-16	2.340844E+00
4.283584E+03	3.352592E-15	1.104096E-16	2.340542E+00
4.286626E+03	3.333899E-15	1.066144E-16	2.340235E+00
4.289667E+03	3.315675E-15	1.077445E-16	2.339926E+00
4.292708E+03	3.292302E-15	1.002165E-16	2.339612E+00
4.295750E+03	3.275948E-15	1.000761E-16	2.339295E+00
4.298791E+03	3.271522E-15	9.963518E-17	2.338973E+00
4.301833E+03	3.257036E-15	1.024328E-16	2.338648E+00
4.304874E+03	3.250732E-15	1.038939E-16	2.338319E+00
4.307916E+03	3.249568E-15	1.175901E-16	2.337987E+00
4.310957E+03	3.245594E-15	1.206423E-16	2.337650E+00
4.313998E+03	3.245355E-15	1.200350E-16	2.337310E+00
4.317040E+03	3.247214E-15	1.189566E-16	2.336965E+00
4.320081E+03	3.250235E-15	1.206374E-16	2.336617E+00
4.323123E+03	3.254184E-15	1.191752E-16	2.336265E+00
4.326164E+03	3.261630E-15	1.217184E-16	2.335909E+00
4.329205E+03	3.273272E-15	1.193623E-16	2.335549E+00
4.332247E+03	3.288173E-15	1.088395E-16	2.335185E+00
4.335288E+03	3.301430E-15	1.016581E-16	2.334816E+00
4.338330E+03	3.321447E-15	1.013970E-16	2.334444E+00
4.341371E+03	3.344719E-15	1.025411E-16	2.334068E+00
4.344412E+03	3.362611E-15	1.044296E-16	2.333688E+00
4.347454E+03	3.379556E-15	1.104038E-16	2.333303E+00
4.350495E+03	3.404889E-15	1.101467E-16	2.332915E+00
4.353537E+03	3.432073E-15	1.161177E-16	2.332522E+00
4.356578E+03	3.463206E-15	1.093269E-16	2.332125E+00
4.359619E+03	3.492224E-15	1.166347E-16	2.331724E+00
4.362661E+03	3.517728E-15	1.186548E-16	2.331319E+00
4.365702E+03	3.547645E-15	1.191659E-16	2.330910E+00
4.368744E+03	3.575680E-15	1.208379E-16	2.330496E+00
4.371785E+03	3.598806E-15	1.203095E-16	2.330078E+00
4.374827E+03	3.621915E-15	1.157689E-16	2.329655E+00
4.377868E+03	3.648038E-15	1.187692E-16	2.329228E+00
4.380909E+03	3.673444E-15	1.202094E-16	2.328797E+00
4.383951E+03	3.699066E-15	1.194971E-16	2.328360E+00
4.386992E+03	3.714195E-15	1.301276E-16	2.327919E+00
4.390034E+03	3.736525E-15	1.288710E-16	2.327473E+00
4.393075E+03	3.754650E-15	1.301180E-16	2.327022E+00
4.396116E+03	3.775318E-15	1.254720E-16	2.326566E+00
4.399158E+03	3.793412E-15	1.263712E-16	2.326105E+00
4.402199E+03	3.808000E-15	1.314918E-16	2.325638E+00
4.405241E+03	3.822109E-15	1.431832E-16	2.325167E+00
4.408282E+03	3.838760E-15	1.372832E-16	2.324690E+00
4.411323E+03	3.849120E-15	1.347561E-16	2.324207E+00
4.414365E+03	3.862254E-15	1.405337E-16	2.323719E+00
4.417406E+03	3.877696E-15	1.398049E-16	2.323226E+00
4.420448E+03	3.889638E-15	1.416597E-16	2.322727E+00
4.423489E+03	3.896456E-15	1.426053E-16	2.322222E+00
4.426530E+03	3.904189E-15	1.376411E-16	2.321711E+00
4.429572E+03	3.920497E-15	1.336332E-16	2.321194E+00
4.432613E+03	3.935858E-15	1.332194E-16	2.320671E+00
4.435655E+03	3.950042E-15	1.264917E-16	2.320142E+00
4.438696E+03	3.958178E-15	1.264192E-16	2.319607E+00
4.441738E+03	3.967690E-15	1.236464E-16	2.319066E+00
4.444779E+03	3.975564E-15	1.279761E-16	2.318518E+00
4.447820E+03	3.984117E-15	1.298161E-16	2.317964E+00
4.450862E+03	3.990801E-15	1.205141E-16	2.317404E+00
4.453903E+03	3.994922E-15	1.083701E-16	2.316837E+00
4.456945E+03	3.999955E-15	1.096534E-16	2.316263E+00
4.459986E+03	4.006362E-15	1.088461E-16	2.315682E+00
4.463027E+03	4.015532E-15	1.017386E-16	2.315095E+00
4.466069E+03	4.023065E-15	1.008070E-16	2.314501E+00
4.469110E+03	4.028268E-15	9.777666E-17	2.313900E+00
4.472152E+03	4.033686E-15	9.451374E-17	2.313291E+00
4.475193E+03	4.038163E-15	9.422385E-17	2.312676E+00
4.478234E+03	4.037769E-15	1.029002E-16	2.312053E+00
4.481276E+03	4.041985E-15	1.024743E-16	2.311423E+00
4.484317E+03	4.044336E-15	1.144076E-16	2.310785E+00
4.487359E+03	4.047828E-15	1.147821E-16	2.310140E+00
4.490400E+03	4.052920E-15	1.224513E-16	2.309488E+00
4.493441E+03	4.054301E-15	1.196408E-16	2.308827E+00
4.496483E+03	4.057051E-15	1.171715E-16	2.308159E+00
4.499524E+03	4.061171E-15	1.081555E-16	2.307483E+00
4.502566E+03	4.067118E-15	1.082741E-16	2.306799E+00
4.505607E+03	4.072355E-15	1.123455E-16	2.306108E+00
4.508649E+03	4.069045E-15	1.144529E-16	2.305408E+00
4.511690E+03	4.069178E-15	1.157295E-16	2.304700E+00
4.514731E+03	4.070908E-15	1.199315E-16	2.303983E+00
4.517773E+03	4.076307E-15	1.218034E-16	2.303259E+00
4.520814E+03	4.079614E-15	1.220097E-16	2.302525E+00
4.523856E+03	4.083134E-15	1.221565E-16	2.301784E+00
4.526897E+03	4.080653E-15	1.357342E-16	2.301033E+00
4.529938E+03	4.079307E-15	1.390671E-16	2.300274E+00
4.532980E+03	4.081854E-15	1.290241E-16	2.299507E+00
4.536021E+03	4.085073E-15	1.286510E-16	2.298730E+00
4.539063E+03	4.086665E-15	1.227218E-16	2.297945E+00
4.542104E+03	4.083643E-15	1.207520E-16	2.297150E+00
4.545145E+03	4.081526E-15	1.193312E-16	2.296346E+00
4.548187E+03	4.080770E-15	1.167648E-16	2.295533E+00
4.551228E+03	4.074260E-15	1.136021E-16	2.294711E+00
4.554270E+03	4.072783E-15	1.124438E-16	2.293879E+00
4.557311E+03	4.066933E-15	1.180198E-16	2.293038E+00
4.560352E+03	4.058777E-15	1.146827E-16	2.292188E+00
4.563394E+03	4.052442E-15	1.175556E-16	2.291327E+00
4.566435E+03	4.045864E-15	1.221912E-16	2.290457E+00
4.569477E+03	4.035610E-15	1.277940E-16	2.289578E+00
4.572518E+03	4.022369E-15	1.378054E-16	2.288688E+00
4.575560E+03	4.009120E-15	1.252132E-16	2.287788E+00
4.578601E+03	3.993804E-15	1.184020E-16	2.286878E+00
4.581642E+03	3.977796E-15	1.173150E-16	2.285958E+00
4.584684E+03	3.961553E-15	1.181241E-16	2.285028E+00
4.587725E+03	3.943020E-15	1.204634E-16	2.284088E+00
4.590767E+03	3.921059E-15	1.193764E-16	2.283136E+00
4.593808E+03	3.893390E-15	1.189167E-16	2.282175E+00
4.596850E+03	3.874623E-15	1.180013E-16	2.281203E+00
4.599891E+03	3.857448E-15	1.173903E-16	2.280220E+00
4.602932E+03	3.834114E-15	1.154275E-16	2.279226E+00
4.605974E+03	3.810098E-15	9.795042E-17	2.278222E+00
4.609015E+03	3.789043E-15	1.012818E-16	2.277206E+00
4.612056E+03	3.763207E-15	1.167581E-16	2.276179E+00
4.615098E+03	3.736010E-15	1.179387E-16	2.275142E+00
4.618139E+03	3.711092E-15	1.146169E-16	2.274093E+00
4.621181E+03	3.687995E-15	1.035837E-16	2.273032E+00
4.624222E+03	3.664445E-15	9.358724E-17	2.271960E+00
4.627264E+03	3.632041E-15	9.313396E-17	2.270877E+00
4.630305E+03	3.603052E-15	9.481981E-17	2.269782E+00
4.633346E+03	3.570215E-15	8.906350E-17	2.268676E+00
4.636388E+03	3.536255E-15	8.863949E-17	2.267557E+00
4.639429E+03	3.507749E-15	8.854060E-17	2.266427E+00
4.642471E+03	3.474720E-15	8.871582E-17	2.265285E+00
4.645512E+03	3.436950E-15	8.835983E-17	2.264130E+00
4.648553E+03	3.399651E-15	8.005168E-17	2.262964E+00
4.651595E+03	3.363274E-15	7.476280E-17	2.261785E+00
4.654636E+03	3.331437E-15	8.659598E-17	2.260594E+00
4.657678E+03	3.298936E-15	8.638486E-17	2.259391E+00
4.660719E+03	3.260352E-15	7.695190E-17	2.258174E+00
4.663761E+03	3.226078E-15	7.687107E-17	2.256946E+00
4.666802E+03	3.193626E-15	7.573888E-17	2.255704E+00
4.669843E+03	3.157132E-15	7.607068E-17	2.254450E+00
4.672885E+03	3.123137E-15	7.914771E-17	2.253183E+00
4.675926E+03	3.096817E-15	8.141555E-17	2.251903E+00
4.678967E+03	3.067581E-15	7.441666E-17	2.250610E+00
4.682009E+03	3.035210E-15	7.280086E-17	2.249303E+00
4.685050E+03	3.002632E-15	7.233343E-17	2.247984E+00
4.688092E+03	2.973667E-15	6.734271E-17	2.246651E+00
4.691133E+03	2.945839E-15	6.819477E-17	2.245304E+00
4.694175E+03	2.917801E-15	7.090226E-17	2.243944E+00
4.697216E+03	2.892692E-15	8.991427E-17	2.242571E+00
4.700257E+03	2.867370E-15	8.999424E-17	2.241183E+00
4.703299E+03	2.842507E-15	8.392905E-17	2.239782E+00
4.706340E+03	2.827505E-15	8.756317E-17	2.238366E+00
4.709382E+03	2.808922E-15	8.744430E-17	2.236937E+00
4.712423E+03	2.789002E-15	8.761170E-17	2.235494E+00
4.715465E+03	2.766183E-15	8.768985E-17	2.234036E+00
4.718506E+03	2.744714E-15	9.505430E-17	2.232564E+00
4.721547E+03	2.722807E-15	8.806000E-17	2.231078E+00
4.724589E+03	2.703139E-15	8.578261E-17	2.229577E+00
4.727630E+03	2.687264E-15	9.315286E-17	2.228061E+00
4.730672E+03	2.669610E-15	9.137818E-17	2.226531E+00
4.733713E+03	2.649735E-15	9.087780E-17	2.224986E+00
4.736754E+03	2.637428E-15	9.722038E-17	2.223426E+00
4.739796E+03	2.625562E-15	9.728699E-17	2.221851E+00
4.742837E+03	2.615247E-15	9.767398E-17	2.220263E+00
4.745879E+03	2.606482E-15	8.712750E-17	2.218660E+00
4.748920E+03	2.594162E-15	9.218788E-17	2.217043E+00
4.751961E+03	2.583392E-15	9.308932E-17	2.215412E+00
4.755003E+03	2.575498E-15	9.030492E-17	2.213768E+00
4.758044E+03	2.570693E-15	9.094495E-17	2.212110E+00
4.761086E+03	2.570962E-15	8.985772E-17	2.210439E+00
4.764127E+03	2.571211E-15	9.074552E-17	2.208755E+00
4.767168E+03	2.572546E-15	8.422169E-17	2.207058E+00
4.770210E+03	2.574964E-15	8.322234E-17	2.205348E+00
4.773251E+03	2.579343E-15	8.505064E-17	2.203625E+00
4.776293E+03	2.582817E-15	7.731253E-17	2.201890E+00
4.779334E+03	2.590008E-15	7.721436E-17	2.200143E+00
4.782376E+03	2.596510E-15	7.807099E-17	2.198383E+00
4.785417E+03	2.602326E-15	7.081484E-17	2.196612E+00
4.788458E+03	2.612505E-15	7.198228E-17	2.194829E+00
4.791500E+03	2.621772E-15	7.131415E-17	2.193034E+00
4.794541E+03	2.630350E-15	6.726678E-17	2.191228E+00
4.797583E+03	2.639335E-15	6.321892E-17	2.189411E+00
4.800624E+03	2.646537E-15	6.316775E-17	2.187582E+00
4.803665E+03	2.649995E-15	6.322828E-17	2.185743E+00
4.806707E+03	2.656706E-15	6.239332E-17	2.183893E+00
4.809748E+03	2.662298E-15	7.256081E-17	2.182032E+00
4.812790E+03	2.666119E-15	8.050810E-17	2.180161E+00
4.815831E+03	2.670572E-15	8.237008E-17	2.178280E+00
4.818872E+03	2.671735E-15	8.207494E-17	2.176389E+00
4.821914E+03	2.670271E-15	7.788458E-17	2.174488E+00
4.824955E+03	2.671401E-15	7.842098E-17	2.172577E+00
4.827997E+03	2.668605E-15	8.282737E-17	2.170657E+00
4.831038E+03	2.662329E-15	8.684912E-17	2.168727E+00
4.834079E+03	2.657132E-15	8.622194E-17	2.166788E+00
4.837121E+03	2.653228E-15	8.573660E-17	2.164840E+00
4.840162E+03	2.644990E-15	8.550392E-17	2.162883E+00
4.843204E+03	2.634374E-15	8.522135E-17	2.160917E+00
4.846245E+03	2.630672E-15	8.438365E-17	2.158943E+00
4.849287E+03	2.622002E-15	8.555429E-17	2.156961E+00
4.852328E+03	2.611824E-15	8.925798E-17	2.154970E+00
4.855369E+03	2.603804E-15	8.846626E-17	2.152971E+00
4.858411E+03	2.594279E-15	8.909373E-17	2.150965E+00
4.861452E+03	2.584543E-15	8.758844E-17	2.148951E+00
4.864494E+03	2.576529E-15	8.493865E-17	2.146929E+00
4.867535E+03	2.571091E-15	8.614647E-17	2.144900E+00
4.870576E+03	2.563079E-15	8.655833E-17	2.142863E+00
4.873618E+03	2.552928E-15	8.578260E-17	2.140820E+00
4.876659E+03	2.541928E-15	7.827695E-17	2.138770E+00
4.879701E+03	2.535637E-15	6.143992E-17	2.136713E+00
4.882742E+03	2.529560E-15	6.016410E-17	2.134650E+00
4.885783E+03	2.517937E-15	5.986107E-17	2.132580E+00
4.888825E+03	2.507177E-15	5.705860E-17	2.130504E+00
4.891866E+03	2.498768E-15	5.359158E-17	2.128422E+00
4.894908E+03	2.490363E-15	5.325588E-17	2.126334E+00
4.897949E+03	2.488548E-15	5.491255E-17	2.124241E+00
4.900990E+03	2.487575E-15	5.579555E-17	2.122142E+00
4.904032E+03	2.485532E-15	5.606073E-17	2.120038E+00
4.907073E+03	2.482212E-15	5.540869E-17	2.117928E+00
4.910115E+03	2.481215E-15	5.566554E-17	2.115814E+00
4.913156E+03	2.485282E-15	5.835593E-17	2.113694E+00
4.916198E+03	2.490386E-15	5.946890E-17	2.111570E+00
4.919239E+03	2.493571E-15	5.926430E-17	2.109441E+00
4.922280E+03	2.497582E-15	5.858809E-17	2.107308E+00
4.925322E+03	2.499470E-15	5.757272E-17	2.105171E+00
4.928363E+03	2.504499E-15	7.098982E-17	2.103030E+00
4.931405E+03	2.512238E-15	6.975128E-17	2.100885E+00
4.934446E+03	2.518694E-15	6.983696E-17	2.098736E+00
4.937487E+03	2.528900E-15	6.574084E-17	2.096584E+00
4.940529E+03	2.538238E-15	7.330890E-17	2.094429E+00
4.943570E+03	2.547757E-15	7.361139E-17	2.092270E+00
4.946612E+03	2.562681E-15	8.227466E-17	2.090108E+00
4.949653E+03	2.576522E-15	8.231913E-17	2.087943E+00
4.952694E+03	2.592202E-15	8.280964E-17	2.085776E+00
4.955736E+03	2.612425E-15	8.395165E-17	2.083606E+00
4.958777E+03	2.624896E-15	8.514647E-17	2.081434E+00
4.961819E+03	2.638164E-15	8.710450E-17	2.079259E+00
4.964860E+03	2.650980E-15	8.697765E-17	2.077083E+00
4.967901E+03	2.667082E-15	8.730189E-17	2.074904E+00
4.970943E+03	2.682105E-15	8.737343E-17	2.072724E+00
4.973984E+03	2.696674E-15	8.802286E-17	2.070542E+00
4.977026E+03	2.710792E-15	7.715913E-17	2.068359E+00
4.980067E+03	2.721979E-15	7.572338E-17	2.066175E+00
4.983109E+03	2.731690E-15	7.580296E-17	2.063990E+00
4.986150E+03	2.744261E-15	7.864573E-17	2.061804E+00
4.989191E+03	2.755561E-15	6.852447E-17	2.059617E+00
4.992233E+03	2.768065E-15	7.680839E-17	2.057429E+00
4.995274E+03	2.778481E-15	7.425973E-17	2.055241E+00
4.998316E+03	2.787841E-15	7.448189E-17	2.053053E+00
5.001357E+03	2.800662E-15	7.467702E-17	2.050865E+00
5.004398E+03	2.810785E-15	7.618429E-17	2.048677E+00
5.007440E+03	2.820267E-15	7.614013E-17	2.046490E+00
5.010481E+03	2.829723E-15	7.482017E-17	2.044302E+00
5.013523E+03	2.836294E-15	7.511543E-17	2.042115E+00
5.016564E+03	2.843254E-15	8.490117E-17	2.039930E+00
5.019605E+03	2.855288E-15	9.207910E-17	2.037745E+00
5.022647E+03	2.861795E-15	9.399984E-17	2.035561E+00
5.025688E+03	2.867470E-15	9.307072E-17	2.033378E+00
5.028730E+03	2.875565E-15	9.475626E-17	2.031197E+00
5.031771E+03	2.883436E-15	9.451118E-17	2.029017E+00
5.034812E+03	2.889868E-15	9.280493E-17	2.026839E+00
5.037854E+03	2.898508E-15	9.340164E-17	2.024664E+00
5.040895E+03	2.905104E-15	8.494233E-17	2.022490E+00
5.043937E+03	2.910874E-15	8.372213E-17	2.020318E+00
5.046978E+03	2.917840E-15	8.934104E-17	2.018149E+00
5.050020E+03	2.924787E-15	8.946351E-17	2.015982E+00
5.053061E+03	2.931113E-15	8.942117E-17	2.013819E+00
5.056102E+03	2.937825E-15	8.957335E-17	2.011658E+00
5.059144E+03	2.943515E-15	9.180157E-17	2.009500E+00
5.062185E+03	2.948590E-15	9.322240E-17	2.007345E+00
5.065227E+03	2.956859E-15	8.569427E-17	2.005194E+00
5.068268E+03	2.964709E-15	7.768256E-17	2.003047E+00
5.071310E+03	2.973141E-15	7.253499E-17	2.000903E+00
5.074351E+03	2.980755E-15	7.172357E-17	1.998763E+00
5.077392E+03	2.985756E-15	7.115261E-17	1.996627E+00
5.080434E+03	2.991544E-15	7.313557E-17	1.994495E+00
5.083475E+03	2.998514E-15	7.443451E-17	1.992368E+00
5.086516E+03	3.004674E-15	7.800312E-17	1.990246E+00
5.089558E+03	3.007640E-15	8.032882E-17	1.988128E+00
5.092599E+03	3.013380E-15	8.014362E-17	1.986015E+00
5.095641E+03	3.020697E-15	7.729239E-17	1.983907E+00
5.098682E+03	3.023837E-15	7.713138E-17	1.981804E+00
5.101724E+03	3.024992E-15	7.701252E-17	1.979707E+00
5.104765E+03	3.027531E-15	8.199812E-17	1.977615E+00
5.107806E+03	3.030857E-15	7.854308E-17	1.975529E+00
5.110848E+03	3.037730E-15	7.785165E-17	1.973449E+00
5.113889E+03	3.041635E-15	7.938785E-17	1.971375E+00
5.116931E+03	3.044353E-15	8.017276E-17	1.969308E+00
5.119972E+03	3.047855E-15	8.055430E-17	1.967246E+00
5.123013E+03	3.052925E-15	9.457391E-17	1.965191E+00
5.126055E+03	3.057596E-15	9.401793E-17	1.963143E+00
5.129096E+03	3.061477E-15	9.469780E-17	1.961102E+00
5.132138E+03	3.063003E-15	9.442371E-17	1.959068E+00
5.135179E+03	3.063161E-15	8.850987E-17	1.957041E+00
5.138221E+03	3.064106E-15	8.492690E-17	1.955022E+00
5.141262E+03	3.069351E-15	8.279708E-17	1.953010E+00
5.144303E+03	3.074200E-15	8.321565E-17	1.951006E+00
5.147345E+03	3.079631E-15	8.359559E-17	1.949010E+00
5.150386E+03	3.085056E-15	8.291523E-17	1.947022E+00
5.153427E+03	3.088532E-15	7.957133E-17	1.945042E+00
5.156469E+03	3.091620E-15	7.943582E-17	1.943071E+00
5.159510E+03	3.093932E-15	8.037240E-17	1.941108E+00
5.162552E+03	3.096635E-15	8.126113E-17	1.939154E+00
5.165593E+03	3.097015E-15	8.440696E-17	1.937209E+00
5.168635E+03	3.099145E-15	8.412351E-17	1.935273E+00
5.171676E+03	3.100120E-15	6.282505E-17	1.933346E+00
5.174717E+03	3.098784E-15	6.254866E-17	1.931428E+00
5.177759E+03	3.097459E-15	6.174959E-17	1.929521E+00
5.180800E+03	3.094027E-15	6.076023E-17	1.927623E+00
5.183842E+03	3.091959E-15	6.020486E-17	1.925734E+00
5.186883E+03	3.093369E-15	5.963036E-17	1.923856E+00
5.189925E+03	3.093056E-15	5.991093E-17	1.921989E+00
5.192966E+03	3.092756E-15	6.280168E-17	1.920131E+00
5.196007E+03	3.094961E-15	6.899249E-17	1.918285E+00
5.199049E+03	3.092574E-15	7.256786E-17	1.916449E+00
5.202090E+03	3.090395E-15	7.292111E-17	1.914624E+00
5.205132E+03	3.088615E-15	7.520064E-17	1.912810E+00
5.208173E+03	3.083984E-15	7.593587E-17	1.911008E+00
5.211214E+03	3.083576E-15	7.335839E-17	1.909217E+00
5.214256E+03	3.077650E-15	6.768591E-17	1.907437E+00
5.217297E+03	3.073274E-15	6.746722E-17	1.905670E+00
5.220339E+03	3.070252E-15	6.739116E-17	1.903914E+00
5.223380E+03	3.065729E-15	6.698442E-17	1.902171E+00
5.226421E+03	3.059518E-15	6.605656E-17	1.900440E+00
5.229463E+03	3.051055E-15	6.583469E-17	1.898721E+00
5.232504E+03	3.041295E-15	6.626361E-17	1.897015E+00
5.235546E+03	3.035548E-15	6.561467E-17	1.895322E+00
5.238587E+03	3.029259E-15	6.548420E-17	1.893642E+00
5.241628E+03	3.023376E-15	6.752441E-17	1.891975E+00
5.244670E+03	3.016008E-15	6.345144E-17	1.890321E+00
5.247711E+03	3.010369E-15	5.918243E-17	1.888681E+00
5.250753E+03	3.004192E-15	5.788115E-17	1.887055E+00
5.253794E+03	2.997100E-15	5.609154E-17	1.885443E+00
5.256836E+03	2.989284E-15	5.258650E-17	1.883844E+00
5.259877E+03	2.980747E-15	5.069082E-17	1.882260E+00
5.262918E+03	2.972243E-15	5.639224E-17	1.880690E+00
5.265960E+03	2.966027E-15	5.760330E-17	1.879135E+00
5.269001E+03	2.960779E-15	5.740783E-17	1.877595E+00
5.272042E+03	2.948618E-15	6.357147E-17	1.876069E+00
5.275084E+03	2.939683E-15	6.710326E-17	1.874559E+00
5.278125E+03	2.929472E-15	6.633834E-17	1.873064E+00
5.281167E+03	2.918735E-15	6.770271E-17	1.871584E+00
5.284208E+03	2.908785E-15	7.235242E-17	1.870120E+00
5.287250E+03	2.901487E-15	7.295726E-17	1.868672E+00
5.290291E+03	2.892727E-15	7.293786E-17	1.867239E+00
5.293332E+03	2.884936E-15	7.253390E-17	1.865823E+00
5.296374E+03	2.877365E-15	7.230323E-17	1.864424E+00
5.299415E+03	2.868151E-15	7.251776E-17	1.863040E+00
5.302457E+03	2.859345E-15	7.048465E-17	1.861674E+00
5.305498E+03	2.851319E-15	6.970729E-17	1.860324E+00
5.308539E+03	2.844071E-15	6.984088E-17	1.858991E+00
5.311581E+03	2.838529E-15	6.642377E-17	1.857676E+00
5.314622E+03	2.833389E-15	7.284250E-17	1.856378E+00
5.317664E+03	2.824942E-15	7.375480E-17	1.855097E+00
5.320705E+03	2.818014E-15	6.843200E-17	1.853835E+00
5.323747E+03	2.812231E-15	6.862450E-17	1.852590E+00
5.326788E+03	2.807592E-15	7.112698E-17	1.851363E+00
5.329829E+03	2.802429E-15	6.710560E-17	1.850155E+00
5.332871E+03	2.797484E-15	5.861123E-17	1.848965E+00
5.335912E+03	2.792940E-15	5.662987E-17	1.847794E+00
5.338954E+03	2.789721E-15	5.757664E-17	1.846641E+00
5.341995E+03	2.785056E-15	6.230395E-17	1.845508E+00
5.345036E+03	2.777472E-15	6.485853E-17	1.844394E+00
5.348078E+03	2.770478E-15	6.571173E-17	1.843299E+00
5.351119E+03	2.764441E-15	6.590678E-17	1.842223E+00
5.354161E+03	2.758806E-15	6.631154E-17	1.841168E+00
5.357202E+03	2.754126E-15	6.747139E-17	1.840132E+00
5.360243E+03	2.750031E-15	6.707359E-17	1.839117E+00
5.363285E+03	2.741375E-15	5.841061E-17	1.838122E+00
5.366326E+03	2.733491E-15	5.748629E-17	1.837147E+00
5.369368E+03	2.726561E-15	5.765805E-17	1.836192E+00
5.372409E+03	2.718383E-15	5.488872E-17	1.835257E+00
5.375450E+03	2.710975E-15	5.231012E-17	1.834343E+00
5.378492E+03	2.702685E-15	5.280835E-17	1.833448E+00
5.381533E+03	2.691683E-15	5.666082E-17	1.832573E+00
5.384575E+03	2.680718E-15	5.680873E-17	1.831717E+00
5.387616E+03	2.671805E-15	5.660757E-17	1.830881E+00
5.390658E+03	2.663841E-15	5.324299E-17	1.830064E+00
5.393699E+03	2.653717E-15	5.050368E-17	1.829267E+00
5.396740E+03	2.643994E-15	4.934837E-17	1.828488E+00
5.399782E+03	2.634305E-15	4.984443E-17	1.827729E+00
5.402823E+03	2.623372E-15	4.850434E-17	1.826988E+00
5.405865E+03	2.611926E-15	4.745748E-17	1.826266E+00
5.408906E+03	2.601610E-15	4.786911E-17	1.825563E+00
5.411947E+03	2.593335E-15	4.731067E-17	1.824878E+00
5.414989E+03	2.582719E-15	4.765816E-17	1.824212E+00
5.418030E+03	2.570496E-15	4.781822E-17	1.823564E+00
5.421072E+03	2.555936E-15	5.057208E-17	1.822934E+00
5.424113E+03	2.541592E-15	5.196470E-17	1.822322E+00
5.427154E+03	2.530927E-15	5.247809E-17	1.821728E+00
5.430196E+03	2.520656E-15	4.894775E-17	1.821152E+00
5.433237E+03	2.511144E-15	4.819694E-17	1.820593E+00
5.436279E+03	2.503118E-15	4.884016E-17	1.820052E+00
5.439320E+03	2.492936E-15	5.011209E-17	1.819529E+00
5.442361E+03	2.483875E-15	5.064746E-17	1.819022E+00
5.445403E+03	2.475751E-15	5.096680E-17	1.818533E+00
5.448444E+03	2.466564E-15	4.983031E-17	1.818062E+00
5.451486E+03	2.458858E-15	5.023292E-17	1.817607E+00
5.454527E+03	2.450633E-15	5.311234E-17	1.817169E+00
5.457569E+03	2.442617E-15	5.213814E-17	1.816747E+00
5.460610E+03	2.435170E-15	5.180252E-17	1.816342E+00
5.463651E+03	2.423936E-15	5.378330E-17	1.815954E+00
5.466693E+03	2.417993E-15	5.417533E-17	1.815582E+00
5.469734E+03	2.410621E-15	5.117716E-17	1.815227E+00
5.472776E+03	2.399281E-15	4.995106E-17	1.814888E+00
5.475817E+03	2.388874E-15	5.000604E-17	1.814564E+00
5.478858E+03	2.381212E-15	5.038924E-17	1.814257E+00
5.481900E+03	2.373755E-15	5.064838E-17	1.813965E+00
5.484941E+03	2.366684E-15	5.110038E-17	1.813690E+00
5.487983E+03	2.359816E-15	5.256319E-17	1.813429E+00
5.491024E+03	2.356415E-15	5.281400E-17	1.813185E+00
5.494065E+03	2.353216E-15	5.268217E-17	1.812955E+00
5.497107E+03	2.347681E-15	5.390872E-17	1.812741E+00
5.500148E+03	2.340899E-15	5.377525E-17	1.812543E+00
5.503190E+03	2.335043E-15	5.079047E-17	1.812359E+00
5.506231E+03	2.326489E-15	5.222599E-17	1.812190E+00
5.509273E+03	2.319043E-15	5.240231E-17	1.812036E+00
5.512314E+03	2.313429E-15	5.218222E-17	1.811896E+00
5.515355E+03	2.307472E-15	5.417173E-17	1.811772E+00
5.518397E+03	2.300447E-15	5.410613E-17	1.811661E+00
5.521438E+03	2.289094E-15	5.645314E-17	1.811565E+00
5.524480E+03	2.279752E-15	5.663203E-17	1.811484E+00
5.527521E+03	2.268618E-15	5.571472E-17	1.811416E+00
5.530562E+03	2.260037E-15	5.805525E-17	1.811363E+00
5.533604E+03	2.250026E-15	5.725801E-17	1.811323E+00
5.536645E+03	2.238945E-15	5.527260E-17	1.811298E+00
5.539687E+03	2.226795E-15	5.584519E-17	1.811286E+00
5.542728E+03	2.213393E-15	5.626362E-17	1.811287E+00
5.545769E+03	2.196023E-15	5.460106E-17	1.811303E+00
5.548811E+03	2.176858E-15	5.538624E-17	1.811331E+00
5.551852E+03	2.159700E-15	5.545756E-17	1.811373E+00
5.554894E+03	2.143282E-15	5.728467E-17	1.811428E+00
5.557935E+03	2.126153E-15	5.730883E-17	1.811496E+00
5.560976E+03	2.105596E-15	5.639194E-17	1.811577E+00
5.564018E+03	2.083422E-15	5.596455E-17	1.811671E+00
5.567059E+03	2.064702E-15	5.585234E-17	1.811778E+00
5.570101E+03	2.046357E-15	5.198423E-17	1.811897E+00
5.573142E+03	2.026030E-15	4.880080E-17	1.812029E+00
5.576184E+03	2.007345E-15	5.506832E-17	1.812174E+00
5.579225E+03	1.989032E-15	5.941606E-17	1.812330E+00
5.582266E+03	1.972180E-15	6.002762E-17	1.812499E+00
5.585308E+03	1.957694E-15	5.870410E-17	1.812680E+00
5.588349E+03	1.943581E-15	6.146837E-17	1.812873E+00
5.591391E+03	1.926939E-15	6.334335E-17	1.813078E+00
5.594432E+03	1.911938E-15	6.328189E-17	1.813295E+00
5.597473E+03	1.898759E-15	6.243440E-17	1.813523E+00
5.600515E+03	1.886313E-15	6.268201E-17	1.813763E+00
5.603556E+03	1.873877E-15	5.925531E-17	1.814014E+00
5.606598E+03	1.862537E-15	6.027290E-17	1.814277E+00
5.609639E+03	1.852475E-15	6.193342E-17	1.814551E+00
5.612681E+03	1.842785E-15	6.031922E-17	1.814837E+00
5.615722E+03	1.835644E-15	5.985209E-17	1.815133E+00
5.618763E+03	1.830145E-15	5.761305E-17	1.815440E+00
5.621805E+03	1.828105E-15	5.810455E-17	1.815758E+00
5.624846E+03	1.826802E-15	5.759484E-17	1.816087E+00
5.627887E+03	1.825145E-15	5.841658E-17	1.816427E+00
5.630929E+03	1.826224E-15	5.900352E-17	1.816777E+00
5.633970E+03	1.827313E-15	6.055846E-17	1.817137E+00
5.637012E+03	1.832048E-15	6.157617E-17	1.817508E+00
5.640053E+03	1.836795E-15	6.346489E-17	1.817889E+00
5.643095E+03	1.843736E-15	6.972526E-17	1.818280E+00
5.646136E+03	1.851600E-15	7.380247E-17	1.818682E+00
5.649177E+03	1.860204E-15	7.344507E-17	1.819093E+00
5.652219E+03	1.871916E-15	7.591880E-17	1.819514E+00
5.655260E+03	1.882369E-15	7.438982E-17	1.819945E+00
5.658302E+03	1.894657E-15	7.346885E-17	1.820385E+00
5.661343E+03	1.908417E-15	7.196818E-17	1.820835E+00
5.664384E+03	1.922740E-15	7.075578E-17	1.821294E+00
5.667426E+03	1.937809E-15	7.406770E-17	1.821763E+00
5.670467E+03	1.955082E-15	7.571354E-17	1.822240E+00
5.673509E+03	1.973649E-15	7.202627E-17	1.822727E+00
5.676550E+03	1.991689E-15	7.711426E-17	1.823223E+00
5.679592E+03	2.007195E-15	7.899224E-17	1.823728E+00
5.682633E+03	2.026003E-15	8.232148E-17	1.824242E+00
5.685674E+03	2.046656E-15	8.287668E-17	1.824764E+00
5.688716E+03	2.067147E-15	8.308538E-17	1.825295E+00
5.691757E+03	2.087477E-15	7.952196E-17	1.825835E+00
5.694798E+03	2.106915E-15	7.688348E-17	1.826383E+00
5.697840E+03	2.125643E-15	7.708326E-17	1.826939E+00
5.700881E+03	2.145489E-15	7.474515E-17	1.827503E+00
5.703923E+03	2.165904E-15	7.521742E-17	1.828076E+00
5.706964E+03	2.185427E-15	7.231092E-17	1.828657E+00
5.710006E+03	2.202594E-15	6.692019E-17	1.829245E+00
5.713047E+03	2.219963E-15	6.726675E-17	1.829841E+00
5.716088E+03	2.239916E-15	6.672522E-17	1.830445E+00
5.719130E+03	2.256595E-15	6.345425E-17	1.831057E+00
5.722171E+03	2.271095E-15	6.350527E-17	1.831676E+00
5.725213E+03	2.287630E-15	6.515831E-17	1.832303E+00
5.728254E+03	2.304184E-15	6.540941E-17	1.832937E+00
5.731296E+03	2.317825E-15	6.408502E-17	1.833578E+00
5.734337E+03	2.332035E-15	6.942403E-17	1.834226E+00
5.737378E+03	2.345895E-15	6.866941E-17	1.834881E+00
5.740420E+03	2.359591E-15	6.862075E-17	1.835543E+00
5.743461E+03	2.371468E-15	6.803214E-17	1.836212E+00
5.746502E+03	2.380056E-15	6.996240E-17	1.836888E+00
5.749544E+03	2.388841E-15	6.972869E-17	1.837570E+00
5.752585E+03	2.398560E-15	7.127382E-17	1.838259E+00
5.755627E+03	2.409766E-15	7.230268E-17	1.838954E+00
5.758668E+03	2.420435E-15	7.175876E-17	1.839656E+00
5.761710E+03	2.432593E-15	7.200437E-17	1.840364E+00
5.764751E+03	2.441085E-15	7.272747E-17	1.841078E+00
5.767792E+03	2.447197E-15	7.229077E-17	1.841798E+00
5.770834E+03	2.453321E-15	7.090071E-17	1.842524E+00
5.773875E+03	2.461484E-15	7.037222E-17	1.843256E+00
5.776917E+03	2.467632E-15	7.070764E-17	1.843994E+00
5.779958E+03	2.473977E-15	7.106349E-17	1.844737E+00
5.782999E+03	2.480148E-15	7.065776E-17	1.845486E+00
5.786041E+03	2.485039E-15	7.085986E-17	1.846240E+00
5.789082E+03	2.487908E-15	7.141639E-17	1.847000E+00
5.792124E+03	2.488939E-15	7.124803E-17	1.847765E+00
5.795165E+03	2.488867E-15	6.936227E-17	1.848535E+00
5.798207E+03	2.488431E-15	7.123270E-17	1.849310E+00
5.801248E+03	2.488186E-15	7.257012E-17	1.850090E+00
5.804289E+03	2.488501E-15	7.196229E-17	1.850875E+00
5.807331E+03	2.487712E-15	7.369502E-17	1.851665E+00
5.810372E+03	2.485815E-15	7.364366E-17	1.852459E+00
5.813413E+03	2.488741E-15	7.598524E-17	1.853258E+00
5.816455E+03	2.494826E-15	7.251651E-17	1.854062E+00
5.819496E+03	2.495357E-15	7.650700E-17	1.854870E+00
5.822538E+03	2.494779E-15	7.880507E-17	1.855682E+00
5.825579E+03	2.495320E-15	7.765464E-17	1.856499E+00
5.828621E+03	2.493080E-15	7.766458E-17	1.857320E+00
5.831662E+03	2.491957E-15	7.651927E-17	1.858144E+00
5.834703E+03	2.488793E-15	7.653199E-17	1.858973E+00
5.837745E+03	2.485072E-15	7.734111E-17	1.859805E+00
5.840786E+03	2.481351E-15	7.684074E-17	1.860641E+00
5.843828E+03	2.478376E-15	7.681795E-17	1.861481E+00
5.846869E+03	2.476705E-15	7.684611E-17	1.862325E+00
5.849910E+03	2.476900E-15	7.446766E-17	1.863171E+00
5.852952E+03	2.472625E-15	7.556714E-17	1.864022E+00
5.855993E+03	2.466670E-15	7.380083E-17	1.864875E+00
5.859035E+03	2.463885E-15	7.468844E-17	1.865731E+00
5.862076E+03	2.459420E-15	6.986086E-17	1.866591E+00
5.865118E+03	2.452900E-15	7.267984E-17	1.867454E+00
5.868159E+03	2.448245E-15	7.017354E-17	1.868319E+00
5.871200E+03	2.445271E-15	6.902529E-17	1.869187E+00
5.874242E+03	2.440239E-15	6.820984E-17	1.870058E+00
5.877283E+03	2.435205E-15	6.801601E-17	1.870932E+00
5.880325E+03	2.428858E-15	6.792097E-17	1.871808E+00
5.883366E+03	2.420073E-15	6.651348E-17	1.872686E+00
5.886407E+03	2.414466E-15	6.762831E-17	1.873567E+00
5.889449E+03	2.408106E-15	6.821852E-17	1.874450E+00
5.892490E+03	2.400804E-15	6.796288E-17	1.875335E+00
5.895532E+03	2.392371E-15	6.742786E-17	1.876222E+00
5.898573E+03	2.385809E-15	6.671458E-17	1.877112E+00
5.901614E+03	2.378678E-15	6.769149E-17	1.878002E+00
5.904656E+03	2.369099E-15	8.807303E-17	1.878895E+00
5.907697E+03	2.362331E-15	9.524731E-17	1.879789E+00
5.910739E+03	2.354054E-15	9.940999E-17	1.880685E+00
5.913780E+03	2.345581E-15	9.834298E-17	1.881582E+00
5.916822E+03	2.335594E-15	9.798093E-17	1.882481E+00
5.919863E+03	2.324469E-15	1.070010E-16	1.883381E+00
5.922904E+03	2.315971E-15	1.123391E-16	1.884282E+00
5.925946E+03	2.306900E-15	1.135462E-16	1.885184E+00
5.928987E+03	2.298764E-15	1.141635E-16	1.886088E+00
5.932029E+03	2.292506E-15	1.141159E-16	1.886992E+00
5.935070E+03	2.284355E-15	1.123205E-16	1.887897E+00
5.938111E+03	2.275440E-15	1.117254E-16	1.888802E+00
5.941153E+03	2.266327E-15	1.107517E-16	1.889708E+00
5.944194E+03	2.258340E-15	1.091685E-16	1.890615E+00
5.947236E+03	2.252614E-15	1.081045E-16	1.891522E+00
5.950277E+03	2.248207E-15	1.080290E-16	1.892430E+00
5.953318E+03	2.244173E-15	1.040670E-16	1.893338E+00
5.956360E+03	2.237862E-15	9.736362E-17	1.894245E+00
5.959401E+03	2.232301E-15	9.188280E-17	1.895153E+00
5.962443E+03	2.229578E-15	8.464202E-17	1.896061E+00
5.965484E+03	2.225145E-15	8.449704E-17	1.896969E+00
5.968525E+03	2.218238E-15	7.899160E-17	1.897877E+00
5.971567E+03	2.210564E-15	7.367916E-17	1.898784E+00
5.974608E+03	2.206681E-15	7.187449E-17	1.899691E+00
5.977650E+03	2.204122E-15	7.176423E-17	1.900597E+00
5.980691E+03	2.200228E-15	7.184676E-17	1.901502E+00
5.983733E+03	2.195949E-15	7.153616E-17	1.902407E+00
5.986774E+03	2.189950E-15	6.836481E-17	1.903312E+00
5.989815E+03	2.185658E-15	6.775235E-17	1.904215E+00
5.992857E+03	2.180407E-15	6.691733E-17	1.905117E+00
5.995898E+03	2.174576E-15	6.327292E-17	1.906018E+00
5.998940E+03	2.171408E-15	6.311151E-17	1.906918E+00
6.001981E+03	2.169760E-15	5.445532E-17	1.907817E+00
6.005022E+03	2.168681E-15	5.431173E-17	1.908715E+00
6.008064E+03	2.165689E-15	5.382749E-17	1.909611E+00
6.011105E+03	2.161927E-15	5.287683E-17	1.910505E+00
6.014147E+03	2.153763E-15	5.369040E-17	1.911398E+00
6.017188E+03	2.146544E-15	5.116172E-17	1.912289E+00
6.020229E+03	2.139316E-15	4.809774E-17	1.913178E+00
6.023271E+03	2.131886E-15	5.280894E-17	1.914065E+00
6.026312E+03	2.124638E-15	5.066794E-17	1.914951E+00
6.029354E+03	2.117954E-15	5.041513E-17	1.915834E+00
6.032395E+03	2.109345E-15	5.142086E-17	1.916715E+00
6.035436E+03	2.098998E-15	5.316854E-17	1.917593E+00
6.038478E+03	2.088254E-15	5.281863E-17	1.918470E+00
6.041519E+03	2.075770E-15	5.614831E-17	1.919343E+00
6.044561E+03	2.061350E-15	5.760146E-17	1.920215E+00
6.047602E+03	2.048643E-15	5.731978E-17	1.921083E+00
6.050644E+03	2.036881E-15	5.536041E-17	1.921949E+00
6.053685E+03	2.027413E-15	5.542506E-17	1.922812E+00
6.056726E+03	2.019086E-15	5.613684E-17	1.923672E+00
6.059768E+03	2.011710E-15	5.736756E-17	1.924529E+00
6.062809E+03	2.004323E-15	5.618404E-17	1.925382E+00
6.065851E+03	1.994999E-15	5.623025E-17	1.926233E+00
6.068892E+03	1.983158E-15	5.598013E-17	1.927080E+00
6.071933E+03	1.971495E-15	5.063791E-17	1.927924E+00
6.074975E+03	1.958660E-15	5.432634E-17	1.928764E+00
6.078016E+03	1.945809E-15	5.407931E-17	1.929601E+00
6.081058E+03	1.935646E-15	5.663021E-17	1.930433E+00
6.084099E+03	1.925758E-15	5.448375E-17	1.931262E+00
6.087141E+03	1.917752E-15	5.558618E-17	1.932088E+00
6.090182E+03	1.909018E-15	5.470342E-17	1.932909E+00
6.093223E+03	1.901723E-15	5.359914E-17	1.933726E+00
6.096265E+03	1.898053E-15	5.831069E-17	1.934539E+00
6.099306E+03	1.892576E-15	6.100143E-17	1.935347E+00
6.102347E+03	1.883217E-15	6.052829E-17	1.936152E+00
6.105389E+03	1.877855E-15	5.881127E-17	1.936951E+00
6.108430E+03	1.874091E-15	5.970911E-17	1.937746E+00
6.111472E+03	1.867586E-15	6.385208E-17	1.938537E+00
6.114513E+03	1.861149E-15	6.666028E-17	1.939323E+00
6.117555E+03	1.856388E-15	6.666963E-17	1.940104E+00
6.120596E+03	1.853792E-15	6.656777E-17	1.940880E+00
6.123637E+03	1.849946E-15	6.481849E-17	1.941650E+00
6.126679E+03	1.847529E-15	6.536520E-17	1.942416E+00
6.129720E+03	1.844191E-15	6.060952E-17	1.943177E+00
6.132762E+03	1.844558E-15	6.194044E-17	1.943932E+00
6.135803E+03	1.844978E-15	6.179491E-17	1.944682E+00
6.138844E+03	1.843933E-15	6.056110E-17	1.945426E+00
6.141886E+03	1.843037E-15	6.172586E-17	1.946165E+00
6.144927E+03	1.844471E-15	5.556213E-17	1.946897E+00
6.147969E+03	1.846679E-15	5.231208E-17	1.947625E+00
6.151010E+03	1.848863E-15	5.279584E-17	1.948346E+00
6.154051E+03	1.851744E-15	5.167920E-17	1.949061E+00
6.157093E+03	1.855557E-15	5.363970E-17	1.949770E+00
6.160134E+03	1.857864E-15	5.033493E-17	1.950473E+00
6.163176E+03	1.861864E-15	4.700522E-17	1.951169E+00
6.166217E+03	1.867169E-15	4.810761E-17	1.951860E+00
6.169258E+03	1.871708E-15	4.852131E-17	1.952543E+00
6.172300E+03	1.878393E-15	4.777107E-17	1.953221E+00
6.175341E+03	1.886384E-15	4.700957E-17	1.953891E+00
6.178383E+03	1.894139E-15	4.814846E-17	1.954555E+00
6.181424E+03	1.899644E-15	4.833352E-17	1.955212E+00
6.184466E+03	1.905107E-15	4.841686E-17	1.955861E+00
6.187507E+03	1.912385E-15	4.797010E-17	1.956504E+00
6.190548E+03	1.920620E-15	4.513348E-17	1.957140E+00
6.193590E+03	1.928774E-15	4.659167E-17	1.957768E+00
6.196631E+03	1.935966E-15	4.663715E-17	1.958389E+00
6.199673E+03	1.942900E-15	4.449837E-17	1.959003E+00
6.202714E+03	1.949419E-15	4.708818E-17	1.959609E+00
6.205756E+03	1.955346E-15	4.582732E-17	1.960207E+00
6.208797E+03	1.961387E-15	5.071433E-17	1.960799E+00
6.211838E+03	1.968052E-15	5.737761E-17	1.961383E+00
6.214880E+03	1.973339E-15	5.805361E-17	1.961960E+00
6.217921E+03	1.979603E-15	5.758815E-17	1.962529E+00
6.220962E+03	1.987237E-15	5.875853E-17	1.963091E+00
6.224004E+03	1.994868E-15	5.782681E-17	1.963646E+00
6.227045E+03	2.003085E-15	5.763764E-17	1.964194E+00
6.230087E+03	2.007173E-15	5.715767E-17	1.964735E+00
6.233128E+03	2.010077E-15	5.751522E-17	1.965268E+00
6.236170E+03	2.015333E-15	5.871670E-17	1.965795E+00
6.239211E+03	2.021371E-15	5.761614E-17	1.966315E+00
6.242252E+03	2.026225E-15	5.580512E-17	1.966827E+00
6.245294E+03	2.032451E-15	5.983265E-17	1.967333E+00
6.248335E+03	2.039263E-15	5.988557E-17	1.967831E+00
6.251377E+03	2.044300E-15	5.938541E-17	1.968323E+00
6.254418E+03	2.048347E-15	5.993430E-17	1.968808E+00
6.257459E+03	2.050026E-15	5.780695E-17	1.969286E+00
6.260501E+03	2.051305E-15	5.222849E-17	1.969757E+00
6.263542E+03	2.052182E-15	5.167780E-17	1.970221E+00
6.266584E+03	2.055221E-15	5.474050E-17	1.970679E+00
6.269625E+03	2.058253E-15	5.454768E-17	1.971129E+00
6.272667E+03	2.059111E-15	5.515496E-17	1.971574E+00
6.275708E+03	2.059963E-15	5.913134E-17	1.972011E+00
6.278749E+03	2.061991E-15	5.859764E-17	1.972442E+00
6.281791E+03	2.063421E-15	6.062871E-17	1.972866E+00
6.284832E+03	2.065042E-15	5.786693E-17	1.973284E+00
6.287873E+03	2.065077E-15	5.673405E-17	1.973695E+00
6.290915E+03	2.063329E-15	5.879491E-17	1.974100E+00
6.293956E+03	2.062561E-15	5.584884E-17	1.974498E+00
6.296998E+03	2.062970E-15	5.627989E-17	1.974890E+00
6.300039E+03	2.059224E-15	5.629007E-17	1.975275E+00
6.303081E+03	2.055470E-15	5.537874E-17	1.975654E+00
6.306122E+03	2.052499E-15	5.567453E-17	1.976026E+00
6.309163E+03	2.045962E-15	5.597956E-17	1.976393E+00
6.312205E+03	2.039020E-15	5.526673E-17	1.976753E+00
6.315246E+03	2.032070E-15	5.218541E-17	1.977106E+00
6.318288E+03	2.023726E-15	5.241281E-17	1.977454E+00
6.321329E+03	2.014780E-15	5.182494E-17	1.977795E+00
6.324370E+03	2.004439E-15	4.726659E-17	1.978130E+00
6.327412E+03	1.994484E-15	4.700933E-17	1.978459E+00
6.330453E+03	1.985509E-15	5.087866E-17	1.978782E+00
6.333495E+03	1.976110E-15	5.130319E-17	1.979098E+00
6.336536E+03	1.967236E-15	5.158816E-17	1.979409E+00
6.339578E+03	1.957798E-15	5.085224E-17	1.979713E+00
6.342619E+03	1.949381E-15	5.212595E-17	1.980012E+00
6.345660E+03	1.941867E-15	5.227820E-17	1.980305E+00
6.348702E+03	1.930502E-15	5.198237E-17	1.980591E+00
6.351743E+03	1.919049E-15	5.192602E-17	1.980872E+00
6.354785E+03	1.908993E-15	5.090976E-17	1.981147E+00
6.357826E+03	1.898117E-15	5.229350E-17	1.981416E+00
6.360867E+03	1.886757E-15	5.587010E-17	1.981679E+00
6.363909E+03	1.876874E-15	5.837603E-17	1.981936E+00
6.366950E+03	1.869996E-15	6.007807E-17	1.982188E+00
6.369992E+03	1.862873E-15	5.989912E-17	1.982434E+00
6.373033E+03	1.856516E-15	5.890861E-17	1.982674E+00
6.376074E+03	1.850965E-15	6.671882E-17	1.982908E+00
6.379116E+03	1.845547E-15	7.431294E-17	1.983137E+00
6.382157E+03	1.841867E-15	7.482201E-17	1.983360E+00
6.385199E+03	1.835821E-15	7.476012E-17	1.983578E+00
6.388240E+03	1.831395E-15	7.360533E-17	1.983789E+00
6.391282E+03	1.830534E-15	7.023053E-17	1.983996E+00
6.394323E+03	1.829588E-15	6.856865E-17	1.984197E+00
6.397364E+03	1.830502E-15	6.762699E-17	1.984392E+00
6.400406E+03	1.831710E-15	6.868172E-17	1.984582E+00
6.403447E+03	1.831900E-15	7.009372E-17	1.984766E+00
6.406489E+03	1.834586E-15	7.330181E-17	1.984945E+00
6.409530E+03	1.837803E-15	7.679937E-17	1.985119E+00
6.412571E+03	1.844689E-15	7.678373E-17	1.985287E+00
6.415613E+03	1.853755E-15	7.845972E-17	1.985450E+00
6.418654E+03	1.859899E-15	7.867555E-17	1.985608E+00
6.421696E+03	1.866555E-15	7.883573E-17	1.985760E+00
6.424737E+03	1.875669E-15	7.536475E-17	1.985907E+00
6.427778E+03	1.883350E-15	6.286045E-17	1.986049E+00
6.430820E+03	1.892219E-15	5.744570E-17	1.986186E+00
6.433861E+03	1.900449E-15	5.669910E-17	1.986317E+00
6.436903E+03	1.907542E-15	5.681936E-17	1.986444E+00
6.439944E+03	1.917095E-15	5.651133E-17	1.986565E+00
6.442985E+03	1.925471E-15	5.464820E-17	1.986681E+00
6.446027E+03	1.934301E-15	5.456864E-17	1.986792E+00
6.449068E+03	1.944756E-15	5.593248E-17	1.986898E+00
6.452110E+03	1.955604E-15	5.775881E-17	1.986999E+00
6.455151E+03	1.966747E-15	6.013693E-17	1.987095E+00
6.458193E+03	1.978005E-15	6.215396E-17	1.987186E+00
6.461234E+03	1.990054E-15	6.349680E-17	1.987272E+00
6.464275E+03	2.000867E-15	6.448601E-17	1.987353E+00
6.467317E+03	2.011875E-15	6.549846E-17	1.987430E+00
6.470358E+03	2.022084E-15	6.706434E-17	1.987501E+00
6.473400E+03	2.030102E-15	6.778019E-17	1.987568E+00
6.476441E+03	2.038513E-15	6.787210E-17	1.987630E+00
6.479482E+03	2.044137E-15	6.841778E-17	1.987687E+00
6.482524E+03	2.049558E-15	6.915142E-17	1.987739E+00
6.485565E+03	2.055371E-15	6.922471E-17	1.987787E+00
6.488607E+03	2.059988E-15	6.819779E-17	1.987829E+00
6.491648E+03	2.063009E-15	6.819105E-17	1.987868E+00
6.494689E+03	2.065827E-15	6.864157E-17	1.987901E+00
6.497731E+03	2.068044E-15	6.790629E-17	1.987930E+00
6.500772E+03	2.069063E-15	6.836440E-17	1.987954E+00
6.503814E+03	2.069879E-15	6.857825E-17	1.987974E+00
6.506855E+03	2.071882E-15	6.874238E-17	1.987989E+00
6.509896E+03	2.074080E-15	6.879839E-17	1.988000E+00
6.512938E+03	2.076075E-15	6.892062E-17	1.988006E+00
6.515979E+03	2.078462E-15	7.094435E-17	1.988008E+00
6.519021E+03	2.077863E-15	7.384536E-17	1.988005E+00
6.522062E+03	2.079048E-15	7.439089E-17	1.987998E+00
6.525104E+03	2.083608E-15	7.506837E-17	1.987986E+00
6.528145E+03	2.088760E-15	7.577997E-17	1.987970E+00
6.531186E+03	2.093112E-15	7.554526E-17	1.987950E+00
6.534228E+03	2.098453E-15	7.735325E-17	1.987925E+00
6.537269E+03	2.103393E-15	7.855984E-17	1.987896E+00
6.540311E+03	2.108526E-15	8.400735E-17	1.987863E+00
6.543352E+03	2.114847E-15	8.389710E-17	1.987825E+00
6.546393E+03	2.120368E-15	8.345486E-17	1.987783E+00
6.549435E+03	2.125090E-15	8.472418E-17	1.987737E+00
6.552476E+03	2.130005E-15	8.496108E-17	1.987687E+00
6.555518E+03	2.134320E-15	8.488708E-17	1.987633E+00
6.558559E+03	2.137636E-15	8.520842E-17	1.987574E+00
6.561600E+03	2.140749E-15	8.547750E-17	1.987512E+00
6.564642E+03	2.142664E-15	8.534793E-17	1.987445E+00
6.567683E+03	2.146364E-15	8.235571E-17	1.987374E+00
6.570725E+03	2.151053E-15	8.304185E-17	1.987299E+00
6.573766E+03	2.155141E-15	8.458750E-17	1.987221E+00
6.576807E+03	2.158826E-15	8.578919E-17	1.987138E+00
6.579849E+03	2.161117E-15	8.684377E-17	1.987051E+00
6.582890E+03	2.161614E-15	8.637160E-17	1.986960E+00
6.585932E+03	2.162107E-15	8.613458E-17	1.986866E+00
6.588973E+03	2.161801E-15	8.073765E-17	1.986767E+00
6.592015E+03	2.159902E-15	8.099729E-17	1.986665E+00
6.595056E+03	2.157402E-15	7.861773E-17	1.986558E+00
6.598097E+03	2.153111E-15	7.610368E-17	1.986448E+00
6.601139E+03	2.152193E-15	7.522875E-17	1.986334E+00
6.604180E+03	2.148292E-15	7.454545E-17	1.986217E+00
6.607222E+03	2.144983E-15	7.410109E-17	1.986095E+00
6.610263E+03	2.142067E-15	7.364754E-17	1.985970E+00
6.613304E+03	2.138552E-15	7.412662E-17	1.985841E+00
6.616346E+03	2.134239E-15	7.453792E-17	1.985708E+00
6.619387E+03	2.126746E-15	7.470172E-17	1.985572E+00
6.622429E+03	2.120640E-15	7.751066E-17	1.985432E+00
6.625470E+03	2.114928E-15	7.720823E-17	1.985289E+00
6.628511E+03	2.109610E-15	7.679397E-17	1.985142E+00
6.631553E+03	2.103495E-15	7.707099E-17	1.984991E+00
6.634594E+03	2.096980E-15	7.852864E-17	1.984837E+00
6.637636E+03	2.088676E-15	7.786811E-17	1.984679E+00
6.640677E+03	2.077988E-15	7.721919E-17	1.984517E+00
6.643718E+03	2.066306E-15	7.695406E-17	1.984353E+00
6.646760E+03	2.058988E-15	7.669991E-17	1.984184E+00
6.649801E+03	2.050477E-15	7.635626E-17	1.984013E+00
6.652843E+03	2.037996E-15	7.646860E-17	1.983837E+00
6.655884E+03	2.028291E-15	7.685660E-17	1.983659E+00
6.658926E+03	2.019180E-15	7.767778E-17	1.983477E+00
6.661967E+03	2.011653E-15	7.830260E-17	1.983292E+00
6.665008E+03	2.003133E-15	7.894432E-17	1.983103E+00
6.668050E+03	1.990645E-15	7.951642E-17	1.982911E+00
6.671091E+03	1.981051E-15	7.799972E-17	1.982716E+00
6.674133E+03	1.972565E-15	7.849736E-17	1.982518E+00
6.677174E+03	1.964356E-15	7.981839E-17	1.982316E+00
6.680215E+03	1.957910E-15	8.240535E-17	1.982111E+00
6.683257E+03	1.949261E-15	7.971002E-17	1.981903E+00
6.686298E+03	1.941245E-15	8.005265E-17	1.981692E+00
6.689340E+03	1.935705E-15	7.996153E-17	1.981477E+00
6.692381E+03	1.928380E-15	7.931753E-17	1.981260E+00
6.695422E+03	1.922896E-15	8.039426E-17	1.981039E+00
6.698464E+03	1.917588E-15	8.091018E-17	1.980815E+00
6.701505E+03	1.911149E-15	8.151431E-17	1.980589E+00
6.704547E+03	1.906293E-15	8.311347E-17	1.980359E+00
6.707588E+03	1.902505E-15	8.375196E-17	1.980126E+00
6.710630E+03	1.898041E-15	8.408480E-17	1.979890E+00
6.713671E+03	1.892527E-15	8.302332E-17	1.979651E+00
6.716712E+03	1.888000E-15	8.160986E-17	1.979409E+00
6.719754E+03	1.883294E-15	8.149146E-17	1.979164E+00
6.722795E+03	1.877299E-15	8.229391E-17	1.978917E+00
6.725837E+03	1.871640E-15	8.153180E-17	1.978666E+00
6.728878E+03	1.865841E-15	7.788760E-17	1.978413E+00
6.731919E+03	1.861010E-15	7.908553E-17	1.978156E+00
6.734961E+03	1.855030E-15	8.466123E-17	1.977897E+00
6.738002E+03	1.848555E-15	9.116282E-17	1.977635E+00
6.741044E+03	1.844096E-15	9.147344E-17	1.977371E+00
6.744085E+03	1.841810E-15	9.107834E-17	1.977103E+00
6.747127E+03	1.837960E-15	9.112212E-17	1.976833E+00
6.750168E+03	1.831718E-15	9.034050E-17	1.976560E+00
6.753209E+03	1.825019E-15	9.042073E-17	1.976284E+00
6.756251E+03	1.819427E-15	9.391140E-17	1.976006E+00
6.759292E+03	1.816501E-15	9.570343E-17	1.975725E+00
6.762333E+03	1.814502E-15	9.725910E-17	1.975441E+00
6.765375E+03	1.809657E-15	9.747631E-17	1.975155E+00
6.768416E+03	1.807338E-15	9.756434E-17	1.974866E+00
6.771458E+03	1.804544E-15	1.001719E-16	1.974575E+00
6.774499E+03	1.801393E-15	9.978596E-17	1.974281E+00
6.777541E+03	1.796049E-15	1.001708E-16	1.973984E+00
6.780582E+03	1.794297E-15	9.977728E-17	1.973685E+00
6.783623E+03	1.795365E-15	9.601992E-17	1.973384E+00
6.786665E+03	1.792760E-15	9.006574E-17	1.973080E+00
6.789706E+03	1.791396E-15	8.833833E-17	1.972773E+00
6.792748E+03	1.792102E-15	8.855047E-17	1.972464E+00
6.795789E+03	1.790123E-15	8.937838E-17	1.972153E+00
6.798830E+03	1.788833E-15	8.923290E-17	1.971839E+00
6.801872E+03	1.786476E-15	8.658104E-17	1.971523E+00
6.804913E+03	1.784354E-15	8.385680E-17	1.971205E+00
6.807955E+03	1.782329E-15	8.224740E-17	1.970884E+00
6.810996E+03	1.781742E-15	8.212876E-17	1.970561E+00
6.814038E+03	1.779714E-15	8.191196E-17	1.970236E+00
6.817079E+03	1.779418E-15	8.181926E-17	1.969908E+00
6.820120E+03	1.781582E-15	7.846765E-17	1.969578E+00
6.823162E+03	1.783664E-15	7.872962E-17	1.969246E+00
6.826203E+03	1.784917E-15	7.792173E-17	1.968912E+00
6.829244E+03	1.784120E-15	7.655554E-17	1.968575E+00
6.832286E+03	1.786765E-15	7.655743E-17	1.968237E+00
6.835327E+03	1.788128E-15	7.572962E-17	1.967896E+00
6.838369E+03	1.787463E-15	7.614074E-17	1.967553E+00
6.841410E+03	1.786854E-15	7.906987E-17	1.967208E+00
6.844452E+03	1.786067E-15	7.874772E-17	1.966861E+00
6.847493E+03	1.786930E-15	8.274556E-17	1.966512E+00
6.850534E+03	1.789678E-15	8.375870E-17	1.966160E+00
6.853576E+03	1.788137E-15	8.477675E-17	1.965807E+00
6.856617E+03	1.789013E-15	9.020294E-17	1.965452E+00
6.859659E+03	1.789592E-15	9.265868E-17	1.965095E+00
6.862700E+03	1.790385E-15	9.281626E-17	1.964735E+00
6.865742E+03	1.792609E-15	9.480433E-17	1.964374E+00
6.868783E+03	1.794871E-15	9.447705E-17	1.964011E+00
6.871824E+03	1.798464E-15	9.499083E-17	1.963646E+00
6.874866E+03	1.803684E-15	9.531129E-17	1.963279E+00
6.877907E+03	1.806879E-15	9.544828E-17	1.962911E+00
6.880949E+03	1.806754E-15	9.699116E-17	1.962540E+00
6.883990E+03	1.804998E-15	9.656329E-17	1.962168E+00
6.887031E+03	1.801652E-15	9.930135E-17	1.961793E+00
6.890073E+03	1.798581E-15	9.763947E-17	1.961417E+00
6.893114E+03	1.798175E-15	9.810818E-17	1.961040E+00
6.896156E+03	1.798337E-15	9.775870E-17	1.960660E+00
6.899197E+03	1.794577E-15	9.663355E-17	1.960279E+00
6.902238E+03	1.790091E-15	9.549926E-17	1.959896E+00
6.905280E+03	1.789445E-15	9.066008E-17	1.959511E+00
6.908321E+03	1.788152E-15	8.646727E-17	1.959125E+00
6.911363E+03	1.786623E-15	8.659154E-17	1.958737E+00
6.914404E+03	1.784368E-15	8.594962E-17	1.958348E+00
6.917445E+03	1.781408E-15	9.053820E-17	1.957957E+00
6.920487E+03	1.781931E-15	9.405354E-17	1.957564E+00
6.923528E+03	1.779713E-15	9.375948E-17	1.957169E+00
6.926570E+03	1.777885E-15	9.419259E-17	1.956774E+00
6.929611E+03	1.776350E-15	9.241794E-17	1.956376E+00
6.932653E+03	1.773054E-15	9.228849E-17	1.955977E+00
6.935694E+03	1.768761E-15	9.511911E-17	1.955577E+00
6.938735E+03	1.766285E-15	9.545719E-17	1.955175E+00
6.941777E+03	1.763302E-15	9.538158E-17	1.954772E+00
6.944818E+03	1.757973E-15	9.238683E-17	1.954367E+00
6.947859E+03	1.752664E-15	9.428177E-17	1.953961E+00
6.950901E+03	1.749192E-15	9.413644E-17	1.953553E+00
6.953942E+03	1.748552E-15	9.479232E-17	1.953144E+00
6.956984E+03	1.745607E-15	9.495554E-17	1.952734E+00
6.960025E+03	1.741881E-15	9.560406E-17	1.952322E+00
6.963067E+03	1.737882E-15	9.682887E-17	1.951909E+00
6.966108E+03	1.735055E-15	9.400151E-17	1.951495E+00
6.969149E+03	1.732207E-15	8.971028E-17	1.951080E+00
6.972191E+03	1.728209E-15	8.963826E-17	1.950663E+00
6.975232E+03	1.725460E-15	8.893126E-17	1.950245E+00
6.978274E+03	1.722437E-15	9.107743E-17	1.949826E+00
6.981315E+03	1.719063E-15	9.282621E-17	1.949405E+00
6.984356E+03	1.716431E-15	8.669568E-17	1.948983E+00
6.987398E+03	1.715123E-15	8.523906E-17	1.948561E+00
6.990439E+03	1.712958E-15	8.513391E-17	1.948137E+00
6.993481E+03	1.708747E-15	8.460012E-17	1.947712E+00
6.996522E+03	1.701928E-15	8.313937E-17	1.947286E+00
6.999564E+03	1.696473E-15	8.441242E-17	1.946858E+00
7.002605E+03	1.694075E-15	8.344892E-17	1.946430E+00
7.005646E+03	1.693760E-15	8.323864E-17	1.946001E+00
7.008688E+03	1.693113E-15	8.254269E-17	1.945570E+00
7.011729E+03	1.690715E-15	7.886183E-17	1.945139E+00
7.014771E+03	1.687052E-15	7.629523E-17	1.944707E+00
7.017812E+03	1.683799E-15	7.591349E-17	1.944273E+00
7.020853E+03	1.679905E-15	7.545061E-17	1.943839E+00
7.023895E+03	1.679567E-15	7.678545E-17	1.943404E+00
7.026936E+03	1.677966E-15	7.406213E-17	1.942968E+00
7.029978E+03	1.676618E-15	7.209234E-17	1.942531E+00
7.033019E+03	1.675851E-15	7.166522E-17	1.942093E+00
7.036060E+03	1.673356E-15	7.164189E-17	1.941654E+00
7.039102E+03	1.672453E-15	7.140006E-17	1.941215E+00
7.042143E+03	1.669939E-15	7.009129E-17	1.940774E+00
7.045185E+03	1.665407E-15	6.983994E-17	1.940333E+00
7.048226E+03	1.665008E-15	7.180080E-17	1.939891E+00
7.051267E+03	1.664725E-15	7.554064E-17	1.939448E+00
7.054309E+03	1.663356E-15	7.615475E-17	1.939005E+00
7.057350E+03	1.660145E-15	7.633239E-17	1.938561E+00
7.060392E+03	1.657826E-15	7.641165E-17	1.938116E+00
7.063433E+03	1.656224E-15	7.633384E-17	1.937670E+00
7.066475E+03	1.657198E-15	7.894164E-17	1.937224E+00
7.069516E+03	1.660128E-15	7.909619E-17	1.936777E+00
7.072557E+03	1.661235E-15	7.677890E-17	1.936330E+00
7.075599E+03	1.660773E-15	7.637070E-17	1.935882E+00
7.078640E+03	1.661066E-15	7.608050E-17	1.935433E+00
7.081682E+03	1.661706E-15	7.593782E-17	1.934984E+00
7.084723E+03	1.660294E-15	7.489646E-17	1.934534E+00
7.087764E+03	1.659231E-15	7.679950E-17	1.934084E+00
7.090806E+03	1.660333E-15	8.047019E-17	1.933633E+00
7.093847E+03	1.660100E-15	8.013586E-17	1.933181E+00
7.096889E+03	1.660911E-15	7.905556E-17	1.932730E+00
7.099930E+03	1.662300E-15	7.662153E-17	1.932277E+00
7.102971E+03	1.661350E-15	7.605467E-17	1.931825E+00
7.106013E+03	1.661347E-15	7.541045E-17	1.931372E+00
7.109054E+03	1.661323E-15	7.600905E-17	1.930918E+00
7.112096E+03	1.662786E-15	7.597531E-17	1.930464E+00
7.115137E+03	1.664634E-15	7.303592E-17	1.930010E+00
7.118178E+03	1.666190E-15	7.253326E-17	1.929555E+00
7.121220E+03	1.667630E-15	7.518532E-17	1.929101E+00
7.124261E+03	1.667275E-15	7.507684E-17	1.928645E+00
7.127303E+03	1.666207E-15	7.668050E-17	1.928190E+00
7.130344E+03	1.663191E-15	7.696045E-17	1.927734E+00
7.133386E+03	1.661545E-15	7.795734E-17	1.927278E+00
7.136427E+03	1.662289E-15	7.676898E-17	1.926822E+00
7.139468E+03	1.661606E-15	7.363261E-17	1.926366E+00
7.142510E+03	1.659286E-15	7.350833E-17	1.925909E+00
7.145551E+03	1.656544E-15	7.280890E-17	1.925452E+00
7.148593E+03	1.653648E-15	7.287318E-17	1.924995E+00
7.151634E+03	1.651697E-15	7.384463E-17	1.924538E+00
7.154675E+03	1.649669E-15	7.697325E-17	1.924081E+00
7.157717E+03	1.646507E-15	7.656521E-17	1.923624E+00
7.160758E+03	1.643019E-15	7.929491E-17	1.923167E+00
7.163800E+03	1.640859E-15	8.072664E-17	1.922709E+00
7.166841E+03	1.639162E-15	8.028799E-17	1.922252E+00
7.169882E+03	1.634890E-15	7.838138E-17	1.921795E+00
7.172924E+03	1.627622E-15	7.797079E-17	1.921337E+00
7.175965E+03	1.623009E-15	7.580176E-17	1.920880E+00
7.179007E+03	1.619550E-15	7.574875E-17	1.920423E+00
7.182048E+03	1.613001E-15	7.442196E-17	1.919965E+00
7.185090E+03	1.606743E-15	7.444105E-17	1.919508E+00
7.188131E+03	1.600047E-15	7.370033E-17	1.919051E+00
7.191172E+03	1.592529E-15	7.315148E-17	1.918594E+00
7.194214E+03	1.585801E-15	7.305155E-17	1.918137E+00
7.197255E+03	1.581511E-15	7.173619E-17	1.917681E+00
7.200297E+03	1.579045E-15	6.977214E-17	1.917224E+00
7.203338E+03	1.575602E-15	6.465545E-17	1.916768E+00
7.206379E+03	1.568233E-15	6.396532E-17	1.916312E+00
7.209421E+03	1.562706E-15	6.169793E-17	1.915856E+00
7.212462E+03	1.557087E-15	5.997494E-17	1.915400E+00
7.215504E+03	1.553289E-15	5.897473E-17	1.914945E+00
7.218545E+03	1.549856E-15	5.820834E-17	1.914490E+00
7.221587E+03	1.545277E-15	5.870805E-17	1.914036E+00
7.224628E+03	1.542079E-15	5.919193E-17	1.913581E+00
7.227669E+03	1.537925E-15	5.796505E-17	1.913127E+00
7.230711E+03	1.532931E-15	5.839545E-17	1.912674E+00
7.233752E+03	1.530732E-15	5.763691E-17	1.912220E+00
7.236793E+03	1.526967E-15	5.887114E-17	1.911767E+00
7.239835E+03	1.521158E-15	6.157203E-17	1.911315E+00
7.242876E+03	1.518525E-15	6.204819E-17	1.910863E+00
7.245918E+03	1.518070E-15	6.402483E-17	1.910412E+00
7.248959E+03	1.516853E-15	6.405785E-17	1.909961E+00
7.252001E+03	1.513841E-15	6.328310E-17	1.909510E+00
7.255042E+03	1.510811E-15	6.308790E-17	1.909060E+00
7.258083E+03	1.508222E-15	6.297540E-17	1.908611E+00
7.261125E+03	1.507009E-15	6.261935E-17	1.908162E+00
7.264166E+03	1.504785E-15	6.289438E-17	1.907714E+00
7.267208E+03	1.502697E-15	6.310580E-17	1.907266E+00
7.270249E+03	1.502783E-15	6.506714E-17	1.906819E+00
7.273290E+03	1.501707E-15	6.435735E-17	1.906373E+00
7.276332E+03	1.498535E-15	6.631318E-17	1.905927E+00
7.279373E+03	1.494527E-15	6.510064E-17	1.905482E+00
7.282415E+03	1.493759E-15	6.829448E-17	1.905037E+00
7.285456E+03	1.490497E-15	6.741960E-17	1.904594E+00
7.288498E+03	1.486514E-15	6.389229E-17	1.904151E+00
7.291539E+03	1.482608E-15	6.251100E-17	1.903709E+00
7.294580E+03	1.479105E-15	6.151837E-17	1.903267E+00
7.297622E+03	1.478554E-15	6.065357E-17	1.902827E+00
7.300663E+03	1.475187E-15	6.054931E-17	1.902387E+00
7.303704E+03	1.469236E-15	6.222765E-17	1.901948E+00
7.306746E+03	1.465095E-15	6.480100E-17	1.901510E+00
7.309787E+03	1.461640E-15	6.467849E-17	1.901073E+00
7.312829E+03	1.458435E-15	6.333975E-17	1.900637E+00
7.315870E+03	1.453635E-15	6.295035E-17	1.900202E+00
7.318912E+03	1.448876E-15	6.055256E-17	1.899767E+00
7.321953E+03	1.445127E-15	6.031246E-17	1.899334E+00
7.324994E+03	1.440658E-15	5.666137E-17	1.898901E+00
7.328036E+03	1.436800E-15	5.671178E-17	1.898470E+00
7.331077E+03	1.433836E-15	5.276892E-17	1.898039E+00
7.334119E+03	1.430343E-15	5.504444E-17	1.897610E+00
7.337160E+03	1.425277E-15	5.477683E-17	1.897182E+00
7.340202E+03	1.423116E-15	5.421554E-17	1.896754E+00
7.343243E+03	1.420217E-15	5.457725E-17	1.896328E+00
7.346284E+03	1.416088E-15	5.423081E-17	1.895903E+00
7.349326E+03	1.414047E-15	5.584544E-17	1.895479E+00
7.352367E+03	1.411381E-15	5.315033E-17	1.895057E+00
7.355408E+03	1.407449E-15	5.051008E-17	1.894635E+00
7.358450E+03	1.404030E-15	5.192513E-17	1.894215E+00
7.361491E+03	1.402715E-15	5.167260E-17	1.893796E+00
7.364533E+03	1.400986E-15	5.188802E-17	1.893378E+00
7.367574E+03	1.399220E-15	5.163824E-17	1.892961E+00
7.370616E+03	1.396074E-15	5.247401E-17	1.892546E+00
7.373657E+03	1.392438E-15	5.284299E-17	1.892131E+00
7.376698E+03	1.391038E-15	5.252772E-17	1.891719E+00
7.379740E+03	1.387822E-15	5.315530E-17	1.891307E+00
7.382781E+03	1.385555E-15	4.990626E-17	1.890897E+00
7.385823E+03	1.383913E-15	5.066041E-17	1.890489E+00
7.388864E+03	1.379740E-15	5.041256E-17	1.890081E+00
7.391905E+03	1.376893E-15	4.835581E-17	1.889675E+00
7.394947E+03	1.375710E-15	4.853720E-17	1.889271E+00
7.397988E+03	1.373207E-15	4.779097E-17	1.888868E+00
7.401030E+03	1.371782E-15	4.839301E-17	1.888467E+00
7.404071E+03	1.372606E-15	4.683435E-17	1.888067E+00
7.407113E+03	1.370674E-15	4.343824E-17	1.887668E+00
7.410154E+03	1.368196E-15	4.413176E-17	1.887271E+00
7.413195E+03	1.366570E-15	4.406549E-17	1.886876E+00
7.416237E+03	1.365266E-15	4.372041E-17	1.886482E+00
7.419278E+03	1.362417E-15	4.313971E-17	1.886090E+00
7.422319E+03	1.363078E-15	4.541925E-17	1.885700E+00
7.425361E+03	1.364720E-15	4.507993E-17	1.885311E+00
7.428402E+03	1.364213E-15	4.442852E-17	1.884924E+00
7.431444E+03	1.359468E-15	4.516121E-17	1.884538E+00
7.434485E+03	1.358136E-15	4.454695E-17	1.884154E+00
7.437527E+03	1.357201E-15	4.493451E-17	1.883772E+00
7.440568E+03	1.356814E-15	4.873408E-17	1.883392E+00
7.443609E+03	1.357897E-15	4.842997E-17	1.883013E+00
7.446651E+03	1.357117E-15	4.644008E-17	1.882637E+00
7.449692E+03	1.354325E-15	4.657400E-17	1.882262E+00
7.452734E+03	1.351290E-15	4.493411E-17	1.881889E+00
7.455775E+03	1.347693E-15	4.587863E-17	1.881517E+00
7.458816E+03	1.345623E-15	4.284655E-17	1.881148E+00
7.461858E+03	1.343799E-15	4.284810E-17	1.880781E+00
7.464899E+03	1.341639E-15	4.464319E-17	1.880415E+00
7.467941E+03	1.341285E-15	4.463869E-17	1.880052E+00
7.470982E+03	1.341008E-15	4.441167E-17	1.879690E+00
7.474024E+03	1.339493E-15	4.416364E-17	1.879330E+00
7.477065E+03	1.333451E-15	4.397956E-17	1.878973E+00
7.480106E+03	1.329535E-15	4.383085E-17	1.878617E+00
7.483148E+03	1.327388E-15	4.376284E-17	1.878263E+00
7.486189E+03	1.322407E-15	4.284169E-17	1.877912E+00
7.489231E+03	1.318049E-15	3.697740E-17	1.877563E+00
7.492272E+03	1.315008E-15	3.696999E-17	1.877215E+00
7.495313E+03	1.312064E-15	3.735304E-17	1.876870E+00
7.498355E+03	1.310360E-15	3.490292E-17	1.876527E+00
7.501396E+03	1.306989E-15	3.994559E-17	1.876186E+00
7.504438E+03	1.305928E-15	3.921221E-17	1.875848E+00
7.507479E+03	1.304231E-15	4.195625E-17	1.875511E+00
7.510520E+03	1.302179E-15	4.070683E-17	1.875177E+00
7.513562E+03	1.302211E-15	4.410150E-17	1.874845E+00
7.516603E+03	1.302076E-15	4.957036E-17	1.874516E+00
7.519645E+03	1.301661E-15	4.894725E-17	1.874189E+00
7.522686E+03	1.301267E-15	4.971050E-17	1.873864E+00
7.525727E+03	1.302017E-15	5.228444E-17	1.873541E+00
7.528769E+03	1.302244E-15	5.234636E-17	1.873221E+00
7.531810E+03	1.302117E-15	5.191300E-17	1.872903E+00
7.534852E+03	1.300531E-15	5.456148E-17	1.872588E+00
7.537893E+03	1.300613E-15	5.537004E-17	1.872275E+00
7.540935E+03	1.301446E-15	5.544812E-17	1.871964E+00
7.543976E+03	1.303159E-15	5.429051E-17	1.871656E+00
7.547017E+03	1.305061E-15	5.677841E-17	1.871351E+00
7.550059E+03	1.304831E-15	5.456286E-17	1.871048E+00
7.553100E+03	1.305464E-15	5.613734E-17	1.870747E+00
7.556142E+03	1.305312E-15	5.129945E-17	1.870450E+00
7.559183E+03	1.303628E-15	5.116307E-17	1.870154E+00
7.562224E+03	1.303518E-15	4.959092E-17	1.869862E+00
7.565266E+03	1.304082E-15	4.586127E-17	1.869572E+00
7.568307E+03	1.303583E-15	4.540934E-17	1.869285E+00
7.571349E+03	1.304076E-15	4.823164E-17	1.869000E+00
7.574390E+03	1.303132E-15	5.935724E-17	1.868718E+00
7.577431E+03	1.303628E-15	6.644909E-17	1.868439E+00
7.580473E+03	1.303324E-15	6.697780E-17	1.868162E+00
7.583514E+03	1.302871E-15	6.293273E-17	1.867889E+00
7.586556E+03	1.304662E-15	6.036481E-17	1.867618E+00
7.589597E+03	1.308546E-15	6.332904E-17	1.867350E+00
7.592639E+03	1.309461E-15	6.541585E-17	1.867085E+00
7.595680E+03	1.310509E-15	6.823819E-17	1.866822E+00
7.598721E+03	1.313817E-15	6.952637E-17	1.866563E+00
7.601763E+03	1.317369E-15	6.943709E-17	1.866306E+00
7.604804E+03	1.319653E-15	6.980699E-17	1.866051E+00
7.607846E+03	1.323804E-15	7.007216E-17	1.865800E+00
7.610887E+03	1.328832E-15	7.378517E-17	1.865551E+00
7.613928E+03	1.330596E-15	7.972956E-17	1.865305E+00
7.616970E+03	1.332493E-15	7.978878E-17	1.865061E+00
7.620011E+03	1.334689E-15	7.766999E-17	1.864820E+00
7.623053E+03	1.339162E-15	6.574040E-17	1.864582E+00
7.626094E+03	1.343858E-15	5.282710E-17	1.864347E+00
7.629135E+03	1.346654E-15	5.521917E-17	1.864114E+00
7.632177E+03	1.347327E-15	5.592338E-17	1.863884E+00
7.635218E+03	1.350349E-15	5.414146E-17	1.863656E+00
7.638260E+03	1.354379E-15	5.372286E-17	1.863431E+00
7.641301E+03	1.355670E-15	5.390590E-17	1.863208E+00
7.644342E+03	1.357038E-15	5.280384E-17	1.862988E+00
7.647384E+03	1.360065E-15	5.491464E-17	1.862771E+00
7.650425E+03	1.363056E-15	5.057284E-17	1.862556E+00
7.653467E+03	1.364074E-15	5.068458E-17	1.862344E+00
7.656508E+03	1.364870E-15	5.489454E-17	1.862134E+00
7.659550E+03	1.367529E-15	5.115958E-17	1.861927E+00
7.662591E+03	1.371102E-15	4.173768E-17	1.861722E+00
7.665632E+03	1.376668E-15	4.184242E-17	1.861519E+00
7.668674E+03	1.380987E-15	4.113377E-17	1.861319E+00
7.671715E+03	1.384805E-15	4.056690E-17	1.861122E+00
7.674757E+03	1.386465E-15	3.914982E-17	1.860927E+00
7.677798E+03	1.387308E-15	3.947700E-17	1.860735E+00
7.680839E+03	1.386906E-15	3.942325E-17	1.860544E+00
7.683881E+03	1.388980E-15	4.393905E-17	1.860357E+00
7.686922E+03	1.391315E-15	4.422629E-17	1.860171E+00
7.689964E+03	1.392146E-15	4.447235E-17	1.859988E+00
7.693005E+03	1.391731E-15	4.470856E-17	1.859808E+00
7.696046E+03	1.390315E-15	4.685381E-17	1.859630E+00
7.699088E+03	1.390314E-15	4.933125E-17	1.859454E+00
7.702129E+03	1.393084E-15	5.005513E-17	1.859280E+00
7.705171E+03	1.395689E-15	4.655663E-17	1.859109E+00
7.708212E+03	1.396938E-15	4.658148E-17	1.858940E+00
7.711253E+03	1.399322E-15	4.701065E-17	1.858774E+00
7.714295E+03	1.401559E-15	4.867871E-17	1.858610E+00
7.717336E+03	1.403611E-15	4.734494E-17	1.858448E+00
7.720378E+03	1.404011E-15	4.782974E-17	1.858288E+00
7.723419E+03	1.401012E-15	4.828019E-17	1.858130E+00
7.726461E+03	1.397625E-15	5.101336E-17	1.857975E+00
7.729502E+03	1.396116E-15	5.426031E-17	1.857822E+00
7.732543E+03	1.394238E-15	5.402173E-17	1.857672E+00
7.735585E+03	1.391675E-15	5.506225E-17	1.857523E+00
7.738626E+03	1.390154E-15	5.589664E-17	1.857377E+00
7.741668E+03	1.388189E-15	5.818161E-17	1.857233E+00
7.744709E+03	1.386876E-15	5.822670E-17	1.857091E+00
7.747750E+03	1.384970E-15	5.689725E-17	1.856951E+00
7.750792E+03	1.379891E-15	5.728091E-17	1.856814E+00
7.753833E+03	1.377024E-15	5.887489E-17	1.856678E+00
7.756875E+03	1.372637E-15	6.301091E-17	1.856545E+00
7.759916E+03	1.370535E-15	6.315343E-17	1.856414E+00
7.762958E+03	1.370124E-15	6.223332E-17	1.856285E+00
7.765999E+03	1.368063E-15	6.193718E-17	1.856158E+00
7.769040E+03	1.367136E-15	6.171132E-17	1.856033E+00
7.772082E+03	1.366358E-15	6.218752E-17	1.855911E+00
7.775123E+03	1.368923E-15	6.173576E-17	1.855790E+00
7.778164E+03	1.367481E-15	6.121952E-17	1.855671E+00
7.781206E+03	1.364427E-15	6.140764E-17	1.855555E+00
7.784247E+03	1.365493E-15	6.006932E-17	1.855441E+00
7.787289E+03	1.367210E-15	6.018853E-17	1.855328E+00
7.790330E+03	1.369114E-15	5.874073E-17	1.855218E+00
7.793372E+03	1.371334E-15	5.720009E-17	1.855109E+00
7.796413E+03	1.370161E-15	6.017373E-17	1.855003E+00
7.799454E+03	1.369156E-15	6.256900E-17	1.854899E+00
7.802496E+03	1.368933E-15	6.366750E-17	1.854796E+00
7.805537E+03	1.367727E-15	6.029201E-17	1.854696E+00
7.808579E+03	1.367506E-15	6.041730E-17	1.854598E+00
7.811620E+03	1.369086E-15	6.165639E-17	1.854501E+00
7.814661E+03	1.369795E-15	6.208888E-17	1.854407E+00
7.817703E+03	1.370171E-15	6.092981E-17	1.854314E+00
7.820744E+03	1.371198E-15	5.898902E-17	1.854224E+00
7.823786E+03	1.372041E-15	5.943345E-17	1.854135E+00
7.826827E+03	1.372311E-15	5.706984E-17	1.854048E+00
7.829868E+03	1.370876E-15	5.617510E-17	1.853963E+00
7.832910E+03	1.372187E-15	5.652365E-17	1.853880E+00
7.835951E+03	1.373424E-15	5.824644E-17	1.853799E+00
7.838993E+03	1.371642E-15	6.021924E-17	1.853720E+00
7.842034E+03	1.370194E-15	6.161453E-17	1.853643E+00
7.845075E+03	1.370843E-15	6.038506E-17	1.853567E+00
7.848117E+03	1.372141E-15	5.787051E-17	1.853493E+00
7.851158E+03	1.373423E-15	5.550991E-17	1.853422E+00
7.854200E+03	1.374075E-15	5.535820E-17	1.853352E+00
7.857241E+03	1.373746E-15	5.573823E-17	1.853283E+00
7.860283E+03	1.372882E-15	5.554862E-17	1.853217E+00
7.863324E+03	1.372908E-15	5.637428E-17	1.853153E+00
7.866365E+03	1.374140E-15	5.761140E-17	1.853090E+00
7.869407E+03	1.375763E-15	5.859424E-17	1.853029E+00
7.872448E+03	1.377609E-15	5.960657E-17	1.852969E+00
7.875490E+03	1.375102E-15	6.068376E-17	1.852912E+00
7.878531E+03	1.372503E-15	6.543218E-17	1.852856E+00
7.881573E+03	1.368146E-15	6.544815E-17	1.852802E+00
7.884614E+03	1.365829E-15	7.030091E-17	1.852750E+00
7.887655E+03	1.363772E-15	6.937930E-17	1.852700E+00
7.890697E+03	1.359253E-15	6.897525E-17	1.852651E+00
7.893738E+03	1.356977E-15	7.026314E-17	1.852604E+00
7.896779E+03	1.354776E-15	7.421270E-17	1.852558E+00
7.899821E+03	1.350409E-15	7.430353E-17	1.852515E+00
7.902862E+03	1.348137E-15	7.507666E-17	1.852473E+00
7.905904E+03	1.344866E-15	7.543112E-17	1.852432E+00
7.908945E+03	1.338577E-15	7.520680E-17	1.852394E+00
7.911987E+03	1.332270E-15	7.557308E-17	1.852356E+00
7.915028E+03	1.328707E-15	7.576587E-17	1.852321E+00
7.918069E+03	1.323904E-15	7.570339E-17	1.852287E+00
7.921111E+03	1.315231E-15	7.560719E-17	1.852255E+00
7.924152E+03	1.307059E-15	7.660404E-17	1.852225E+00
7.927194E+03	1.298945E-15	7.380380E-17	1.852196E+00
7.930235E+03	1.291202E-15	7.387060E-17	1.852169E+00
7.933276E+03	1.284869E-15	6.842866E-17	1.852143E+00
7.936318E+03	1.278944E-15	6.852303E-17	1.852119E+00
7.939359E+03	1.271946E-15	6.889584E-17	1.852096E+00
7.942401E+03	1.263912E-15	7.123703E-17	1.852075E+00
7.945442E+03	1.257379E-15	6.866044E-17	1.852056E+00
7.948484E+03	1.250718E-15	6.942532E-17	1.852038E+00
7.951525E+03	1.244207E-15	6.910484E-17	1.852022E+00
7.954566E+03	1.237382E-15	6.853195E-17	1.852007E+00
7.957608E+03	1.230891E-15	6.838194E-17	1.851994E+00
7.960649E+03	1.226309E-15	6.956028E-17	1.851982E+00
7.963690E+03	1.221653E-15	7.155066E-17	1.851972E+00
7.966732E+03	1.217221E-15	7.193355E-17	1.851963E+00
7.969773E+03	1.213309E-15	7.179975E-17	1.851956E+00
7.972815E+03	1.207194E-15	6.962237E-17	1.851951E+00
7.975856E+03	1.201358E-15	7.050600E-17	1.851946E+00
7.978898E+03	1.195930E-15	6.999564E-17	1.851944E+00
7.981939E+03	1.191818E-15	7.075919E-17	1.851942E+00
7.984980E+03	1.187966E-15	7.132933E-17	1.851943E+00
7.988022E+03	1.183059E-15	7.073744E-17	1.851944E+00
7.991063E+03	1.177024E-15	7.082468E-17	1.851947E+00
7.994105E+03	1.172230E-15	7.038335E-17	1.851952E+00
7.997146E+03	1.168159E-15	7.004888E-17	1.851958E+00
8.000188E+03	1.164053E-15	7.200706E-17	1.851965E+00
8.003229E+03	1.159576E-15	7.330762E-17	1.851974E+00
8.006270E+03	1.156286E-15	7.734770E-17	1.851984E+00
8.009312E+03	1.151923E-15	7.498801E-17	1.851996E+00
8.012353E+03	1.148616E-15	7.533580E-17	1.852009E+00
8.015395E+03	1.146754E-15	7.811778E-17	1.852023E+00
8.018436E+03	1.144134E-15	7.852595E-17	1.852039E+00
8.021477E+03	1.142607E-15	8.022262E-17	1.852056E+00
8.024519E+03	1.142822E-15	8.144664E-17	1.852074E+00
8.027560E+03	1.139056E-15	8.403639E-17	1.852094E+00
8.030602E+03	1.138032E-15	8.453249E-17	1.852115E+00
8.033643E+03	1.139083E-15	8.390493E-17	1.852138E+00
8.036684E+03	1.139728E-15	8.272000E-17	1.852162E+00
8.039726E+03	1.138984E-15	8.307311E-17	1.852187E+00
8.042767E+03	1.135462E-15	8.382540E-17	1.852213E+00
8.045809E+03	1.131775E-15	8.393026E-17	1.852241E+00
8.048850E+03	1.132181E-15	8.278361E-17	1.852270E+00
8.051891E+03	1.130533E-15	8.219348E-17	1.852300E+00
8.054933E+03	1.130311E-15	7.813770E-17	1.852332E+00
8.057974E+03	1.131239E-15	7.834643E-17	1.852365E+00
8.061016E+03	1.133483E-15	7.719027E-17	1.852399E+00
8.064057E+03	1.133708E-15	7.620360E-17	1.852434E+00
8.067099E+03	1.133638E-15	7.566400E-17	1.852471E+00
8.070140E+03	1.132272E-15	7.438660E-17	1.852509E+00
8.073181E+03	1.129888E-15	7.619343E-17	1.852548E+00
8.076223E+03	1.128690E-15	7.373819E-17	1.852589E+00
8.079264E+03	1.126862E-15	7.367028E-17	1.852630E+00
8.082306E+03	1.126611E-15	7.373658E-17	1.852673E+00
8.085347E+03	1.124840E-15	7.398715E-17	1.852717E+00
8.088388E+03	1.120940E-15	7.419020E-17	1.852763E+00
8.091430E+03	1.120283E-15	7.369844E-17	1.852809E+00
8.094471E+03	1.119144E-15	7.482015E-17	1.852857E+00
8.097513E+03	1.117413E-15	7.500489E-17	1.852906E+00
8.100554E+03	1.116739E-15	7.506243E-17	1.852956E+00
8.103595E+03	1.116252E-15	7.437765E-17	1.853007E+00
8.106637E+03	1.115801E-15	7.338736E-17	1.853060E+00
8.109678E+03	1.115963E-15	7.475451E-17	1.853113E+00
8.112720E+03	1.117405E-15	7.657440E-17	1.853168E+00
8.115761E+03	1.116808E-15	7.751587E-17	1.853224E+00
8.118802E+03	1.115138E-15	7.686537E-17	1.853281E+00
8.121844E+03	1.112708E-15	7.546343E-17	1.853339E+00
8.124885E+03	1.108536E-15	7.582475E-17	1.853398E+00
8.127927E+03	1.105903E-15	7.580909E-17	1.853459E+00
8.130968E+03	1.103790E-15	7.602105E-17	1.853520E+00
8.134010E+03	1.103623E-15	7.625170E-17	1.853583E+00
8.137051E+03	1.105367E-15	7.554651E-17	1.853647E+00
8.140092E+03	1.104349E-15	7.776131E-17	1.853712E+00
8.143134E+03	1.103164E-15	7.713787E-17	1.853777E+00
8.146175E+03	1.100794E-15	7.934452E-17	1.853844E+00
8.149217E+03	1.099240E-15	7.966984E-17	1.853913E+00
8.152258E+03	1.097539E-15	8.171908E-17	1.853982E+00
8.155299E+03	1.090516E-15	8.319921E-17	1.854052E+00
8.158341E+03	1.086627E-15	8.102033E-17	1.854123E+00
8.161382E+03	1.085242E-15	8.087254E-17	1.854196E+00
8.164424E+03	1.083004E-15	8.212992E-17	1.854269E+00
8.167465E+03	1.079321E-15	8.261077E-17	1.854343E+00
8.170506E+03	1.076898E-15	8.201801E-17	1.854419E+00
8.173548E+03	1.074050E-15	8.195459E-17	1.854495E+00
8.176589E+03	1.072796E-15	8.233359E-17	1.854573E+00
8.179631E+03	1.072434E-15	8.261743E-17	1.854651E+00
8.182672E+03	1.072554E-15	8.286986E-17	1.854731E+00
8.185713E+03	1.071246E-15	8.346155E-17	1.854812E+00
8.188755E+03	1.068715E-15	8.175770E-17	1.854893E+00
8.191796E+03	1.066259E-15	8.233918E-17	1.854976E+00
8.194838E+03	1.065917E-15	8.074858E-17	1.855059E+00
8.197879E+03	1.065502E-15	8.072905E-17	1.855144E+00
8.200921E+03	1.065273E-15	8.007837E-17	1.855229E+00
8.203962E+03	1.065471E-15	7.884109E-17	1.855316E+00
8.207003E+03	1.066337E-15	7.886329E-17	1.855403E+00
8.210045E+03	1.065906E-15	7.943599E-17	1.855491E+00
8.213086E+03	1.065085E-15	7.826631E-17	1.855581E+00
8.216128E+03	1.064320E-15	7.864622E-17	1.855671E+00
8.219169E+03	1.061440E-15	7.979597E-17	1.855762E+00
8.222210E+03	1.058802E-15	7.962468E-17	1.855854E+00
8.225252E+03	1.058707E-15	7.947175E-17	1.855947E+00
8.228293E+03	1.059243E-15	8.052233E-17	1.856041E+00
8.231335E+03	1.060336E-15	8.265530E-17	1.856136E+00
8.234376E+03	1.062619E-15	8.225695E-17	1.856232E+00
8.237417E+03	1.062117E-15	8.224866E-17	1.856329E+00
8.240459E+03	1.059351E-15	8.325097E-17	1.856426E+00
8.243500E+03	1.061357E-15	8.425950E-17	1.856525E+00
8.246542E+03	1.063140E-15	8.438234E-17	1.856624E+00
8.249583E+03	1.065110E-15	8.399850E-17	1.856725E+00
8.252624E+03	1.063200E-15	8.512400E-17	1.856826E+00
8.255666E+03	1.065059E-15	8.763542E-17	1.856928E+00
8.258707E+03	1.068294E-15	9.068978E-17	1.857031E+00
8.261749E+03	1.073201E-15	9.132815E-17	1.857134E+00
8.264790E+03	1.076623E-15	9.126917E-17	1.857239E+00
8.267832E+03	1.076071E-15	9.174368E-17	1.857345E+00
8.270873E+03	1.076281E-15	9.212341E-17	1.857451E+00
8.273914E+03	1.078647E-15	9.513229E-17	1.857558E+00
8.276956E+03	1.080827E-15	9.637565E-17	1.857666E+00
8.279997E+03	1.082953E-15	9.613264E-17	1.857775E+00
8.283039E+03	1.084447E-15	9.642420E-17	1.857885E+00
8.286080E+03	1.086853E-15	9.691245E-17	1.857995E+00
8.289121E+03	1.085654E-15	9.598184E-17	1.858106E+00
8.292163E+03	1.085181E-15	9.555124E-17	1.858218E+00
8.295204E+03	1.088220E-15	9.579173E-17	1.858331E+00
8.298246E+03	1.089495E-15	9.664860E-17	1.858445E+00
8.301287E+03	1.089655E-15	9.685081E-17	1.858559E+00
8.304328E+03	1.091637E-15	9.504608E-17	1.858675E+00
8.307370E+03	1.094047E-15	9.451141E-17	1.858791E+00
8.310411E+03	1.097406E-15	9.645895E-17	1.858908E+00
8.313453E+03	1.098108E-15	9.684158E-17	1.859025E+00
8.316494E+03	1.097973E-15	9.550873E-17	1.859144E+00
8.319535E+03	1.098174E-15	9.493312E-17	1.859263E+00
8.322577E+03	1.099230E-15	9.484480E-17	1.859383E+00
8.325618E+03	1.101012E-15	9.363336E-17	1.859503E+00
8.328660E+03	1.100247E-15	9.232343E-17	1.859625E+00
8.331701E+03	1.099910E-15	9.269980E-17	1.859747E+00
8.334743E+03	1.099871E-15	9.288857E-17	1.859870E+00
8.337784E+03	1.099647E-15	9.351005E-17	1.859994E+00
8.340825E+03	1.100278E-15	9.295957E-17	1.860118E+00
8.343867E+03	1.101599E-15	1.006818E-16	1.860243E+00
8.346908E+03	1.103050E-15	1.009368E-16	1.860369E+00
8.349950E+03	1.106902E-15	1.004449E-16	1.860495E+00
8.352991E+03	1.109545E-15	1.004278E-16	1.860623E+00
8.356032E+03	1.110663E-15	1.079554E-16	1.860750E+00
8.359074E+03	1.113010E-15	1.063591E-16	1.860879E+00
8.362115E+03	1.115079E-15	1.108445E-16	1.861008E+00
8.365157E+03	1.114171E-15	1.151688E-16	1.861138E+00
8.368198E+03	1.114212E-15	1.176403E-16	1.861269E+00
8.371239E+03	1.114737E-15	1.175209E-16	1.861401E+00
8.374281E+03	1.113867E-15	1.192825E-16	1.861533E+00
8.377322E+03	1.116199E-15	1.195088E-16	1.861665E+00
8.380364E+03	1.118997E-15	1.205552E-16	1.861799E+00
8.383405E+03	1.121908E-15	1.210248E-16	1.861933E+00
8.386447E+03	1.124428E-15	1.202352E-16	1.862068E+00
8.389488E+03	1.125795E-15	1.211301E-16	1.862203E+00
8.392529E+03	1.127032E-15	1.164601E-16	1.862339E+00
8.395571E+03	1.128977E-15	1.168915E-16	1.862476E+00
8.398612E+03	1.134182E-15	1.174154E-16	1.862613E+00
8.401654E+03	1.134788E-15	1.179747E-16	1.862751E+00
8.404695E+03	1.132357E-15	1.094256E-16	1.862890E+00
8.407736E+03	1.135367E-15	1.096041E-16	1.863029E+00
8.410778E+03	1.138731E-15	1.071770E-16	1.863169E+00
8.413819E+03	1.140327E-15	1.064741E-16	1.863309E+00
8.416861E+03	1.142463E-15	1.053518E-16	1.863450E+00
8.419902E+03	1.146668E-15	1.053204E-16	1.863592E+00
8.422943E+03	1.148806E-15	1.029963E-16	1.863734E+00
8.425985E+03	1.153460E-15	1.034435E-16	1.863877E+00
8.429026E+03	1.154742E-15	1.035191E-16	1.864021E+00
8.432068E+03	1.155502E-15	1.041907E-16	1.864165E+00
8.435109E+03	1.156897E-15	1.056488E-16	1.864309E+00
8.438150E+03	1.159355E-15	1.055018E-16	1.864455E+00
8.441192E+03	1.162802E-15	1.059110E-16	1.864601E+00
8.444233E+03	1.165038E-15	1.067069E-16	1.864747E+00
8.447275E+03	1.168002E-15	1.069908E-16	1.864894E+00
8.450316E+03	1.169269E-15	1.069135E-16	1.865042E+00
8.453358E+03	1.169194E-15	1.075525E-16	1.865190E+00
8.456399E+03	1.172682E-15	1.076127E-16	1.865338E+00
8.459440E+03	1.172869E-15	1.077993E-16	1.865488E+00
8.462482E+03	1.171937E-15	1.070652E-16	1.865637E+00
8.465523E+03	1.172797E-15	1.076601E-16	1.865788E+00
8.468565E+03	1.173769E-15	1.083394E-16	1.865939E+00
8.471606E+03	1.176159E-15	1.088219E-16	1.866090E+00
8.474647E+03	1.177319E-15	1.092039E-16	1.866242E+00
8.477689E+03	1.177434E-15	1.112734E-16	1.866395E+00
8.480730E+03	1.179266E-15	1.114273E-16	1.866548E+00
8.483772E+03	1.181136E-15	1.113478E-16	1.866701E+00
8.486813E+03	1.179554E-15	1.114282E-16	1.866855E+00
8.489854E+03	1.179857E-15	1.118748E-16	1.867010E+00
8.492896E+03	1.184735E-15	1.118810E-16	1.867165E+00
8.495937E+03	1.184759E-15	1.121631E-16	1.867321E+00
8.498979E+03	1.185101E-15	1.123292E-16	1.867477E+00
8.502020E+03	1.185872E-15	1.144462E-16	1.867633E+00
8.505062E+03	1.189502E-15	1.147620E-16	1.867790E+00
8.508103E+03	1.191639E-15	1.172713E-16	1.867948E+00
8.511144E+03	1.193869E-15	1.157779E-16	1.868106E+00
8.514186E+03	1.193410E-15	1.159347E-16	1.868265E+00
8.517227E+03	1.190391E-15	1.157501E-16	1.868424E+00
8.520269E+03	1.189559E-15	1.160658E-16	1.868583E+00
8.523310E+03	1.190801E-15	1.173143E-16	1.868743E+00
8.526351E+03	1.192753E-15	1.198361E-16	1.868904E+00
8.529393E+03	1.193996E-15	1.231205E-16	1.869065E+00
8.532434E+03	1.194080E-15	1.232747E-16	1.869226E+00
8.535476E+03	1.195062E-15	1.245292E-16	1.869388E+00
8.538517E+03	1.194848E-15	1.243844E-16	1.869550E+00
8.541558E+03	1.194709E-15	1.245495E-16	1.869713E+00
8.544600E+03	1.196291E-15	1.246952E-16	1.869876E+00
8.547641E+03	1.197835E-15	1.260890E-16	1.870040E+00
8.550683E+03	1.199979E-15	1.248392E-16	1.870204E+00
8.553724E+03	1.201020E-15	1.251438E-16	1.870369E+00
8.556765E+03	1.203614E-15	1.251352E-16	1.870534E+00
8.559807E+03	1.208210E-15	1.277272E-16	1.870699E+00
8.562848E+03	1.207045E-15	1.272226E-16	1.870865E+00
8.565890E+03	1.205711E-15	1.290841E-16	1.871031E+00
8.568931E+03	1.205201E-15	1.286580E-16	1.871198E+00
8.571973E+03	1.205814E-15	1.282532E-16	1.871365E+00
8.575014E+03	1.206521E-15	1.248014E-16	1.871533E+00
8.578055E+03	1.204421E-15	1.210791E-16	1.871701E+00
8.581097E+03	1.204847E-15	1.216399E-16	1.871869E+00
8.584138E+03	1.207539E-15	1.217024E-16	1.872038E+00
8.587180E+03	1.210438E-15	1.227746E-16	1.872207E+00
8.590221E+03	1.213562E-15	1.234123E-16	1.872376E+00
8.593263E+03	1.216930E-15	1.240389E-16	1.872546E+00
8.596304E+03	1.219682E-15	1.259372E-16	1.872717E+00
8.599345E+03	1.222434E-15	1.262149E-16	1.872887E+00
8.602387E+03	1.224943E-15	1.266830E-16	1.873059E+00
8.605428E+03	1.227359E-15	1.262664E-16	1.873230E+00
8.608469E+03	1.229420E-15	1.242063E-16	1.873402E+00
8.611511E+03	1.228521E-15	1.245609E-16	1.873574E+00
8.614552E+03	1.226892E-15	1.284467E-16	1.873747E+00
8.617594E+03	1.227417E-15	1.303008E-16	1.873920E+00
8.620635E+03	1.225732E-15	1.305082E-16	1.874093E+00
8.623677E+03	1.222847E-15	1.315364E-16	1.874267E+00
8.626718E+03	1.222267E-15	1.320922E-16	1.874441E+00
8.629759E+03	1.219793E-15	1.312352E-16	1.874615E+00
8.632801E+03	1.217564E-15	1.319289E-16	1.874790E+00
8.635842E+03	1.214321E-15	1.317263E-16	1.874965E+00
8.638884E+03	1.212297E-15	1.312802E-16	1.875141E+00
8.641925E+03	1.212242E-15	1.314632E-16	1.875316E+00
8.644966E+03	1.210855E-15	1.310677E-16	1.875492E+00
8.648008E+03	1.208587E-15	1.307728E-16	1.875669E+00
8.651049E+03	1.202661E-15	1.304817E-16	1.875846E+00
8.654091E+03	1.200167E-15	1.300380E-16	1.876023E+00
8.657132E+03	1.200243E-15	1.295932E-16	1.876200E+00
8.660174E+03	1.201370E-15	1.290124E-16	1.876378E+00
8.663215E+03	1.196042E-15	1.282790E-16	1.876556E+00
8.666256E+03	1.193096E-15	1.267294E-16	1.876735E+00
8.669298E+03	1.193285E-15	1.271828E-16	1.876913E+00
8.672339E+03	1.190283E-15	1.264774E-16	1.877092E+00
8.675380E+03	1.183676E-15	1.249377E-16	1.877272E+00
8.678422E+03	1.174872E-15	1.243159E-16	1.877451E+00
8.681463E+03	1.171229E-15	1.272223E-16	1.877631E+00
8.684505E+03	1.168656E-15	1.296313E-16	1.877812E+00
8.687546E+03	1.161031E-15	1.292485E-16	1.877992E+00
8.690588E+03	1.154419E-15	1.286331E-16	1.878173E+00
8.693629E+03	1.151262E-15	1.281775E-16	1.878354E+00
8.696670E+03	1.146733E-15	1.279564E-16	1.878536E+00
8.699712E+03	1.141302E-15	1.269419E-16	1.878717E+00
8.702753E+03	1.135193E-15	1.264430E-16	1.878899E+00
8.705795E+03	1.134383E-15	1.272770E-16	1.879082E+00
8.708836E+03	1.128968E-15	1.286175E-16	1.879264E+00
8.711877E+03	1.125939E-15	1.241806E-16	1.879447E+00
8.714919E+03	1.123624E-15	1.247224E-16	1.879630E+00
8.717960E+03	1.118771E-15	1.247313E-16	1.879813E+00
8.721002E+03	1.114519E-15	1.252764E-16	1.879997E+00
8.724043E+03	1.113612E-15	1.257871E-16	1.880181E+00
8.727085E+03	1.113815E-15	1.259577E-16	1.880365E+00
8.730126E+03	1.110408E-15	1.215540E-16	1.880550E+00
8.733167E+03	1.107978E-15	1.178904E-16	1.880734E+00
8.736209E+03	1.105980E-15	1.172798E-16	1.880919E+00
8.739250E+03	1.104603E-15	1.190310E-16	1.881104E+00
8.742292E+03	1.101740E-15	1.199924E-16	1.881290E+00
8.745333E+03	1.096185E-15	1.199451E-16	1.881475E+00
8.748374E+03	1.093998E-15	1.198139E-16	1.881661E+00
8.751416E+03	1.093128E-15	1.201715E-16	1.881847E+00
8.754457E+03	1.089792E-15	1.227957E-16	1.882034E+00
8.757499E+03	1.088902E-15	1.215957E-16	1.882220E+00
8.760540E+03	1.089406E-15	1.210880E-16	1.882407E+00
8.763581E+03	1.084130E-15	1.247252E-16	1.882594E+00
8.766623E+03	1.080284E-15	1.252440E-16	1.882782E+00
8.769664E+03	1.078489E-15	1.241152E-16	1.882969E+00
8.772706E+03	1.077166E-15	1.259291E-16	1.883157E+00
8.775747E+03	1.075861E-15	1.273629E-16	1.883345E+00
8.778789E+03	1.071787E-15	1.272173E-16	1.883533E+00
8.781830E+03	1.067580E-15	1.274839E-16	1.883721E+00
8.784871E+03	1.064371E-15	1.274819E-16	1.883910E+00
8.787913E+03	1.061859E-15	1.280775E-16	1.884099E+00
8.790954E+03	1.058819E-15	1.296517E-16	1.884288E+00
8.793996E+03	1.056381E-15	1.308261E-16	1.884477E+00
8.797037E+03	1.055225E-15	1.327644E-16	1.884666E+00
8.800078E+03	1.051957E-15	1.327746E-16	1.884856E+00
8.803120E+03	1.047181E-15	1.296344E-16	1.885046E+00
8.806161E+03	1.042517E-15	1.318890E-16	1.885236E+00
8.809203E+03	1.037154E-15	1.317521E-16	1.885426E+00
8.812244E+03	1.029226E-15	1.274382E-16	1.885616E+00
8.815285E+03	1.022371E-15	1.265217E-16	1.885807E+00
8.818327E+03	1.015233E-15	1.259258E-16	1.885998E+00
8.821368E+03	1.011752E-15	1.257922E-16	1.886189E+00
8.824410E+03	1.008327E-15	1.251116E-16	1.886380E+00
8.827451E+03	1.003637E-15	1.266313E-16	1.886571E+00
8.830492E+03	1.001852E-15	1.289771E-16	1.886762E+00
8.833534E+03	1.001520E-15	1.303534E-16	1.886954E+00
8.836575E+03	1.001206E-15	1.277682E-16	1.887146E+00
8.839617E+03	9.993831E-16	1.265608E-16	1.887338E+00
8.842658E+03	9.986355E-16	1.248230E-16	1.887530E+00
8.845700E+03	9.989449E-16	1.228242E-16	1.887722E+00
8.848741E+03	9.995942E-16	1.238049E-16	1.887915E+00
8.851782E+03	1.001112E-15	1.244807E-16	1.888107E+00
8.854824E+03	1.001517E-15	1.225666E-16	1.888300E+00
8.857865E+03	1.001260E-15	1.223653E-16	1.888493E+00
8.860906E+03	1.001325E-15	1.223589E-16	1.888686E+00
8.863948E+03	1.001446E-15	1.215937E-16	1.888879E+00
8.866989E+03	1.001605E-15	1.218056E-16	1.889073E+00
8.870031E+03	1.000782E-15	1.206716E-16	1.889266E+00
8.873072E+03	9.999777E-16	1.200658E-16	1.889460E+00
8.876114E+03	9.995890E-16	1.184679E-16	1.889654E+00
8.879155E+03	9.989923E-16	1.150048E-16	1.889848E+00
8.882196E+03	9.992461E-16	1.139421E-16	1.890042E+00
8.885238E+03	1.000426E-15	1.141079E-16	1.890236E+00
8.888279E+03	1.000775E-15	1.135594E-16	1.890430E+00
8.891321E+03	1.000689E-15	1.146192E-16	1.890625E+00
8.894362E+03	9.960080E-16	1.148473E-16	1.890819E+00
8.897404E+03	9.956945E-16	1.136123E-16	1.891014E+00
8.900445E+03	9.966103E-16	1.161486E-16	1.891209E+00
8.903486E+03	9.962213E-16	1.186263E-16	1.891404E+00
8.906528E+03	9.954350E-16	1.181067E-16	1.891599E+00
8.909569E+03	9.951215E-16	1.178976E-16	1.891794E+00
8.912611E+03	9.934080E-16	1.178997E-16	1.891989E+00
8.915652E+03	9.925266E-16	1.172203E-16	1.892185E+00
8.918693E+03	9.913424E-16	1.177526E-16	1.892380E+00
8.921735E+03	9.892684E-16	1.220139E-16	1.892576E+00
8.924776E+03	9.853202E-16	1.217203E-16	1.892772E+00
8.927818E+03	9.827342E-16	1.216889E-16	1.892968E+00
8.930859E+03	9.799772E-16	1.206969E-16	1.893164E+00
8.933900E+03	9.747584E-16	1.210912E-16	1.893360E+00
8.936942E+03	9.676828E-16	1.201560E-16	1.893556E+00
8.939983E+03	9.640145E-16	1.197328E-16	1.893752E+00
8.943025E+03	9.628834E-16	1.203518E-16	1.893949E+00
8.946066E+03	9.598012E-16	1.204138E-16	1.894145E+00
8.949107E+03	9.580064E-16	1.172606E-16	1.894342E+00
8.952149E+03	9.538431E-16	1.132706E-16	1.894538E+00
8.955190E+03	9.527675E-16	1.127921E-16	1.894735E+00
8.958232E+03	9.490766E-16	1.117939E-16	1.894932E+00
8.961273E+03	9.461430E-16	1.114698E-16	1.895129E+00
8.964315E+03	9.399867E-16	1.099903E-16	1.895326E+00
8.967356E+03	9.373739E-16	1.099808E-16	1.895523E+00
8.970397E+03	9.350828E-16	1.072863E-16	1.895720E+00
8.973439E+03	9.331893E-16	1.071026E-16	1.895917E+00
8.976480E+03	9.267448E-16	1.059116E-16	1.896114E+00
8.979522E+03	9.206404E-16	1.055416E-16	1.896312E+00
8.982563E+03	9.187449E-16	1.052120E-16	1.896509E+00
8.985604E+03	9.154644E-16	1.060468E-16	1.896707E+00
8.988646E+03	9.128662E-16	1.079539E-16	1.896904E+00
8.991687E+03	9.122973E-16	1.073430E-16	1.897102E+00
8.994729E+03	9.105710E-16	1.069098E-16	1.897300E+00
8.997770E+03	9.095843E-16	1.101200E-16	1.897497E+00
9.000811E+03	9.098310E-16	1.102880E-16	1.897695E+00
9.003853E+03	9.127916E-16	1.116363E-16	1.897893E+00
9.006894E+03	9.123174E-16	1.134355E-16	1.898091E+00
9.009936E+03	9.097550E-16	1.137715E-16	1.898289E+00
9.012977E+03	9.076666E-16	1.137119E-16	1.898487E+00
9.016019E+03	9.050462E-16	1.154572E-16	1.898685E+00
9.019060E+03	9.018176E-16	1.159485E-16	1.898883E+00
9.022101E+03	9.041147E-16	1.165197E-16	1.899081E+00
9.025143E+03	9.061464E-16	1.175839E-16	1.899280E+00
9.028184E+03	9.040756E-16	1.174657E-16	1.899478E+00
9.031226E+03	9.019473E-16	1.178620E-16	1.899676E+00
9.034267E+03	8.986787E-16	1.172785E-16	1.899875E+00
9.037308E+03	8.985636E-16	1.161007E-16	1.900073E+00
9.040350E+03	8.983154E-16	1.163845E-16	1.900272E+00
9.043391E+03	8.981812E-16	1.185674E-16	1.900470E+00
9.046433E+03	9.002327E-16	1.161235E-16	1.900669E+00
9.049474E+03	8.956316E-16	1.176648E-16	1.900867E+00
9.052515E+03	8.910105E-16	1.166957E-16	1.901066E+00
9.055557E+03	8.900009E-16	1.153044E-16	1.901264E+00
9.058598E+03	8.897896E-16	1.148795E-16	1.901463E+00
9.061640E+03	8.868209E-16	1.145852E-16	1.901662E+00
9.064681E+03	8.840228E-16	1.127205E-16	1.901860E+00
9.067722E+03	8.864927E-16	1.131591E-16	1.902059E+00
9.070764E+03	8.896860E-16	1.141375E-16	1.902258E+00
9.073805E+03	8.866209E-16	1.132600E-16	1.902457E+00
9.076847E+03	8.858954E-16	1.134982E-16	1.902655E+00
9.079888E+03	8.869014E-16	1.156888E-16	1.902854E+00
9.082930E+03	8.892396E-16	1.166778E-16	1.903053E+00
9.085971E+03	8.898845E-16	1.178246E-16	1.903252E+00
9.089012E+03	8.889686E-16	1.204307E-16	1.903451E+00
9.092054E+03	8.906225E-16	1.190665E-16	1.903650E+00
9.095095E+03	8.929811E-16	1.204479E-16	1.903849E+00
9.098137E+03	8.941597E-16	1.177219E-16	1.904047E+00
9.101178E+03	8.955861E-16	1.166552E-16	1.904246E+00
9.104219E+03	8.982316E-16	1.172650E-16	1.904445E+00
9.107261E+03	8.980587E-16	1.311604E-16	1.904644E+00
9.110302E+03	8.984954E-16	1.323370E-16	1.904843E+00
9.113344E+03	8.989702E-16	1.319296E-16	1.905042E+00
9.116385E+03	8.994642E-16	1.320200E-16	1.905241E+00
9.119426E+03	8.999773E-16	1.320188E-16	1.905440E+00
9.122468E+03	9.004905E-16	1.334695E-16	1.905639E+00
9.125509E+03	9.009466E-16	1.431019E-16	1.905838E+00
9.128551E+03	9.013265E-16	1.509407E-16	1.906036E+00
9.131592E+03	9.016112E-16	1.500151E-16	1.906235E+00
9.134633E+03	9.006948E-16	1.486029E-16	1.906434E+00
9.137675E+03	8.986152E-16	1.477550E-16	1.906633E+00
9.140716E+03	8.972216E-16	1.479729E-16	1.906832E+00
9.143758E+03	8.961328E-16	1.478001E-16	1.907031E+00
9.146799E+03	8.978474E-16	1.477380E-16	1.907230E+00
9.149841E+03	8.964532E-16	1.471867E-16	1.907428E+00
9.152882E+03	8.937043E-16	1.500339E-16	1.907627E+00
9.155923E+03	8.940454E-16	1.445767E-16	1.907826E+00
9.158965E+03	8.939859E-16	1.440735E-16	1.908025E+00
9.162006E+03	8.935256E-16	1.440881E-16	1.908223E+00
9.165048E+03	8.904125E-16	1.469829E-16	1.908422E+00
9.168089E+03	8.899899E-16	1.479681E-16	1.908621E+00
9.171130E+03	8.892808E-16	1.474133E-16	1.908820E+00
9.174172E+03	8.864335E-16	1.396328E-16	1.909018E+00
9.177213E+03	8.844447E-16	1.310385E-16	1.909217E+00
9.180255E+03	8.812143E-16	1.292328E-16	1.909415E+00
9.183296E+03	8.791862E-16	1.292892E-16	1.909614E+00
9.186337E+03	8.776161E-16	1.285563E-16	1.909812E+00
9.189379E+03	8.765613E-16	1.285449E-16	1.910011E+00
9.192420E+03	8.772828E-16	1.287669E-16	1.910209E+00
9.195462E+03	8.766670E-16	1.281917E-16	1.910408E+00
9.198503E+03	8.734527E-16	1.261437E-16	1.910606E+00
9.201544E+03	8.705816E-16	1.251453E-16	1.910805E+00
9.204586E+03	8.692579E-16	1.238300E-16	1.911003E+00
9.207627E+03	8.673222E-16	1.269296E-16	1.911201E+00
9.210669E+03	8.651758E-16	1.262062E-16	1.911399E+00
9.213710E+03	8.621687E-16	1.226648E-16	1.911598E+00
9.216752E+03	8.611684E-16	1.226308E-16	1.911796E+00
9.219793E+03	8.577013E-16	1.223437E-16	1.911994E+00
9.222834E+03	8.557632E-16	1.222127E-16	1.912192E+00
9.225876E+03	8.540542E-16	1.221047E-16	1.912390E+00
9.228917E+03	8.545825E-16	1.222256E-16	1.912588E+00
9.231959E+03	8.546709E-16	1.223012E-16	1.912786E+00
9.235000E+03	8.557349E-16	1.224769E-16	1.912984E+00
