#wls	flux	fluxerr
1.583218E+03	2.636816E-01	1.961267E-03
1.622798E+03	2.730278E-01	2.024150E-03
1.662379E+03	2.822068E-01	2.085189E-03
1.701959E+03	2.911412E-01	2.143808E-03
1.741540E+03	2.997495E-01	2.199411E-03
1.781120E+03	3.079476E-01	2.251391E-03
1.820701E+03	3.156455E-01	2.299111E-03
1.860281E+03	3.227578E-01	2.341974E-03
1.899861E+03	3.291995E-01	2.379401E-03
1.939442E+03	3.348962E-01	2.410899E-03
1.979022E+03	3.397898E-01	2.436105E-03
2.018603E+03	3.438504E-01	2.454864E-03
2.058183E+03	3.470720E-01	2.467202E-03
2.097764E+03	3.494669E-01	2.473273E-03
2.137344E+03	3.509888E-01	2.472824E-03
2.176925E+03	3.514651E-01	2.464723E-03
2.216505E+03	3.507454E-01	2.448021E-03
2.256085E+03	3.487805E-01	2.422497E-03
2.295666E+03	3.456238E-01	2.388649E-03
2.335246E+03	3.413897E-01	2.347392E-03
2.374827E+03	3.362610E-01	2.300097E-03
2.414407E+03	3.304651E-01	2.248419E-03
2.453988E+03	3.242462E-01	2.194094E-03
2.493568E+03	3.178301E-01	2.138701E-03
2.533149E+03	3.113991E-01	2.083495E-03
2.572729E+03	3.050701E-01	2.029269E-03
2.612310E+03	2.988863E-01	1.976310E-03
2.651890E+03	2.928589E-01	1.924687E-03
2.691470E+03	2.869948E-01	1.874442E-03
2.731051E+03	2.813116E-01	1.825681E-03
2.770631E+03	2.758286E-01	1.778518E-03
2.810212E+03	2.705659E-01	1.733071E-03
2.849792E+03	2.655402E-01	1.689432E-03
2.889373E+03	2.607629E-01	1.647653E-03
2.928953E+03	2.562356E-01	1.607725E-03
2.968534E+03	2.519601E-01	1.569638E-03
2.978429E+03	2.509289E-01	1.560392E-03
2.988324E+03	2.499138E-01	1.551260E-03
2.998219E+03	2.489140E-01	1.542239E-03
3.008114E+03	2.479280E-01	1.533319E-03
3.018009E+03	2.469570E-01	1.524507E-03
3.027904E+03	2.460011E-01	1.515802E-03
3.037799E+03	2.450585E-01	1.507195E-03
3.047694E+03	2.441310E-01	1.498695E-03
3.057590E+03	2.432177E-01	1.490297E-03
3.067485E+03	2.423168E-01	1.481989E-03
3.077380E+03	2.414309E-01	1.473787E-03
3.087275E+03	2.405573E-01	1.465674E-03
3.097170E+03	2.396965E-01	1.457654E-03
3.107065E+03	2.388499E-01	1.449733E-03
3.116960E+03	2.380149E-01	1.441897E-03
3.126855E+03	2.371931E-01	1.434154E-03
3.136750E+03	2.363837E-01	1.426500E-03
3.146646E+03	2.355866E-01	1.418933E-03
3.156541E+03	2.348012E-01	1.411450E-03
3.166436E+03	2.340278E-01	1.404052E-03
3.176331E+03	2.332660E-01	1.396738E-03
3.186226E+03	2.325156E-01	1.389505E-03
3.196121E+03	2.317771E-01	1.382355E-03
3.206016E+03	2.310510E-01	1.375293E-03
3.215911E+03	2.303349E-01	1.368303E-03
3.225806E+03	2.296317E-01	1.361402E-03
3.235702E+03	2.289395E-01	1.354579E-03
3.245597E+03	2.282584E-01	1.347835E-03
3.255492E+03	2.275897E-01	1.341175E-03
3.265387E+03	2.269332E-01	1.334600E-03
3.275282E+03	2.262885E-01	1.328107E-03
3.285177E+03	2.256563E-01	1.321700E-03
3.295072E+03	2.250370E-01	1.315379E-03
3.304967E+03	2.244315E-01	1.309152E-03
3.314862E+03	2.238395E-01	1.303015E-03
3.324758E+03	2.232613E-01	1.296969E-03
3.334653E+03	2.226988E-01	1.291027E-03
3.344548E+03	2.221524E-01	1.285189E-03
3.354443E+03	2.216216E-01	1.279453E-03
3.364338E+03	2.211093E-01	1.273834E-03
3.374233E+03	2.206149E-01	1.268328E-03
3.384128E+03	2.201410E-01	1.262952E-03
3.394023E+03	2.196871E-01	1.257700E-03
3.403918E+03	2.192540E-01	1.252576E-03
3.413814E+03	2.188449E-01	1.247600E-03
3.423709E+03	2.184579E-01	1.242758E-03
3.433604E+03	2.180936E-01	1.238055E-03
3.443499E+03	2.177512E-01	1.233484E-03
3.453394E+03	2.174283E-01	1.229032E-03
3.463289E+03	2.171252E-01	1.224699E-03
3.473184E+03	2.168398E-01	1.220474E-03
3.483079E+03	2.165711E-01	1.216351E-03
3.492974E+03	2.163183E-01	1.212324E-03
3.502870E+03	2.160801E-01	1.208386E-03
3.512765E+03	2.158562E-01	1.204535E-03
3.522660E+03	2.156461E-01	1.200768E-03
3.532555E+03	2.154490E-01	1.197080E-03
3.542450E+03	2.152643E-01	1.193468E-03
3.552345E+03	2.150932E-01	1.189938E-03
3.562240E+03	2.149346E-01	1.186484E-03
3.572135E+03	2.147892E-01	1.183108E-03
3.582030E+03	2.146563E-01	1.179809E-03
3.591926E+03	2.145378E-01	1.176595E-03
3.601821E+03	2.144332E-01	1.173462E-03
3.611716E+03	2.143421E-01	1.170410E-03
3.621611E+03	2.142667E-01	1.167450E-03
3.631506E+03	2.142057E-01	1.164573E-03
3.641401E+03	2.141614E-01	1.161792E-03
3.651296E+03	2.141344E-01	1.159110E-03
3.661191E+03	2.141249E-01	1.156528E-03
3.671086E+03	2.141333E-01	1.154047E-03
3.680982E+03	2.141601E-01	1.151670E-03
3.690877E+03	2.142074E-01	1.149407E-03
3.700772E+03	2.142756E-01	1.147260E-03
3.710667E+03	2.143650E-01	1.145230E-03
3.720562E+03	2.144765E-01	1.143322E-03
3.730457E+03	2.146117E-01	1.141543E-03
3.740352E+03	2.147708E-01	1.139894E-03
3.750247E+03	2.149537E-01	1.138374E-03
3.760142E+03	2.151627E-01	1.136995E-03
3.770038E+03	2.153979E-01	1.135755E-03
3.779933E+03	2.156601E-01	1.134659E-03
3.789828E+03	2.159497E-01	1.133708E-03
3.799723E+03	2.162673E-01	1.132906E-03
3.809618E+03	2.166139E-01	1.132255E-03
3.819513E+03	2.169892E-01	1.131755E-03
3.829408E+03	2.173936E-01	1.131406E-03
3.839303E+03	2.178277E-01	1.131211E-03
3.849198E+03	2.182908E-01	1.131166E-03
3.859094E+03	2.187829E-01	1.131269E-03
3.868989E+03	2.193037E-01	1.131520E-03
3.878884E+03	2.198520E-01	1.131911E-03
3.888779E+03	2.204259E-01	1.132431E-03
3.898674E+03	2.210254E-01	1.133080E-03
3.908569E+03	2.216482E-01	1.133847E-03
3.918464E+03	2.222930E-01	1.134725E-03
3.928359E+03	2.229555E-01	1.135690E-03
3.938255E+03	2.236349E-01	1.136739E-03
3.948150E+03	2.243286E-01	1.137859E-03
3.958045E+03	2.250320E-01	1.139025E-03
3.967940E+03	2.257429E-01	1.140229E-03
3.977835E+03	2.264560E-01	1.141442E-03
3.987730E+03	2.271691E-01	1.142654E-03
3.997625E+03	2.278771E-01	1.143840E-03
4.007520E+03	2.285754E-01	1.144978E-03
4.017415E+03	2.292607E-01	1.146052E-03
4.027311E+03	2.299269E-01	1.147034E-03
4.037206E+03	2.305699E-01	1.147902E-03
4.047101E+03	2.311843E-01	1.148632E-03
4.056996E+03	2.317675E-01	1.149212E-03
4.066891E+03	2.323144E-01	1.149620E-03
4.076786E+03	2.328215E-01	1.149837E-03
4.086681E+03	2.332833E-01	1.149841E-03
4.096576E+03	2.336996E-01	1.149631E-03
4.106471E+03	2.340657E-01	1.149186E-03
4.116367E+03	2.343814E-01	1.148508E-03
4.126262E+03	2.346455E-01	1.147592E-03
4.136157E+03	2.348567E-01	1.146434E-03
4.146052E+03	2.350158E-01	1.145040E-03
4.155947E+03	2.351262E-01	1.143428E-03
4.165842E+03	2.351874E-01	1.141598E-03
4.175737E+03	2.352048E-01	1.139578E-03
4.185632E+03	2.351813E-01	1.137384E-03
4.195527E+03	2.351209E-01	1.135036E-03
4.205423E+03	2.350312E-01	1.132573E-03
4.215318E+03	2.349147E-01	1.130007E-03
4.225213E+03	2.347778E-01	1.127371E-03
4.235108E+03	2.346257E-01	1.124691E-03
4.245003E+03	2.344638E-01	1.121993E-03
4.254898E+03	2.342963E-01	1.119298E-03
4.264793E+03	2.341282E-01	1.116630E-03
4.274688E+03	2.339616E-01	1.114001E-03
4.284583E+03	2.338025E-01	1.111438E-03
4.294479E+03	2.336510E-01	1.108942E-03
4.304374E+03	2.335045E-01	1.106503E-03
4.314269E+03	2.333573E-01	1.104092E-03
4.324164E+03	2.332079E-01	1.101704E-03
4.334059E+03	2.330525E-01	1.099321E-03
4.343954E+03	2.328890E-01	1.096932E-03
4.353849E+03	2.327167E-01	1.094535E-03
4.363744E+03	2.325317E-01	1.092112E-03
4.373639E+03	2.323348E-01	1.089666E-03
4.383535E+03	2.321270E-01	1.087203E-03
4.393430E+03	2.319061E-01	1.084712E-03
4.403325E+03	2.316761E-01	1.082213E-03
4.413220E+03	2.314330E-01	1.079685E-03
4.423115E+03	2.311815E-01	1.077153E-03
4.433010E+03	2.309188E-01	1.074603E-03
4.442905E+03	2.306462E-01	1.072040E-03
4.452800E+03	2.303658E-01	1.069475E-03
4.462695E+03	2.300736E-01	1.066890E-03
4.472591E+03	2.297726E-01	1.064298E-03
4.482486E+03	2.294606E-01	1.061690E-03
4.492381E+03	2.291369E-01	1.059061E-03
4.502276E+03	2.287996E-01	1.056404E-03
4.512171E+03	2.284470E-01	1.053711E-03
4.522066E+03	2.280776E-01	1.050975E-03
4.531961E+03	2.276882E-01	1.048180E-03
4.541856E+03	2.272750E-01	1.045312E-03
4.551751E+03	2.268354E-01	1.042356E-03
4.561647E+03	2.263662E-01	1.039299E-03
4.571542E+03	2.258607E-01	1.036111E-03
4.581437E+03	2.253174E-01	1.032785E-03
4.591332E+03	2.247318E-01	1.029300E-03
4.601227E+03	2.240994E-01	1.025636E-03
4.611122E+03	2.234192E-01	1.021788E-03
4.621017E+03	2.226889E-01	1.017748E-03
4.630912E+03	2.219057E-01	1.013501E-03
4.640807E+03	2.210736E-01	1.009067E-03
4.650703E+03	2.201940E-01	1.004452E-03
4.660598E+03	2.192737E-01	9.996869E-04
4.670493E+03	2.183193E-01	9.948025E-04
4.680388E+03	2.173419E-01	9.898486E-04
4.690283E+03	2.163542E-01	9.848824E-04
4.700178E+03	2.153652E-01	9.799445E-04
4.710073E+03	2.143896E-01	9.751013E-04
4.719968E+03	2.134381E-01	9.704000E-04
4.729863E+03	2.125225E-01	9.658932E-04
4.739759E+03	2.116519E-01	9.616222E-04
4.749654E+03	2.108331E-01	9.576160E-04
4.759549E+03	2.100706E-01	9.538952E-04
4.769444E+03	2.093683E-01	9.504754E-04
4.779339E+03	2.087257E-01	9.473547E-04
4.789234E+03	2.081405E-01	9.445217E-04
4.799129E+03	2.076104E-01	9.419644E-04
4.809024E+03	2.071280E-01	9.396495E-04
4.818919E+03	2.066869E-01	9.375471E-04
4.828815E+03	2.062818E-01	9.356322E-04
4.838710E+03	2.059052E-01	9.338710E-04
4.848605E+03	2.055500E-01	9.322300E-04
4.858500E+03	2.052107E-01	9.306846E-04
4.868395E+03	2.048774E-01	9.291896E-04
4.878290E+03	2.045459E-01	9.277246E-04
4.888185E+03	2.042123E-01	9.262720E-04
4.898080E+03	2.038702E-01	9.248023E-04
4.907975E+03	2.035171E-01	9.233040E-04
4.917871E+03	2.031478E-01	9.217529E-04
4.927766E+03	2.027595E-01	9.201357E-04
4.937661E+03	2.023498E-01	9.184413E-04
4.947556E+03	2.019186E-01	9.166686E-04
4.957451E+03	2.014629E-01	9.148038E-04
4.967346E+03	2.009836E-01	9.128505E-04
4.977241E+03	2.004786E-01	9.107986E-04
4.987136E+03	1.999481E-01	9.086482E-04
4.997031E+03	1.993942E-01	9.064087E-04
5.006927E+03	1.988161E-01	9.040762E-04
5.016822E+03	1.982151E-01	9.016558E-04
5.026717E+03	1.975929E-01	8.991545E-04
5.036612E+03	1.969530E-01	8.965885E-04
5.046507E+03	1.962943E-01	8.939516E-04
5.056402E+03	1.956228E-01	8.912706E-04
5.066297E+03	1.949393E-01	8.885493E-04
5.076192E+03	1.942468E-01	8.858005E-04
5.086087E+03	1.935483E-01	8.830377E-04
5.095983E+03	1.928471E-01	8.802753E-04
5.105878E+03	1.921464E-01	8.775279E-04
5.115773E+03	1.914496E-01	8.748103E-04
5.125668E+03	1.907600E-01	8.721376E-04
5.135563E+03	1.900808E-01	8.695240E-04
5.145458E+03	1.894150E-01	8.669832E-04
5.155353E+03	1.887654E-01	8.645275E-04
5.165248E+03	1.881326E-01	8.621594E-04
5.175143E+03	1.875218E-01	8.599034E-04
5.185039E+03	1.869308E-01	8.577487E-04
5.194934E+03	1.863620E-01	8.557060E-04
5.204829E+03	1.858151E-01	8.537742E-04
5.214724E+03	1.852872E-01	8.519405E-04
5.224619E+03	1.847785E-01	8.502049E-04
5.234514E+03	1.842847E-01	8.485474E-04
5.244409E+03	1.838042E-01	8.469615E-04
5.254304E+03	1.833316E-01	8.454220E-04
5.264199E+03	1.828646E-01	8.439177E-04
5.274095E+03	1.823953E-01	8.424124E-04
5.283990E+03	1.819213E-01	8.408945E-04
5.293885E+03	1.814385E-01	8.393447E-04
5.303780E+03	1.809413E-01	8.377377E-04
5.313675E+03	1.804286E-01	8.360666E-04
5.323570E+03	1.798941E-01	8.343029E-04
5.333465E+03	1.793398E-01	8.324543E-04
5.343360E+03	1.787629E-01	8.305074E-04
5.353255E+03	1.781614E-01	8.284521E-04
5.363151E+03	1.775375E-01	8.262986E-04
5.373046E+03	1.768924E-01	8.240511E-04
5.382941E+03	1.762295E-01	8.217252E-04
5.392836E+03	1.755474E-01	8.193138E-04
5.402731E+03	1.748468E-01	8.168196E-04
5.412626E+03	1.741306E-01	8.142553E-04
5.422521E+03	1.733981E-01	8.116178E-04
5.432416E+03	1.726560E-01	8.089370E-04
5.442311E+03	1.719004E-01	8.061943E-04
5.452207E+03	1.711395E-01	8.034282E-04
5.462102E+03	1.703711E-01	8.006276E-04
5.471997E+03	1.695997E-01	7.978136E-04
5.481892E+03	1.688280E-01	7.949984E-04
5.491787E+03	1.680550E-01	7.921769E-04
5.501682E+03	1.672847E-01	7.893676E-04
5.511577E+03	1.665190E-01	7.865792E-04
5.521472E+03	1.657578E-01	7.838113E-04
5.531368E+03	1.650024E-01	7.810703E-04
5.541263E+03	1.642541E-01	7.783608E-04
5.551158E+03	1.635134E-01	7.756864E-04
5.561053E+03	1.627792E-01	7.730413E-04
5.570948E+03	1.620534E-01	7.704347E-04
5.580843E+03	1.613328E-01	7.678505E-04
5.590738E+03	1.606206E-01	7.653045E-04
5.600633E+03	1.599150E-01	7.627876E-04
5.610528E+03	1.592156E-01	7.602986E-04
5.620424E+03	1.585223E-01	7.578360E-04
5.630319E+03	1.578331E-01	7.553907E-04
5.640214E+03	1.571478E-01	7.529613E-04
5.650109E+03	1.564697E-01	7.505637E-04
5.660004E+03	1.557936E-01	7.481730E-04
5.669899E+03	1.551246E-01	7.458135E-04
5.679794E+03	1.544577E-01	7.434615E-04
5.689689E+03	1.537949E-01	7.411257E-04
5.699584E+03	1.531378E-01	7.388147E-04
5.709480E+03	1.524851E-01	7.365211E-04
5.719375E+03	1.518368E-01	7.342456E-04
5.729270E+03	1.511929E-01	7.319882E-04
5.739165E+03	1.505517E-01	7.297405E-04
5.749060E+03	1.499164E-01	7.275180E-04
5.758955E+03	1.492834E-01	7.253030E-04
5.768850E+03	1.486541E-01	7.231021E-04
5.778745E+03	1.480262E-01	7.209045E-04
5.788640E+03	1.474009E-01	7.187161E-04
5.798536E+03	1.467777E-01	7.165337E-04
5.808431E+03	1.461541E-01	7.143463E-04
5.818326E+03	1.455281E-01	7.121427E-04
5.828221E+03	1.449023E-01	7.099358E-04
5.838116E+03	1.442743E-01	7.077145E-04
5.848011E+03	1.436435E-01	7.054755E-04
5.857906E+03	1.430078E-01	7.032078E-04
5.867801E+03	1.423682E-01	7.009165E-04
5.877696E+03	1.417224E-01	6.985906E-04
5.887592E+03	1.410717E-01	6.962356E-04
5.897487E+03	1.404139E-01	6.938412E-04
5.907382E+03	1.397471E-01	6.913971E-04
5.917277E+03	1.390726E-01	6.889102E-04
5.927172E+03	1.383903E-01	6.863792E-04
5.937067E+03	1.376984E-01	6.837953E-04
5.946962E+03	1.369969E-01	6.811588E-04
5.956857E+03	1.362877E-01	6.784779E-04
5.966752E+03	1.355692E-01	6.757454E-04
5.976648E+03	1.348401E-01	6.729543E-04
5.986543E+03	1.341041E-01	6.701224E-04
5.996438E+03	1.333598E-01	6.672434E-04
6.006333E+03	1.326078E-01	6.643193E-04
6.016228E+03	1.318501E-01	6.613607E-04
6.026123E+03	1.310857E-01	6.583616E-04
6.036018E+03	1.303184E-01	6.553414E-04
6.045913E+03	1.295470E-01	6.522944E-04
6.055808E+03	1.287755E-01	6.492403E-04
6.065704E+03	1.280063E-01	6.461905E-04
6.075599E+03	1.272398E-01	6.431482E-04
6.085494E+03	1.264800E-01	6.401334E-04
6.095389E+03	1.257277E-01	6.371497E-04
6.105284E+03	1.249867E-01	6.342170E-04
6.115179E+03	1.242560E-01	6.313303E-04
6.125074E+03	1.235348E-01	6.284848E-04
6.134969E+03	1.228234E-01	6.256833E-04
6.144864E+03	1.221193E-01	6.229120E-04
6.154760E+03	1.214246E-01	6.201818E-04
6.164655E+03	1.207396E-01	6.174949E-04
6.174550E+03	1.200615E-01	6.148358E-04
6.184445E+03	1.193934E-01	6.122220E-04
6.194340E+03	1.187356E-01	6.096535E-04
6.204235E+03	1.180877E-01	6.071293E-04
6.214130E+03	1.174494E-01	6.046475E-04
6.224025E+03	1.168232E-01	6.022216E-04
6.233920E+03	1.162069E-01	5.998396E-04
6.243816E+03	1.156027E-01	5.975132E-04
6.253711E+03	1.150079E-01	5.952289E-04
6.263606E+03	1.144262E-01	5.930061E-04
6.273501E+03	1.138566E-01	5.908391E-04
6.283396E+03	1.132979E-01	5.887218E-04
6.293291E+03	1.127523E-01	5.866660E-04
6.303186E+03	1.122187E-01	5.846667E-04
6.313081E+03	1.116997E-01	5.827365E-04
6.322976E+03	1.111943E-01	5.808718E-04
6.332872E+03	1.107038E-01	5.790780E-04
6.342767E+03	1.102275E-01	5.773529E-04
6.352662E+03	1.097667E-01	5.757032E-04
6.362557E+03	1.093212E-01	5.741276E-04
6.372452E+03	1.088856E-01	5.725987E-04
6.382347E+03	1.084630E-01	5.711328E-04
6.392242E+03	1.080517E-01	5.697202E-04
6.402137E+03	1.076495E-01	5.683508E-04
6.412032E+03	1.072545E-01	5.670140E-04
6.421928E+03	1.068697E-01	5.657257E-04
6.431823E+03	1.064894E-01	5.644563E-04
6.441718E+03	1.061166E-01	5.632211E-04
6.451613E+03	1.057488E-01	5.620074E-04
6.461508E+03	1.053836E-01	5.608023E-04
6.471403E+03	1.050218E-01	5.596104E-04
6.481298E+03	1.046626E-01	5.584272E-04
6.491193E+03	1.043017E-01	5.572296E-04
6.501088E+03	1.039416E-01	5.560306E-04
6.510984E+03	1.035795E-01	5.548161E-04
6.520879E+03	1.032146E-01	5.535812E-04
6.530774E+03	1.028460E-01	5.523210E-04
6.540669E+03	1.024711E-01	5.510215E-04
6.550564E+03	1.020926E-01	5.496973E-04
6.560459E+03	1.017065E-01	5.483262E-04
6.570354E+03	1.013140E-01	5.469144E-04
6.580249E+03	1.009129E-01	5.454505E-04
6.590144E+03	1.005047E-01	5.439422E-04
6.600040E+03	1.000893E-01	5.423888E-04
6.609935E+03	9.966340E-02	5.407719E-04
6.619830E+03	9.923058E-02	5.391112E-04
6.629725E+03	9.878945E-02	5.373986E-04
6.639620E+03	9.834050E-02	5.356368E-04
6.649515E+03	9.788423E-02	5.338283E-04
6.659410E+03	9.742128E-02	5.319765E-04
6.669305E+03	9.695233E-02	5.300849E-04
6.679200E+03	9.647815E-02	5.281577E-04
6.689096E+03	9.599948E-02	5.261986E-04
6.698991E+03	9.551543E-02	5.242029E-04
6.708886E+03	9.502683E-02	5.221749E-04
6.718781E+03	9.453622E-02	5.201286E-04
6.728676E+03	9.404445E-02	5.180685E-04
6.738571E+03	9.354897E-02	5.159807E-04
6.748466E+03	9.305399E-02	5.138883E-04
6.758361E+03	9.255867E-02	5.117866E-04
6.768256E+03	9.206550E-02	5.096895E-04
6.778152E+03	9.157190E-02	5.075828E-04
6.788047E+03	9.107868E-02	5.054709E-04
6.797942E+03	9.058989E-02	5.033763E-04
6.807837E+03	9.010292E-02	5.012848E-04
6.817732E+03	8.962014E-02	4.992093E-04
6.827627E+03	8.914216E-02	4.971537E-04
6.837522E+03	8.866794E-02	4.951120E-04
6.847417E+03	8.819807E-02	4.930879E-04
6.857312E+03	8.773312E-02	4.910844E-04
6.867208E+03	8.727516E-02	4.891134E-04
6.877103E+03	8.682307E-02	4.871688E-04
6.886998E+03	8.637722E-02	4.852528E-04
6.896893E+03	8.593641E-02	4.833587E-04
6.906788E+03	8.550259E-02	4.814978E-04
6.916683E+03	8.507769E-02	4.796810E-04
6.926578E+03	8.465716E-02	4.778828E-04
6.936473E+03	8.424607E-02	4.761321E-04
6.946368E+03	8.383982E-02	4.744030E-04
6.956264E+03	8.344179E-02	4.727149E-04
6.966159E+03	8.305059E-02	4.710600E-04
6.976054E+03	8.266794E-02	4.694482E-04
6.985949E+03	8.229079E-02	4.678626E-04
6.995844E+03	8.192083E-02	4.663126E-04
7.005739E+03	8.155818E-02	4.647994E-04
7.015634E+03	8.120292E-02	4.633235E-04
7.025529E+03	8.085356E-02	4.618766E-04
7.035425E+03	8.051173E-02	4.604680E-04
7.045320E+03	8.017591E-02	4.590895E-04
7.055215E+03	7.984618E-02	4.577415E-04
7.065110E+03	7.952417E-02	4.564336E-04
7.075005E+03	7.920677E-02	4.551481E-04
7.084900E+03	7.889563E-02	4.538946E-04
7.094795E+03	7.859080E-02	4.526735E-04
7.104690E+03	7.829230E-02	4.514853E-04
7.114585E+03	7.799866E-02	4.503214E-04
7.124481E+03	7.770987E-02	4.491821E-04
7.134376E+03	7.742760E-02	4.480770E-04
7.144271E+03	7.714874E-02	4.469885E-04
7.154166E+03	7.687488E-02	4.459257E-04
7.164061E+03	7.660610E-02	4.448893E-04
7.173956E+03	7.634082E-02	4.438703E-04
7.183851E+03	7.608070E-02	4.428784E-04
7.193746E+03	7.582416E-02	4.419046E-04
7.203641E+03	7.557122E-02	4.409492E-04
7.213537E+03	7.532038E-02	4.400033E-04
7.223432E+03	7.507475E-02	4.390853E-04
7.233327E+03	7.482970E-02	4.381684E-04
7.243222E+03	7.458832E-02	4.372706E-04
7.253117E+03	7.434908E-02	4.363830E-04
7.263012E+03	7.411196E-02	4.355057E-04
7.272907E+03	7.387697E-02	4.346388E-04
7.282802E+03	7.364407E-02	4.337820E-04
7.292697E+03	7.341012E-02	4.329171E-04
7.302593E+03	7.317973E-02	4.320712E-04
7.312488E+03	7.294971E-02	4.312256E-04
7.322383E+03	7.271993E-02	4.303796E-04
7.332278E+03	7.249185E-02	4.295418E-04
7.342173E+03	7.226377E-02	4.287023E-04
7.352068E+03	7.203703E-02	4.278691E-04
7.361963E+03	7.181302E-02	4.270504E-04
7.371858E+03	7.158992E-02	4.262356E-04
7.381753E+03	7.136753E-02	4.254235E-04
7.391649E+03	7.114556E-02	4.246124E-04
7.401544E+03	7.092372E-02	4.238007E-04
7.411439E+03	7.070019E-02	4.229776E-04
7.421334E+03	7.047622E-02	4.221503E-04
7.431229E+03	7.024995E-02	4.213080E-04
7.441124E+03	7.002267E-02	4.204582E-04
7.451019E+03	6.979252E-02	4.195899E-04
7.460914E+03	6.956085E-02	4.187112E-04
7.470809E+03	6.932896E-02	4.178297E-04
7.480705E+03	6.909346E-02	4.169252E-04
7.490600E+03	6.885734E-02	4.160157E-04
7.500495E+03	6.861876E-02	4.150900E-04
7.510390E+03	6.838077E-02	4.141666E-04
7.520285E+03	6.814001E-02	4.132250E-04
7.530180E+03	6.789945E-02	4.122831E-04
7.540075E+03	6.765900E-02	4.113403E-04
7.549970E+03	6.741687E-02	4.103856E-04
7.559865E+03	6.717612E-02	4.094376E-04
7.569761E+03	6.693343E-02	4.084760E-04
7.579656E+03	6.669186E-02	4.075192E-04
7.589551E+03	6.645131E-02	4.065669E-04
7.599446E+03	6.621163E-02	4.056178E-04
7.609341E+03	6.597109E-02	4.046614E-04
7.619236E+03	6.573281E-02	4.037167E-04
7.629131E+03	6.549501E-02	4.027729E-04
7.639026E+03	6.525916E-02	4.018388E-04
7.648921E+03	6.502352E-02	4.009037E-04
7.658817E+03	6.478949E-02	3.999762E-04
7.668712E+03	6.455690E-02	3.990553E-04
7.678607E+03	6.432558E-02	3.981399E-04
7.688502E+03	6.409532E-02	3.972286E-04
7.698397E+03	6.386753E-02	3.963301E-04
7.708292E+03	6.364037E-02	3.954330E-04
7.718187E+03	6.341360E-02	3.945359E-04
7.728082E+03	6.319032E-02	3.936579E-04
7.737977E+03	6.296699E-02	3.927770E-04
7.747873E+03	6.274510E-02	3.919024E-04
7.757768E+03	6.252613E-02	3.910434E-04
7.767663E+03	6.230822E-02	3.901884E-04
7.777558E+03	6.209290E-02	3.893468E-04
7.787453E+03	6.187834E-02	3.885073E-04
7.797348E+03	6.166781E-02	3.876904E-04
7.807243E+03	6.145782E-02	3.868742E-04
7.817138E+03	6.125341E-02	3.860903E-04
7.827033E+03	6.105111E-02	3.853170E-04
7.836929E+03	6.085261E-02	3.845650E-04
7.846824E+03	6.065960E-02	3.838450E-04
7.856719E+03	6.047035E-02	3.831461E-04
7.866614E+03	6.028666E-02	3.824798E-04
7.876509E+03	6.010853E-02	3.818463E-04
7.886404E+03	5.993604E-02	3.812461E-04
7.896299E+03	5.976924E-02	3.806795E-04
7.906194E+03	5.960648E-02	3.801363E-04
7.916089E+03	5.944784E-02	3.796170E-04
7.925985E+03	5.929340E-02	3.791221E-04
7.935880E+03	5.914148E-02	3.786410E-04
7.945775E+03	5.899395E-02	3.781857E-04
7.955670E+03	5.884740E-02	3.777344E-04
7.965565E+03	5.870190E-02	3.772875E-04
7.975460E+03	5.855932E-02	3.768570E-04
7.985355E+03	5.841800E-02	3.764323E-04
7.995250E+03	5.827801E-02	3.760139E-04
8.005145E+03	5.813949E-02	3.756025E-04
8.015041E+03	5.800075E-02	3.751875E-04
8.024936E+03	5.786363E-02	3.747805E-04
8.034831E+03	5.772829E-02	3.743826E-04
8.044726E+03	5.759297E-02	3.739825E-04
8.054621E+03	5.745779E-02	3.735809E-04
8.064516E+03	5.732283E-02	3.731783E-04
8.074411E+03	5.718819E-02	3.727752E-04
8.084306E+03	5.705391E-02	3.723721E-04
8.094201E+03	5.692009E-02	3.719694E-04
8.104097E+03	5.678681E-02	3.715677E-04
8.113992E+03	5.665414E-02	3.711675E-04
8.123887E+03	5.652031E-02	3.707571E-04
8.133782E+03	5.638902E-02	3.703608E-04
8.143677E+03	5.625489E-02	3.699433E-04
8.153572E+03	5.612341E-02	3.695406E-04
8.163467E+03	5.599100E-02	3.691290E-04
8.173362E+03	5.585953E-02	3.687211E-04
8.183257E+03	5.572720E-02	3.683048E-04
8.193153E+03	5.559405E-02	3.678803E-04
8.203048E+03	5.546196E-02	3.674602E-04
8.212943E+03	5.533094E-02	3.670444E-04
8.222838E+03	5.519920E-02	3.666211E-04
8.232733E+03	5.506674E-02	3.661902E-04
8.242628E+03	5.493358E-02	3.657519E-04
8.252523E+03	5.480156E-02	3.653184E-04
8.262418E+03	5.466702E-02	3.648653E-04
8.272313E+03	5.453555E-02	3.644298E-04
8.282209E+03	5.440153E-02	3.639744E-04
8.292104E+03	5.426685E-02	3.635117E-04
8.301999E+03	5.413338E-02	3.630542E-04
8.311894E+03	5.399738E-02	3.625768E-04
8.321789E+03	5.386259E-02	3.621045E-04
8.331684E+03	5.372711E-02	3.616247E-04
8.341579E+03	5.359097E-02	3.611375E-04
8.351474E+03	5.345412E-02	3.606424E-04
8.361369E+03	5.331661E-02	3.601399E-04
8.371265E+03	5.317838E-02	3.596295E-04
8.381160E+03	5.303944E-02	3.591112E-04
8.391055E+03	5.289979E-02	3.585850E-04
8.400950E+03	5.275942E-02	3.580508E-04
8.410845E+03	5.261830E-02	3.575085E-04
8.420740E+03	5.247643E-02	3.569578E-04
8.430635E+03	5.233382E-02	3.563990E-04
8.440530E+03	5.219043E-02	3.558317E-04
8.450425E+03	5.204626E-02	3.552558E-04
8.460321E+03	5.190133E-02	3.546716E-04
8.470216E+03	5.175369E-02	3.540656E-04
8.480111E+03	5.160718E-02	3.534640E-04
8.490006E+03	5.145986E-02	3.528536E-04
8.499901E+03	5.131177E-02	3.522347E-04
8.509796E+03	5.116286E-02	3.516069E-04
8.519691E+03	5.101316E-02	3.509702E-04
8.529586E+03	5.086265E-02	3.503247E-04
8.539481E+03	5.071136E-02	3.496705E-04
8.549377E+03	5.055930E-02	3.490076E-04
8.559272E+03	5.040644E-02	3.483358E-04
8.569167E+03	5.025283E-02	3.476555E-04
8.579062E+03	5.010041E-02	3.469800E-04
8.588957E+03	4.994531E-02	3.462825E-04
8.598852E+03	4.979145E-02	3.455902E-04
8.608747E+03	4.963688E-02	3.448896E-04
8.618642E+03	4.948165E-02	3.441810E-04
8.628538E+03	4.932576E-02	3.434644E-04
8.638433E+03	4.917122E-02	3.427538E-04
8.648328E+03	4.901410E-02	3.420218E-04
8.658223E+03	4.885837E-02	3.412961E-04
8.668118E+03	4.870410E-02	3.405772E-04
8.678013E+03	4.854734E-02	3.398374E-04
8.687908E+03	4.839208E-02	3.391047E-04
8.697803E+03	4.823839E-02	3.383797E-04
8.707698E+03	4.808428E-02	3.376483E-04
8.717594E+03	4.792980E-02	3.369110E-04
8.727489E+03	4.777500E-02	3.361681E-04
8.737384E+03	4.762189E-02	3.354337E-04
8.747279E+03	4.746854E-02	3.346942E-04
8.757174E+03	4.731698E-02	3.339641E-04
8.767069E+03	4.716524E-02	3.332294E-04
8.776964E+03	4.701338E-02	3.324905E-04
8.786859E+03	4.686344E-02	3.317619E-04
8.796754E+03	4.671346E-02	3.310297E-04
8.806650E+03	4.656347E-02	3.302943E-04
8.816545E+03	4.641553E-02	3.295701E-04
8.826440E+03	4.626767E-02	3.288433E-04
8.836335E+03	4.612194E-02	3.281284E-04
8.846230E+03	4.597436E-02	3.273971E-04
8.856125E+03	4.582903E-02	3.266787E-04
8.866020E+03	4.568595E-02	3.259733E-04
8.875915E+03	4.554113E-02	3.252522E-04
8.885810E+03	4.539868E-02	3.245449E-04
8.895706E+03	4.525658E-02	3.238371E-04
8.905601E+03	4.511488E-02	3.231290E-04
8.945181E+03	4.455903E-02	3.203448E-04
8.984762E+03	4.401445E-02	3.175939E-04
9.024342E+03	4.348512E-02	3.149065E-04
9.063922E+03	4.297058E-02	3.122809E-04
9.103503E+03	4.247193E-02	3.097270E-04
9.143083E+03	4.198992E-02	3.072518E-04
9.182664E+03	4.152473E-02	3.048588E-04
9.222244E+03	4.107807E-02	3.025620E-04
9.261825E+03	4.064863E-02	3.003539E-04
9.301405E+03	4.023873E-02	2.982534E-04
9.340986E+03	3.984075E-02	2.962058E-04
9.380566E+03	3.945757E-02	2.942339E-04
9.420146E+03	3.908234E-02	2.922879E-04
9.459727E+03	3.871266E-02	2.903511E-04
9.499307E+03	3.834398E-02	2.883900E-04
9.538888E+03	3.797452E-02	2.863919E-04
9.578468E+03	3.760301E-02	2.843478E-04
9.618049E+03	3.722125E-02	2.821959E-04
9.657629E+03	3.683135E-02	2.799522E-04
9.697210E+03	3.643100E-02	2.775993E-04
9.736790E+03	3.601838E-02	2.751232E-04
9.776370E+03	3.559204E-02	2.725130E-04
9.815951E+03	3.515371E-02	2.697817E-04
9.855531E+03	3.470019E-02	2.669047E-04
9.895112E+03	3.423130E-02	2.638806E-04
9.934692E+03	3.375004E-02	2.607324E-04
9.974273E+03	3.325417E-02	2.574429E-04
1.001385E+04	3.274736E-02	2.540405E-04
1.005343E+04	3.222788E-02	2.505121E-04
1.009301E+04	3.169701E-02	2.468676E-04
1.013259E+04	3.115905E-02	2.431409E-04
1.017217E+04	3.061272E-02	2.393224E-04
1.021176E+04	3.005960E-02	2.354247E-04
