#wls	flux	fluxerr
1.583218E+03	2.147505E-02	3.587953E-04
1.622798E+03	2.142337E-02	3.559688E-04
1.662379E+03	2.569381E-02	4.245187E-04
1.701959E+03	2.129204E-02	3.497520E-04
1.741540E+03	2.121941E-02	3.464813E-04
1.781120E+03	2.551987E-02	4.141476E-04
1.820701E+03	2.107759E-02	3.399011E-04
1.860281E+03	2.540275E-02	4.069959E-04
1.899861E+03	2.535986E-02	4.036029E-04
1.939442E+03	2.093856E-02	3.309563E-04
1.979022E+03	2.533808E-02	3.976767E-04
2.018603E+03	2.537253E-02	3.953361E-04
2.058183E+03	2.100614E-02	3.248679E-04
2.097764E+03	2.556464E-02	3.923440E-04
2.137344E+03	2.124016E-02	3.234138E-04
2.176925E+03	2.597272E-02	3.922795E-04
2.216505E+03	2.627485E-02	3.935477E-04
2.256085E+03	2.198797E-02	3.265276E-04
2.295666E+03	2.236373E-02	3.291947E-04
2.335246E+03	2.764459E-02	4.032607E-04
2.374827E+03	2.332400E-02	3.370828E-04
2.414407E+03	2.391104E-02	3.422769E-04
2.453988E+03	2.975935E-02	4.218256E-04
2.493568E+03	2.530047E-02	3.550181E-04
2.533149E+03	3.159045E-02	4.387014E-04
2.572729E+03	3.263641E-02	4.484179E-04
2.612310E+03	3.377408E-02	4.589914E-04
2.651890E+03	3.500677E-02	4.704176E-04
2.691470E+03	3.012943E-02	4.002210E-04
2.731051E+03	3.778489E-02	4.959853E-04
2.770631E+03	3.934763E-02	5.102370E-04
2.810212E+03	3.413805E-02	4.371728E-04
2.849792E+03	4.287014E-02	5.419834E-04
2.889373E+03	4.485277E-02	5.596155E-04
2.928953E+03	4.699877E-02	5.785044E-04
2.968534E+03	4.122858E-02	5.004793E-04
2.978429E+03	4.174933E-02	5.050160E-04
2.988324E+03	5.053799E-02	6.091607E-04
2.998219E+03	4.281863E-02	5.142747E-04
3.008114E+03	5.180434E-02	6.199652E-04
3.018009E+03	5.245298E-02	6.254612E-04
3.027904E+03	4.449413E-02	5.286305E-04
3.037799E+03	4.507042E-02	5.335198E-04
3.047694E+03	5.446059E-02	6.423044E-04
3.057590E+03	4.625018E-02	5.434527E-04
3.067485E+03	5.584982E-02	6.538076E-04
3.077380E+03	5.655885E-02	6.596274E-04
3.087275E+03	4.808623E-02	5.587004E-04
3.097170E+03	4.871551E-02	5.638656E-04
3.107065E+03	5.874190E-02	6.773242E-04
3.116960E+03	4.999588E-02	5.742659E-04
3.126855E+03	6.024029E-02	6.892649E-04
3.136750E+03	5.130641E-02	5.847645E-04
3.146646E+03	6.177137E-02	7.012889E-04
3.156541E+03	6.254734E-02	7.073086E-04
3.166436E+03	6.333051E-02	7.133348E-04
3.176331E+03	6.411951E-02	7.193512E-04
3.186226E+03	5.470054E-02	6.112274E-04
3.196121E+03	6.571578E-02	7.313600E-04
3.206016E+03	5.609741E-02	6.217916E-04
3.215911E+03	6.733274E-02	7.432909E-04
3.225806E+03	6.814679E-02	7.492012E-04
3.235702E+03	5.822580E-02	6.374985E-04
3.245597E+03	5.894233E-02	6.426755E-04
3.255492E+03	7.060750E-02	7.666657E-04
3.265387E+03	7.143316E-02	7.723890E-04
3.275282E+03	6.110734E-02	6.579619E-04
3.285177E+03	7.308472E-02	7.836017E-04
3.295072E+03	6.255839E-02	6.678915E-04
3.304967E+03	7.473613E-02	7.944981E-04
3.314862E+03	6.401239E-02	6.775769E-04
3.324758E+03	6.473895E-02	6.823117E-04
3.334653E+03	7.720235E-02	8.101411E-04
3.344548E+03	6.618912E-02	6.915448E-04
3.354443E+03	6.691279E-02	6.960445E-04
3.364338E+03	6.763498E-02	7.004610E-04
3.374233E+03	8.044721E-02	8.294668E-04
3.384128E+03	8.124790E-02	8.340007E-04
3.394023E+03	6.978865E-02	7.131751E-04
3.403918E+03	7.050130E-02	7.172269E-04
3.413814E+03	8.362003E-02	8.468545E-04
3.423709E+03	7.192195E-02	7.250872E-04
3.433604E+03	7.262886E-02	7.288858E-04
3.443499E+03	8.594641E-02	8.585999E-04
3.453394E+03	8.671336E-02	8.622902E-04
3.463289E+03	7.474440E-02	7.398472E-04
3.473184E+03	8.823822E-02	8.693764E-04
3.483079E+03	7.615721E-02	7.468643E-04
3.492974E+03	8.976011E-02	8.761646E-04
3.502870E+03	7.758358E-02	7.537649E-04
3.512765E+03	9.128965E-02	8.827625E-04
3.522660E+03	9.206329E-02	8.860485E-04
3.532555E+03	7.977402E-02	7.641416E-04
3.542450E+03	8.051921E-02	7.676197E-04
3.552345E+03	9.441158E-02	8.957756E-04
3.562240E+03	9.520269E-02	8.989672E-04
3.572135E+03	9.599641E-02	9.021188E-04
3.582030E+03	8.356185E-02	7.814922E-04
3.591926E+03	8.433725E-02	7.849426E-04
3.601821E+03	9.840155E-02	9.114154E-04
3.611716E+03	9.921148E-02	9.144640E-04
3.621611E+03	8.670087E-02	7.952667E-04
3.631506E+03	1.008460E-01	9.205074E-04
3.641401E+03	1.016711E-01	9.235062E-04
3.651296E+03	8.912904E-02	8.056189E-04
3.661191E+03	1.033434E-01	9.295149E-04
3.671086E+03	9.079096E-02	8.125947E-04
3.680982E+03	9.163546E-02	8.161085E-04
3.690877E+03	1.059142E-01	9.386126E-04
3.700772E+03	9.335788E-02	8.232405E-04
3.710667E+03	1.076782E-01	9.448050E-04
3.720562E+03	1.085780E-01	9.479616E-04
3.730457E+03	1.094900E-01	9.511598E-04
3.740352E+03	1.104149E-01	9.544050E-04
3.750247E+03	1.113532E-01	9.577014E-04
3.760142E+03	1.123066E-01	9.610620E-04
3.770038E+03	1.132733E-01	9.644704E-04
3.779933E+03	1.142557E-01	9.679467E-04
3.789828E+03	1.017488E-01	8.576538E-04
3.799723E+03	1.162625E-01	9.750550E-04
3.809618E+03	1.037712E-01	8.659054E-04
3.819513E+03	1.183269E-01	9.823801E-04
3.829408E+03	1.193795E-01	9.861119E-04
3.839303E+03	1.204434E-01	9.898709E-04
3.849198E+03	1.215185E-01	9.936564E-04
3.859094E+03	1.090534E-01	8.872186E-04
3.868989E+03	1.236956E-01	1.001251E-03
3.878884E+03	1.247952E-01	1.005040E-03
3.888779E+03	1.258965E-01	1.008782E-03
3.898674E+03	1.134355E-01	9.043395E-04
3.908569E+03	1.145373E-01	9.085102E-04
3.918464E+03	1.156360E-01	9.125956E-04
3.928359E+03	1.167301E-01	9.165856E-04
3.938255E+03	1.178168E-01	9.204608E-04
3.948150E+03	1.188922E-01	9.241930E-04
3.958045E+03	1.334874E-01	1.032440E-03
3.967940E+03	1.345184E-01	1.035206E-03
3.977835E+03	1.355244E-01	1.037740E-03
3.987730E+03	1.365059E-01	1.040049E-03
3.997625E+03	1.374573E-01	1.042099E-03
4.007520E+03	1.383758E-01	1.043872E-03
4.017415E+03	1.392599E-01	1.045363E-03
4.027311E+03	1.401072E-01	1.046560E-03
4.037206E+03	1.276018E-01	9.484917E-04
4.047101E+03	1.284149E-01	9.498946E-04
4.056996E+03	1.291884E-01	9.509947E-04
4.066891E+03	1.299236E-01	9.518078E-04
4.076786E+03	1.306186E-01	9.523276E-04
4.086681E+03	1.312734E-01	9.525597E-04
4.096576E+03	1.318883E-01	9.525131E-04
4.106471E+03	1.453609E-01	1.044907E-03
4.116367E+03	1.330035E-01	9.516460E-04
4.126262E+03	1.335071E-01	9.508611E-04
4.136157E+03	1.339771E-01	9.498675E-04
4.146052E+03	1.469885E-01	1.037423E-03
4.155947E+03	1.348279E-01	9.473565E-04
4.165842E+03	1.476113E-01	1.032613E-03
4.175737E+03	1.478870E-01	1.030043E-03
4.185632E+03	1.359353E-01	9.427367E-04
4.195527E+03	1.362735E-01	9.410843E-04
4.205423E+03	1.486231E-01	1.022092E-03
4.215318E+03	1.488521E-01	1.019468E-03
4.225213E+03	1.490777E-01	1.016896E-03
4.235108E+03	1.493047E-01	1.014412E-03
4.245003E+03	1.495381E-01	1.012050E-03
4.254898E+03	1.382339E-01	9.319842E-04
4.264793E+03	1.500309E-01	1.007752E-03
4.274688E+03	1.389418E-01	9.298694E-04
4.284583E+03	1.505855E-01	1.004215E-03
4.294479E+03	1.508938E-01	1.002787E-03
4.304374E+03	1.512282E-01	1.001626E-03
4.314269E+03	1.515918E-01	1.000752E-03
4.324164E+03	1.519919E-01	1.000214E-03
4.334059E+03	1.524324E-01	1.000039E-03
4.343954E+03	1.529200E-01	1.000272E-03
4.353849E+03	1.534516E-01	1.000893E-03
4.363744E+03	1.434383E-01	9.330260E-04
4.373639E+03	1.546288E-01	1.003184E-03
4.383535E+03	1.448286E-01	9.372535E-04
4.393430E+03	1.559162E-01	1.006599E-03
4.403325E+03	1.463042E-01	9.424011E-04
4.413220E+03	1.470587E-01	9.452223E-04
4.423115E+03	1.579423E-01	1.013112E-03
4.433010E+03	1.485668E-01	9.511466E-04
4.442905E+03	1.592750E-01	1.017869E-03
4.452800E+03	1.599123E-01	1.020226E-03
4.462695E+03	1.507219E-01	9.600906E-04
4.472591E+03	1.513796E-01	9.628899E-04
4.482486E+03	1.616088E-01	1.026596E-03
4.492381E+03	1.525524E-01	9.678998E-04
4.502276E+03	1.530504E-01	9.700062E-04
4.512171E+03	1.534814E-01	9.717984E-04
4.522066E+03	1.630440E-01	1.031472E-03
4.531961E+03	1.632064E-01	1.031748E-03
4.541856E+03	1.632800E-01	1.031585E-03
4.551751E+03	1.632613E-01	1.030961E-03
4.561647E+03	1.544072E-01	9.746851E-04
4.571542E+03	1.629451E-01	1.028317E-03
4.581437E+03	1.541595E-01	9.727388E-04
4.591332E+03	1.622740E-01	1.023919E-03
4.601227E+03	1.535741E-01	9.691168E-04
4.611122E+03	1.612902E-01	1.018023E-03
4.621017E+03	1.607015E-01	1.014637E-03
4.630912E+03	1.600621E-01	1.011045E-03
4.640807E+03	1.593818E-01	1.007306E-03
4.650703E+03	1.510018E-01	9.549800E-04
4.660598E+03	1.503772E-01	9.517709E-04
4.670493E+03	1.572277E-01	9.960156E-04
4.680388E+03	1.491177E-01	9.455851E-04
4.690283E+03	1.558356E-01	9.892829E-04
4.700178E+03	1.551956E-01	9.864214E-04
4.710073E+03	1.546106E-01	9.840069E-04
4.719968E+03	1.469502E-01	9.365943E-04
4.729863E+03	1.536567E-01	9.808458E-04
4.739759E+03	1.462498E-01	9.350985E-04
4.749654E+03	1.460174E-01	9.352391E-04
4.759549E+03	1.528507E-01	9.808073E-04
4.769444E+03	1.457534E-01	9.370731E-04
4.779339E+03	1.526633E-01	9.834841E-04
4.789234E+03	1.457121E-01	9.406847E-04
4.799129E+03	1.457528E-01	9.430136E-04
4.809024E+03	1.458251E-01	9.456290E-04
4.818919E+03	1.528257E-01	9.933597E-04
4.828815E+03	1.529259E-01	9.964268E-04
4.838710E+03	1.530359E-01	9.996384E-04
4.848605E+03	1.531466E-01	1.002934E-03
4.858500E+03	1.532526E-01	1.006275E-03
4.868395E+03	1.464876E-01	9.644539E-04
4.878290E+03	1.465797E-01	9.677251E-04
4.888185E+03	1.534982E-01	1.016259E-03
4.898080E+03	1.535442E-01	1.019485E-03
4.907975E+03	1.535708E-01	1.022647E-03
4.917871E+03	1.467719E-01	9.802814E-04
4.927766E+03	1.467745E-01	9.832630E-04
4.937661E+03	1.535376E-01	1.031726E-03
4.947556E+03	1.534940E-01	1.034642E-03
4.957451E+03	1.466930E-01	9.919141E-04
4.967346E+03	1.533746E-01	1.040401E-03
4.977241E+03	1.533080E-01	1.043301E-03
4.987136E+03	1.465423E-01	1.000506E-03
4.997031E+03	1.531766E-01	1.049239E-03
5.006927E+03	1.531207E-01	1.052335E-03
5.016822E+03	1.530778E-01	1.055557E-03
5.026717E+03	1.530510E-01	1.058927E-03
5.036612E+03	1.530447E-01	1.062474E-03
5.046507E+03	1.464513E-01	1.020171E-03
5.056402E+03	1.530994E-01	1.070142E-03
5.066297E+03	1.531645E-01	1.074290E-03
5.076192E+03	1.466777E-01	1.032357E-03
5.086087E+03	1.468033E-01	1.036838E-03
5.095983E+03	1.469511E-01	1.041508E-03
5.105878E+03	1.471203E-01	1.046362E-03
5.115773E+03	1.473076E-01	1.051378E-03
5.125668E+03	1.475093E-01	1.056529E-03
5.135563E+03	1.542703E-01	1.108858E-03
5.145458E+03	1.544874E-01	1.114348E-03
5.155353E+03	1.547056E-01	1.119877E-03
5.165248E+03	1.549192E-01	1.125403E-03
5.175143E+03	1.485860E-01	1.083230E-03
5.185039E+03	1.553114E-01	1.136284E-03
5.194934E+03	1.554782E-01	1.141549E-03
5.204829E+03	1.556183E-01	1.146640E-03
5.214724E+03	1.492097E-01	1.103328E-03
5.224619E+03	1.492884E-01	1.107834E-03
5.234514E+03	1.493271E-01	1.112057E-03
5.244409E+03	1.558143E-01	1.164486E-03
5.254304E+03	1.557512E-01	1.168141E-03
5.264199E+03	1.556363E-01	1.171413E-03
5.274095E+03	1.490256E-01	1.125624E-03
5.283990E+03	1.488258E-01	1.128085E-03
5.293885E+03	1.549794E-01	1.178870E-03
5.303780E+03	1.546517E-01	1.180517E-03
5.313675E+03	1.542728E-01	1.181760E-03
5.323570E+03	1.538440E-01	1.182606E-03
5.333465E+03	1.533641E-01	1.183039E-03
5.343360E+03	1.465564E-01	1.134467E-03
5.353255E+03	1.522694E-01	1.182788E-03
5.363151E+03	1.454289E-01	1.133570E-03
5.373046E+03	1.510046E-01	1.181098E-03
5.382941E+03	1.503146E-01	1.179749E-03
5.392836E+03	1.434623E-01	1.129833E-03
5.402731E+03	1.427446E-01	1.128023E-03
5.412626E+03	1.480334E-01	1.173801E-03
5.422521E+03	1.472140E-01	1.171262E-03
5.432416E+03	1.404288E-01	1.121052E-03
5.442311E+03	1.396075E-01	1.118242E-03
5.452207E+03	1.446150E-01	1.162230E-03
5.462102E+03	1.437096E-01	1.158802E-03
5.471997E+03	1.427880E-01	1.155189E-03
5.481892E+03	1.361436E-01	1.105069E-03
5.491787E+03	1.352466E-01	1.101393E-03
5.501682E+03	1.399612E-01	1.143511E-03
5.511577E+03	1.390070E-01	1.139406E-03
5.521472E+03	1.380491E-01	1.135213E-03
5.531368E+03	1.316105E-01	1.085748E-03
5.541263E+03	1.361373E-01	1.126685E-03
5.551158E+03	1.351868E-01	1.122378E-03
5.561053E+03	1.342463E-01	1.118096E-03
5.570948E+03	1.333163E-01	1.113843E-03
5.580843E+03	1.271467E-01	1.065620E-03
5.590738E+03	1.314972E-01	1.105510E-03
5.600633E+03	1.306146E-01	1.101485E-03
5.610528E+03	1.297537E-01	1.097589E-03
5.620424E+03	1.289162E-01	1.093838E-03
5.630319E+03	1.281053E-01	1.090260E-03
5.640214E+03	1.223284E-01	1.044240E-03
5.650109E+03	1.216168E-01	1.041283E-03
5.660004E+03	1.209390E-01	1.038570E-03
5.669899E+03	1.202951E-01	1.036105E-03
5.679794E+03	1.245371E-01	1.075805E-03
5.689689E+03	1.191202E-01	1.032028E-03
5.699584E+03	1.233735E-01	1.071993E-03
5.709480E+03	1.181018E-01	1.029159E-03
5.719375E+03	1.176528E-01	1.028199E-03
5.729270E+03	1.219414E-01	1.068729E-03
5.739165E+03	1.168774E-01	1.027262E-03
5.749060E+03	1.165507E-01	1.027288E-03
5.758955E+03	1.162602E-01	1.027609E-03
5.768850E+03	1.206072E-01	1.069012E-03
5.778745E+03	1.157885E-01	1.029154E-03
5.788640E+03	1.156022E-01	1.030337E-03
5.798536E+03	1.199856E-01	1.072344E-03
5.808431E+03	1.153130E-01	1.033400E-03
5.818326E+03	1.197097E-01	1.075716E-03
5.828221E+03	1.151152E-01	1.037224E-03
5.838116E+03	1.195149E-01	1.079760E-03
5.848011E+03	1.149820E-01	1.041584E-03
5.857906E+03	1.193715E-01	1.084221E-03
5.867801E+03	1.148862E-01	1.046242E-03
5.877696E+03	1.148451E-01	1.048619E-03
5.887592E+03	1.191955E-01	1.091189E-03
5.897487E+03	1.147585E-01	1.053306E-03
5.907382E+03	1.147075E-01	1.055566E-03
5.917277E+03	1.146493E-01	1.057750E-03
5.927172E+03	1.145789E-01	1.059813E-03
5.937067E+03	1.144967E-01	1.061758E-03
5.946962E+03	1.186802E-01	1.103352E-03
5.956857E+03	1.142829E-01	1.065160E-03
5.966752E+03	1.183884E-01	1.106206E-03
5.976648E+03	1.182127E-01	1.107337E-03
5.986543E+03	1.180151E-01	1.108249E-03
5.996438E+03	1.177944E-01	1.108931E-03
6.006333E+03	1.175512E-01	1.109386E-03
6.016228E+03	1.172848E-01	1.109608E-03
6.026123E+03	1.169936E-01	1.109578E-03
6.036018E+03	1.126230E-01	1.070748E-03
6.045913E+03	1.163428E-01	1.108818E-03
6.055808E+03	1.159836E-01	1.108089E-03
6.065704E+03	1.116365E-01	1.069150E-03
6.075599E+03	1.152029E-01	1.105979E-03
6.085494E+03	1.147833E-01	1.104613E-03
6.095389E+03	1.143453E-01	1.103050E-03
6.105284E+03	1.100559E-01	1.064225E-03
6.115179E+03	1.134269E-01	1.099452E-03
6.125074E+03	1.129500E-01	1.097449E-03
6.134969E+03	1.087278E-01	1.058949E-03
6.144864E+03	1.082689E-01	1.056992E-03
6.154760E+03	1.078055E-01	1.054971E-03
6.164655E+03	1.109702E-01	1.088516E-03
6.174550E+03	1.068784E-01	1.050861E-03
6.184445E+03	1.064193E-01	1.048816E-03
6.194340E+03	1.094945E-01	1.081665E-03
6.204235E+03	1.055344E-01	1.044992E-03
6.214130E+03	1.085735E-01	1.077602E-03
6.224025E+03	1.047172E-01	1.041754E-03
6.233920E+03	1.043434E-01	1.040453E-03
6.243816E+03	1.073661E-01	1.073077E-03
6.253711E+03	1.070206E-01	1.072099E-03
6.263606E+03	1.033885E-01	1.038102E-03
6.273501E+03	1.031287E-01	1.037873E-03
6.283396E+03	1.061737E-01	1.070966E-03
6.293291E+03	1.059572E-01	1.071222E-03
6.303186E+03	1.025359E-01	1.038991E-03
6.313081E+03	1.056164E-01	1.072632E-03
6.322976E+03	1.022871E-01	1.041166E-03
6.332872E+03	1.053954E-01	1.075220E-03
6.342767E+03	1.053246E-01	1.076906E-03
6.352662E+03	1.052768E-01	1.078821E-03
6.362557E+03	1.052520E-01	1.080967E-03
6.372452E+03	1.020841E-01	1.050754E-03
6.382347E+03	1.052532E-01	1.085764E-03
6.392242E+03	1.052750E-01	1.088377E-03
6.402137E+03	1.021510E-01	1.058391E-03
6.412032E+03	1.053401E-01	1.093813E-03
6.421928E+03	1.053769E-01	1.096570E-03
6.431823E+03	1.054126E-01	1.099313E-03
6.441718E+03	1.054403E-01	1.101968E-03
6.451613E+03	1.022979E-01	1.071418E-03
6.461508E+03	1.054642E-01	1.106937E-03
6.471403E+03	1.054513E-01	1.109153E-03
6.481298E+03	1.022492E-01	1.077747E-03
6.491193E+03	1.053609E-01	1.112884E-03
6.501088E+03	1.052772E-01	1.114331E-03
6.510984E+03	1.051641E-01	1.115457E-03
6.520879E+03	1.018449E-01	1.082495E-03
6.530774E+03	1.048403E-01	1.116636E-03
6.540669E+03	1.046264E-01	1.116651E-03
6.550564E+03	1.043786E-01	1.116289E-03
6.560459E+03	1.009283E-01	1.081590E-03
6.570354E+03	1.037725E-01	1.114327E-03
6.580249E+03	1.002593E-01	1.078778E-03
6.590144E+03	9.987347E-02	1.076788E-03
6.600040E+03	1.025953E-01	1.108347E-03
6.609935E+03	1.021366E-01	1.105591E-03
6.619830E+03	1.016466E-01	1.102469E-03
6.629725E+03	1.011275E-01	1.099004E-03
6.639620E+03	1.005815E-01	1.095219E-03
6.649515E+03	1.000112E-01	1.091139E-03
6.659410E+03	9.941933E-02	1.086793E-03
6.669305E+03	9.880850E-02	1.082209E-03
6.679200E+03	9.818000E-02	1.077400E-03
6.689096E+03	9.753667E-02	1.072396E-03
6.698991E+03	9.386178E-02	1.033964E-03
6.708886E+03	9.321272E-02	1.028768E-03
6.718781E+03	9.554852E-02	1.056546E-03
6.728676E+03	9.189945E-02	1.018112E-03
6.738571E+03	9.419679E-02	1.045523E-03
6.748466E+03	9.352113E-02	1.039964E-03
6.758361E+03	8.992218E-02	1.001805E-03
6.768256E+03	8.926770E-02	9.963569E-04
6.778152E+03	9.151420E-02	1.023316E-03
6.788047E+03	8.798023E-02	9.856073E-04
6.797942E+03	9.021163E-02	1.012454E-03
6.807837E+03	8.957513E-02	1.007143E-03
6.817732E+03	8.611998E-02	9.700530E-04
6.827627E+03	8.833856E-02	9.968421E-04
6.837522E+03	8.493852E-02	9.602011E-04
6.847417E+03	8.436910E-02	9.554751E-04
6.857312E+03	8.658681E-02	9.823430E-04
6.867208E+03	8.603348E-02	9.778034E-04
6.877103E+03	8.274965E-02	9.421498E-04
6.886998E+03	8.224119E-02	9.380160E-04
6.896893E+03	8.446733E-02	9.651036E-04
6.906788E+03	8.127065E-02	9.302092E-04
6.916683E+03	8.350510E-02	9.574565E-04
6.926578E+03	8.036500E-02	9.230596E-04
6.936473E+03	8.260718E-02	9.504624E-04
6.946368E+03	8.218162E-02	9.472046E-04
6.956264E+03	8.177138E-02	9.441048E-04
6.966159E+03	7.873426E-02	9.106055E-04
6.976054E+03	8.099433E-02	9.383538E-04
6.985949E+03	7.800410E-02	9.052594E-04
6.995844E+03	7.766009E-02	9.028073E-04
7.005739E+03	7.732647E-02	9.004615E-04
7.015634E+03	7.960182E-02	9.285345E-04
7.025529E+03	7.928447E-02	9.264021E-04
7.035425E+03	7.897634E-02	9.243644E-04
7.045320E+03	7.610888E-02	8.923082E-04
7.055215E+03	7.839268E-02	9.206339E-04
7.065110E+03	7.811471E-02	9.189141E-04
7.075005E+03	7.784527E-02	9.172838E-04
7.084900E+03	7.758384E-02	9.157376E-04
7.094795E+03	7.732988E-02	9.142697E-04
7.104690E+03	7.708150E-02	9.128586E-04
7.114585E+03	7.432181E-02	8.816476E-04
7.124481E+03	7.409283E-02	8.803993E-04
7.134376E+03	7.386905E-02	8.792049E-04
7.144271E+03	7.614688E-02	9.078272E-04
7.154166E+03	7.592395E-02	9.066776E-04
7.164061E+03	7.570480E-02	9.055661E-04
7.173956E+03	7.548890E-02	9.044870E-04
7.183851E+03	7.280745E-02	8.738105E-04
7.193746E+03	7.260408E-02	8.728199E-04
7.203641E+03	7.240095E-02	8.718266E-04
7.213537E+03	7.464298E-02	9.003205E-04
7.223432E+03	7.443391E-02	8.992939E-04
7.233327E+03	7.179591E-02	8.688673E-04
7.243222E+03	7.401529E-02	8.972192E-04
7.253117E+03	7.139223E-02	8.668660E-04
7.263012E+03	7.118767E-02	8.658254E-04
7.272907E+03	7.337803E-02	8.939575E-04
7.282802E+03	7.316236E-02	8.928216E-04
7.292697E+03	7.294211E-02	8.916253E-04
7.302593E+03	7.035026E-02	8.613862E-04
7.312488E+03	7.013304E-02	8.601698E-04
7.322383E+03	7.226301E-02	8.877856E-04
7.332278E+03	6.968490E-02	8.575563E-04
7.342173E+03	7.178795E-02	8.849300E-04
7.352068E+03	6.921753E-02	8.546896E-04
7.361963E+03	7.129048E-02	8.817804E-04
7.371858E+03	6.872765E-02	8.515278E-04
7.381753E+03	7.076780E-02	8.783007E-04
7.391649E+03	7.049539E-02	8.764164E-04
7.401544E+03	6.794740E-02	8.461882E-04
7.411439E+03	6.993186E-02	8.724000E-04
7.421334E+03	6.964144E-02	8.702761E-04
7.431229E+03	6.934770E-02	8.681055E-04
7.441124E+03	6.683318E-02	8.380814E-04
7.451019E+03	6.874878E-02	8.636052E-04
7.460914E+03	6.844665E-02	8.613135E-04
7.470809E+03	6.596872E-02	8.315891E-04
7.480705E+03	6.568077E-02	8.294180E-04
7.490600E+03	6.539367E-02	8.272530E-04
7.500495E+03	6.724519E-02	8.521859E-04
7.510390E+03	6.483107E-02	8.230571E-04
7.520285E+03	6.455681E-02	8.210426E-04
7.530180E+03	6.638852E-02	8.458565E-04
7.540075E+03	6.403272E-02	8.173135E-04
7.549970E+03	6.378421E-02	8.156164E-04
7.559865E+03	6.354689E-02	8.140589E-04
7.569761E+03	6.332186E-02	8.126560E-04
7.579656E+03	6.311139E-02	8.114373E-04
7.589551E+03	6.494566E-02	8.365542E-04
7.599446E+03	6.475283E-02	8.356063E-04
7.609341E+03	6.457529E-02	8.348542E-04
7.619236E+03	6.441457E-02	8.343185E-04
7.629131E+03	6.426779E-02	8.339628E-04
7.639026E+03	6.413739E-02	8.338196E-04
7.648921E+03	6.402153E-02	8.338661E-04
7.658817E+03	6.392093E-02	8.341123E-04
7.668712E+03	6.383209E-02	8.345134E-04
7.678607E+03	6.375685E-02	8.350943E-04
7.688502E+03	6.369427E-02	8.358433E-04
7.698397E+03	6.168528E-02	8.110044E-04
7.708292E+03	6.359867E-02	8.377380E-04
7.718187E+03	6.161766E-02	8.131769E-04
7.728082E+03	6.353936E-02	8.401240E-04
7.737977E+03	6.157957E-02	8.157535E-04
7.747873E+03	6.156998E-02	8.171727E-04
7.757768E+03	6.156396E-02	8.186435E-04
7.767663E+03	6.156055E-02	8.201530E-04
7.777558E+03	6.156158E-02	8.217257E-04
7.787453E+03	6.156346E-02	8.233137E-04
7.797348E+03	6.348180E-02	8.505842E-04
7.807243E+03	6.156804E-02	8.265125E-04
7.817138E+03	6.347719E-02	8.537646E-04
7.827033E+03	6.347439E-02	8.553533E-04
7.836929E+03	6.346762E-02	8.568917E-04
7.846824E+03	6.156687E-02	8.328129E-04
7.856719E+03	6.344620E-02	8.598697E-04
7.866614E+03	6.155058E-02	8.357679E-04
7.876509E+03	6.340854E-02	8.626361E-04
7.886404E+03	6.338353E-02	8.639376E-04
7.896299E+03	6.149553E-02	8.397986E-04
7.906194E+03	6.331888E-02	8.663435E-04
7.916089E+03	6.143562E-02	8.421742E-04
7.925985E+03	6.139910E-02	8.432724E-04
7.935880E+03	6.135967E-02	8.443307E-04
7.945775E+03	6.131452E-02	8.453095E-04
7.955670E+03	6.126658E-02	8.462491E-04
7.965565E+03	6.121459E-02	8.471315E-04
7.975460E+03	6.295187E-02	8.728205E-04
7.985355E+03	6.288516E-02	8.735423E-04
7.995250E+03	6.104443E-02	8.495722E-04
8.005145E+03	6.098216E-02	8.503043E-04
8.015041E+03	6.091815E-02	8.510097E-04
8.024936E+03	6.085265E-02	8.516916E-04
8.034831E+03	6.251868E-02	8.766505E-04
8.044726E+03	6.071954E-02	8.530170E-04
8.054621E+03	6.065094E-02	8.536461E-04
8.064516E+03	6.058174E-02	8.542635E-04
8.074411E+03	6.051222E-02	8.548727E-04
8.084306E+03	6.044259E-02	8.554767E-04
8.094201E+03	6.037310E-02	8.560789E-04
8.104097E+03	6.197035E-02	8.803552E-04
8.113992E+03	6.023391E-02	8.572686E-04
8.123887E+03	6.181555E-02	8.814017E-04
8.133782E+03	6.009646E-02	8.584668E-04
8.143677E+03	6.002948E-02	8.590846E-04
8.153572E+03	6.158818E-02	8.830058E-04
8.163467E+03	6.151611E-02	8.835843E-04
8.173362E+03	6.144441E-02	8.841636E-04
8.183257E+03	6.137490E-02	8.847695E-04
8.193153E+03	6.130617E-02	8.853820E-04
8.203048E+03	6.123997E-02	8.860261E-04
8.212943E+03	6.117496E-02	8.866828E-04
8.222838E+03	6.111130E-02	8.873541E-04
8.232733E+03	5.947428E-02	8.651340E-04
8.242628E+03	6.099183E-02	8.887968E-04
8.252523E+03	5.936767E-02	8.666729E-04
8.262418E+03	6.087971E-02	8.903277E-04
8.272313E+03	6.082676E-02	8.911318E-04
8.282209E+03	5.922100E-02	8.691415E-04
8.292104E+03	6.072776E-02	8.928269E-04
8.301999E+03	6.068035E-02	8.936984E-04
8.311894E+03	6.063554E-02	8.946036E-04
8.321789E+03	6.059337E-02	8.955433E-04
8.331684E+03	5.901253E-02	8.736980E-04
8.341579E+03	5.897539E-02	8.746636E-04
8.351474E+03	6.047736E-02	8.984911E-04
8.361369E+03	5.890644E-02	8.766615E-04
8.371265E+03	6.040925E-02	9.005716E-04
8.381160E+03	5.884286E-02	8.787222E-04
8.391055E+03	6.034673E-02	9.027179E-04
8.400950E+03	6.031841E-02	9.038287E-04
8.410845E+03	6.028991E-02	9.049323E-04
8.420740E+03	6.026442E-02	9.060770E-04
8.430635E+03	6.023875E-02	9.072145E-04
8.440530E+03	6.021288E-02	9.083448E-04
8.450425E+03	5.864763E-02	8.862095E-04
8.460321E+03	5.862051E-02	8.872734E-04
8.470216E+03	6.014169E-02	9.118064E-04
8.480111E+03	6.011788E-02	9.129502E-04
8.490006E+03	6.009368E-02	9.140835E-04
8.499901E+03	5.851500E-02	8.915284E-04
8.509796E+03	5.848610E-02	8.925421E-04
8.519691E+03	5.845672E-02	8.935437E-04
8.529586E+03	5.842678E-02	8.945319E-04
8.539481E+03	5.996712E-02	9.195952E-04
8.549377E+03	5.836211E-02	8.964196E-04
8.559272E+03	5.832723E-02	8.973166E-04
8.569167E+03	5.987643E-02	9.226169E-04
8.579062E+03	5.984203E-02	9.235494E-04
8.588957E+03	5.821058E-02	8.997899E-04
8.598852E+03	5.976598E-02	9.252856E-04
8.608747E+03	5.972425E-02	9.260877E-04
8.618642E+03	5.807121E-02	9.018597E-04
8.628538E+03	5.963162E-02	9.275314E-04
8.638433E+03	5.796304E-02	9.029717E-04
8.648328E+03	5.790528E-02	9.034605E-04
8.658223E+03	5.784350E-02	9.038797E-04
8.668118E+03	5.777766E-02	9.042286E-04
8.678013E+03	5.770778E-02	9.045070E-04
8.687908E+03	5.763384E-02	9.047141E-04
8.697803E+03	5.755747E-02	9.048756E-04
8.707698E+03	5.909977E-02	9.305151E-04
8.717594E+03	5.901185E-02	9.305171E-04
8.727489E+03	5.891808E-02	9.304183E-04
8.737384E+03	5.882014E-02	9.302450E-04
8.747279E+03	5.871469E-02	9.299437E-04
8.757174E+03	5.700708E-02	9.042205E-04
8.767069E+03	5.848976E-02	9.290906E-04
8.776964E+03	5.837029E-02	9.285385E-04
8.786859E+03	5.667797E-02	9.029197E-04
8.796754E+03	5.811753E-02	9.271838E-04
8.806650E+03	5.644267E-02	9.017521E-04
8.816545E+03	5.784875E-02	9.255322E-04
8.826440E+03	5.619395E-02	9.003307E-04
8.836335E+03	5.756587E-02	9.236120E-04
8.846230E+03	5.742198E-02	9.225964E-04
8.856125E+03	5.580711E-02	8.979025E-04
8.866020E+03	5.567531E-02	8.970269E-04
8.875915E+03	5.553992E-02	8.960831E-04
8.885810E+03	5.540591E-02	8.951511E-04
8.895706E+03	5.667429E-02	9.168973E-04
8.905601E+03	5.513232E-02	8.931661E-04
8.945181E+03	5.591224E-02	9.106868E-04
8.984762E+03	5.403338E-02	8.847358E-04
9.024342E+03	5.349118E-02	8.803928E-04
9.063922E+03	5.296140E-02	8.760936E-04
9.103503E+03	5.358471E-02	8.908055E-04
9.143083E+03	5.304904E-02	8.861866E-04
9.182664E+03	5.253028E-02	8.816944E-04
9.222244E+03	5.202450E-02	8.772688E-04
9.261825E+03	5.152940E-02	8.728757E-04
9.301405E+03	5.103880E-02	8.684144E-04
9.340986E+03	4.954857E-02	8.467285E-04
9.380566E+03	4.907178E-02	8.421496E-04
9.420146E+03	4.858575E-02	8.372772E-04
9.459727E+03	4.808927E-02	8.320904E-04
9.499307E+03	4.853990E-02	8.432240E-04
9.538888E+03	4.704889E-02	8.204944E-04
9.578468E+03	4.744887E-02	8.306065E-04
9.618049E+03	4.687337E-02	8.235699E-04
9.657629E+03	4.533673E-02	7.994508E-04
9.697210E+03	4.565116E-02	8.078369E-04
9.736790E+03	4.408033E-02	7.827277E-04
9.776370E+03	4.433203E-02	7.898448E-04
9.815951E+03	4.272289E-02	7.636743E-04
9.855531E+03	4.291034E-02	7.694822E-04
9.895112E+03	4.126808E-02	7.423458E-04
9.934692E+03	4.050968E-02	7.309259E-04
9.974273E+03	3.972946E-02	7.189808E-04
1.001385E+04	3.980397E-02	7.224196E-04
1.005343E+04	3.898411E-02	7.095421E-04
1.009301E+04	3.815517E-02	6.963714E-04
1.013259E+04	3.647472E-02	6.674931E-04
1.017217E+04	3.564089E-02	6.539454E-04
1.021176E+04	3.480493E-02	6.402408E-04
