#wls	flux	fluxerr
1.583218E+03	8.884309E-04	5.251864E-05
1.622798E+03	8.958094E-04	5.270976E-05
1.662379E+03	9.041218E-04	5.294571E-05
1.701959E+03	9.129755E-04	5.320254E-05
1.741540E+03	9.231830E-04	5.352661E-05
1.781120E+03	9.343540E-04	5.389392E-05
1.820701E+03	9.464994E-04	5.430388E-05
1.860281E+03	9.600365E-04	5.477905E-05
1.899861E+03	9.745742E-04	5.529551E-05
1.939442E+03	9.905337E-04	5.587565E-05
1.979022E+03	1.007932E-03	5.651857E-05
2.018603E+03	1.026789E-03	5.722337E-05
2.058183E+03	1.047123E-03	5.798907E-05
2.097764E+03	1.069368E-03	5.883744E-05
2.137344E+03	1.093552E-03	5.976722E-05
2.176925E+03	1.119702E-03	6.077712E-05
2.216505E+03	1.147847E-03	6.186577E-05
2.256085E+03	1.178019E-03	6.303176E-05
2.295666E+03	1.210673E-03	6.429603E-05
2.335246E+03	1.245427E-03	6.563453E-05
2.374827E+03	1.282744E-03	6.706791E-05
2.414407E+03	1.322243E-03	6.857220E-05
2.453988E+03	1.364398E-03	7.016781E-05
2.493568E+03	1.409262E-03	7.185282E-05
2.533149E+03	1.456894E-03	7.362531E-05
2.572729E+03	1.507355E-03	7.548332E-05
2.612310E+03	1.561591E-03	7.746834E-05
2.651890E+03	1.619251E-03	7.955630E-05
2.691470E+03	1.680424E-03	8.174504E-05
2.731051E+03	1.746100E-03	8.407535E-05
2.770631E+03	1.816405E-03	8.654471E-05
2.810212E+03	1.891478E-03	8.915068E-05
2.849792E+03	1.971926E-03	9.191215E-05
2.889373E+03	2.057928E-03	9.482675E-05
2.928953E+03	2.150606E-03	9.793438E-05
2.968534E+03	2.249738E-03	1.012117E-04
2.978429E+03	2.275646E-03	1.020613E-04
2.988324E+03	2.302152E-03	1.029290E-04
2.998219E+03	2.329261E-03	1.038150E-04
3.008114E+03	2.356983E-03	1.047192E-04
3.018009E+03	2.384850E-03	1.056208E-04
3.027904E+03	2.413337E-03	1.065405E-04
3.037799E+03	2.442448E-03	1.074782E-04
3.047694E+03	2.472191E-03	1.084340E-04
3.057590E+03	2.502573E-03	1.094078E-04
3.067485E+03	2.533599E-03	1.103995E-04
3.077380E+03	2.564802E-03	1.113886E-04
3.087275E+03	2.597135E-03	1.124162E-04
3.097170E+03	2.629659E-03	1.134411E-04
3.107065E+03	2.663327E-03	1.145044E-04
3.116960E+03	2.697677E-03	1.155855E-04
3.126855E+03	2.732233E-03	1.166638E-04
3.136750E+03	2.767964E-03	1.177805E-04
3.146646E+03	2.804395E-03	1.189147E-04
3.156541E+03	2.841537E-03	1.200667E-04
3.166436E+03	2.879882E-03	1.212567E-04
3.176331E+03	2.918956E-03	1.224643E-04
3.186226E+03	2.958770E-03	1.236895E-04
3.196121E+03	2.999331E-03	1.249322E-04
3.206016E+03	3.041136E-03	1.262127E-04
3.215911E+03	3.084199E-03	1.275310E-04
3.225806E+03	3.128041E-03	1.288666E-04
3.235702E+03	3.172675E-03	1.302197E-04
3.245597E+03	3.218602E-03	1.316103E-04
3.255492E+03	3.266328E-03	1.330584E-04
3.265387E+03	3.314390E-03	1.345038E-04
3.275282E+03	3.364280E-03	1.360065E-04
3.285177E+03	3.415521E-03	1.375464E-04
3.295072E+03	3.468128E-03	1.391234E-04
3.304967E+03	3.522117E-03	1.407374E-04
3.314862E+03	3.577503E-03	1.423884E-04
3.324758E+03	3.634303E-03	1.440763E-04
3.334653E+03	3.693035E-03	1.458207E-04
3.344548E+03	3.753215E-03	1.476018E-04
3.354443E+03	3.815369E-03	1.494392E-04
3.364338E+03	3.879009E-03	1.513130E-04
3.374233E+03	3.945169E-03	1.532625E-04
3.384128E+03	4.012857E-03	1.552482E-04
3.394023E+03	4.082600E-03	1.572894E-04
3.403918E+03	4.154420E-03	1.593860E-04
3.413814E+03	4.228341E-03	1.615378E-04
3.423709E+03	4.304385E-03	1.637446E-04
3.433604E+03	4.383093E-03	1.660257E-04
3.443499E+03	4.463972E-03	1.683611E-04
3.453394E+03	4.547567E-03	1.707702E-04
3.463289E+03	4.633905E-03	1.732526E-04
3.473184E+03	4.723012E-03	1.758079E-04
3.483079E+03	4.814388E-03	1.784160E-04
3.492974E+03	4.909114E-03	1.811156E-04
3.502870E+03	5.006691E-03	1.838867E-04
3.512765E+03	5.107676E-03	1.867481E-04
3.522660E+03	5.211565E-03	1.896798E-04
3.532555E+03	5.318923E-03	1.927006E-04
3.542450E+03	5.429775E-03	1.958097E-04
3.552345E+03	5.544156E-03	1.990064E-04
3.562240E+03	5.662088E-03	2.022899E-04
3.572135E+03	5.784149E-03	2.056786E-04
3.582030E+03	5.909820E-03	2.091521E-04
3.591926E+03	6.039127E-03	2.127095E-04
3.601821E+03	6.173196E-03	2.163882E-04
3.611716E+03	6.310958E-03	2.201485E-04
3.621611E+03	6.452984E-03	2.240084E-04
3.631506E+03	6.599301E-03	2.279664E-04
3.641401E+03	6.750490E-03	2.320404E-04
3.651296E+03	6.906019E-03	2.362095E-04
3.661191E+03	7.066467E-03	2.404912E-04
3.671086E+03	7.231856E-03	2.448837E-04
3.680982E+03	7.401637E-03	2.493658E-04
3.690877E+03	7.576963E-03	2.539738E-04
3.700772E+03	7.756709E-03	2.586674E-04
3.710667E+03	7.942602E-03	2.635015E-04
3.720562E+03	8.132934E-03	2.684166E-04
3.730457E+03	8.329435E-03	2.734671E-04
3.740352E+03	8.530965E-03	2.786125E-04
3.750247E+03	8.738098E-03	2.838689E-04
3.760142E+03	8.951420E-03	2.892524E-04
3.770038E+03	9.170349E-03	2.947409E-04
3.779933E+03	9.394873E-03	3.003312E-04
3.789828E+03	9.625576E-03	3.060390E-04
3.799723E+03	9.862440E-03	3.118606E-04
3.809618E+03	1.010546E-02	3.177924E-04
3.819513E+03	1.035401E-02	3.238121E-04
3.829408E+03	1.060985E-02	3.299716E-04
3.839303E+03	1.087119E-02	3.362112E-04
3.849198E+03	1.113916E-02	3.425636E-04
3.859094E+03	1.141374E-02	3.490248E-04
3.868989E+03	1.169489E-02	3.555901E-04
3.878884E+03	1.198257E-02	3.622548E-04
3.888779E+03	1.227673E-02	3.690146E-04
3.898674E+03	1.257791E-02	3.758824E-04
3.908569E+03	1.288486E-02	3.828174E-04
3.918464E+03	1.319932E-02	3.898686E-04
3.928359E+03	1.352001E-02	3.969948E-04
3.938255E+03	1.384747E-02	4.042087E-04
3.948150E+03	1.418162E-02	4.115049E-04
3.958045E+03	1.452239E-02	4.188780E-04
3.967940E+03	1.486967E-02	4.263225E-04
3.977835E+03	1.522338E-02	4.338329E-04
3.987730E+03	1.558403E-02	4.414210E-04
3.997625E+03	1.595091E-02	4.490635E-04
4.007520E+03	1.632451E-02	4.567721E-04
4.017415E+03	1.670413E-02	4.645239E-04
4.027311E+03	1.709024E-02	4.723300E-04
4.037206E+03	1.748211E-02	4.801676E-04
4.047101E+03	1.788022E-02	4.880480E-04
4.056996E+03	1.828444E-02	4.959652E-04
4.066891E+03	1.869402E-02	5.038967E-04
4.076786E+03	1.910941E-02	5.118533E-04
4.086681E+03	1.953048E-02	5.198295E-04
4.096576E+03	1.995645E-02	5.278028E-04
4.106471E+03	2.038776E-02	5.357842E-04
4.116367E+03	2.082364E-02	5.437515E-04
4.126262E+03	2.126452E-02	5.517157E-04
4.136157E+03	2.170960E-02	5.596549E-04
4.146052E+03	2.215871E-02	5.675645E-04
4.155947E+03	2.261161E-02	5.754380E-04
4.165842E+03	2.306877E-02	5.832873E-04
4.175737E+03	2.352810E-02	5.910595E-04
4.185632E+03	2.399122E-02	5.987965E-04
4.195527E+03	2.445669E-02	6.064626E-04
4.205423E+03	2.492427E-02	6.140528E-04
4.215318E+03	2.539372E-02	6.215631E-04
4.225213E+03	2.586417E-02	6.289737E-04
4.235108E+03	2.633599E-02	6.362955E-04
4.245003E+03	2.680829E-02	6.435094E-04
4.254898E+03	2.728019E-02	6.505972E-04
4.264793E+03	2.775203E-02	6.575699E-04
4.274688E+03	2.822296E-02	6.644104E-04
4.284583E+03	2.869266E-02	6.711153E-04
4.294479E+03	2.916031E-02	6.776690E-04
4.304374E+03	2.962561E-02	6.840694E-04
4.314269E+03	3.008837E-02	6.903164E-04
4.324164E+03	3.054714E-02	6.963820E-04
4.334059E+03	3.100297E-02	7.022955E-04
4.343954E+03	3.145392E-02	7.080186E-04
4.353849E+03	3.190051E-02	7.135686E-04
4.363744E+03	3.234267E-02	7.189507E-04
4.373639E+03	3.277924E-02	7.241449E-04
4.383535E+03	3.321087E-02	7.291724E-04
4.393430E+03	3.363644E-02	7.340153E-04
4.403325E+03	3.405669E-02	7.386968E-04
4.413220E+03	3.447119E-02	7.432142E-04
4.423115E+03	3.488013E-02	7.475790E-04
4.433010E+03	3.528254E-02	7.517776E-04
4.442905E+03	3.567927E-02	7.558351E-04
4.452800E+03	3.606996E-02	7.597518E-04
4.462695E+03	3.645488E-02	7.635401E-04
4.472591E+03	3.683317E-02	7.671898E-04
4.482486E+03	3.720574E-02	7.707258E-04
4.492381E+03	3.757172E-02	7.741366E-04
4.502276E+03	3.793150E-02	7.774362E-04
4.512171E+03	3.828484E-02	7.806254E-04
4.522066E+03	3.863214E-02	7.837192E-04
4.531961E+03	3.897319E-02	7.867188E-04
4.541856E+03	3.930787E-02	7.896281E-04
4.551751E+03	3.963604E-02	7.924498E-04
4.561647E+03	3.995870E-02	7.952104E-04
4.571542E+03	4.027466E-02	7.978917E-04
4.581437E+03	4.058495E-02	8.005199E-04
4.591332E+03	4.088956E-02	8.031004E-04
4.601227E+03	4.118787E-02	8.056270E-04
4.611122E+03	4.148102E-02	8.081271E-04
4.621017E+03	4.176843E-02	8.105952E-04
4.630912E+03	4.205127E-02	8.130592E-04
4.640807E+03	4.232849E-02	8.155041E-04
4.650703E+03	4.260175E-02	8.179668E-04
4.660598E+03	4.287001E-02	8.204328E-04
4.670493E+03	4.313443E-02	8.229288E-04
4.680388E+03	4.339504E-02	8.254603E-04
4.690283E+03	4.365184E-02	8.280321E-04
4.700178E+03	4.390591E-02	8.306694E-04
4.710073E+03	4.415721E-02	8.333755E-04
4.719968E+03	4.440567E-02	8.361539E-04
4.729863E+03	4.465275E-02	8.390363E-04
4.739759E+03	4.489829E-02	8.420238E-04
4.749654E+03	4.514312E-02	8.451358E-04
4.759549E+03	4.538699E-02	8.483721E-04
4.769444E+03	4.563010E-02	8.517400E-04
4.779339E+03	4.587258E-02	8.552463E-04
4.789234E+03	4.611356E-02	8.588784E-04
4.799129E+03	4.635306E-02	8.626404E-04
4.809024E+03	4.659165E-02	8.665468E-04
4.818919E+03	4.682773E-02	8.705717E-04
4.828815E+03	4.706232E-02	8.747376E-04
4.838710E+03	4.729480E-02	8.790364E-04
4.848605E+03	4.752509E-02	8.834700E-04
4.858500E+03	4.775305E-02	8.880387E-04
4.868395E+03	4.797858E-02	8.927398E-04
4.878290E+03	4.820207E-02	8.975798E-04
4.888185E+03	4.842339E-02	9.025545E-04
4.898080E+03	4.864189E-02	9.076504E-04
4.907975E+03	4.885849E-02	9.128831E-04
4.917871E+03	4.907258E-02	9.182391E-04
4.927766E+03	4.928512E-02	9.237342E-04
4.937661E+03	4.949499E-02	9.293454E-04
4.947556E+03	4.970366E-02	9.350980E-04
4.957451E+03	4.991064E-02	9.409803E-04
4.967346E+03	5.011639E-02	9.469988E-04
4.977241E+03	5.032097E-02	9.531516E-04
4.987136E+03	5.052435E-02	9.594359E-04
4.997031E+03	5.072766E-02	9.658705E-04
5.006927E+03	5.093040E-02	9.724430E-04
5.016822E+03	5.113321E-02	9.791630E-04
5.026717E+03	5.133661E-02	9.860383E-04
5.036612E+03	5.154075E-02	9.930687E-04
5.046507E+03	5.174618E-02	1.000262E-03
5.056402E+03	5.195244E-02	1.007608E-03
5.066297E+03	5.216066E-02	1.015125E-03
5.076192E+03	5.237083E-02	1.022811E-03
5.086087E+03	5.258352E-02	1.030675E-03
5.095983E+03	5.279866E-02	1.038712E-03
5.105878E+03	5.301676E-02	1.046932E-03
5.115773E+03	5.323713E-02	1.055319E-03
5.125668E+03	5.346071E-02	1.063888E-03
5.135563E+03	5.368781E-02	1.072644E-03
5.145458E+03	5.391766E-02	1.081571E-03
5.155353E+03	5.415045E-02	1.090670E-03
5.165248E+03	5.438578E-02	1.099931E-03
5.175143E+03	5.462434E-02	1.109366E-03
5.185039E+03	5.486562E-02	1.118963E-03
5.194934E+03	5.510901E-02	1.128709E-03
5.204829E+03	5.535393E-02	1.138589E-03
5.214724E+03	5.560018E-02	1.148597E-03
5.224619E+03	5.584819E-02	1.158741E-03
5.234514E+03	5.609603E-02	1.168977E-03
5.244409E+03	5.634393E-02	1.179309E-03
5.254304E+03	5.659049E-02	1.189706E-03
5.264199E+03	5.683645E-02	1.200179E-03
5.274095E+03	5.707973E-02	1.210684E-03
5.283990E+03	5.732047E-02	1.221219E-03
5.293885E+03	5.755712E-02	1.231749E-03
5.303780E+03	5.778979E-02	1.242273E-03
5.313675E+03	5.801691E-02	1.252754E-03
5.323570E+03	5.823865E-02	1.263193E-03
5.333465E+03	5.845343E-02	1.273551E-03
5.343360E+03	5.866090E-02	1.283816E-03
5.353255E+03	5.886010E-02	1.293964E-03
5.363151E+03	5.905016E-02	1.303971E-03
5.373046E+03	5.923143E-02	1.313840E-03
5.382941E+03	5.940251E-02	1.323535E-03
5.392836E+03	5.956267E-02	1.333035E-03
5.402731E+03	5.971123E-02	1.342320E-03
5.412626E+03	5.984879E-02	1.351397E-03
5.422521E+03	5.997419E-02	1.360235E-03
5.432416E+03	6.008697E-02	1.368818E-03
5.442311E+03	6.018735E-02	1.377146E-03
5.452207E+03	6.027438E-02	1.385192E-03
5.462102E+03	6.034904E-02	1.392973E-03
5.471997E+03	6.040937E-02	1.400437E-03
5.481892E+03	6.045711E-02	1.407620E-03
5.491787E+03	6.049114E-02	1.414490E-03
5.501682E+03	6.051155E-02	1.421043E-03
5.511577E+03	6.051864E-02	1.427283E-03
5.521472E+03	6.051333E-02	1.433224E-03
5.531368E+03	6.049554E-02	1.438861E-03
5.541263E+03	6.046578E-02	1.444200E-03
5.551158E+03	6.042420E-02	1.449241E-03
5.561053E+03	6.037213E-02	1.454011E-03
5.570948E+03	6.030988E-02	1.458514E-03
5.580843E+03	6.023834E-02	1.462767E-03
5.590738E+03	6.015856E-02	1.466792E-03
5.600633E+03	6.007104E-02	1.470599E-03
5.610528E+03	5.997634E-02	1.474198E-03
5.620424E+03	5.987680E-02	1.477645E-03
5.630319E+03	5.977250E-02	1.480939E-03
5.640214E+03	5.966406E-02	1.484094E-03
5.650109E+03	5.955391E-02	1.487169E-03
5.660004E+03	5.944154E-02	1.490150E-03
5.669899E+03	5.932935E-02	1.493097E-03
5.679794E+03	5.921740E-02	1.496011E-03
5.689689E+03	5.910681E-02	1.498921E-03
5.699584E+03	5.899817E-02	1.501841E-03
5.709480E+03	5.889310E-02	1.504813E-03
5.719375E+03	5.879202E-02	1.507850E-03
5.729270E+03	5.869526E-02	1.510960E-03
5.739165E+03	5.860313E-02	1.514154E-03
5.749060E+03	5.851744E-02	1.517478E-03
5.758955E+03	5.843719E-02	1.520910E-03
5.768850E+03	5.836349E-02	1.524479E-03
5.778745E+03	5.829620E-02	1.528184E-03
5.788640E+03	5.823514E-02	1.532023E-03
5.798536E+03	5.818110E-02	1.536017E-03
5.808431E+03	5.813368E-02	1.540159E-03
5.818326E+03	5.809240E-02	1.544437E-03
5.828221E+03	5.805667E-02	1.548838E-03
5.838116E+03	5.802693E-02	1.553376E-03
5.848011E+03	5.800246E-02	1.558033E-03
5.857906E+03	5.798301E-02	1.562804E-03
5.867801E+03	5.796720E-02	1.567654E-03
5.877696E+03	5.795523E-02	1.572589E-03
5.887592E+03	5.794675E-02	1.577601E-03
5.897487E+03	5.794025E-02	1.582651E-03
5.907382E+03	5.793593E-02	1.587744E-03
5.917277E+03	5.793278E-02	1.592854E-03
5.927172E+03	5.792991E-02	1.597958E-03
5.937067E+03	5.792803E-02	1.603075E-03
5.946962E+03	5.792513E-02	1.608150E-03
5.956857E+03	5.792150E-02	1.613192E-03
5.966752E+03	5.791628E-02	1.618178E-03
5.976648E+03	5.790925E-02	1.623100E-03
5.986543E+03	5.790077E-02	1.627970E-03
5.996438E+03	5.788965E-02	1.632754E-03
6.006333E+03	5.787635E-02	1.637465E-03
6.016228E+03	5.786084E-02	1.642102E-03
6.026123E+03	5.784206E-02	1.646636E-03
6.036018E+03	5.782122E-02	1.651100E-03
6.045913E+03	5.779733E-02	1.655466E-03
6.055808E+03	5.777170E-02	1.659773E-03
6.065704E+03	5.774347E-02	1.663994E-03
6.075599E+03	5.771348E-02	1.668156E-03
6.085494E+03	5.768206E-02	1.672267E-03
6.095389E+03	5.764960E-02	1.676340E-03
6.105284E+03	5.761601E-02	1.680372E-03
6.115179E+03	5.758232E-02	1.684395E-03
6.125074E+03	5.754853E-02	1.688407E-03
6.134969E+03	5.751579E-02	1.692445E-03
6.144864E+03	5.748478E-02	1.696530E-03
6.154760E+03	5.745569E-02	1.700668E-03
6.164655E+03	5.743044E-02	1.704919E-03
6.174550E+03	5.740994E-02	1.709309E-03
6.184445E+03	5.739518E-02	1.713872E-03
6.194340E+03	5.738775E-02	1.718654E-03
6.204235E+03	5.738932E-02	1.723708E-03
6.214130E+03	5.740100E-02	1.729069E-03
6.224025E+03	5.742504E-02	1.734807E-03
6.233920E+03	5.746140E-02	1.740923E-03
6.243816E+03	5.751285E-02	1.747504E-03
6.253711E+03	5.758029E-02	1.754582E-03
6.263606E+03	5.766404E-02	1.762170E-03
6.273501E+03	5.776594E-02	1.770327E-03
6.283396E+03	5.788652E-02	1.779075E-03
6.293291E+03	5.802673E-02	1.788447E-03
6.303186E+03	5.818560E-02	1.798417E-03
6.313081E+03	5.836483E-02	1.809044E-03
6.322976E+03	5.856352E-02	1.820303E-03
6.332872E+03	5.878175E-02	1.832203E-03
6.342767E+03	5.901814E-02	1.844703E-03
6.352662E+03	5.927218E-02	1.857794E-03
6.362557E+03	5.954316E-02	1.871456E-03
6.372452E+03	5.982814E-02	1.885600E-03
6.382347E+03	6.012581E-02	1.900189E-03
6.392242E+03	6.043453E-02	1.915174E-03
6.402137E+03	6.075116E-02	1.930457E-03
6.412032E+03	6.107350E-02	1.945969E-03
6.421928E+03	6.139914E-02	1.961635E-03
6.431823E+03	6.172482E-02	1.977350E-03
6.441718E+03	6.204837E-02	1.993045E-03
6.451613E+03	6.236615E-02	2.008600E-03
6.461508E+03	6.267507E-02	2.023916E-03
6.471403E+03	6.297129E-02	2.038864E-03
6.481298E+03	6.325160E-02	2.053336E-03
6.491193E+03	6.351217E-02	2.067204E-03
6.501088E+03	6.375058E-02	2.080383E-03
6.510984E+03	6.396245E-02	2.092724E-03
6.520879E+03	6.414503E-02	2.104130E-03
6.530774E+03	6.429499E-02	2.114482E-03
6.540669E+03	6.441006E-02	2.123699E-03
6.550564E+03	6.448754E-02	2.131681E-03
6.560459E+03	6.452512E-02	2.138343E-03
6.570354E+03	6.452082E-02	2.143608E-03
6.580249E+03	6.447385E-02	2.147439E-03
6.590144E+03	6.438235E-02	2.149764E-03
6.600040E+03	6.424639E-02	2.150574E-03
6.609935E+03	6.406574E-02	2.149849E-03
6.619830E+03	6.383988E-02	2.147562E-03
6.629725E+03	6.357091E-02	2.143771E-03
6.639620E+03	6.325840E-02	2.138452E-03
6.649515E+03	6.290520E-02	2.131691E-03
6.659410E+03	6.251159E-02	2.123487E-03
6.669305E+03	6.208040E-02	2.113927E-03
6.679200E+03	6.161395E-02	2.103081E-03
6.689096E+03	6.111479E-02	2.091028E-03
6.698991E+03	6.058494E-02	2.077830E-03
6.708886E+03	6.002800E-02	2.063603E-03
6.718781E+03	5.944698E-02	2.048446E-03
6.728676E+03	5.884421E-02	2.032431E-03
6.738571E+03	5.822346E-02	2.015687E-03
6.748466E+03	5.758639E-02	1.998266E-03
6.758361E+03	5.693745E-02	1.980318E-03
6.768256E+03	5.627890E-02	1.961922E-03
6.778152E+03	5.561355E-02	1.943174E-03
6.788047E+03	5.494422E-02	1.924170E-03
6.797942E+03	5.427279E-02	1.904976E-03
6.807837E+03	5.360240E-02	1.885703E-03
6.817732E+03	5.293474E-02	1.866412E-03
6.827627E+03	5.227263E-02	1.847203E-03
6.837522E+03	5.161735E-02	1.828122E-03
6.847417E+03	5.097013E-02	1.809217E-03
6.857312E+03	5.033388E-02	1.790593E-03
6.867208E+03	4.970880E-02	1.772260E-03
6.877103E+03	4.909753E-02	1.754315E-03
6.886998E+03	4.849933E-02	1.736736E-03
6.896893E+03	4.791647E-02	1.719608E-03
6.906788E+03	4.734922E-02	1.702944E-03
6.916683E+03	4.679893E-02	1.686798E-03
6.926578E+03	4.626502E-02	1.671153E-03
6.936473E+03	4.574860E-02	1.656053E-03
6.946368E+03	4.525006E-02	1.641517E-03
6.956264E+03	4.476910E-02	1.627539E-03
6.966159E+03	4.430650E-02	1.614151E-03
6.976054E+03	4.386177E-02	1.601340E-03
6.985949E+03	4.343499E-02	1.589114E-03
6.995844E+03	4.302607E-02	1.577474E-03
7.005739E+03	4.263491E-02	1.566422E-03
7.015634E+03	4.226136E-02	1.555955E-03
7.025529E+03	4.190519E-02	1.546069E-03
7.035425E+03	4.156558E-02	1.536740E-03
7.045320E+03	4.124220E-02	1.527958E-03
7.055215E+03	4.093525E-02	1.519736E-03
7.065110E+03	4.064380E-02	1.512043E-03
7.075005E+03	4.036742E-02	1.504866E-03
7.084900E+03	4.010512E-02	1.498173E-03
7.094795E+03	3.985749E-02	1.491990E-03
7.104690E+03	3.962299E-02	1.486262E-03
7.114585E+03	3.940162E-02	1.480992E-03
7.124481E+03	3.919228E-02	1.476143E-03
7.134376E+03	3.899497E-02	1.471718E-03
7.144271E+03	3.880861E-02	1.467678E-03
7.154166E+03	3.863259E-02	1.464004E-03
7.164061E+03	3.846631E-02	1.460677E-03
7.173956E+03	3.830869E-02	1.457655E-03
7.183851E+03	3.816014E-02	1.454960E-03
7.193746E+03	3.801954E-02	1.452549E-03
7.203641E+03	3.788577E-02	1.450382E-03
7.213537E+03	3.775820E-02	1.448437E-03
7.223432E+03	3.763728E-02	1.446733E-03
7.233327E+03	3.752085E-02	1.445189E-03
7.243222E+03	3.740936E-02	1.443823E-03
7.253117E+03	3.730170E-02	1.442595E-03
7.263012E+03	3.719783E-02	1.441503E-03
7.272907E+03	3.709614E-02	1.440486E-03
7.282802E+03	3.699715E-02	1.439566E-03
7.292697E+03	3.689930E-02	1.438683E-03
7.302593E+03	3.680313E-02	1.437858E-03
7.312488E+03	3.670714E-02	1.437034E-03
7.322383E+03	3.661141E-02	1.436213E-03
7.332278E+03	3.651553E-02	1.435381E-03
7.342173E+03	3.641859E-02	1.434502E-03
7.352068E+03	3.632132E-02	1.433605E-03
7.361963E+03	3.622237E-02	1.432636E-03
7.371858E+03	3.612146E-02	1.431584E-03
7.381753E+03	3.601945E-02	1.430484E-03
7.391649E+03	3.591509E-02	1.429285E-03
7.401544E+03	3.580880E-02	1.428005E-03
7.411439E+03	3.569995E-02	1.426617E-03
7.421334E+03	3.558955E-02	1.425163E-03
7.431229E+03	3.547656E-02	1.423599E-03
7.441124E+03	3.536155E-02	1.421949E-03
7.451019E+03	3.524511E-02	1.420237E-03
7.460914E+03	3.512638E-02	1.418427E-03
7.470809E+03	3.500653E-02	1.416567E-03
7.480705E+03	3.488575E-02	1.414663E-03
7.490600E+03	3.476380E-02	1.412708E-03
7.500495E+03	3.464143E-02	1.410730E-03
7.510390E+03	3.451839E-02	1.408720E-03
7.520285E+03	3.439606E-02	1.406734E-03
7.530180E+03	3.427421E-02	1.404762E-03
7.540075E+03	3.415315E-02	1.402817E-03
7.549970E+03	3.403374E-02	1.400933E-03
7.559865E+03	3.391575E-02	1.399101E-03
7.569761E+03	3.380003E-02	1.397356E-03
7.579656E+03	3.368687E-02	1.395711E-03
7.589551E+03	3.357653E-02	1.394176E-03
7.599446E+03	3.346870E-02	1.392738E-03
7.609341E+03	3.336464E-02	1.391451E-03
7.619236E+03	3.326455E-02	1.390324E-03
7.629131E+03	3.316799E-02	1.389337E-03
7.639026E+03	3.307508E-02	1.388498E-03
7.648921E+03	3.298636E-02	1.387830E-03
7.658817E+03	3.290188E-02	1.387335E-03
7.668712E+03	3.282157E-02	1.387011E-03
7.678607E+03	3.274537E-02	1.386857E-03
7.688502E+03	3.267317E-02	1.386868E-03
7.698397E+03	3.260483E-02	1.387040E-03
7.708292E+03	3.254069E-02	1.387386E-03
7.718187E+03	3.248000E-02	1.387878E-03
7.728082E+03	3.242311E-02	1.388529E-03
7.737977E+03	3.236921E-02	1.389306E-03
7.747873E+03	3.231859E-02	1.390222E-03
7.757768E+03	3.227043E-02	1.391242E-03
7.767663E+03	3.222500E-02	1.392378E-03
7.777558E+03	3.218199E-02	1.393618E-03
7.787453E+03	3.214112E-02	1.394949E-03
7.797348E+03	3.210160E-02	1.396337E-03
7.807243E+03	3.206421E-02	1.397817E-03
7.817138E+03	3.202762E-02	1.399331E-03
7.827033E+03	3.199215E-02	1.400892E-03
7.836929E+03	3.195753E-02	1.402488E-03
7.846824E+03	3.192301E-02	1.404088E-03
7.856719E+03	3.188896E-02	1.405707E-03
7.866614E+03	3.185519E-02	1.407336E-03
7.876509E+03	3.182102E-02	1.408945E-03
7.886404E+03	3.178683E-02	1.410550E-03
7.896299E+03	3.175254E-02	1.412148E-03
7.906194E+03	3.171753E-02	1.413710E-03
7.916089E+03	3.168225E-02	1.415257E-03
7.925985E+03	3.164613E-02	1.416763E-03
7.935880E+03	3.160973E-02	1.418251E-03
7.945775E+03	3.157301E-02	1.419721E-03
7.955670E+03	3.153546E-02	1.421148E-03
7.965565E+03	3.149770E-02	1.422560E-03
7.975460E+03	3.145979E-02	1.423960E-03
7.985355E+03	3.142178E-02	1.425349E-03
7.995250E+03	3.138327E-02	1.426709E-03
8.005145E+03	3.134489E-02	1.428069E-03
8.015041E+03	3.130679E-02	1.429435E-03
8.024936E+03	3.126911E-02	1.430813E-03
8.034831E+03	3.123199E-02	1.432210E-03
8.044726E+03	3.119563E-02	1.433635E-03
8.054621E+03	3.115965E-02	1.435069E-03
8.064516E+03	3.112532E-02	1.436573E-03
8.074411E+03	3.109176E-02	1.438106E-03
8.084306E+03	3.105972E-02	1.439701E-03
8.094201E+03	3.102940E-02	1.441369E-03
8.104097E+03	3.100100E-02	1.443120E-03
8.113992E+03	3.097422E-02	1.444939E-03
8.123887E+03	3.094981E-02	1.446862E-03
8.133782E+03	3.092743E-02	1.448875E-03
8.143677E+03	3.090735E-02	1.450989E-03
8.153572E+03	3.089030E-02	1.453240E-03
8.163467E+03	3.087653E-02	1.455639E-03
8.173362E+03	3.086514E-02	1.458147E-03
8.183257E+03	3.085692E-02	1.460799E-03
8.193153E+03	3.085262E-02	1.463634E-03
8.203048E+03	3.085135E-02	1.466609E-03
8.212943E+03	3.085444E-02	1.469788E-03
8.222838E+03	3.086095E-02	1.473128E-03
8.232733E+03	3.087110E-02	1.476641E-03
8.242628E+03	3.088563E-02	1.480362E-03
8.252523E+03	3.090468E-02	1.484298E-03
8.262418E+03	3.092735E-02	1.488410E-03
8.272313E+03	3.095540E-02	1.492781E-03
8.282209E+03	3.098734E-02	1.497342E-03
8.292104E+03	3.102384E-02	1.502126E-03
8.301999E+03	3.106502E-02	1.507140E-03
8.311894E+03	3.111094E-02	1.512387E-03
8.321789E+03	3.116172E-02	1.517875E-03
8.331684E+03	3.121682E-02	1.523580E-03
8.341579E+03	3.127687E-02	1.529532E-03
8.351474E+03	3.134131E-02	1.535706E-03
8.361369E+03	3.141015E-02	1.542103E-03
8.371265E+03	3.148394E-02	1.548752E-03
8.381160E+03	3.156207E-02	1.555623E-03
8.391055E+03	3.164448E-02	1.562715E-03
8.400950E+03	3.173056E-02	1.569998E-03
8.410845E+03	3.182130E-02	1.577524E-03
8.420740E+03	3.191548E-02	1.585231E-03
8.430635E+03	3.201297E-02	1.593115E-03
8.440530E+03	3.211417E-02	1.601196E-03
8.450425E+03	3.221891E-02	1.609467E-03
8.460321E+03	3.232589E-02	1.617863E-03
8.470216E+03	3.243602E-02	1.626431E-03
8.480111E+03	3.254796E-02	1.635103E-03
8.490006E+03	3.266263E-02	1.643927E-03
8.499901E+03	3.277864E-02	1.652833E-03
8.509796E+03	3.289632E-02	1.661838E-03
8.519691E+03	3.301541E-02	1.670929E-03
8.529586E+03	3.313509E-02	1.680064E-03
8.539481E+03	3.325506E-02	1.689229E-03
8.549377E+03	3.337505E-02	1.698410E-03
8.559272E+03	3.349540E-02	1.707623E-03
8.569167E+03	3.361461E-02	1.716793E-03
8.579062E+03	3.373305E-02	1.725936E-03
8.588957E+03	3.385042E-02	1.735039E-03
8.598852E+03	3.396647E-02	1.744087E-03
8.608747E+03	3.408032E-02	1.753035E-03
8.618642E+03	3.419173E-02	1.761869E-03
8.628538E+03	3.430042E-02	1.770575E-03
8.638433E+03	3.440620E-02	1.779140E-03
8.648328E+03	3.450945E-02	1.787585E-03
8.658223E+03	3.460872E-02	1.795834E-03
8.668118E+03	3.470378E-02	1.803873E-03
8.678013E+03	3.479510E-02	1.811724E-03
8.687908E+03	3.488188E-02	1.819346E-03
8.697803E+03	3.496459E-02	1.826761E-03
8.707698E+03	3.504249E-02	1.833930E-03
8.717594E+03	3.511477E-02	1.840809E-03
8.727489E+03	3.518198E-02	1.847425E-03
8.737384E+03	3.524468E-02	1.853805E-03
8.747279E+03	3.530085E-02	1.859843E-03
8.757174E+03	3.535239E-02	1.865637E-03
8.767069E+03	3.539795E-02	1.871114E-03
8.776964E+03	3.543750E-02	1.876270E-03
8.786859E+03	3.547168E-02	1.881139E-03
8.796754E+03	3.550052E-02	1.885720E-03
8.806650E+03	3.552400E-02	1.890011E-03
8.816545E+03	3.554151E-02	1.893977E-03
8.826440E+03	3.555375E-02	1.897655E-03
8.836335E+03	3.556079E-02	1.901047E-03
8.846230E+03	3.556266E-02	1.904152E-03
8.856125E+03	3.555945E-02	1.906976E-03
8.866020E+03	3.555124E-02	1.909520E-03
8.875915E+03	3.553880E-02	1.911824E-03
8.885810E+03	3.552150E-02	1.913855E-03
8.895706E+03	3.550020E-02	1.915656E-03
8.905601E+03	3.547495E-02	1.917230E-03
8.945181E+03	3.533598E-02	1.921313E-03
8.984762E+03	3.514535E-02	1.922310E-03
9.024342E+03	3.491310E-02	1.920725E-03
9.063922E+03	3.464908E-02	1.917065E-03
9.103503E+03	3.435984E-02	1.911666E-03
9.143083E+03	3.405128E-02	1.904840E-03
9.182664E+03	3.372798E-02	1.896831E-03
9.222244E+03	3.339279E-02	1.887790E-03
9.261825E+03	3.304765E-02	1.877822E-03
9.301405E+03	3.269383E-02	1.866998E-03
9.340986E+03	3.233219E-02	1.855362E-03
9.380566E+03	3.196308E-02	1.842937E-03
9.420146E+03	3.158567E-02	1.829673E-03
9.459727E+03	3.119954E-02	1.815544E-03
9.499307E+03	3.080399E-02	1.800511E-03
9.538888E+03	3.039734E-02	1.784474E-03
9.578468E+03	2.997794E-02	1.767333E-03
9.618049E+03	2.954429E-02	1.748999E-03
9.657629E+03	2.909527E-02	1.729399E-03
9.697210E+03	2.863107E-02	1.708545E-03
9.736790E+03	2.815066E-02	1.686369E-03
9.776370E+03	2.765252E-02	1.662779E-03
9.815951E+03	2.713831E-02	1.637868E-03
9.855531E+03	2.660839E-02	1.611660E-03
9.895112E+03	2.606360E-02	1.584200E-03
9.934692E+03	2.550424E-02	1.555509E-03
9.974273E+03	2.493296E-02	1.525746E-03
1.001385E+04	2.435082E-02	1.494980E-03
1.005343E+04	2.375926E-02	1.463300E-03
1.009301E+04	2.316180E-02	1.430928E-03
1.013259E+04	2.255821E-02	1.397856E-03
1.017217E+04	2.195224E-02	1.364321E-03
1.021176E+04	2.134578E-02	1.330448E-03
