#wls	flux	fluxerr
1.575579E+03	4.186307E-04	1.329489E-05
1.614968E+03	4.235354E-04	1.342248E-05
1.654357E+03	4.288640E-04	1.356207E-05
1.693747E+03	4.344918E-04	1.370961E-05
1.733136E+03	4.405911E-04	1.387041E-05
1.772526E+03	4.471899E-04	1.404520E-05
1.811915E+03	4.542419E-04	1.423237E-05
1.851305E+03	4.617774E-04	1.443270E-05
1.890694E+03	4.699860E-04	1.465193E-05
1.930084E+03	4.787497E-04	1.488616E-05
1.969473E+03	4.881871E-04	1.513887E-05
2.008863E+03	4.983426E-04	1.541118E-05
2.048252E+03	5.092639E-04	1.570431E-05
2.087642E+03	5.210027E-04	1.601953E-05
2.127031E+03	5.336148E-04	1.635826E-05
2.166420E+03	5.472474E-04	1.672465E-05
2.205810E+03	5.618806E-04	1.711769E-05
2.245199E+03	5.776754E-04	1.754185E-05
2.284589E+03	5.947125E-04	1.799910E-05
2.323978E+03	6.130788E-04	1.849155E-05
2.363368E+03	6.327714E-04	1.901855E-05
2.402757E+03	6.540835E-04	1.958828E-05
2.442147E+03	6.770298E-04	2.020047E-05
2.481536E+03	7.017289E-04	2.085792E-05
2.520926E+03	7.284171E-04	2.156680E-05
2.560315E+03	7.572423E-04	2.233057E-05
2.599705E+03	7.882525E-04	2.314961E-05
2.639094E+03	8.218484E-04	2.403458E-05
2.678484E+03	8.581123E-04	2.498663E-05
2.717873E+03	8.972565E-04	2.601057E-05
2.757262E+03	9.396436E-04	2.711541E-05
2.796652E+03	9.854090E-04	2.830337E-05
2.836041E+03	1.034975E-03	2.958476E-05
2.875431E+03	1.088811E-03	3.097091E-05
2.914820E+03	1.147143E-03	3.246591E-05
2.954210E+03	1.210360E-03	3.407832E-05
2.964057E+03	1.226932E-03	3.449958E-05
2.973904E+03	1.243950E-03	3.493189E-05
2.983752E+03	1.261265E-03	3.537105E-05
2.993599E+03	1.279042E-03	3.582164E-05
3.003447E+03	1.296970E-03	3.627484E-05
3.013294E+03	1.315537E-03	3.674434E-05
3.023141E+03	1.334266E-03	3.721669E-05
3.032989E+03	1.353489E-03	3.770115E-05
3.042836E+03	1.373219E-03	3.819798E-05
3.052683E+03	1.393126E-03	3.869793E-05
3.062531E+03	1.413553E-03	3.921055E-05
3.072378E+03	1.434513E-03	3.973606E-05
3.082226E+03	1.455841E-03	4.026985E-05
3.092073E+03	1.477541E-03	4.081199E-05
3.101920E+03	1.499801E-03	4.136758E-05
3.111768E+03	1.522448E-03	4.193181E-05
3.121615E+03	1.545490E-03	4.250479E-05
3.131462E+03	1.569115E-03	4.309168E-05
3.141310E+03	1.593149E-03	4.368759E-05
3.151157E+03	1.617785E-03	4.429774E-05
3.161004E+03	1.642842E-03	4.491714E-05
3.170852E+03	1.668326E-03	4.554584E-05
3.180699E+03	1.694436E-03	4.618920E-05
3.190547E+03	1.720985E-03	4.684206E-05
3.200394E+03	1.748176E-03	4.750987E-05
3.210241E+03	1.775818E-03	4.818732E-05
3.220089E+03	1.803913E-03	4.887443E-05
3.229936E+03	1.832671E-03	4.957679E-05
3.239783E+03	1.861891E-03	5.028889E-05
3.249631E+03	1.891787E-03	5.101641E-05
3.259478E+03	1.922154E-03	5.175371E-05
3.269325E+03	1.953208E-03	5.250656E-05
3.279173E+03	1.984740E-03	5.326920E-05
3.289020E+03	2.016748E-03	5.404155E-05
3.298868E+03	2.049454E-03	5.482946E-05
3.308715E+03	2.082867E-03	5.563302E-05
3.318562E+03	2.116534E-03	5.644007E-05
3.328410E+03	2.150907E-03	5.726261E-05
3.338257E+03	2.185990E-03	5.810062E-05
3.348104E+03	2.221553E-03	5.894787E-05
3.357952E+03	2.257829E-03	5.981045E-05
3.367799E+03	2.294338E-03	6.067557E-05
3.377646E+03	2.331799E-03	6.156216E-05
3.387494E+03	2.369728E-03	6.245731E-05
3.397341E+03	2.408117E-03	6.336074E-05
3.407189E+03	2.446959E-03	6.427218E-05
3.417036E+03	2.486757E-03	6.520470E-05
3.426883E+03	2.526742E-03	6.613807E-05
3.436731E+03	2.567419E-03	6.708543E-05
3.446578E+03	2.608785E-03	6.804657E-05
3.456425E+03	2.650305E-03	6.900746E-05
3.466273E+03	2.692766E-03	6.998850E-05
3.476120E+03	2.735356E-03	7.096847E-05
3.485968E+03	2.778878E-03	7.196814E-05
3.495815E+03	2.822502E-03	7.296590E-05
3.505662E+03	2.866766E-03	7.397560E-05
3.515510E+03	2.911663E-03	7.499694E-05
3.525357E+03	2.956900E-03	7.602228E-05
3.535204E+03	3.002461E-03	7.705113E-05
3.545052E+03	3.048620E-03	7.809047E-05
3.554899E+03	3.095075E-03	7.913243E-05
3.564746E+03	3.142104E-03	8.018407E-05
3.574594E+03	3.189398E-03	8.123742E-05
3.584441E+03	3.236937E-03	8.229189E-05
3.594289E+03	3.285010E-03	8.335475E-05
3.604136E+03	3.333604E-03	8.442562E-05
3.613983E+03	3.382084E-03	8.548832E-05
3.623831E+03	3.431367E-03	8.656596E-05
3.633678E+03	3.480496E-03	8.763433E-05
3.643525E+03	3.530082E-03	8.870879E-05
3.653373E+03	3.580112E-03	8.978893E-05
3.663220E+03	3.629924E-03	9.085806E-05
3.673067E+03	3.680472E-03	9.194006E-05
3.682915E+03	3.730759E-03	9.300994E-05
3.692762E+03	3.781423E-03	9.408357E-05
3.702610E+03	3.832451E-03	9.516057E-05
3.712457E+03	3.883152E-03	9.622377E-05
3.722304E+03	3.934523E-03	9.729780E-05
3.732152E+03	3.985527E-03	9.835697E-05
3.741999E+03	4.036828E-03	9.941769E-05
3.751846E+03	4.088065E-03	1.004710E-04
3.761694E+03	4.139572E-03	1.015251E-04
3.771541E+03	4.190984E-03	1.025710E-04
3.781388E+03	4.242280E-03	1.036082E-04
3.791236E+03	4.293804E-03	1.046451E-04
3.801083E+03	4.345184E-03	1.056725E-04
3.810931E+03	4.396404E-03	1.066902E-04
3.820778E+03	4.447814E-03	1.077065E-04
3.830625E+03	4.498671E-03	1.087035E-04
3.840473E+03	4.550064E-03	1.097075E-04
3.850320E+03	4.600878E-03	1.106916E-04
3.860167E+03	4.651843E-03	1.116734E-04
3.870015E+03	4.702576E-03	1.126437E-04
3.879862E+03	4.753447E-03	1.136114E-04
3.889710E+03	4.803693E-03	1.145581E-04
3.899557E+03	4.854061E-03	1.155019E-04
3.909404E+03	4.904167E-03	1.164336E-04
3.919252E+03	4.954389E-03	1.173621E-04
3.929099E+03	5.003952E-03	1.182690E-04
3.938946E+03	5.053621E-03	1.191727E-04
3.948794E+03	5.103003E-03	1.200637E-04
3.958641E+03	5.152490E-03	1.209513E-04
3.968488E+03	5.201290E-03	1.218170E-04
3.978336E+03	5.250186E-03	1.226791E-04
3.988183E+03	5.298769E-03	1.235281E-04
3.998031E+03	5.347047E-03	1.243643E-04
4.007878E+03	5.394999E-03	1.251871E-04
4.017725E+03	5.442619E-03	1.259966E-04
4.027573E+03	5.490297E-03	1.268018E-04
4.037420E+03	5.537219E-03	1.275839E-04
4.047267E+03	5.584175E-03	1.283612E-04
4.057115E+03	5.630738E-03	1.291239E-04
4.066962E+03	5.676479E-03	1.298623E-04
4.076809E+03	5.722188E-03	1.305945E-04
4.086657E+03	5.767425E-03	1.313105E-04
4.096504E+03	5.812568E-03	1.320191E-04
4.106352E+03	5.856748E-03	1.327005E-04
4.116199E+03	5.900340E-03	1.333634E-04
4.126046E+03	5.943284E-03	1.340066E-04
4.135894E+03	5.985523E-03	1.346288E-04
4.145741E+03	6.026993E-03	1.352288E-04
4.155588E+03	6.068037E-03	1.358144E-04
4.165436E+03	6.107753E-03	1.363656E-04
4.175283E+03	6.146463E-03	1.368897E-04
4.185130E+03	6.184082E-03	1.373851E-04
4.194978E+03	6.220515E-03	1.378498E-04
4.204825E+03	6.255657E-03	1.382818E-04
4.214673E+03	6.289413E-03	1.386792E-04
4.224520E+03	6.321671E-03	1.390397E-04
4.234367E+03	6.351905E-03	1.393522E-04
4.244215E+03	6.380851E-03	1.396331E-04
4.254062E+03	6.407563E-03	1.398619E-04
4.263909E+03	6.432363E-03	1.400461E-04
4.273757E+03	6.455163E-03	1.401842E-04
4.283604E+03	6.475879E-03	1.402745E-04
4.293452E+03	6.494445E-03	1.403163E-04
4.303299E+03	6.510401E-03	1.402998E-04
4.313146E+03	6.524537E-03	1.402425E-04
4.322994E+03	6.536015E-03	1.401269E-04
4.332841E+03	6.545255E-03	1.399623E-04
4.342688E+03	6.551869E-03	1.397409E-04
4.352536E+03	6.556725E-03	1.394817E-04
4.362383E+03	6.559070E-03	1.391688E-04
4.372230E+03	6.558980E-03	1.388045E-04
4.382078E+03	6.557367E-03	1.384083E-04
4.391925E+03	6.553533E-03	1.379658E-04
4.401773E+03	6.547988E-03	1.374882E-04
4.411620E+03	6.540862E-03	1.369783E-04
4.421467E+03	6.531881E-03	1.364308E-04
4.431315E+03	6.521577E-03	1.358571E-04
4.441162E+03	6.509682E-03	1.352518E-04
4.451009E+03	6.496727E-03	1.346262E-04
4.460857E+03	6.482829E-03	1.339830E-04
4.470704E+03	6.467733E-03	1.333169E-04
4.480551E+03	6.451945E-03	1.326387E-04
4.490399E+03	6.435577E-03	1.319508E-04
4.500246E+03	6.418353E-03	1.312475E-04
4.510094E+03	6.400760E-03	1.305391E-04
4.519941E+03	6.382528E-03	1.298201E-04
4.529788E+03	6.364113E-03	1.290999E-04
4.539636E+03	6.345229E-03	1.283727E-04
4.549483E+03	6.326338E-03	1.276479E-04
4.559330E+03	6.307139E-03	1.269195E-04
4.569178E+03	6.288068E-03	1.261963E-04
4.579025E+03	6.269185E-03	1.254795E-04
4.588872E+03	6.249834E-03	1.247561E-04
4.598720E+03	6.231140E-03	1.240484E-04
4.608567E+03	6.212445E-03	1.233434E-04
4.618415E+03	6.193792E-03	1.226419E-04
4.628262E+03	6.175581E-03	1.219519E-04
4.638109E+03	6.157497E-03	1.212670E-04
4.647957E+03	6.139925E-03	1.205948E-04
4.657804E+03	6.122549E-03	1.199291E-04
4.667651E+03	6.105750E-03	1.192774E-04
4.677499E+03	6.089212E-03	1.186333E-04
4.687346E+03	6.073294E-03	1.180039E-04
4.697194E+03	6.057358E-03	1.173767E-04
4.707041E+03	6.042425E-03	1.167715E-04
4.716888E+03	6.027847E-03	1.161757E-04
4.726736E+03	6.013638E-03	1.155894E-04
4.736583E+03	6.000158E-03	1.150196E-04
4.746430E+03	5.987086E-03	1.144601E-04
4.756278E+03	5.974442E-03	1.139111E-04
4.766125E+03	5.962560E-03	1.133791E-04
4.775972E+03	5.951131E-03	1.128580E-04
4.785820E+03	5.940491E-03	1.123542E-04
4.795667E+03	5.930324E-03	1.118616E-04
4.805515E+03	5.920647E-03	1.113806E-04
4.815362E+03	5.911779E-03	1.109170E-04
4.825209E+03	5.903416E-03	1.104651E-04
4.835057E+03	5.895562E-03	1.100249E-04
4.844904E+03	5.888540E-03	1.096024E-04
4.854751E+03	5.882355E-03	1.091977E-04
4.864599E+03	5.876385E-03	1.087990E-04
4.874446E+03	5.871255E-03	1.084180E-04
4.884293E+03	5.866969E-03	1.080546E-04
4.894141E+03	5.862913E-03	1.076976E-04
4.903988E+03	5.859700E-03	1.073580E-04
4.913836E+03	5.857329E-03	1.070360E-04
4.923683E+03	5.855493E-03	1.067257E-04
4.933530E+03	5.854192E-03	1.064272E-04
4.943378E+03	5.853727E-03	1.061458E-04
4.953225E+03	5.853790E-03	1.058761E-04
4.963072E+03	5.854370E-03	1.056177E-04
4.972920E+03	5.855766E-03	1.053760E-04
4.982767E+03	5.857668E-03	1.051453E-04
4.992614E+03	5.860067E-03	1.049256E-04
5.002462E+03	5.863254E-03	1.047221E-04
5.012309E+03	5.866906E-03	1.045288E-04
5.022157E+03	5.871019E-03	1.043458E-04
5.032004E+03	5.875874E-03	1.041780E-04
5.041851E+03	5.881450E-03	1.040251E-04
5.051699E+03	5.887125E-03	1.038761E-04
5.061546E+03	5.893480E-03	1.037411E-04
5.071393E+03	5.900491E-03	1.036199E-04
5.081241E+03	5.907525E-03	1.035013E-04
5.091088E+03	5.915456E-03	1.034006E-04
5.100935E+03	5.923350E-03	1.033016E-04
5.110783E+03	5.931774E-03	1.032142E-04
5.120630E+03	5.940384E-03	1.031324E-04
5.130478E+03	5.949439E-03	1.030608E-04
5.140325E+03	5.958590E-03	1.029934E-04
5.150172E+03	5.968093E-03	1.029347E-04
5.160020E+03	5.977292E-03	1.028735E-04
5.169867E+03	5.987025E-03	1.028242E-04
5.179714E+03	5.996336E-03	1.027705E-04
5.189562E+03	6.006052E-03	1.027268E-04
5.199409E+03	6.015199E-03	1.026763E-04
5.209257E+03	6.024309E-03	1.026284E-04
5.219104E+03	6.032989E-03	1.025765E-04
5.228951E+03	6.041454E-03	1.025243E-04
5.238799E+03	6.049312E-03	1.024653E-04
5.248646E+03	6.056766E-03	1.024032E-04
5.258493E+03	6.063397E-03	1.023309E-04
5.268341E+03	6.069105E-03	1.022470E-04
5.278188E+03	6.074071E-03	1.021546E-04
5.288035E+03	6.078164E-03	1.020518E-04
5.297883E+03	6.080659E-03	1.019265E-04
5.307730E+03	6.082317E-03	1.017917E-04
5.317578E+03	6.082105E-03	1.016304E-04
5.327425E+03	6.080780E-03	1.014552E-04
5.337272E+03	6.077284E-03	1.012489E-04
5.347120E+03	6.072086E-03	1.010194E-04
5.356967E+03	6.065025E-03	1.007642E-04
5.366814E+03	6.055663E-03	1.004762E-04
5.376662E+03	6.043875E-03	1.001537E-04
5.386509E+03	6.029826E-03	9.979932E-05
5.396356E+03	6.013420E-03	9.941166E-05
5.406204E+03	5.994308E-03	9.898500E-05
5.416051E+03	5.972489E-03	9.851935E-05
5.425899E+03	5.948332E-03	9.802085E-05
5.435746E+03	5.921961E-03	9.749155E-05
5.445593E+03	5.893258E-03	9.692950E-05
5.455441E+03	5.862395E-03	9.633754E-05
5.465288E+03	5.829844E-03	9.572337E-05
5.475135E+03	5.795791E-03	9.509001E-05
5.484983E+03	5.760132E-03	9.443566E-05
5.494830E+03	5.723330E-03	9.376787E-05
5.504677E+03	5.685281E-03	9.308482E-05
5.514525E+03	5.646151E-03	9.238916E-05
5.524372E+03	5.606651E-03	9.169242E-05
5.534220E+03	5.566104E-03	9.098337E-05
5.544067E+03	5.525470E-03	9.027766E-05
5.553914E+03	5.484330E-03	8.956825E-05
5.563762E+03	5.442814E-03	8.885719E-05
5.573609E+03	5.401303E-03	8.815054E-05
5.583456E+03	5.359892E-03	8.744977E-05
5.593304E+03	5.318419E-03	8.675207E-05
5.603151E+03	5.277227E-03	8.606293E-05
5.612999E+03	5.236143E-03	8.537939E-05
5.622846E+03	5.195495E-03	8.470670E-05
5.632693E+03	5.155342E-03	8.404569E-05
5.642541E+03	5.115495E-03	8.339315E-05
5.652388E+03	5.076254E-03	8.275388E-05
5.662235E+03	5.037672E-03	8.212862E-05
5.672083E+03	4.999535E-03	8.151379E-05
5.681930E+03	4.962134E-03	8.091402E-05
5.691777E+03	4.925251E-03	8.032566E-05
5.701625E+03	4.889166E-03	7.975318E-05
5.711472E+03	4.853887E-03	7.919664E-05
5.721320E+03	4.819214E-03	7.865267E-05
5.731167E+03	4.785391E-03	7.812517E-05
5.741014E+03	4.752202E-03	7.761057E-05
5.750862E+03	4.720121E-03	7.711651E-05
5.760709E+03	4.688694E-03	7.663554E-05
5.770556E+03	4.657933E-03	7.616775E-05
5.780404E+03	4.628294E-03	7.572058E-05
5.790251E+03	4.599329E-03	7.528661E-05
5.800098E+03	4.571040E-03	7.486585E-05
5.809946E+03	4.543874E-03	7.446557E-05
5.819793E+03	4.517382E-03	7.407838E-05
5.829641E+03	4.491785E-03	7.370784E-05
5.839488E+03	4.466858E-03	7.335026E-05
5.849335E+03	4.442817E-03	7.300912E-05
5.859183E+03	4.419653E-03	7.268428E-05
5.869030E+03	4.397360E-03	7.237561E-05
5.878877E+03	4.375715E-03	7.207941E-05
5.888725E+03	4.355137E-03	7.180260E-05
5.898572E+03	4.334979E-03	7.153446E-05
5.908419E+03	4.315869E-03	7.128536E-05
5.918267E+03	4.297372E-03	7.104812E-05
5.928114E+03	4.279900E-03	7.082954E-05
5.937962E+03	4.263020E-03	7.062246E-05
5.947809E+03	4.246723E-03	7.042673E-05
5.957656E+03	4.231413E-03	7.024905E-05
5.967504E+03	4.216661E-03	7.008231E-05
5.977351E+03	4.202661E-03	6.992977E-05
5.987198E+03	4.189401E-03	6.979120E-05
5.997046E+03	4.176661E-03	6.966297E-05
6.006893E+03	4.164630E-03	6.954826E-05
6.016741E+03	4.153500E-03	6.945028E-05
6.026588E+03	4.142845E-03	6.936193E-05
6.036435E+03	4.132649E-03	6.928297E-05
6.046283E+03	4.123303E-03	6.921999E-05
6.056130E+03	4.114382E-03	6.916586E-05
6.065977E+03	4.106071E-03	6.912374E-05
6.075825E+03	4.098353E-03	6.909333E-05
6.085672E+03	4.091205E-03	6.907432E-05
6.095519E+03	4.084608E-03	6.906639E-05
6.105367E+03	4.078338E-03	6.906581E-05
6.115214E+03	4.072777E-03	6.907903E-05
6.125062E+03	4.067496E-03	6.909888E-05
6.134909E+03	4.062673E-03	6.912836E-05
6.144756E+03	4.058283E-03	6.916707E-05
6.154604E+03	4.054297E-03	6.921459E-05
6.164451E+03	4.050486E-03	6.926700E-05
6.174298E+03	4.047222E-03	6.933073E-05
6.184146E+03	4.044072E-03	6.939835E-05
6.193993E+03	4.041205E-03	6.947280E-05
6.203840E+03	4.038584E-03	6.955348E-05
6.213688E+03	4.036174E-03	6.963980E-05
6.223535E+03	4.033937E-03	6.973112E-05
6.233383E+03	4.031832E-03	6.982678E-05
6.243230E+03	4.029616E-03	6.992254E-05
6.253077E+03	4.027646E-03	7.002465E-05
6.262925E+03	4.025474E-03	7.012529E-05
6.272772E+03	4.023452E-03	7.023061E-05
6.282619E+03	4.021126E-03	7.033269E-05
6.292467E+03	4.018642E-03	7.043405E-05
6.302314E+03	4.015940E-03	7.053366E-05
6.312161E+03	4.012960E-03	7.063040E-05
6.322009E+03	4.009634E-03	7.072308E-05
6.331856E+03	4.005893E-03	7.081043E-05
6.341704E+03	4.001661E-03	7.089101E-05
6.351551E+03	3.996654E-03	7.095971E-05
6.361398E+03	3.991188E-03	7.102196E-05
6.371246E+03	3.984764E-03	7.106878E-05
6.381093E+03	3.977682E-03	7.110536E-05
6.390940E+03	3.969431E-03	7.112240E-05
6.400788E+03	3.960297E-03	7.112481E-05
6.410635E+03	3.949757E-03	7.110305E-05
6.420483E+03	3.937905E-03	7.105853E-05
6.430330E+03	3.924867E-03	7.099333E-05
6.440177E+03	3.910248E-03	7.090007E-05
6.450025E+03	3.894331E-03	7.078360E-05
6.459872E+03	3.877243E-03	7.064602E-05
6.469719E+03	3.859124E-03	7.048966E-05
6.479567E+03	3.840110E-03	7.031680E-05
6.489414E+03	3.820329E-03	7.012962E-05
6.499261E+03	3.799898E-03	6.993008E-05
6.509109E+03	3.778922E-03	6.971999E-05
6.518956E+03	3.757500E-03	6.950102E-05
6.528804E+03	3.735720E-03	6.927469E-05
6.538651E+03	3.713663E-03	6.904238E-05
6.548498E+03	3.691404E-03	6.880540E-05
6.558346E+03	3.669009E-03	6.856490E-05
6.568193E+03	3.646541E-03	6.832198E-05
6.578040E+03	3.624057E-03	6.807764E-05
6.587888E+03	3.601610E-03	6.783282E-05
6.597735E+03	3.579249E-03	6.758840E-05
6.607582E+03	3.557017E-03	6.734515E-05
6.617430E+03	3.534773E-03	6.710036E-05
6.627277E+03	3.512920E-03	6.686166E-05
6.637125E+03	3.491308E-03	6.662619E-05
6.646972E+03	3.469969E-03	6.639456E-05
6.656819E+03	3.448931E-03	6.616731E-05
6.666667E+03	3.428221E-03	6.594492E-05
6.676514E+03	3.407862E-03	6.572788E-05
6.686361E+03	3.387874E-03	6.551659E-05
6.696209E+03	3.368103E-03	6.530808E-05
6.706056E+03	3.348917E-03	6.510946E-05
6.715903E+03	3.330153E-03	6.491766E-05
6.725751E+03	3.311826E-03	6.473298E-05
6.735598E+03	3.293948E-03	6.455568E-05
6.745446E+03	3.276528E-03	6.438600E-05
6.755293E+03	3.259576E-03	6.422414E-05
6.765140E+03	3.243099E-03	6.407031E-05
6.774988E+03	3.227102E-03	6.392465E-05
6.784835E+03	3.211591E-03	6.378732E-05
6.794682E+03	3.196403E-03	6.365512E-05
6.804530E+03	3.181875E-03	6.353480E-05
6.814377E+03	3.167840E-03	6.342312E-05
6.824225E+03	3.154300E-03	6.332016E-05
6.834072E+03	3.141255E-03	6.322596E-05
6.843919E+03	3.128704E-03	6.314057E-05
6.853767E+03	3.116645E-03	6.306401E-05
6.863614E+03	3.105077E-03	6.299631E-05
6.873461E+03	3.093995E-03	6.293744E-05
6.883309E+03	3.083399E-03	6.288743E-05
6.893156E+03	3.073283E-03	6.284624E-05
6.903003E+03	3.063643E-03	6.281383E-05
6.912851E+03	3.054474E-03	6.279018E-05
6.922698E+03	3.045611E-03	6.277193E-05
6.932546E+03	3.037369E-03	6.276564E-05
6.942393E+03	3.029584E-03	6.276794E-05
6.952240E+03	3.022246E-03	6.277875E-05
6.962088E+03	3.015351E-03	6.279802E-05
6.971935E+03	3.008892E-03	6.282565E-05
6.981782E+03	3.002704E-03	6.285823E-05
6.991630E+03	2.997097E-03	6.290233E-05
7.001477E+03	2.991905E-03	6.295454E-05
7.011324E+03	2.986963E-03	6.301138E-05
7.021172E+03	2.982580E-03	6.307948E-05
7.031019E+03	2.978591E-03	6.315537E-05
7.040867E+03	2.974829E-03	6.323557E-05
7.050714E+03	2.971605E-03	6.332673E-05
7.060561E+03	2.968592E-03	6.342195E-05
7.070409E+03	2.966102E-03	6.352792E-05
7.080256E+03	2.963810E-03	6.363774E-05
7.090103E+03	2.961866E-03	6.375467E-05
7.099951E+03	2.960421E-03	6.388201E-05
7.109798E+03	2.959152E-03	6.401282E-05
7.119645E+03	2.958208E-03	6.415039E-05
7.129493E+03	2.957584E-03	6.429462E-05
7.139340E+03	2.957271E-03	6.444538E-05
7.149188E+03	2.957262E-03	6.460255E-05
7.159035E+03	2.957551E-03	6.476603E-05
7.168882E+03	2.957970E-03	6.493219E-05
7.178730E+03	2.958833E-03	6.510791E-05
7.188577E+03	2.959811E-03	6.528606E-05
7.198424E+03	2.961219E-03	6.547357E-05
7.208272E+03	2.962731E-03	6.566326E-05
7.218119E+03	2.964658E-03	6.586210E-05
7.227967E+03	2.966674E-03	6.606285E-05
7.237814E+03	2.968933E-03	6.626897E-05
7.247661E+03	2.971428E-03	6.648033E-05
7.257509E+03	2.973990E-03	6.669318E-05
7.267356E+03	2.976938E-03	6.691467E-05
7.277203E+03	2.980102E-03	6.714105E-05
7.287051E+03	2.983314E-03	6.736853E-05
7.296898E+03	2.986728E-03	6.760063E-05
7.306745E+03	2.990502E-03	6.784093E-05
7.316593E+03	2.994304E-03	6.808192E-05
7.326440E+03	2.998123E-03	6.832340E-05
7.336288E+03	3.002283E-03	6.857270E-05
7.346135E+03	3.006611E-03	6.882597E-05
7.355982E+03	3.010935E-03	6.907926E-05
7.365830E+03	3.015580E-03	6.934001E-05
7.375677E+03	3.020205E-03	6.960044E-05
7.385524E+03	3.024969E-03	6.986418E-05
7.395372E+03	3.029695E-03	7.012721E-05
7.405219E+03	3.034711E-03	7.039707E-05
7.415066E+03	3.039672E-03	7.066579E-05
7.424914E+03	3.044906E-03	7.094102E-05
7.434761E+03	3.050066E-03	7.121469E-05
7.444609E+03	3.055312E-03	7.149051E-05
7.454456E+03	3.060464E-03	7.176426E-05
7.464303E+03	3.065850E-03	7.204368E-05
7.474151E+03	3.071121E-03	7.232053E-05
7.483998E+03	3.076434E-03	7.259854E-05
7.493845E+03	3.081780E-03	7.287743E-05
7.503693E+03	3.087145E-03	7.315696E-05
7.513540E+03	3.092519E-03	7.343681E-05
7.523387E+03	3.097714E-03	7.371257E-05
7.533235E+03	3.102890E-03	7.398799E-05
7.543082E+03	3.108034E-03	7.426276E-05
7.552930E+03	3.113132E-03	7.453652E-05
7.562777E+03	3.117993E-03	7.480472E-05
7.572624E+03	3.122777E-03	7.507113E-05
7.582472E+03	3.127469E-03	7.533539E-05
7.592319E+03	3.132051E-03	7.559706E-05
7.602166E+03	3.136507E-03	7.585574E-05
7.612014E+03	3.140643E-03	7.610666E-05
7.621861E+03	3.144615E-03	7.635362E-05
7.631709E+03	3.148406E-03	7.659616E-05
7.641556E+03	3.151996E-03	7.683375E-05
7.651403E+03	3.155184E-03	7.706148E-05
7.661251E+03	3.158128E-03	7.728313E-05
7.671098E+03	3.160806E-03	7.749816E-05
7.680945E+03	3.163195E-03	7.770593E-05
7.690793E+03	3.165088E-03	7.790134E-05
7.700640E+03	3.166643E-03	7.808816E-05
7.710487E+03	3.167831E-03	7.826569E-05
7.720335E+03	3.168626E-03	7.843320E-05
7.730182E+03	3.168814E-03	7.858537E-05
7.740030E+03	3.168550E-03	7.872591E-05
7.749877E+03	3.167802E-03	7.885399E-05
7.759724E+03	3.166536E-03	7.896869E-05
7.769572E+03	3.164533E-03	7.906449E-05
7.779419E+03	3.162126E-03	7.914961E-05
7.789266E+03	3.158725E-03	7.920920E-05
7.799114E+03	3.154842E-03	7.925601E-05
7.808961E+03	3.150069E-03	7.927967E-05
7.818808E+03	3.144547E-03	7.928364E-05
7.828656E+03	3.138231E-03	7.926670E-05
7.838503E+03	3.131075E-03	7.922757E-05
7.848351E+03	3.122847E-03	7.916026E-05
7.858198E+03	3.113682E-03	7.906804E-05
7.868045E+03	3.103529E-03	7.894949E-05
7.877893E+03	3.092336E-03	7.880315E-05
7.887740E+03	3.079868E-03	7.862290E-05
7.897587E+03	3.066266E-03	7.841215E-05
7.907435E+03	3.051497E-03	7.816992E-05
7.917282E+03	3.035376E-03	7.789133E-05
7.927129E+03	3.018126E-03	7.758189E-05
7.936977E+03	2.999823E-03	7.724344E-05
7.946824E+03	2.980563E-03	7.687832E-05
7.956672E+03	2.960271E-03	7.648446E-05
7.966519E+03	2.939407E-03	7.607365E-05
7.976366E+03	2.917537E-03	7.563458E-05
7.986214E+03	2.895289E-03	7.518338E-05
7.996061E+03	2.872399E-03	7.471319E-05
8.005908E+03	2.849300E-03	7.423519E-05
8.015756E+03	2.825549E-03	7.373781E-05
8.025603E+03	2.801740E-03	7.323648E-05
8.035451E+03	2.777594E-03	7.272394E-05
8.045298E+03	2.753517E-03	7.221074E-05
8.055145E+03	2.729057E-03	7.168508E-05
8.064993E+03	2.704774E-03	7.116162E-05
8.074840E+03	2.680381E-03	7.063286E-05
8.084687E+03	2.656255E-03	7.010869E-05
8.094535E+03	2.631941E-03	6.957717E-05
8.104382E+03	2.607968E-03	6.905228E-05
8.114229E+03	2.584043E-03	6.852629E-05
8.124077E+03	2.560356E-03	6.800428E-05
8.133924E+03	2.536934E-03	6.748699E-05
8.143772E+03	2.513797E-03	6.697501E-05
8.153619E+03	2.490809E-03	6.646474E-05
8.163466E+03	2.468300E-03	6.596502E-05
8.173314E+03	2.445972E-03	6.546795E-05
8.183161E+03	2.423838E-03	6.497393E-05
8.193008E+03	2.402217E-03	6.449153E-05
8.202856E+03	2.380810E-03	6.401277E-05
8.212703E+03	2.359776E-03	6.354200E-05
8.222550E+03	2.339118E-03	6.307934E-05
8.232398E+03	2.318690E-03	6.262089E-05
8.242245E+03	2.298793E-03	6.217482E-05
8.252093E+03	2.279127E-03	6.173311E-05
8.261940E+03	2.259842E-03	6.129983E-05
8.271787E+03	2.240933E-03	6.087493E-05
8.281635E+03	2.222254E-03	6.045446E-05
8.291482E+03	2.203946E-03	6.004230E-05
8.301329E+03	2.186005E-03	5.963840E-05
8.311177E+03	2.168424E-03	5.924262E-05
8.321024E+03	2.151197E-03	5.885485E-05
8.330871E+03	2.134319E-03	5.847499E-05
8.340719E+03	2.117640E-03	5.809898E-05
8.350566E+03	2.101297E-03	5.773059E-05
8.360414E+03	2.085280E-03	5.736963E-05
8.370261E+03	2.069583E-03	5.701593E-05
8.380108E+03	2.054058E-03	5.666549E-05
8.389956E+03	2.038974E-03	5.632577E-05
8.399803E+03	2.024047E-03	5.598895E-05
8.409650E+03	2.009407E-03	5.565865E-05
8.419498E+03	1.995045E-03	5.533467E-05
8.429345E+03	1.980818E-03	5.501306E-05
8.439193E+03	1.966986E-03	5.470112E-05
8.449040E+03	1.953274E-03	5.439117E-05
8.458887E+03	1.939939E-03	5.409046E-05
8.468735E+03	1.926707E-03	5.379135E-05
8.478582E+03	1.913703E-03	5.349738E-05
8.488429E+03	1.900788E-03	5.320463E-05
8.498277E+03	1.888216E-03	5.292032E-05
8.508124E+03	1.875718E-03	5.263687E-05
8.517971E+03	1.863547E-03	5.236146E-05
8.527819E+03	1.851436E-03	5.208655E-05
8.537666E+03	1.839507E-03	5.181565E-05
8.547514E+03	1.827752E-03	5.154855E-05
8.557361E+03	1.816167E-03	5.128512E-05
8.567208E+03	1.804742E-03	5.102515E-05
8.577056E+03	1.793344E-03	5.076487E-05
8.586903E+03	1.782222E-03	5.051136E-05
8.596750E+03	1.771116E-03	5.025726E-05
8.606598E+03	1.760273E-03	5.000960E-05
8.616445E+03	1.749434E-03	4.976105E-05
8.626292E+03	1.738720E-03	4.951507E-05
8.636140E+03	1.728126E-03	4.927151E-05
8.645987E+03	1.717648E-03	4.903027E-05
8.655835E+03	1.707279E-03	4.879120E-05
8.665682E+03	1.697015E-03	4.855419E-05
8.675529E+03	1.686852E-03	4.831912E-05
8.685377E+03	1.676661E-03	4.808231E-05
8.695224E+03	1.666686E-03	4.785081E-05
8.705071E+03	1.656675E-03	4.761735E-05
8.714919E+03	1.646872E-03	4.738899E-05
8.724766E+03	1.637027E-03	4.715851E-05
8.734613E+03	1.627382E-03	4.693292E-05
8.744461E+03	1.617688E-03	4.670506E-05
8.754308E+03	1.608065E-03	4.647840E-05
8.764156E+03	1.598632E-03	4.625636E-05
8.774003E+03	1.589141E-03	4.603184E-05
8.783850E+03	1.579714E-03	4.580829E-05
8.793698E+03	1.570345E-03	4.558565E-05
8.803545E+03	1.561156E-03	4.536738E-05
8.813392E+03	1.551901E-03	4.514638E-05
8.823240E+03	1.542698E-03	4.492613E-05
8.833087E+03	1.533547E-03	4.470656E-05
8.842935E+03	1.524444E-03	4.448765E-05
8.852782E+03	1.515508E-03	4.427281E-05
8.862629E+03	1.506499E-03	4.405505E-05
8.902019E+03	1.471004E-03	4.319236E-05
8.941408E+03	1.436125E-03	4.233601E-05
8.980798E+03	1.402030E-03	4.149140E-05
9.020187E+03	1.368431E-03	4.065058E-05
9.059577E+03	1.335521E-03	3.981968E-05
9.098966E+03	1.303266E-03	3.899819E-05
9.138355E+03	1.271529E-03	3.818250E-05
9.177745E+03	1.240518E-03	3.737919E-05
9.217134E+03	1.210102E-03	3.658486E-05
9.256524E+03	1.180272E-03	3.579956E-05
9.295913E+03	1.151124E-03	3.502668E-05
9.335303E+03	1.122647E-03	3.426629E-05
9.374692E+03	1.094939E-03	3.352177E-05
9.414082E+03	1.067775E-03	3.278665E-05
9.453471E+03	1.041359E-03	3.206753E-05
9.492861E+03	1.015679E-03	3.136444E-05
9.532250E+03	9.906193E-04	3.067420E-05
9.571640E+03	9.661738E-04	2.999692E-05
9.611029E+03	9.425344E-04	2.933891E-05
9.650419E+03	9.194874E-04	2.869386E-05
9.689808E+03	8.971237E-04	2.806491E-05
9.729197E+03	8.754324E-04	2.745202E-05
9.768587E+03	8.544032E-04	2.685518E-05
9.807976E+03	8.339288E-04	2.627127E-05
9.847366E+03	8.141929E-04	2.570636E-05
9.886755E+03	7.949943E-04	2.515435E-05
9.926145E+03	7.765135E-04	2.462120E-05
9.965534E+03	7.585542E-04	2.410094E-05
1.000492E+04	7.411111E-04	2.359360E-05
1.004431E+04	7.243620E-04	2.310506E-05
1.008370E+04	7.080266E-04	2.262660E-05
1.012309E+04	6.923720E-04	2.216693E-05
1.016248E+04	6.772135E-04	2.172033E-05
