#wls	flux	fluxerr
1.596806E+03	1.122897E-05	2.832935E-06
1.636727E+03	1.118216E-05	2.800082E-06
1.676647E+03	1.112246E-05	2.763779E-06
1.716567E+03	1.105661E-05	2.725762E-06
1.756487E+03	1.097650E-05	2.684089E-06
1.796407E+03	1.088862E-05	2.640425E-06
1.836327E+03	1.078515E-05	2.592951E-06
1.876248E+03	1.066899E-05	2.542464E-06
1.916168E+03	1.054277E-05	2.489678E-06
1.956088E+03	1.039930E-05	2.432991E-06
1.996008E+03	1.024451E-05	2.373910E-06
2.035928E+03	1.007173E-05	2.310996E-06
2.075848E+03	9.886725E-06	2.245710E-06
2.115768E+03	9.686228E-06	2.177421E-06
2.155689E+03	9.472897E-06	2.106860E-06
2.195609E+03	9.241332E-06	2.032959E-06
2.235529E+03	8.997132E-06	1.957099E-06
2.275449E+03	8.738054E-06	1.878927E-06
2.315369E+03	8.467065E-06	1.799219E-06
2.355289E+03	8.182536E-06	1.717761E-06
2.395210E+03	7.887624E-06	1.635350E-06
2.435130E+03	7.581348E-06	1.551907E-06
2.475050E+03	7.265221E-06	1.467867E-06
2.514970E+03	6.944430E-06	1.384384E-06
2.554890E+03	6.616954E-06	1.301138E-06
2.594810E+03	6.286375E-06	1.218919E-06
2.634731E+03	5.953145E-06	1.137878E-06
2.674651E+03	5.622186E-06	1.059000E-06
2.714571E+03	5.294032E-06	9.824023E-07
2.754491E+03	4.969638E-06	9.082676E-07
2.794411E+03	4.653440E-06	8.373924E-07
2.834331E+03	4.345292E-06	7.697078E-07
2.874251E+03	4.049125E-06	7.058542E-07
2.914172E+03	3.765716E-06	6.458822E-07
2.954092E+03	3.497452E-06	5.901018E-07
2.994012E+03	3.244289E-06	5.383894E-07
3.003992E+03	3.183921E-06	5.261762E-07
3.013972E+03	3.124554E-06	5.142165E-07
3.023952E+03	3.066211E-06	5.025123E-07
3.033932E+03	3.009520E-06	4.911636E-07
3.043912E+03	2.953278E-06	4.799720E-07
3.053892E+03	2.898702E-06	4.691332E-07
3.063872E+03	2.845208E-06	4.585499E-07
3.073852E+03	2.792815E-06	4.482228E-07
3.083832E+03	2.741542E-06	4.381528E-07
3.093812E+03	2.691408E-06	4.283404E-07
3.103792E+03	2.642428E-06	4.187860E-07
3.113772E+03	2.595123E-06	4.095692E-07
3.123752E+03	2.548982E-06	4.006064E-07
3.133733E+03	2.504021E-06	3.918979E-07
3.143713E+03	2.460257E-06	3.834434E-07
3.153693E+03	2.417703E-06	3.752432E-07
3.163673E+03	2.376375E-06	3.672967E-07
3.173653E+03	2.336726E-06	3.596716E-07
3.183633E+03	2.298312E-06	3.522963E-07
3.193613E+03	2.261148E-06	3.451706E-07
3.203593E+03	2.225247E-06	3.382941E-07
3.213573E+03	2.190624E-06	3.316667E-07
3.223553E+03	2.157692E-06	3.253479E-07
3.233533E+03	2.125662E-06	3.192162E-07
3.243513E+03	2.095338E-06	3.133901E-07
3.253493E+03	2.066340E-06	3.078095E-07
3.263473E+03	2.038683E-06	3.024745E-07
3.273453E+03	2.012749E-06	2.974390E-07
3.283433E+03	1.987828E-06	2.925952E-07
3.293413E+03	1.964657E-06	2.880495E-07
3.303393E+03	1.942897E-06	2.837493E-07
3.313373E+03	1.922574E-06	2.796959E-07
3.323353E+03	1.903713E-06	2.758904E-07
3.333333E+03	1.886673E-06	2.723823E-07
3.343313E+03	1.870819E-06	2.690774E-07
3.353293E+03	1.856842E-06	2.660726E-07
3.363273E+03	1.844449E-06	2.633233E-07
3.373253E+03	1.833995E-06	2.608776E-07
3.383234E+03	1.824892E-06	2.586493E-07
3.393214E+03	1.817815E-06	2.567318E-07
3.403194E+03	1.812197E-06	2.550424E-07
3.413174E+03	1.808710E-06	2.536737E-07
3.423154E+03	1.807110E-06	2.525887E-07
3.433134E+03	1.807766E-06	2.518365E-07
3.443114E+03	1.810153E-06	2.513415E-07
3.453094E+03	1.814955E-06	2.511963E-07
3.463074E+03	1.821960E-06	2.513693E-07
3.473054E+03	1.831268E-06	2.518719E-07
3.483034E+03	1.843286E-06	2.527577E-07
3.493014E+03	1.857531E-06	2.539581E-07
3.502994E+03	1.874729E-06	2.555704E-07
3.512974E+03	1.894718E-06	2.575698E-07
3.522954E+03	1.917644E-06	2.599744E-07
3.532934E+03	1.943663E-06	2.628031E-07
3.542914E+03	1.973253E-06	2.661185E-07
3.552894E+03	2.006289E-06	2.699016E-07
3.562874E+03	2.042957E-06	2.741757E-07
3.572854E+03	2.083456E-06	2.789657E-07
3.582834E+03	2.127992E-06	2.842976E-07
3.592814E+03	2.177115E-06	2.902436E-07
3.602794E+03	2.230399E-06	2.967454E-07
3.612774E+03	2.288771E-06	3.039255E-07
3.622754E+03	2.352157E-06	3.117731E-07
3.632735E+03	2.421196E-06	3.203725E-07
3.642715E+03	2.495456E-06	3.296659E-07
3.652695E+03	2.575978E-06	3.397916E-07
3.662675E+03	2.662719E-06	3.507438E-07
3.672655E+03	2.756016E-06	3.625681E-07
3.682635E+03	2.856647E-06	3.753682E-07
3.692615E+03	2.964162E-06	3.890870E-07
3.702595E+03	3.079818E-06	4.038919E-07
3.712575E+03	3.203618E-06	4.197866E-07
3.722555E+03	3.336013E-06	4.368337E-07
3.732535E+03	3.477971E-06	4.551642E-07
3.742515E+03	3.629016E-06	4.747195E-07
3.752495E+03	3.790688E-06	4.957061E-07
3.762475E+03	3.963046E-06	5.181369E-07
3.772455E+03	4.146673E-06	5.420946E-07
3.782435E+03	4.342787E-06	5.677453E-07
3.792415E+03	4.550844E-06	5.950257E-07
3.802395E+03	4.772752E-06	6.241945E-07
3.812375E+03	5.008611E-06	6.552745E-07
3.822355E+03	5.259155E-06	6.883726E-07
3.832335E+03	5.525900E-06	7.236994E-07
3.842315E+03	5.808168E-06	7.611794E-07
3.852295E+03	6.108324E-06	8.011371E-07
3.862275E+03	6.426466E-06	8.436012E-07
3.872255E+03	6.763484E-06	8.887058E-07
3.882236E+03	7.121231E-06	9.367132E-07
3.892216E+03	7.498790E-06	9.875231E-07
3.902196E+03	7.899070E-06	1.041540E-06
3.912176E+03	8.322103E-06	1.098793E-06
3.922156E+03	8.768895E-06	1.159439E-06
3.932136E+03	9.241673E-06	1.223800E-06
3.942116E+03	9.739139E-06	1.291733E-06
3.952096E+03	1.026480E-05	1.363733E-06
3.962076E+03	1.081852E-05	1.439818E-06
3.972056E+03	1.140137E-05	1.520163E-06
3.982036E+03	1.201595E-05	1.605152E-06
3.992016E+03	1.266037E-05	1.694571E-06
4.001996E+03	1.333880E-05	1.789020E-06
4.011976E+03	1.405077E-05	1.888481E-06
4.021956E+03	1.479735E-05	1.993139E-06
4.031936E+03	1.557953E-05	2.103180E-06
4.041916E+03	1.640034E-05	2.219058E-06
4.051896E+03	1.725679E-05	2.340425E-06
4.061876E+03	1.815394E-05	2.468017E-06
4.071856E+03	1.909066E-05	2.601739E-06
4.081836E+03	2.007019E-05	2.742092E-06
4.091816E+03	2.108863E-05	2.888600E-06
4.101796E+03	2.214898E-05	3.041738E-06
4.111776E+03	2.325466E-05	3.202037E-06
4.121756E+03	2.440376E-05	3.369300E-06
4.131737E+03	2.559681E-05	3.543668E-06
4.141717E+03	2.683424E-05	3.725270E-06
4.151697E+03	2.811970E-05	3.914679E-06
4.161677E+03	2.944709E-05	4.111121E-06
4.171657E+03	3.082327E-05	4.315621E-06
4.181637E+03	3.224512E-05	4.527818E-06
4.191617E+03	3.371268E-05	4.747791E-06
4.201597E+03	3.522592E-05	4.975607E-06
4.211577E+03	3.678884E-05	5.211907E-06
4.221557E+03	3.839315E-05	5.455592E-06
4.231537E+03	4.004698E-05	5.707889E-06
4.241517E+03	4.174587E-05	5.968242E-06
4.251497E+03	4.348942E-05	6.236664E-06
4.261477E+03	4.527717E-05	6.513163E-06
4.271457E+03	4.710860E-05	6.797736E-06
4.281437E+03	4.898316E-05	7.090377E-06
4.291417E+03	5.090572E-05	7.391862E-06
4.301397E+03	5.287058E-05	7.701438E-06
4.311377E+03	5.487121E-05	8.018223E-06
4.321357E+03	5.691846E-05	8.343863E-06
4.331337E+03	5.900604E-05	8.677511E-06
4.341317E+03	6.113974E-05	9.020086E-06
4.351297E+03	6.330608E-05	9.369666E-06
4.361277E+03	6.551072E-05	9.727147E-06
4.371257E+03	6.775984E-05	1.009351E-05
4.381238E+03	7.004611E-05	1.046773E-05
4.391218E+03	7.236104E-05	1.084859E-05
4.401198E+03	7.471792E-05	1.123814E-05
4.411178E+03	7.710811E-05	1.163513E-05
4.421158E+03	7.953003E-05	1.203939E-05
4.431138E+03	8.198216E-05	1.245073E-05
4.441118E+03	8.447130E-05	1.287023E-05
4.451098E+03	8.697912E-05	1.329514E-05
4.461078E+03	8.952115E-05	1.372788E-05
4.471058E+03	9.207814E-05	1.416552E-05
4.481038E+03	9.466662E-05	1.461065E-05
4.491018E+03	9.727616E-05	1.506170E-05
4.500998E+03	9.989565E-05	1.551696E-05
4.510978E+03	1.025430E-04	1.597924E-05
4.520958E+03	1.052078E-04	1.644694E-05
4.530938E+03	1.078887E-04	1.691988E-05
4.540918E+03	1.105851E-04	1.739799E-05
4.550898E+03	1.132963E-04	1.788116E-05
4.560878E+03	1.160327E-04	1.837107E-05
4.570858E+03	1.187724E-04	1.886425E-05
4.580838E+03	1.215260E-04	1.936240E-05
4.590818E+03	1.243055E-04	1.986745E-05
4.600798E+03	1.270881E-04	2.037576E-05
4.610778E+03	1.298858E-04	2.088928E-05
4.620758E+03	1.327119E-04	2.141014E-05
4.630739E+03	1.355430E-04	2.193461E-05
4.640719E+03	1.384053E-04	2.246692E-05
4.650699E+03	1.412880E-04	2.300538E-05
4.660679E+03	1.441799E-04	2.354812E-05
4.670659E+03	1.471087E-04	2.409973E-05
4.680639E+03	1.500503E-04	2.465628E-05
4.690619E+03	1.530336E-04	2.522253E-05
4.700599E+03	1.560478E-04	2.579675E-05
4.710579E+03	1.590810E-04	2.637699E-05
4.720559E+03	1.621635E-04	2.696831E-05
4.730539E+03	1.652828E-04	2.756868E-05
4.740519E+03	1.684256E-04	2.817593E-05
4.750499E+03	1.716226E-04	2.879520E-05
4.760479E+03	1.748606E-04	2.942435E-05
4.770459E+03	1.781253E-04	3.006101E-05
4.780439E+03	1.814487E-04	3.071060E-05
4.790419E+03	1.848009E-04	3.136813E-05
4.800399E+03	1.882145E-04	3.203918E-05
4.810379E+03	1.916589E-04	3.271859E-05
4.820359E+03	1.951678E-04	3.341213E-05
4.830339E+03	1.987096E-04	3.411448E-05
4.840319E+03	2.023189E-04	3.483160E-05
4.850299E+03	2.059633E-04	3.555799E-05
4.860279E+03	2.096608E-04	3.629680E-05
4.870259E+03	2.134308E-04	3.705144E-05
4.880240E+03	2.172394E-04	3.781610E-05
4.890220E+03	2.211056E-04	3.859412E-05
4.900200E+03	2.250311E-04	3.938585E-05
4.910180E+03	2.290172E-04	4.019162E-05
4.920160E+03	2.330658E-04	4.101178E-05
4.930140E+03	2.371591E-04	4.184327E-05
4.940120E+03	2.413372E-04	4.269323E-05
4.950100E+03	2.455826E-04	4.355865E-05
4.960080E+03	2.498772E-04	4.443637E-05
4.970060E+03	2.542624E-04	4.533382E-05
4.980040E+03	2.586996E-04	4.624422E-05
4.990020E+03	2.632107E-04	4.717150E-05
5.000000E+03	2.677973E-04	4.811606E-05
5.009980E+03	2.724612E-04	4.907828E-05
5.019960E+03	2.772040E-04	5.005854E-05
5.029940E+03	2.820275E-04	5.105722E-05
5.039920E+03	2.869331E-04	5.207470E-05
5.049900E+03	2.919000E-04	5.310722E-05
5.059880E+03	2.969745E-04	5.416332E-05
5.069860E+03	3.021126E-04	5.523504E-05
5.079840E+03	3.073381E-04	5.632682E-05
5.089820E+03	3.126523E-04	5.743898E-05
5.099800E+03	3.180563E-04	5.857180E-05
5.109780E+03	3.235265E-04	5.972103E-05
5.119760E+03	3.291126E-04	6.089590E-05
5.129741E+03	3.347657E-04	6.208747E-05
5.139721E+03	3.405109E-04	6.330045E-05
5.149701E+03	3.463483E-04	6.453497E-05
5.159681E+03	3.522781E-04	6.579114E-05
5.169661E+03	3.583000E-04	6.706899E-05
5.179641E+03	3.644135E-04	6.836850E-05
5.189621E+03	3.705904E-04	6.968448E-05
5.199601E+03	3.768564E-04	7.102178E-05
5.209581E+03	3.832099E-04	7.238022E-05
5.219561E+03	3.896492E-04	7.375952E-05
5.229541E+03	3.961432E-04	7.515387E-05
5.239521E+03	4.027466E-04	7.657372E-05
5.249501E+03	4.093983E-04	7.800751E-05
5.259481E+03	4.161237E-04	7.946011E-05
5.269461E+03	4.228884E-04	8.092502E-05
5.279441E+03	4.297485E-04	8.241299E-05
5.289421E+03	4.366377E-04	8.391138E-05
5.299401E+03	4.435810E-04	8.542498E-05
5.309381E+03	4.505724E-04	8.695270E-05
5.319361E+03	4.576053E-04	8.849327E-05
5.329341E+03	4.646397E-04	9.003898E-05
5.339321E+03	4.717002E-04	9.159452E-05
5.349301E+03	4.787784E-04	9.315834E-05
5.359281E+03	4.858658E-04	9.472869E-05
5.369261E+03	4.929531E-04	9.630380E-05
5.379242E+03	4.999958E-04	9.787490E-05
5.389222E+03	5.070180E-04	9.944664E-05
5.399202E+03	5.139737E-04	1.010099E-04
5.409182E+03	5.209231E-04	1.025765E-04
5.419162E+03	5.277836E-04	1.041301E-04
5.429142E+03	5.345803E-04	1.056755E-04
5.439122E+03	5.413021E-04	1.072104E-04
5.449102E+03	5.479011E-04	1.087252E-04
5.459082E+03	5.544039E-04	1.102250E-04
5.469062E+03	5.608009E-04	1.117078E-04
5.479042E+03	5.670833E-04	1.131717E-04
5.489022E+03	5.732046E-04	1.146073E-04
5.499002E+03	5.791971E-04	1.160208E-04
5.508982E+03	5.850169E-04	1.174033E-04
5.518962E+03	5.907390E-04	1.187697E-04
5.528942E+03	5.962818E-04	1.201033E-04
5.538922E+03	6.016830E-04	1.214116E-04
5.548902E+03	6.069014E-04	1.226861E-04
5.558882E+03	6.120175E-04	1.239429E-04
5.568862E+03	6.169510E-04	1.251656E-04
5.578842E+03	6.217015E-04	1.263539E-04
5.588822E+03	6.263541E-04	1.275249E-04
5.598802E+03	6.308272E-04	1.286619E-04
5.608782E+03	6.351234E-04	1.297652E-04
5.618762E+03	6.393291E-04	1.308522E-04
5.628743E+03	6.433629E-04	1.319063E-04
5.638723E+03	6.472282E-04	1.329278E-04
5.648703E+03	6.510124E-04	1.339346E-04
5.658683E+03	6.546345E-04	1.349098E-04
5.668663E+03	6.581402E-04	1.358628E-04
5.678643E+03	6.614909E-04	1.367854E-04
5.688623E+03	6.647330E-04	1.376871E-04
5.698603E+03	6.678696E-04	1.385683E-04
5.708583E+03	6.709051E-04	1.394300E-04
5.718563E+03	6.737997E-04	1.402636E-04
5.728543E+03	6.765565E-04	1.410697E-04
5.738523E+03	6.792665E-04	1.418672E-04
5.748503E+03	6.818458E-04	1.426384E-04
5.758483E+03	6.843411E-04	1.433930E-04
5.768463E+03	6.867126E-04	1.441226E-04
5.778443E+03	6.890069E-04	1.448368E-04
5.788423E+03	6.912278E-04	1.455363E-04
5.798403E+03	6.933335E-04	1.462123E-04
5.808383E+03	6.953713E-04	1.468746E-04
5.818363E+03	6.973442E-04	1.475239E-04
5.828343E+03	6.992105E-04	1.481511E-04
5.838323E+03	7.010175E-04	1.487663E-04
5.848303E+03	7.027666E-04	1.493696E-04
5.858283E+03	7.044170E-04	1.499524E-04
5.868263E+03	7.060152E-04	1.505245E-04
5.878244E+03	7.075179E-04	1.510765E-04
5.888224E+03	7.089722E-04	1.516184E-04
5.898204E+03	7.103805E-04	1.521509E-04
5.908184E+03	7.117433E-04	1.526738E-04
5.918164E+03	7.130188E-04	1.531782E-04
5.928144E+03	7.142081E-04	1.536642E-04
5.938124E+03	7.154020E-04	1.541513E-04
5.948104E+03	7.165124E-04	1.546206E-04
5.958084E+03	7.175402E-04	1.550722E-04
5.968064E+03	7.185319E-04	1.555160E-04
5.978044E+03	7.194886E-04	1.559522E-04
5.988024E+03	7.204101E-04	1.563809E-04
5.998004E+03	7.212540E-04	1.567927E-04
6.007984E+03	7.220198E-04	1.571875E-04
6.017964E+03	7.227981E-04	1.575850E-04
6.027944E+03	7.235001E-04	1.579657E-04
6.037924E+03	7.241267E-04	1.583300E-04
6.047904E+03	7.247673E-04	1.586972E-04
6.057884E+03	7.252884E-04	1.590381E-04
6.067864E+03	7.258240E-04	1.593821E-04
6.077844E+03	7.262847E-04	1.597095E-04
6.087824E+03	7.267158E-04	1.600302E-04
6.097804E+03	7.270731E-04	1.603345E-04
6.107784E+03	7.274010E-04	1.606321E-04
6.117764E+03	7.276542E-04	1.609130E-04
6.127745E+03	7.279218E-04	1.611969E-04
6.137725E+03	7.280703E-04	1.614542E-04
6.147705E+03	7.282324E-04	1.617142E-04
6.157685E+03	7.283185E-04	1.619572E-04
6.167665E+03	7.283732E-04	1.621929E-04
6.177645E+03	7.283510E-04	1.624112E-04
6.187625E+03	7.282947E-04	1.626215E-04
6.197605E+03	7.281606E-04	1.628142E-04
6.207585E+03	7.279910E-04	1.629986E-04
6.217565E+03	7.277845E-04	1.631744E-04
6.227545E+03	7.275398E-04	1.633412E-04
6.237525E+03	7.272125E-04	1.634891E-04
6.247505E+03	7.268000E-04	1.636174E-04
6.257485E+03	7.263883E-04	1.637454E-04
6.267465E+03	7.258436E-04	1.638430E-04
6.277445E+03	7.252958E-04	1.639393E-04
6.287425E+03	7.246541E-04	1.640139E-04
6.297405E+03	7.239596E-04	1.640760E-04
6.307385E+03	7.231658E-04	1.641150E-04
6.317365E+03	7.223128E-04	1.641398E-04
6.327345E+03	7.213964E-04	1.641497E-04
6.337325E+03	7.203696E-04	1.641337E-04
6.347305E+03	7.192711E-04	1.641006E-04
6.357285E+03	7.180969E-04	1.640495E-04
6.367265E+03	7.167973E-04	1.639689E-04
6.377246E+03	7.154110E-04	1.638676E-04
6.387226E+03	7.138886E-04	1.637341E-04
6.397206E+03	7.122675E-04	1.635770E-04
6.407186E+03	7.105403E-04	1.633944E-04
6.417166E+03	7.086580E-04	1.631749E-04
6.427146E+03	7.066563E-04	1.629267E-04
6.437126E+03	7.045277E-04	1.626479E-04
6.447106E+03	7.022227E-04	1.623268E-04
6.457086E+03	6.997757E-04	1.619714E-04
6.467066E+03	6.971392E-04	1.615704E-04
6.477046E+03	6.943888E-04	1.611413E-04
6.487026E+03	6.913960E-04	1.606541E-04
6.497006E+03	6.882796E-04	1.601361E-04
6.506986E+03	6.849549E-04	1.595676E-04
6.516966E+03	6.814616E-04	1.589577E-04
6.526946E+03	6.777628E-04	1.582974E-04
6.536926E+03	6.739067E-04	1.575980E-04
6.546906E+03	6.699009E-04	1.568611E-04
6.556886E+03	6.657171E-04	1.560799E-04
6.566866E+03	6.614060E-04	1.552661E-04
6.576846E+03	6.569798E-04	1.544224E-04
6.586826E+03	6.524109E-04	1.535424E-04
6.596806E+03	6.477509E-04	1.526380E-04
6.606786E+03	6.430112E-04	1.517118E-04
6.616766E+03	6.381649E-04	1.507575E-04
6.626747E+03	6.332612E-04	1.497865E-04
6.636727E+03	6.283102E-04	1.488012E-04
6.646707E+03	6.232838E-04	1.477948E-04
6.656687E+03	6.182287E-04	1.467785E-04
6.666667E+03	6.131160E-04	1.457453E-04
6.676647E+03	6.080267E-04	1.447144E-04
6.686627E+03	6.028944E-04	1.436701E-04
6.696607E+03	5.977260E-04	1.426140E-04
6.706587E+03	5.925990E-04	1.415645E-04
6.716567E+03	5.874469E-04	1.405057E-04
6.726547E+03	5.822750E-04	1.394390E-04
6.736527E+03	5.771574E-04	1.383821E-04
6.746507E+03	5.720280E-04	1.373191E-04
6.756487E+03	5.668909E-04	1.362511E-04
6.766467E+03	5.618171E-04	1.351951E-04
6.776447E+03	5.567413E-04	1.341354E-04
6.786427E+03	5.516994E-04	1.330808E-04
6.796407E+03	5.466607E-04	1.320238E-04
6.806387E+03	5.416600E-04	1.309728E-04
6.816367E+03	5.366987E-04	1.299283E-04
6.826347E+03	5.317779E-04	1.288905E-04
6.836327E+03	5.268667E-04	1.278520E-04
6.846307E+03	5.219983E-04	1.268208E-04
6.856287E+03	5.171733E-04	1.257972E-04
6.866267E+03	5.123612E-04	1.247737E-04
6.876248E+03	5.075938E-04	1.237582E-04
6.886228E+03	5.028714E-04	1.227507E-04
6.896208E+03	4.981639E-04	1.217440E-04
6.906188E+03	4.935320E-04	1.207529E-04
6.916168E+03	4.889155E-04	1.197627E-04
6.926148E+03	4.843152E-04	1.187736E-04
6.936128E+03	4.797898E-04	1.178001E-04
6.946108E+03	4.752807E-04	1.168279E-04
6.956088E+03	4.707883E-04	1.158570E-04
6.966068E+03	4.663696E-04	1.149015E-04
6.976048E+03	4.619675E-04	1.139475E-04
6.986028E+03	4.576101E-04	1.130018E-04
6.996008E+03	4.532970E-04	1.120644E-04
7.005988E+03	4.490003E-04	1.111285E-04
7.015968E+03	4.447746E-04	1.102075E-04
7.025948E+03	4.405649E-04	1.092880E-04
7.035928E+03	4.363714E-04	1.083700E-04
7.045908E+03	4.322473E-04	1.074667E-04
7.055888E+03	4.281388E-04	1.065648E-04
7.065868E+03	4.240722E-04	1.056709E-04
7.075848E+03	4.200213E-04	1.047785E-04
7.085828E+03	4.160374E-04	1.039004E-04
7.095808E+03	4.120687E-04	1.030237E-04
7.105788E+03	4.081406E-04	1.021548E-04
7.115768E+03	4.042277E-04	1.012874E-04
7.125749E+03	4.003797E-04	1.004340E-04
7.135729E+03	3.965466E-04	9.958202E-05
7.145709E+03	3.927531E-04	9.873774E-05
7.155689E+03	3.889748E-04	9.789505E-05
7.165669E+03	3.852597E-04	9.706609E-05
7.175649E+03	3.815598E-04	9.623876E-05
7.185629E+03	3.778989E-04	9.541911E-05
7.195609E+03	3.742769E-04	9.460718E-05
7.205589E+03	3.706706E-04	9.379710E-05
7.215569E+03	3.671036E-04	9.299487E-05
7.225549E+03	3.635757E-04	9.220050E-05
7.235529E+03	3.600872E-04	9.141407E-05
7.245509E+03	3.566381E-04	9.063565E-05
7.255489E+03	3.532064E-04	8.985967E-05
7.265469E+03	3.498150E-04	8.909195E-05
7.275449E+03	3.464640E-04	8.833261E-05
7.285429E+03	3.431538E-04	8.758177E-05
7.295409E+03	3.398850E-04	8.683958E-05
7.305389E+03	3.366366E-04	8.610076E-05
7.315369E+03	3.334308E-04	8.537100E-05
7.325349E+03	3.302681E-04	8.465047E-05
7.335329E+03	3.271493E-04	8.393940E-05
7.345309E+03	3.240543E-04	8.323267E-05
7.355289E+03	3.210253E-04	8.254116E-05
7.365269E+03	3.180219E-04	8.185454E-05
7.375250E+03	3.150455E-04	8.117319E-05
7.385230E+03	3.121372E-04	8.050772E-05
7.395210E+03	3.092776E-04	7.985319E-05
7.405190E+03	3.064478E-04	7.920476E-05
7.415170E+03	3.036686E-04	7.856784E-05
7.425150E+03	3.009408E-04	7.794265E-05
7.435130E+03	2.982649E-04	7.732942E-05
7.445110E+03	2.956228E-04	7.672343E-05
7.455090E+03	2.930531E-04	7.613476E-05
7.465070E+03	2.905181E-04	7.555370E-05
7.475050E+03	2.880372E-04	7.498527E-05
7.485030E+03	2.856102E-04	7.442953E-05
7.495010E+03	2.832368E-04	7.388639E-05
7.504990E+03	2.808975E-04	7.335084E-05
7.514970E+03	2.786085E-04	7.282709E-05
7.524950E+03	2.763671E-04	7.231453E-05
7.534930E+03	2.741706E-04	7.181248E-05
7.544910E+03	2.720162E-04	7.132024E-05
7.554890E+03	2.699011E-04	7.083710E-05
7.564870E+03	2.678048E-04	7.035770E-05
7.574850E+03	2.657599E-04	6.989066E-05
7.584830E+03	2.637286E-04	6.942606E-05
7.594810E+03	2.617261E-04	6.896788E-05
7.604790E+03	2.597497E-04	6.851550E-05
7.614770E+03	2.577804E-04	6.806388E-05
7.624750E+03	2.558502E-04	6.762148E-05
7.634731E+03	2.539231E-04	6.717882E-05
7.644711E+03	2.520144E-04	6.673998E-05
7.654691E+03	2.501226E-04	6.630455E-05
7.664671E+03	2.482463E-04	6.587218E-05
7.674651E+03	2.463842E-04	6.544253E-05
7.684631E+03	2.445353E-04	6.501536E-05
7.694611E+03	2.426823E-04	6.458607E-05
7.704591E+03	2.408574E-04	6.416324E-05
7.714571E+03	2.390273E-04	6.373803E-05
7.724551E+03	2.372082E-04	6.331472E-05
7.734531E+03	2.353997E-04	6.289325E-05
7.744511E+03	2.336018E-04	6.247364E-05
7.754491E+03	2.317989E-04	6.205168E-05
7.764471E+03	2.300229E-04	6.163594E-05
7.774451E+03	2.282427E-04	6.121808E-05
7.784431E+03	2.264746E-04	6.080251E-05
7.794411E+03	2.247193E-04	6.038943E-05
7.804391E+03	2.229777E-04	5.997905E-05
7.814371E+03	2.212507E-04	5.957166E-05
7.824351E+03	2.195393E-04	5.916753E-05
7.834331E+03	2.178448E-04	5.876702E-05
7.844311E+03	2.161533E-04	5.836642E-05
7.854291E+03	2.144816E-04	5.797023E-05
7.864271E+03	2.128458E-04	5.758284E-05
7.874251E+03	2.112177E-04	5.719667E-05
7.884232E+03	2.096139E-04	5.681620E-05
7.894212E+03	2.080361E-04	5.644192E-05
7.904192E+03	2.064715E-04	5.607033E-05
7.914172E+03	2.049508E-04	5.570988E-05
7.924152E+03	2.034614E-04	5.535707E-05
7.934132E+03	2.019905E-04	5.500851E-05
7.944112E+03	2.005544E-04	5.466862E-05
7.954092E+03	1.991689E-04	5.434176E-05
7.964072E+03	1.978072E-04	5.402065E-05
7.974052E+03	1.964853E-04	5.370964E-05
7.984032E+03	1.952043E-04	5.340910E-05
7.994012E+03	1.939516E-04	5.311559E-05
8.003992E+03	1.927560E-04	5.283705E-05
8.013972E+03	1.916043E-04	5.256988E-05
8.023952E+03	1.904830E-04	5.231040E-05
8.033932E+03	1.894187E-04	5.206597E-05
8.043912E+03	1.883822E-04	5.182857E-05
8.053892E+03	1.873852E-04	5.160146E-05
8.063872E+03	1.864255E-04	5.138406E-05
8.073852E+03	1.855006E-04	5.117573E-05
8.083832E+03	1.846082E-04	5.097582E-05
8.093812E+03	1.837458E-04	5.078366E-05
8.103792E+03	1.829109E-04	5.059862E-05
8.113772E+03	1.820876E-04	5.041628E-05
8.123752E+03	1.813003E-04	5.024345E-05
8.133733E+03	1.805332E-04	5.007576E-05
8.143713E+03	1.797709E-04	4.990892E-05
8.153693E+03	1.790244E-04	4.974601E-05
8.163673E+03	1.783049E-04	4.959018E-05
8.173653E+03	1.775840E-04	4.943350E-05
8.183633E+03	1.768729E-04	4.927913E-05
8.193613E+03	1.761700E-04	4.912659E-05
8.203593E+03	1.754735E-04	4.897543E-05
8.213573E+03	1.747820E-04	4.882522E-05
8.223553E+03	1.740807E-04	4.867185E-05
8.233533E+03	1.733948E-04	4.852234E-05
8.243513E+03	1.727097E-04	4.837266E-05
8.253493E+03	1.720112E-04	4.821877E-05
8.263473E+03	1.713245E-04	4.806777E-05
8.273453E+03	1.706223E-04	4.791202E-05
8.283433E+03	1.699301E-04	4.775862E-05
8.293413E+03	1.692209E-04	4.760001E-05
8.303393E+03	1.685070E-04	4.743964E-05
8.313373E+03	1.678009E-04	4.728105E-05
8.323353E+03	1.670760E-04	4.711669E-05
8.333333E+03	1.663447E-04	4.695011E-05
8.343313E+03	1.656068E-04	4.678121E-05
8.353293E+03	1.648619E-04	4.660988E-05
8.363273E+03	1.641097E-04	4.643602E-05
8.373253E+03	1.633370E-04	4.625592E-05
8.383234E+03	1.625696E-04	4.607685E-05
8.393214E+03	1.617944E-04	4.589510E-05
8.403194E+03	1.610113E-04	4.571065E-05
8.413174E+03	1.602076E-04	4.551987E-05
8.423154E+03	1.594087E-04	4.533001E-05
8.433134E+03	1.585894E-04	4.513383E-05
8.443114E+03	1.577751E-04	4.493862E-05
8.453094E+03	1.569406E-04	4.473715E-05
8.463074E+03	1.561113E-04	4.453671E-05
8.473054E+03	1.552623E-04	4.433013E-05
8.483034E+03	1.544063E-04	4.412107E-05
8.493014E+03	1.535562E-04	4.391320E-05
8.502994E+03	1.526872E-04	4.369941E-05
8.512974E+03	1.518120E-04	4.348337E-05
8.522954E+03	1.509310E-04	4.326516E-05
8.532934E+03	1.500446E-04	4.304489E-05
8.542914E+03	1.491530E-04	4.282264E-05
8.552894E+03	1.482567E-04	4.259852E-05
8.562874E+03	1.473560E-04	4.237262E-05
8.572854E+03	1.464512E-04	4.214506E-05
8.582834E+03	1.455428E-04	4.191594E-05
8.592814E+03	1.446311E-04	4.168538E-05
8.602794E+03	1.437166E-04	4.145350E-05
8.612774E+03	1.427997E-04	4.122040E-05
8.622754E+03	1.418807E-04	4.098621E-05
8.632735E+03	1.409601E-04	4.075105E-05
8.642715E+03	1.400383E-04	4.051503E-05
8.652695E+03	1.391038E-04	4.027481E-05
8.662675E+03	1.381808E-04	4.003745E-05
8.672655E+03	1.372579E-04	3.979959E-05
8.682635E+03	1.363354E-04	3.956136E-05
8.692615E+03	1.354020E-04	3.931946E-05
8.702595E+03	1.344815E-04	3.908083E-05
8.712575E+03	1.335627E-04	3.884218E-05
8.722555E+03	1.326343E-04	3.860025E-05
8.732535E+03	1.317199E-04	3.836189E-05
8.742515E+03	1.308082E-04	3.812387E-05
8.752495E+03	1.298882E-04	3.788291E-05
8.762475E+03	1.289831E-04	3.764583E-05
8.772455E+03	1.280818E-04	3.740939E-05
8.782435E+03	1.271733E-04	3.717036E-05
8.792415E+03	1.262807E-04	3.693550E-05
8.802395E+03	1.253816E-04	3.669827E-05
8.812375E+03	1.244988E-04	3.646536E-05
8.822355E+03	1.236213E-04	3.623355E-05
8.832335E+03	1.227383E-04	3.599967E-05
8.842315E+03	1.218724E-04	3.577035E-05
8.852295E+03	1.210016E-04	3.553912E-05
8.862275E+03	1.201481E-04	3.531258E-05
8.872255E+03	1.193013E-04	3.508755E-05
8.882236E+03	1.184504E-04	3.486085E-05
8.892216E+03	1.176173E-04	3.463901E-05
8.902196E+03	1.167915E-04	3.441888E-05
8.912176E+03	1.159622E-04	3.419727E-05
8.922156E+03	1.151512E-04	3.398066E-05
8.932136E+03	1.143477E-04	3.376589E-05
8.942116E+03	1.135414E-04	3.354983E-05
8.952096E+03	1.127536E-04	3.333887E-05
8.962076E+03	1.119737E-04	3.312986E-05
8.972056E+03	1.111913E-04	3.291970E-05
8.982036E+03	1.104276E-04	3.271470E-05
9.021956E+03	1.074441E-04	3.191206E-05
9.061876E+03	1.046023E-04	3.114577E-05
9.101796E+03	1.018897E-04	3.041249E-05
9.141717E+03	9.931140E-05	2.971415E-05
9.181637E+03	9.684958E-05	2.904578E-05
9.221557E+03	9.450440E-05	2.840777E-05
9.261477E+03	9.225457E-05	2.779406E-05
9.301397E+03	9.010702E-05	2.720701E-05
9.341317E+03	8.802913E-05	2.663704E-05
9.381238E+03	8.601754E-05	2.608337E-05
9.421158E+03	8.406908E-05	2.554524E-05
9.461078E+03	8.215322E-05	2.501355E-05
9.500998E+03	8.026924E-05	2.448822E-05
9.540918E+03	7.841766E-05	2.396955E-05
9.580838E+03	7.658229E-05	2.345271E-05
9.620758E+03	7.475805E-05	2.293626E-05
9.660679E+03	7.295065E-05	2.242203E-05
9.700599E+03	7.114041E-05	2.190408E-05
9.740519E+03	6.935389E-05	2.139066E-05
9.780439E+03	6.756541E-05	2.087396E-05
9.820359E+03	6.580331E-05	2.036280E-05
9.860279E+03	6.405269E-05	1.985269E-05
9.900200E+03	6.231669E-05	1.934468E-05
9.940120E+03	6.060733E-05	1.884261E-05
9.980040E+03	5.892789E-05	1.834759E-05
1.001996E+04	5.727346E-05	1.785820E-05
1.005988E+04	5.565539E-05	1.737809E-05
1.009980E+04	5.407643E-05	1.690821E-05
1.013972E+04	5.253105E-05	1.644695E-05
1.017964E+04	5.102933E-05	1.599757E-05
1.021956E+04	4.957284E-05	1.556066E-05
1.025948E+04	4.816274E-05	1.513670E-05
1.029940E+04	4.679983E-05	1.472604E-05
