#wls	flux	fluxerr
1.600160E+03	1.866492E-06	2.872649E-08
1.640164E+03	1.876683E-06	2.885469E-08
1.680168E+03	1.882732E-06	2.891824E-08
1.720172E+03	1.884810E-06	2.891995E-08
1.760176E+03	1.881931E-06	2.884487E-08
1.800180E+03	1.873714E-06	2.868740E-08
1.840184E+03	1.858829E-06	2.842749E-08
1.880188E+03	1.835444E-06	2.803750E-08
1.920192E+03	1.802450E-06	2.750096E-08
1.960196E+03	1.759122E-06	2.680740E-08
2.000200E+03	1.706909E-06	2.597948E-08
2.040204E+03	1.650151E-06	2.508374E-08
2.080208E+03	1.598266E-06	2.426348E-08
2.120212E+03	1.563423E-06	2.370298E-08
2.160216E+03	1.556125E-06	2.356024E-08
2.200220E+03	1.580281E-06	2.389269E-08
2.240224E+03	1.631518E-06	2.463229E-08
2.280228E+03	1.700848E-06	2.564168E-08
2.320232E+03	1.779478E-06	2.678727E-08
2.360236E+03	1.860914E-06	2.797067E-08
2.400240E+03	1.941610E-06	2.913838E-08
2.440244E+03	2.020871E-06	3.027993E-08
2.480248E+03	2.098517E-06	3.139264E-08
2.520252E+03	2.175392E-06	3.248913E-08
2.560256E+03	2.253655E-06	3.360154E-08
2.600260E+03	2.334078E-06	3.474116E-08
2.640264E+03	2.419135E-06	3.594451E-08
2.680268E+03	2.510122E-06	3.723036E-08
2.720272E+03	2.609469E-06	3.863410E-08
2.760276E+03	2.718809E-06	4.017911E-08
2.800280E+03	2.841799E-06	4.191840E-08
2.840284E+03	2.980444E-06	4.388024E-08
2.880288E+03	3.139082E-06	4.612696E-08
2.920292E+03	3.321776E-06	4.871631E-08
2.960296E+03	3.534410E-06	5.173219E-08
3.000300E+03	3.784412E-06	5.528033E-08
3.010301E+03	3.853358E-06	5.625898E-08
3.020302E+03	3.925635E-06	5.728516E-08
3.030303E+03	4.001431E-06	5.836150E-08
3.040304E+03	4.080555E-06	5.948516E-08
3.050305E+03	4.163371E-06	6.066136E-08
3.060306E+03	4.250706E-06	6.190206E-08
3.070307E+03	4.342327E-06	6.320375E-08
3.080308E+03	4.438446E-06	6.456944E-08
3.090309E+03	4.539759E-06	6.600912E-08
3.100310E+03	4.646545E-06	6.752673E-08
3.110311E+03	4.758643E-06	6.911981E-08
3.120312E+03	4.876847E-06	7.079977E-08
3.130313E+03	5.001044E-06	7.256481E-08
3.140314E+03	5.132107E-06	7.442746E-08
3.150315E+03	5.270477E-06	7.639396E-08
3.160316E+03	5.416127E-06	7.846373E-08
3.170317E+03	5.570594E-06	8.065886E-08
3.180318E+03	5.733419E-06	8.297249E-08
3.190319E+03	5.905187E-06	8.541291E-08
3.200320E+03	6.087652E-06	8.800524E-08
3.210321E+03	6.280444E-06	9.074392E-08
3.220322E+03	6.485477E-06	9.365632E-08
3.230323E+03	6.702460E-06	9.673794E-08
3.240324E+03	6.933489E-06	1.000188E-07
3.250325E+03	7.178353E-06	1.034954E-07
3.260326E+03	7.439348E-06	1.072006E-07
3.270327E+03	7.716343E-06	1.111321E-07
3.280328E+03	8.011846E-06	1.153257E-07
3.290329E+03	8.326487E-06	1.197899E-07
3.300330E+03	8.661604E-06	1.245436E-07
3.310331E+03	9.018586E-06	1.296062E-07
3.320332E+03	9.399618E-06	1.350086E-07
3.329163E+03	1.004114E-05	1.441536E-07
3.333673E+03	1.017740E-05	1.460739E-07
3.338184E+03	1.026781E-05	1.473352E-07
3.342714E+03	1.040805E-05	1.493107E-07
3.347235E+03	1.035720E-05	1.485446E-07
3.351775E+03	1.029521E-05	1.476190E-07
3.356316E+03	1.016864E-05	1.457681E-07
3.360856E+03	1.004823E-05	1.440061E-07
3.365417E+03	9.869723E-06	1.414126E-07
3.369977E+03	9.766722E-06	1.399019E-07
3.374537E+03	9.681650E-06	1.386487E-07
3.379108E+03	9.582463E-06	1.371940E-07
3.383688E+03	9.570144E-06	1.369832E-07
3.388269E+03	9.770760E-06	1.398197E-07
3.392859E+03	9.965162E-06	1.425657E-07
3.397460E+03	1.014956E-05	1.451672E-07
3.402060E+03	1.043764E-05	1.492499E-07
3.406671E+03	1.076361E-05	1.538720E-07
3.411281E+03	1.111040E-05	1.587894E-07
3.415902E+03	1.140128E-05	1.629053E-07
3.420532E+03	1.176463E-05	1.680542E-07
3.425163E+03	1.235810E-05	1.764869E-07
3.429803E+03	1.279709E-05	1.827095E-07
3.434453E+03	1.334389E-05	1.904678E-07
3.439104E+03	1.408037E-05	2.009288E-07
3.443764E+03	1.499263E-05	2.138919E-07
3.448435E+03	1.573518E-05	2.244279E-07
3.453105E+03	1.653424E-05	2.357642E-07
3.457776E+03	1.693788E-05	2.414577E-07
3.462466E+03	1.730748E-05	2.466629E-07
3.467157E+03	1.760172E-05	2.507916E-07
3.471847E+03	1.797559E-05	2.560524E-07
3.476558E+03	1.838935E-05	2.618783E-07
3.481268E+03	1.874471E-05	2.668697E-07
3.485979E+03	1.901551E-05	2.706550E-07
3.490699E+03	1.928680E-05	2.744451E-07
3.495430E+03	1.944998E-05	2.766950E-07
3.500170E+03	1.945625E-05	2.767121E-07
3.504910E+03	1.918987E-05	2.728523E-07
3.509661E+03	1.859723E-05	2.643567E-07
3.514411E+03	1.777352E-05	2.525818E-07
3.519172E+03	1.691006E-05	2.402481E-07
3.523942E+03	1.612229E-05	2.289958E-07
3.528713E+03	1.540085E-05	2.186913E-07
3.533493E+03	1.469212E-05	2.085726E-07
3.538284E+03	1.421716E-05	2.017768E-07
3.543074E+03	1.369141E-05	1.942640E-07
3.547875E+03	1.338498E-05	1.898660E-07
3.552685E+03	1.301186E-05	1.845245E-07
3.557496E+03	1.273251E-05	1.805153E-07
3.562316E+03	1.271502E-05	1.802197E-07
3.567137E+03	1.286301E-05	1.822691E-07
3.571977E+03	1.307560E-05	1.852323E-07
3.576808E+03	1.346928E-05	1.907586E-07
3.581658E+03	1.404553E-05	1.988669E-07
3.586509E+03	1.490166E-05	2.109326E-07
3.591369E+03	1.594716E-05	2.256716E-07
3.596230E+03	1.679270E-05	2.375738E-07
3.601110E+03	1.773018E-05	2.507698E-07
3.605981E+03	1.873968E-05	2.649773E-07
3.610871E+03	1.965618E-05	2.778623E-07
3.615762E+03	2.030827E-05	2.870036E-07
3.620662E+03	2.057945E-05	2.907583E-07
3.625563E+03	2.040062E-05	2.881547E-07
3.630473E+03	1.986744E-05	2.805486E-07
3.635394E+03	1.897477E-05	2.678713E-07
3.640324E+03	1.797026E-05	2.536224E-07
3.645255E+03	1.700857E-05	2.399853E-07
3.650185E+03	1.637558E-05	2.309922E-07
3.655136E+03	1.613436E-05	2.275284E-07
3.660086E+03	1.630610E-05	2.298886E-07
3.665047E+03	1.674116E-05	2.359589E-07
3.670007E+03	1.739109E-05	2.450534E-07
3.674977E+03	1.824339E-05	2.569940E-07
3.679958E+03	1.918525E-05	2.701892E-07
3.684948E+03	1.992759E-05	2.805682E-07
3.689939E+03	2.046711E-05	2.880868E-07
3.694939E+03	2.083775E-05	2.932248E-07
3.699940E+03	2.111032E-05	2.969806E-07
3.704950E+03	2.154731E-05	3.030466E-07
3.709971E+03	2.213979E-05	3.112955E-07
3.715002E+03	2.301705E-05	3.235429E-07
3.720032E+03	2.424570E-05	3.407221E-07
3.725073E+03	2.552761E-05	3.586400E-07
3.730113E+03	2.685936E-05	3.772484E-07
3.735174E+03	2.783236E-05	3.908092E-07
3.740234E+03	2.844364E-05	3.992849E-07
3.745295E+03	2.857009E-05	4.009523E-07
3.750375E+03	2.800743E-05	3.929499E-07
3.755456E+03	2.673130E-05	3.749448E-07
3.760536E+03	2.491424E-05	3.493640E-07
3.765637E+03	2.272335E-05	3.185562E-07
3.770737E+03	2.034971E-05	2.852037E-07
3.775848E+03	1.818756E-05	2.548325E-07
3.780958E+03	1.632009E-05	2.286053E-07
3.786079E+03	1.485739E-05	2.080606E-07
3.791209E+03	1.366167E-05	1.912646E-07
3.796350E+03	1.267152E-05	1.773548E-07
3.801490E+03	1.175030E-05	1.644170E-07
3.806641E+03	1.094302E-05	1.530801E-07
3.811801E+03	1.038098E-05	1.451789E-07
3.816962E+03	1.003008E-05	1.402342E-07
3.822132E+03	9.908659E-06	1.384995E-07
3.827313E+03	9.792475E-06	1.368390E-07
3.832493E+03	9.718866E-06	1.357742E-07
3.837684E+03	9.636080E-06	1.345818E-07
3.842884E+03	9.545268E-06	1.332780E-07
3.848095E+03	9.509533E-06	1.327438E-07
3.853305E+03	9.515392E-06	1.327903E-07
3.858526E+03	9.501376E-06	1.325596E-07
3.863756E+03	9.490399E-06	1.323713E-07
3.868987E+03	9.586486E-06	1.336762E-07
3.874227E+03	9.797098E-06	1.365770E-07
3.879478E+03	1.026247E-05	1.430268E-07
3.884728E+03	1.115812E-05	1.554685E-07
3.889999E+03	1.312217E-05	1.827858E-07
3.895260E+03	1.591418E-05	2.216192E-07
3.900540E+03	1.911876E-05	2.661760E-07
3.905821E+03	2.285588E-05	3.181220E-07
3.911121E+03	2.702671E-05	3.760757E-07
3.916412E+03	3.131703E-05	4.356620E-07
3.921722E+03	3.540267E-05	4.923706E-07
3.927033E+03	3.900260E-05	5.422966E-07
3.932353E+03	4.135631E-05	5.748740E-07
3.937684E+03	4.238374E-05	5.890035E-07
3.943014E+03	4.225967E-05	5.871280E-07
3.948355E+03	4.089941E-05	5.680833E-07
3.953705E+03	3.863658E-05	5.365153E-07
3.959066E+03	3.599725E-05	4.997370E-07
3.964426E+03	3.335482E-05	4.629349E-07
3.969797E+03	3.120916E-05	4.330447E-07
3.975178E+03	2.985506E-05	4.141506E-07
3.980558E+03	2.929153E-05	4.062305E-07
3.985949E+03	3.024382E-05	4.193314E-07
3.991349E+03	3.218981E-05	4.462002E-07
3.996760E+03	3.456817E-05	4.790475E-07
4.002170E+03	3.739387E-05	5.180767E-07
4.007591E+03	4.010398E-05	5.554856E-07
4.013021E+03	4.235078E-05	5.864604E-07
4.018462E+03	4.412869E-05	6.109289E-07
4.023902E+03	4.565130E-05	6.318522E-07
4.029353E+03	4.654382E-05	6.440471E-07
4.034813E+03	4.708670E-05	6.513994E-07
4.040284E+03	4.761589E-05	6.585591E-07
4.045755E+03	4.801664E-05	6.639404E-07
4.051235E+03	4.807849E-05	6.646345E-07
4.056726E+03	4.792514E-05	6.623548E-07
4.062216E+03	4.739828E-05	6.549160E-07
4.067727E+03	4.691390E-05	6.480679E-07
4.073237E+03	4.681221E-05	6.465092E-07
4.078748E+03	4.670071E-05	6.448167E-07
4.084278E+03	4.651476E-05	6.420976E-07
4.089809E+03	4.604533E-05	6.354683E-07
4.095350E+03	4.537358E-05	6.260512E-07
4.100900E+03	4.468419E-05	6.163959E-07
4.106451E+03	4.410450E-05	6.082587E-07
4.112021E+03	4.374062E-05	6.031014E-07
4.117592E+03	4.374691E-05	6.030502E-07
4.123162E+03	4.418180E-05	6.089068E-07
4.128753E+03	4.500035E-05	6.200475E-07
4.134343E+03	4.633814E-05	6.383372E-07
4.139944E+03	4.782942E-05	6.587333E-07
4.145555E+03	4.897957E-05	6.744239E-07
4.151165E+03	4.932902E-05	6.790860E-07
4.156796E+03	4.891998E-05	6.733071E-07
4.162426E+03	4.775346E-05	6.571088E-07
4.168067E+03	4.612097E-05	6.345077E-07
4.173707E+03	4.441870E-05	6.109576E-07
4.179368E+03	4.224937E-05	5.809956E-07
4.185029E+03	3.962180E-05	5.447471E-07
4.190699E+03	3.672684E-05	5.048392E-07
4.196370E+03	3.411726E-05	4.688709E-07
4.202060E+03	3.199754E-05	4.396487E-07
4.207751E+03	3.078381E-05	4.228853E-07
4.213451E+03	3.022487E-05	4.151227E-07
4.219162E+03	3.031695E-05	4.163034E-07
4.224872E+03	3.089077E-05	4.240982E-07
4.230603E+03	3.199101E-05	4.391164E-07
4.236334E+03	3.353320E-05	4.601946E-07
4.242064E+03	3.522560E-05	4.833265E-07
4.247815E+03	3.661737E-05	5.023263E-07
4.253575E+03	3.744208E-05	5.135420E-07
4.259336E+03	3.793309E-05	5.201784E-07
4.265107E+03	3.835854E-05	5.259147E-07
4.270877E+03	3.934386E-05	5.393245E-07
4.276668E+03	4.117847E-05	5.643702E-07
4.282458E+03	4.323249E-05	5.924148E-07
4.288259E+03	4.499722E-05	6.164871E-07
4.294069E+03	4.617101E-05	6.324574E-07
4.299890E+03	4.682645E-05	6.413243E-07
4.305711E+03	4.688426E-05	6.420059E-07
4.311551E+03	4.657411E-05	6.376508E-07
4.317392E+03	4.563039E-05	6.246260E-07
4.323232E+03	4.442777E-05	6.080636E-07
4.329093E+03	4.332451E-05	5.928674E-07
4.334953E+03	4.265730E-05	5.836438E-07
4.340834E+03	4.241455E-05	5.802310E-07
4.346715E+03	4.256976E-05	5.822640E-07
4.352595E+03	4.292169E-05	5.869883E-07
4.358496E+03	4.292668E-05	5.869685E-07
4.364396E+03	4.232062E-05	5.785962E-07
4.370317E+03	4.070856E-05	5.564758E-07
4.376238E+03	3.854757E-05	5.268607E-07
4.382158E+03	3.609096E-05	4.932156E-07
4.388099E+03	3.359749E-05	4.590773E-07
4.394039E+03	3.141512E-05	4.291998E-07
4.400000E+03	2.982828E-05	4.074666E-07
4.405961E+03	2.920578E-05	3.989118E-07
4.411921E+03	2.953646E-05	4.033780E-07
4.417902E+03	3.086110E-05	4.214168E-07
4.423892E+03	3.259713E-05	4.450695E-07
4.429883E+03	3.446295E-05	4.704898E-07
4.435884E+03	3.628541E-05	4.953139E-07
4.441894E+03	3.787625E-05	5.169724E-07
4.447905E+03	3.925247E-05	5.356990E-07
4.453935E+03	4.036185E-05	5.507817E-07
4.459966E+03	4.129323E-05	5.634342E-07
4.466007E+03	4.207866E-05	5.740948E-07
4.472057E+03	4.269815E-05	5.824911E-07
4.478118E+03	4.300512E-05	5.866245E-07
4.484188E+03	4.333680E-05	5.910959E-07
4.490259E+03	4.355664E-05	5.940431E-07
4.496340E+03	4.375395E-05	5.966842E-07
4.502430E+03	4.423429E-05	6.031860E-07
4.508531E+03	4.498549E-05	6.133819E-07
4.514641E+03	4.618177E-05	6.296461E-07
4.520762E+03	4.786079E-05	6.524909E-07
4.526883E+03	4.996819E-05	6.811743E-07
4.533013E+03	5.229034E-05	7.127830E-07
4.539154E+03	5.477759E-05	7.466399E-07
4.545305E+03	5.728813E-05	7.808123E-07
4.551465E+03	5.950076E-05	8.109225E-07
4.557626E+03	6.146747E-05	8.376804E-07
4.563806E+03	6.294896E-05	8.578252E-07
4.569987E+03	6.403202E-05	8.725412E-07
4.576178E+03	6.480859E-05	8.830821E-07
4.582378E+03	6.533827E-05	8.902602E-07
4.588589E+03	6.570066E-05	8.951610E-07
4.594799E+03	6.606273E-05	9.000593E-07
4.601030E+03	6.611271E-05	9.007079E-07
4.607261E+03	6.562842E-05	8.940802E-07
4.613501E+03	6.460707E-05	8.801390E-07
4.619752E+03	6.312077E-05	8.598670E-07
4.626013E+03	6.145135E-05	8.371040E-07
4.632273E+03	5.970855E-05	8.133446E-07
4.638554E+03	5.778257E-05	7.870931E-07
4.644834E+03	5.581318E-05	7.602533E-07
4.651125E+03	5.442721E-05	7.413632E-07
4.657426E+03	5.402203E-05	7.358347E-07
4.663736E+03	5.432575E-05	7.399642E-07
4.670057E+03	5.500889E-05	7.492634E-07
4.676388E+03	5.525709E-05	7.526400E-07
4.682718E+03	5.387331E-05	7.337899E-07
4.689059E+03	5.059975E-05	6.892016E-07
4.695410E+03	4.585328E-05	6.245529E-07
4.701770E+03	4.047092E-05	5.512438E-07
4.708141E+03	3.551737E-05	4.837760E-07
4.714521E+03	3.161523E-05	4.306296E-07
4.720912E+03	2.932727E-05	3.994700E-07
4.727303E+03	2.888877E-05	3.935024E-07
4.733713E+03	3.046003E-05	4.149116E-07
4.740124E+03	3.381878E-05	4.606712E-07
4.746545E+03	3.807257E-05	5.186259E-07
4.752975E+03	4.218381E-05	5.746425E-07
4.759416E+03	4.540234E-05	6.185018E-07
4.765857E+03	4.757551E-05	6.481238E-07
4.772317E+03	4.887829E-05	6.658910E-07
4.778778E+03	4.964815E-05	6.764004E-07
4.785259E+03	5.039268E-05	6.865668E-07
4.791739E+03	5.155688E-05	7.024531E-07
4.798230E+03	5.257067E-05	7.162928E-07
4.804730E+03	5.327403E-05	7.259052E-07
4.811241E+03	5.347200E-05	7.286330E-07
4.817762E+03	5.301211E-05	7.223980E-07
4.824282E+03	5.219197E-05	7.112544E-07
4.830823E+03	5.150403E-05	7.019129E-07
4.837364E+03	5.111827E-05	6.966902E-07
4.843914E+03	5.082720E-05	6.927589E-07
4.850475E+03	5.056582E-05	6.892332E-07
4.857046E+03	5.040160E-05	6.870329E-07
4.863626E+03	5.021210E-05	6.844889E-07
4.870217E+03	4.982742E-05	6.792851E-07
4.876818E+03	4.908278E-05	6.691743E-07
4.883428E+03	4.781842E-05	6.519774E-07
4.890039E+03	4.597961E-05	6.269467E-07
4.896660E+03	4.370143E-05	5.959224E-07
4.903300E+03	4.116885E-05	5.614257E-07
4.909941E+03	3.885140E-05	5.298592E-07
4.916592E+03	3.726324E-05	5.082360E-07
4.923252E+03	3.688079E-05	5.030564E-07
4.929923E+03	3.763365E-05	5.133638E-07
4.936604E+03	3.916447E-05	5.342867E-07
4.943284E+03	4.143045E-05	5.652433E-07
4.949985E+03	4.498237E-05	6.137516E-07
4.956696E+03	4.970479E-05	6.782406E-07
4.963406E+03	5.494626E-05	7.498243E-07
4.970127E+03	6.010811E-05	8.203344E-07
4.976868E+03	6.453731E-05	8.808580E-07
4.983608E+03	6.766114E-05	9.235748E-07
4.990359E+03	6.915397E-05	9.440355E-07
4.997120E+03	6.907163E-05	9.429962E-07
5.003890E+03	6.776625E-05	9.252589E-07
5.010671E+03	6.586356E-05	8.993635E-07
5.017452E+03	6.384689E-05	8.719079E-07
5.024252E+03	6.189048E-05	8.452713E-07
5.031053E+03	5.994466E-05	8.187752E-07
5.037874E+03	5.809393E-05	7.935742E-07
5.044694E+03	5.664663E-05	7.738805E-07
5.051535E+03	5.521963E-05	7.544613E-07
5.058376E+03	5.330104E-05	7.283219E-07
5.065227E+03	5.069747E-05	6.928171E-07
5.072087E+03	4.788149E-05	6.544028E-07
5.078958E+03	4.535485E-05	6.199361E-07
5.085839E+03	4.351702E-05	5.948788E-07
5.092729E+03	4.301015E-05	5.880130E-07
5.099630E+03	4.398685E-05	6.014313E-07
5.106541E+03	4.638375E-05	6.342737E-07
5.113461E+03	4.988462E-05	6.822218E-07
5.120382E+03	5.381921E-05	7.361134E-07
5.127323E+03	5.746353E-05	7.860472E-07
5.134263E+03	6.051072E-05	8.278239E-07
5.141224E+03	6.289195E-05	8.604995E-07
5.148185E+03	6.447427E-05	8.822510E-07
5.155166E+03	6.533017E-05	8.940672E-07
5.162146E+03	6.563111E-05	8.982911E-07
5.169137E+03	6.564963E-05	8.986508E-07
5.176138E+03	6.543546E-05	8.958258E-07
5.183158E+03	6.510002E-05	8.913406E-07
5.190179E+03	6.473735E-05	8.864822E-07
5.197210E+03	6.458202E-05	8.844626E-07
5.204250E+03	6.464857E-05	8.854824E-07
5.211301E+03	6.489486E-05	8.889652E-07
5.218362E+03	6.524665E-05	8.938950E-07
5.225433E+03	6.543023E-05	8.965218E-07
5.232503E+03	6.548526E-05	8.973881E-07
5.239594E+03	6.557439E-05	8.987226E-07
5.246695E+03	6.562619E-05	8.995464E-07
5.253805E+03	6.553491E-05	8.984096E-07
5.260916E+03	6.533028E-05	8.957187E-07
5.268047E+03	6.523122E-05	8.944755E-07
5.275188E+03	6.538511E-05	8.967013E-07
5.282328E+03	6.597346E-05	9.048871E-07
5.289489E+03	6.688510E-05	9.175105E-07
5.296650E+03	6.775153E-05	9.295172E-07
5.303830E+03	6.843038E-05	9.389537E-07
5.311011E+03	6.900047E-05	9.469006E-07
5.318202E+03	6.937120E-05	9.521136E-07
5.325413E+03	6.944480E-05	9.532501E-07
5.332623E+03	6.924625E-05	9.506508E-07
5.339854E+03	6.895210E-05	9.467388E-07
5.347085E+03	6.869959E-05	9.433977E-07
5.354325E+03	6.859868E-05	9.421380E-07
5.361586E+03	6.884956E-05	9.457106E-07
5.368847E+03	6.946647E-05	9.543128E-07
5.376118E+03	7.030964E-05	9.660262E-07
5.383398E+03	7.113466E-05	9.774937E-07
5.390699E+03	7.169266E-05	9.852950E-07
5.398000E+03	7.189876E-05	9.882614E-07
5.405311E+03	7.164865E-05	9.849573E-07
5.412631E+03	7.102339E-05	9.764947E-07
5.419962E+03	6.998946E-05	9.624103E-07
5.427313E+03	6.863264E-05	9.438819E-07
5.434663E+03	6.711651E-05	9.231570E-07
5.442024E+03	6.560656E-05	9.025116E-07
5.449395E+03	6.426320E-05	8.841527E-07
5.456776E+03	6.329991E-05	8.710187E-07
5.464166E+03	6.299283E-05	8.669119E-07
5.471577E+03	6.361989E-05	8.756618E-07
5.478988E+03	6.523310E-05	8.979889E-07
5.486409E+03	6.777025E-05	9.330428E-07
5.493839E+03	7.118144E-05	9.801416E-07
5.501280E+03	7.523283E-05	1.036070E-06
5.508731E+03	7.952657E-05	1.095351E-06
5.516202E+03	8.360750E-05	1.151717E-06
5.523672E+03	8.699263E-05	1.198512E-06
5.531153E+03	8.946557E-05	1.232751E-06
5.538644E+03	9.073319E-05	1.250388E-06
5.546155E+03	9.069120E-05	1.249981E-06
5.553665E+03	8.920921E-05	1.229722E-06
5.561186E+03	8.647272E-05	1.192162E-06
5.568727E+03	8.279210E-05	1.141575E-06
5.576268E+03	7.852305E-05	1.082858E-06
5.583818E+03	7.402750E-05	1.021001E-06
5.591389E+03	6.968581E-05	9.612493E-07
5.598960E+03	6.585366E-05	9.085108E-07
5.606541E+03	6.287137E-05	8.674838E-07
5.614141E+03	6.090313E-05	8.404392E-07
5.621742E+03	5.970259E-05	8.239822E-07
5.629363E+03	5.902849E-05	8.147873E-07
5.636984E+03	5.876981E-05	8.113243E-07
5.644624E+03	5.862145E-05	8.093832E-07
5.652275E+03	5.836537E-05	8.059538E-07
5.659926E+03	5.763568E-05	7.959821E-07
5.667597E+03	5.624892E-05	7.769318E-07
5.675278E+03	5.403897E-05	7.465043E-07
5.682958E+03	5.100965E-05	7.047481E-07
5.690659E+03	4.705016E-05	6.501278E-07
5.698370E+03	4.234110E-05	5.851343E-07
5.706091E+03	3.721053E-05	5.142979E-07
5.713821E+03	3.201437E-05	4.425365E-07
5.721562E+03	2.711243E-05	3.748242E-07
5.729313E+03	2.282183E-05	3.155471E-07
5.737074E+03	1.946532E-05	2.691719E-07
5.744844E+03	1.725671E-05	2.386603E-07
5.752625E+03	1.645418E-05	2.275894E-07
5.760416E+03	1.708259E-05	2.363105E-07
5.768227E+03	1.909117E-05	2.641281E-07
5.776038E+03	2.231450E-05	3.087607E-07
5.783868E+03	2.650758E-05	3.668236E-07
5.791699E+03	3.146020E-05	4.354122E-07
5.799550E+03	3.705323E-05	5.128812E-07
5.807401E+03	4.311989E-05	5.969245E-07
5.815272E+03	4.950785E-05	6.854356E-07
5.823152E+03	5.617634E-05	7.778511E-07
5.831033E+03	6.268549E-05	8.680804E-07
5.838934E+03	6.856098E-05	9.495536E-07
5.846845E+03	7.330142E-05	1.015322E-06
5.854765E+03	7.665893E-05	1.061948E-06
5.862696E+03	7.874916E-05	1.091024E-06
5.870637E+03	7.988527E-05	1.106886E-06
5.878598E+03	8.011367E-05	1.110172E-06
5.886559E+03	7.965257E-05	1.103902E-06
5.894529E+03	7.871472E-05	1.091021E-06
5.902520E+03	7.753590E-05	1.074795E-06
5.910511E+03	7.648758E-05	1.060375E-06
5.918522E+03	7.578762E-05	1.050780E-06
5.926543E+03	7.537916E-05	1.045224E-06
5.934563E+03	7.495943E-05	1.039509E-06
5.942604E+03	7.427543E-05	1.030126E-06
5.950655E+03	7.293922E-05	1.011694E-06
5.958716E+03	7.081402E-05	9.823130E-07
5.966797E+03	6.815141E-05	9.454693E-07
5.974877E+03	6.523749E-05	9.051304E-07
5.982968E+03	6.224312E-05	8.636665E-07
5.991079E+03	5.920109E-05	8.215323E-07
5.999190E+03	5.620249E-05	7.799922E-07
6.007321E+03	5.345458E-05	7.419229E-07
6.015452E+03	5.120610E-05	7.107782E-07
6.023602E+03	4.936761E-05	6.853185E-07
6.031763E+03	4.799882E-05	6.663745E-07
6.039934E+03	4.702682E-05	6.529354E-07
6.048125E+03	4.624174E-05	6.420889E-07
6.056316E+03	4.563175E-05	6.336709E-07
6.064516E+03	4.521036E-05	6.278699E-07
6.072737E+03	4.495168E-05	6.243270E-07
6.080958E+03	4.491569E-05	6.238758E-07
6.089199E+03	4.521998E-05	6.281505E-07
6.097450E+03	4.588010E-05	6.373680E-07
6.105711E+03	4.676590E-05	6.497214E-07
6.113981E+03	4.768052E-05	6.624763E-07
6.122262E+03	4.841841E-05	6.727762E-07
6.130553E+03	4.887606E-05	6.791824E-07
6.138864E+03	4.898713E-05	6.807719E-07
6.147175E+03	4.877769E-05	6.779064E-07
6.155506E+03	4.814008E-05	6.690884E-07
6.163846E+03	4.735825E-05	6.582637E-07
6.172197E+03	4.678900E-05	6.503916E-07
6.180558E+03	4.691688E-05	6.522087E-07
6.188929E+03	4.816549E-05	6.696055E-07
6.197310E+03	5.061293E-05	7.036706E-07
6.205711E+03	5.430039E-05	7.549795E-07
6.214121E+03	5.883344E-05	8.180503E-07
6.222532E+03	6.366061E-05	8.852165E-07
6.230963E+03	6.813104E-05	9.474275E-07
6.239404E+03	7.185649E-05	9.992831E-07
6.247855E+03	7.492534E-05	1.042011E-06
6.256326E+03	7.720856E-05	1.073814E-06
6.264796E+03	7.870329E-05	1.094652E-06
6.273287E+03	7.929913E-05	1.102987E-06
6.281788E+03	7.913933E-05	1.100811E-06
6.290299E+03	7.838262E-05	1.090329E-06
6.298820E+03	7.703021E-05	1.071558E-06
6.307351E+03	7.463266E-05	1.038244E-06
6.315892E+03	7.087140E-05	9.859552E-07
6.324452E+03	6.575820E-05	9.148520E-07
6.333013E+03	5.986369E-05	8.328724E-07
6.341594E+03	5.419709E-05	7.540572E-07
6.350185E+03	4.972431E-05	6.918465E-07
6.358786E+03	4.721138E-05	6.569006E-07
6.367407E+03	4.699185E-05	6.538632E-07
6.376028E+03	4.903408E-05	6.822963E-07
6.384668E+03	5.281767E-05	7.349608E-07
6.393319E+03	5.770844E-05	8.030331E-07
6.401980E+03	6.316876E-05	8.790327E-07
6.410651E+03	6.847726E-05	9.529211E-07
6.419342E+03	7.314011E-05	1.017826E-06
6.428033E+03	7.684756E-05	1.069435E-06
6.436744E+03	7.977038E-05	1.110125E-06
6.445465E+03	8.228625E-05	1.145150E-06
6.454195E+03	8.472222E-05	1.179063E-06
6.462936E+03	8.703575E-05	1.211271E-06
6.471687E+03	8.885853E-05	1.236647E-06
6.480458E+03	8.963459E-05	1.247454E-06
6.489239E+03	8.907882E-05	1.239725E-06
6.498030E+03	8.728810E-05	1.214806E-06
6.506831E+03	8.444641E-05	1.175259E-06
6.515652E+03	8.055133E-05	1.121050E-06
6.524472E+03	7.599901E-05	1.057692E-06
6.533313E+03	7.135874E-05	9.931085E-07
6.542164E+03	6.743320E-05	9.384713E-07
6.551025E+03	6.474590E-05	9.010656E-07
6.559906E+03	6.347509E-05	8.833723E-07
6.568787E+03	6.364039E-05	8.856638E-07
6.577688E+03	6.499361E-05	9.044855E-07
6.586599E+03	6.707575E-05	9.334490E-07
6.595520E+03	6.951132E-05	9.673288E-07
6.604460E+03	7.192361E-05	1.000882E-06
6.613401E+03	7.392589E-05	1.028727E-06
6.622362E+03	7.514781E-05	1.045710E-06
6.631333E+03	7.552881E-05	1.050989E-06
6.640314E+03	7.494633E-05	1.042859E-06
6.649315E+03	7.358402E-05	1.023878E-06
6.658326E+03	7.182243E-05	9.993400E-07
6.667347E+03	6.986388E-05	9.720614E-07
6.676378E+03	6.769546E-05	9.418629E-07
6.685419E+03	6.533309E-05	9.089664E-07
6.694479E+03	6.292297E-05	8.754060E-07
6.703550E+03	6.061985E-05	8.433351E-07
6.712631E+03	5.835288E-05	8.117680E-07
6.721722E+03	5.602936E-05	7.794153E-07
6.730823E+03	5.362073E-05	7.458799E-07
6.739944E+03	5.115795E-05	7.115929E-07
6.749075E+03	4.855313E-05	6.753319E-07
6.758216E+03	4.589015E-05	6.382640E-07
6.767377E+03	4.323503E-05	6.013077E-07
6.776538E+03	4.073942E-05	5.665723E-07
6.785719E+03	3.833489E-05	5.331059E-07
6.794919E+03	3.614194E-05	5.025843E-07
6.804120E+03	3.421941E-05	4.758252E-07
6.813341E+03	3.250319E-05	4.519368E-07
6.822572E+03	3.105859E-05	4.318267E-07
6.831813E+03	2.983911E-05	4.148482E-07
6.841064E+03	2.879183E-05	4.002648E-07
6.850335E+03	2.779398E-05	3.863697E-07
6.859616E+03	2.689576E-05	3.738605E-07
6.868907E+03	2.613840E-05	3.633104E-07
6.878208E+03	2.530569E-05	3.517136E-07
6.887529E+03	2.427348E-05	3.373454E-07
6.896860E+03	2.329707E-05	3.237540E-07
6.906201E+03	2.303612E-05	3.201057E-07
6.915562E+03	2.412240E-05	3.351773E-07
6.924932E+03	2.670992E-05	3.711042E-07
6.934313E+03	3.047637E-05	4.234041E-07
6.943704E+03	3.508937E-05	4.874563E-07
6.953115E+03	4.028472E-05	5.595874E-07
6.962526E+03	4.587482E-05	6.371900E-07
6.971967E+03	5.174177E-05	7.186250E-07
6.981408E+03	5.733713E-05	7.962747E-07
6.990869E+03	6.217208E-05	8.633517E-07
7.000340E+03	6.590194E-05	9.150723E-07
7.009821E+03	6.837744E-05	9.493678E-07
7.019312E+03	6.983219E-05	9.694853E-07
7.028823E+03	7.067186E-05	9.810598E-07
7.038344E+03	7.127533E-05	9.893529E-07
7.047885E+03	7.151362E-05	9.925748E-07
7.057436E+03	7.102533E-05	9.857115E-07
7.066997E+03	6.955976E-05	9.652868E-07
7.076568E+03	6.750192E-05	9.366464E-07
7.086149E+03	6.557582E-05	9.098382E-07
7.095750E+03	6.402197E-05	8.881985E-07
7.105361E+03	6.265064E-05	8.690939E-07
7.114991E+03	6.116724E-05	8.484375E-07
7.124632E+03	5.970506E-05	8.280787E-07
7.134283E+03	5.826407E-05	8.080169E-07
7.143944E+03	5.703931E-05	7.909569E-07
7.153625E+03	5.602176E-05	7.767727E-07
7.163316E+03	5.532886E-05	7.670918E-07
7.173017E+03	5.500924E-05	7.625871E-07
7.182738E+03	5.495528E-05	7.617653E-07
7.192469E+03	5.540165E-05	7.678780E-07
7.202210E+03	5.634748E-05	7.809111E-07
7.211971E+03	5.780252E-05	8.009977E-07
7.221742E+03	5.971046E-05	8.273557E-07
7.231523E+03	6.197032E-05	8.585841E-07
7.241314E+03	6.433642E-05	8.912780E-07
7.251125E+03	6.664032E-05	9.231036E-07
7.260956E+03	6.876079E-05	9.523823E-07
7.270787E+03	7.036001E-05	9.744361E-07
7.280638E+03	7.132396E-05	9.876886E-07
7.290499E+03	7.158364E-05	9.911868E-07
7.300380E+03	7.124215E-05	9.863612E-07
7.310271E+03	7.029421E-05	9.731410E-07
7.320172E+03	6.859437E-05	9.495158E-07
7.330093E+03	6.629866E-05	9.176478E-07
7.340014E+03	6.376625E-05	8.825106E-07
7.349965E+03	6.093807E-05	8.432878E-07
7.359916E+03	5.789306E-05	8.010725E-07
7.369887E+03	5.523868E-05	7.642706E-07
7.379878E+03	5.300390E-05	7.332812E-07
7.389869E+03	5.108454E-05	7.066615E-07
7.399880E+03	4.933425E-05	6.823859E-07
7.409911E+03	4.791114E-05	6.626405E-07
7.419942E+03	4.682526E-05	6.475631E-07
7.429993E+03	4.582295E-05	6.336448E-07
7.440064E+03	4.493568E-05	6.213204E-07
7.450145E+03	4.416542E-05	6.106166E-07
7.460236E+03	4.335190E-05	5.993175E-07
7.470337E+03	4.249731E-05	5.874534E-07
7.480458E+03	4.152590E-05	5.739776E-07
7.490599E+03	4.040841E-05	5.584860E-07
7.500740E+03	3.898108E-05	5.387158E-07
7.510901E+03	3.741031E-05	5.169674E-07
7.521082E+03	3.589999E-05	4.960588E-07
7.531273E+03	3.427158E-05	4.735227E-07
7.541474E+03	3.253783E-05	4.495354E-07
7.551685E+03	3.113093E-05	4.300681E-07
7.561916E+03	3.001686E-05	4.146494E-07
7.572167E+03	2.920779E-05	4.034468E-07
7.582418E+03	2.874947E-05	3.970912E-07
7.592689E+03	2.864768E-05	3.956616E-07
7.602980E+03	2.863828E-05	3.955092E-07
7.613281E+03	2.857471E-05	3.946098E-07
7.623592E+03	2.860552E-05	3.950150E-07
7.633923E+03	2.903584E-05	4.009380E-07
7.644264E+03	2.963119E-05	4.091405E-07
7.654615E+03	3.054808E-05	4.217830E-07
7.664986E+03	3.188017E-05	4.401586E-07
7.675368E+03	3.368971E-05	4.651261E-07
7.685769E+03	3.600543E-05	4.970821E-07
7.696180E+03	3.848063E-05	5.312396E-07
7.706611E+03	4.104009E-05	5.665606E-07
7.717052E+03	4.359834E-05	6.018659E-07
7.727503E+03	4.587409E-05	6.332727E-07
7.737974E+03	4.764258E-05	6.576790E-07
7.748455E+03	4.857311E-05	6.705203E-07
7.758956E+03	4.873511E-05	6.727555E-07
7.769467E+03	4.826250E-05	6.662336E-07
7.779988E+03	4.725152E-05	6.522829E-07
7.790529E+03	4.570668E-05	6.309653E-07
7.801080E+03	4.383016E-05	6.050717E-07
7.811651E+03	4.170949E-05	5.758096E-07
7.822232E+03	3.950076E-05	5.453334E-07
7.832833E+03	3.722267E-05	5.139007E-07
7.843444E+03	3.503526E-05	4.837206E-07
7.854065E+03	3.301119E-05	4.557959E-07
7.864706E+03	3.116484E-05	4.303254E-07
7.875358E+03	2.970182E-05	4.101480E-07
7.886029E+03	2.835595E-05	3.915885E-07
7.896710E+03	2.721854E-05	3.759080E-07
7.907411E+03	2.642456E-05	3.649711E-07
7.918122E+03	2.599051E-05	3.590066E-07
7.928853E+03	2.577293E-05	3.560340E-07
7.939594E+03	2.557864E-05	3.533852E-07
7.950345E+03	2.532660E-05	3.499404E-07
7.961116E+03	2.490260E-05	3.441212E-07
7.971907E+03	2.442707E-05	3.375912E-07
7.982708E+03	2.393327E-05	3.308095E-07
7.993519E+03	2.348347E-05	3.246370E-07
8.004350E+03	2.310468E-05	3.194471E-07
8.015192E+03	2.275327E-05	3.146371E-07
8.026053E+03	2.240638E-05	3.098907E-07
8.036924E+03	2.208894E-05	3.055527E-07
8.047805E+03	2.176976E-05	3.011919E-07
8.058716E+03	2.140104E-05	2.961467E-07
8.069627E+03	2.106590E-05	2.915669E-07
8.080558E+03	2.068450E-05	2.863476E-07
8.091509E+03	2.026720E-05	2.806317E-07
8.102470E+03	1.988797E-05	2.754433E-07
8.113441E+03	1.957828E-05	2.712181E-07
8.124442E+03	1.932481E-05	2.677726E-07
8.135444E+03	1.919254E-05	2.660075E-07
8.146465E+03	1.921301E-05	2.663613E-07
8.157506E+03	1.931472E-05	2.678443E-07
8.168557E+03	1.941374E-05	2.692931E-07
8.179618E+03	1.953049E-05	2.709910E-07
8.190699E+03	1.958908E-05	2.718851E-07
8.201800E+03	1.958025E-05	2.718460E-07
8.212911E+03	1.951980E-05	2.710920E-07
8.224032E+03	1.939320E-05	2.694208E-07
8.235174E+03	1.925346E-05	2.675681E-07
8.246335E+03	1.906228E-05	2.650010E-07
8.257506E+03	1.885929E-05	2.622702E-07
8.268687E+03	1.866707E-05	2.596891E-07
8.279888E+03	1.846868E-05	2.570222E-07
8.291109E+03	1.831665E-05	2.550009E-07
8.302340E+03	1.809450E-05	2.520031E-07
8.313591E+03	1.778787E-05	2.478280E-07
8.324852E+03	1.726436E-05	2.406285E-07
8.336124E+03	1.655043E-05	2.307698E-07
8.347425E+03	1.583441E-05	2.208756E-07
8.358726E+03	1.521650E-05	2.123438E-07
8.370057E+03	1.453847E-05	2.029672E-07
8.381388E+03	1.454326E-05	2.031203E-07
8.392749E+03	1.602322E-05	2.238873E-07
8.404120E+03	1.965153E-05	2.747048E-07
8.415502E+03	2.545468E-05	3.559841E-07
8.426903E+03	3.266695E-05	4.570538E-07
8.438314E+03	4.071595E-05	5.699299E-07
8.449745E+03	4.863554E-05	6.811011E-07
8.461196E+03	5.530654E-05	7.748859E-07
8.472657E+03	5.993870E-05	8.401839E-07
8.484138E+03	6.177111E-05	8.662847E-07
8.495630E+03	6.104324E-05	8.564921E-07
8.507141E+03	5.913704E-05	8.301530E-07
8.518662E+03	5.726867E-05	8.043234E-07
8.530203E+03	5.671785E-05	7.969859E-07
8.541764E+03	5.802811E-05	8.158095E-07
8.553335E+03	6.178950E-05	8.691335E-07
8.564916E+03	6.847277E-05	9.636360E-07
8.576528E+03	7.681014E-05	1.081532E-06
8.588139E+03	8.626156E-05	1.215249E-06
8.599780E+03	9.586032E-05	1.351190E-06
8.611431E+03	1.045976E-04	1.475130E-06
8.623092E+03	1.108577E-04	1.564254E-06
8.634773E+03	1.138522E-04	1.607377E-06
8.646475E+03	1.142523E-04	1.613903E-06
8.658186E+03	1.126967E-04	1.592802E-06
8.669917E+03	1.098396E-04	1.553277E-06
8.681658E+03	1.057223E-04	1.495883E-06
8.693419E+03	1.003801E-04	1.421089E-06
8.705201E+03	9.444270E-05	1.337785E-06
8.716992E+03	8.890215E-05	1.260015E-06
8.728803E+03	8.426875E-05	1.195025E-06
8.740624E+03	8.088833E-05	1.147742E-06
8.752465E+03	7.784562E-05	1.105203E-06
8.764326E+03	7.441658E-05	1.057130E-06
8.776198E+03	7.077760E-05	1.006019E-06
8.788089E+03	6.653779E-05	9.463064E-07
8.799990E+03	6.247877E-05	8.890985E-07
8.811911E+03	5.884223E-05	8.378411E-07
8.823852E+03	5.562497E-05	7.924987E-07
8.835804E+03	5.216645E-05	7.436646E-07
8.847775E+03	4.858362E-05	6.930008E-07
8.859766E+03	4.527955E-05	6.462566E-07
8.871767E+03	4.270907E-05	6.099339E-07
8.883788E+03	4.082852E-05	5.834275E-07
8.895820E+03	3.919366E-05	5.604027E-07
8.907871E+03	3.752273E-05	5.368351E-07
8.919942E+03	3.586606E-05	5.134439E-07
8.932023E+03	3.420608E-05	4.899772E-07
8.944124E+03	3.260431E-05	4.673169E-07
8.956236E+03	3.134887E-05	4.495963E-07
8.968377E+03	3.032644E-05	4.351986E-07
8.980518E+03	2.951999E-05	4.238846E-07
8.992689E+03	2.901186E-05	4.168436E-07
9.004870E+03	2.865279E-05	4.119370E-07
9.017072E+03	2.856922E-05	4.109879E-07
9.029283E+03	2.866018E-05	4.125500E-07
9.041514E+03	2.873584E-05	4.138938E-07
9.053765E+03	2.851463E-05	4.109609E-07
9.066027E+03	2.785141E-05	4.016501E-07
9.078318E+03	2.695808E-05	3.890074E-07
9.090609E+03	2.627407E-05	3.793712E-07
9.102930E+03	2.588285E-05	3.739535E-07
9.115262E+03	2.582725E-05	3.733811E-07
9.127613E+03	2.581841E-05	3.734842E-07
9.139974E+03	2.643246E-05	3.826034E-07
9.152355E+03	2.802674E-05	4.059312E-07
9.164756E+03	3.039178E-05	4.404582E-07
9.177168E+03	3.316490E-05	4.809453E-07
9.189599E+03	3.611423E-05	5.240393E-07
9.202050E+03	3.899345E-05	5.661683E-07
9.214521E+03	4.155747E-05	6.037696E-07
9.227003E+03	4.348135E-05	6.321107E-07
9.239504E+03	4.467532E-05	6.498688E-07
9.252015E+03	4.507392E-05	6.560711E-07
9.264546E+03	4.467917E-05	6.507257E-07
9.277098E+03	4.350212E-05	6.339725E-07
9.289669E+03	4.164204E-05	6.072379E-07
9.302260E+03	3.958336E-05	5.775719E-07
9.314861E+03	3.776950E-05	5.514432E-07
9.327473E+03	3.653467E-05	5.337406E-07
9.340114E+03	3.563553E-05	5.209232E-07
9.360936E+03	2.928176E-05	4.284727E-07
9.400940E+03	2.695614E-05	3.951971E-07
9.440944E+03	2.495376E-05	3.665334E-07
9.480948E+03	2.322008E-05	3.417064E-07
9.520952E+03	2.172985E-05	3.203674E-07
9.560956E+03	2.046463E-05	3.022644E-07
9.600960E+03	1.940548E-05	2.871365E-07
9.640964E+03	1.852844E-05	2.746456E-07
9.680968E+03	1.780907E-05	2.644436E-07
9.720972E+03	1.722073E-05	2.561475E-07
9.760976E+03	1.674142E-05	2.494395E-07
9.800980E+03	1.634696E-05	2.439676E-07
9.840984E+03	1.601791E-05	2.394480E-07
9.880988E+03	1.573986E-05	2.356697E-07
9.920992E+03	1.549547E-05	2.323766E-07
9.960996E+03	1.527553E-05	2.294331E-07
1.000100E+04	1.506969E-05	2.266854E-07
1.004100E+04	1.486948E-05	2.240071E-07
1.008101E+04	1.467179E-05	2.213518E-07
1.012101E+04	1.446884E-05	2.186022E-07
1.016102E+04	1.426020E-05	2.157520E-07
1.020102E+04	1.404403E-05	2.127730E-07
1.024102E+04	1.381800E-05	2.096299E-07
1.028103E+04	1.358173E-05	2.063161E-07
1.032103E+04	1.333662E-05	2.028532E-07
