#wls	flux	fluxerr
1.596504E+03	1.364230E-05	3.845528E-06
1.636416E+03	1.344018E-05	3.770020E-06
1.676329E+03	1.322029E-05	3.689604E-06
1.716241E+03	1.298675E-05	3.605518E-06
1.756154E+03	1.274381E-05	3.519008E-06
1.796067E+03	1.248770E-05	3.429102E-06
1.835979E+03	1.223354E-05	3.340009E-06
1.875892E+03	1.197106E-05	3.248953E-06
1.915804E+03	1.171466E-05	3.159882E-06
1.955717E+03	1.146256E-05	3.072313E-06
1.995630E+03	1.122422E-05	2.988767E-06
2.035542E+03	1.102458E-05	2.915789E-06
2.075455E+03	1.089800E-05	2.862213E-06
2.115367E+03	1.088677E-05	2.838670E-06
2.155280E+03	1.104159E-05	2.857621E-06
2.195193E+03	1.138813E-05	2.924658E-06
2.235105E+03	1.192567E-05	3.038390E-06
2.275018E+03	1.264292E-05	3.194709E-06
2.314930E+03	1.351797E-05	3.386879E-06
2.354843E+03	1.454727E-05	3.612853E-06
2.394755E+03	1.573058E-05	3.871386E-06
2.434668E+03	1.707923E-05	4.163995E-06
2.474581E+03	1.859374E-05	4.489434E-06
2.514493E+03	2.028628E-05	4.849177E-06
2.554406E+03	2.216763E-05	5.244184E-06
2.594318E+03	2.422975E-05	5.670845E-06
2.634231E+03	2.647622E-05	6.128244E-06
2.674144E+03	2.889964E-05	6.612853E-06
2.714056E+03	3.149985E-05	7.122792E-06
2.753969E+03	3.427705E-05	7.656194E-06
2.793881E+03	3.722172E-05	8.208979E-06
2.833794E+03	4.032451E-05	8.777148E-06
2.873707E+03	4.358943E-05	9.359616E-06
2.913619E+03	4.702477E-05	9.956093E-06
2.953532E+03	5.063061E-05	1.056442E-05
2.993444E+03	5.445117E-05	1.119145E-05
3.003423E+03	5.543596E-05	1.135001E-05
3.013401E+03	5.642462E-05	1.150758E-05
3.023379E+03	5.744493E-05	1.166979E-05
3.033357E+03	5.846981E-05	1.183107E-05
3.043335E+03	5.951453E-05	1.199448E-05
3.053313E+03	6.058065E-05	1.216026E-05
3.063291E+03	6.165388E-05	1.232550E-05
3.073270E+03	6.276285E-05	1.249587E-05
3.083248E+03	6.387890E-05	1.266558E-05
3.093226E+03	6.501644E-05	1.283745E-05
3.103204E+03	6.617562E-05	1.301144E-05
3.113182E+03	6.735656E-05	1.318751E-05
3.123160E+03	6.855939E-05	1.336562E-05
3.133138E+03	6.976921E-05	1.354280E-05
3.143117E+03	7.101620E-05	1.372486E-05
3.153095E+03	7.228554E-05	1.390884E-05
3.163073E+03	7.356199E-05	1.409175E-05
3.173051E+03	7.487635E-05	1.427943E-05
3.183029E+03	7.621346E-05	1.446888E-05
3.193007E+03	7.755775E-05	1.465710E-05
3.202985E+03	7.894057E-05	1.484995E-05
3.212964E+03	8.034637E-05	1.504440E-05
3.222942E+03	8.177526E-05	1.524040E-05
3.232920E+03	8.322722E-05	1.543786E-05
3.242898E+03	8.471829E-05	1.563968E-05
3.252876E+03	8.621621E-05	1.583980E-05
3.262854E+03	8.775316E-05	1.604408E-05
3.272832E+03	8.931294E-05	1.624945E-05
3.282811E+03	9.091169E-05	1.645876E-05
3.292789E+03	9.253277E-05	1.666887E-05
3.302767E+03	9.417561E-05	1.687963E-05
3.312745E+03	9.583986E-05	1.709089E-05
3.322723E+03	9.754160E-05	1.730542E-05
3.332701E+03	9.926347E-05	1.752004E-05
3.342680E+03	1.010216E-04	1.773752E-05
3.352658E+03	1.027981E-04	1.795463E-05
3.362636E+03	1.046090E-04	1.817405E-05
3.372614E+03	1.064360E-04	1.839253E-05
3.382592E+03	1.082947E-04	1.861268E-05
3.392570E+03	1.101837E-04	1.883418E-05
3.402548E+03	1.120839E-04	1.905365E-05
3.412527E+03	1.140104E-04	1.927362E-05
3.422505E+03	1.159436E-04	1.949068E-05
3.432483E+03	1.179160E-04	1.971026E-05
3.442461E+03	1.198895E-04	1.992587E-05
3.452439E+03	1.218786E-04	2.013989E-05
3.462417E+03	1.238797E-04	2.035167E-05
3.472395E+03	1.258889E-04	2.056056E-05
3.482374E+03	1.279021E-04	2.076581E-05
3.492352E+03	1.298967E-04	2.096375E-05
3.502330E+03	1.319032E-04	2.115935E-05
3.512308E+03	1.338982E-04	2.134880E-05
3.522286E+03	1.358756E-04	2.153114E-05
3.532264E+03	1.378286E-04	2.170539E-05
3.542242E+03	1.397682E-04	2.187330E-05
3.552221E+03	1.416692E-04	2.203099E-05
3.562199E+03	1.435243E-04	2.217742E-05
3.572177E+03	1.453270E-04	2.231173E-05
3.582155E+03	1.470892E-04	2.243590E-05
3.592133E+03	1.487887E-04	2.254666E-05
3.602111E+03	1.504398E-04	2.264634E-05
3.612090E+03	1.520226E-04	2.273212E-05
3.622068E+03	1.535530E-04	2.280657E-05
3.632046E+03	1.550115E-04	2.286695E-05
3.642024E+03	1.564125E-04	2.291560E-05
3.652002E+03	1.577509E-04	2.295196E-05
3.661980E+03	1.590196E-04	2.297518E-05
3.671958E+03	1.601923E-04	2.298170E-05
3.681937E+03	1.612770E-04	2.297299E-05
3.691915E+03	1.622837E-04	2.295069E-05
3.701893E+03	1.631780E-04	2.291024E-05
3.711871E+03	1.639853E-04	2.285554E-05
3.721849E+03	1.647438E-04	2.279214E-05
3.731827E+03	1.654590E-04	2.272097E-05
3.741805E+03	1.662172E-04	2.265392E-05
3.751784E+03	1.670729E-04	2.259825E-05
3.761762E+03	1.681108E-04	2.256505E-05
3.771740E+03	1.694437E-04	2.256876E-05
3.781718E+03	1.711631E-04	2.262060E-05
3.791696E+03	1.733990E-04	2.273642E-05
3.801674E+03	1.762558E-04	2.292820E-05
3.811652E+03	1.798706E-04	2.321172E-05
3.821631E+03	1.843491E-04	2.359816E-05
3.831609E+03	1.898226E-04	2.410152E-05
3.841587E+03	1.963969E-04	2.473202E-05
3.851565E+03	2.041609E-04	2.549736E-05
3.861543E+03	2.131789E-04	2.640181E-05
3.871521E+03	2.234647E-04	2.744316E-05
3.881500E+03	2.350399E-04	2.862014E-05
3.891478E+03	2.478081E-04	2.991711E-05
3.901456E+03	2.616906E-04	3.132097E-05
3.911434E+03	2.765004E-04	3.280613E-05
3.921412E+03	2.919942E-04	3.434116E-05
3.931390E+03	3.079638E-04	3.589972E-05
3.941368E+03	3.240381E-04	3.743757E-05
3.951347E+03	3.399198E-04	3.892045E-05
3.961325E+03	3.552237E-04	4.030538E-05
3.971303E+03	3.696009E-04	4.155507E-05
3.981281E+03	3.826653E-04	4.262951E-05
3.991259E+03	3.941126E-04	4.349934E-05
4.001237E+03	4.036719E-04	4.414008E-05
4.011215E+03	4.111235E-04	4.453388E-05
4.021194E+03	4.163603E-04	4.467592E-05
4.031172E+03	4.194156E-04	4.457662E-05
4.041150E+03	4.203012E-04	4.424405E-05
4.051128E+03	4.191607E-04	4.369988E-05
4.061106E+03	4.161489E-04	4.296637E-05
4.071084E+03	4.114402E-04	4.206706E-05
4.081062E+03	4.052166E-04	4.102557E-05
4.091041E+03	3.976429E-04	3.986298E-05
4.101019E+03	3.889589E-04	3.860714E-05
4.110997E+03	3.793607E-04	3.728064E-05
4.120975E+03	3.690760E-04	3.590826E-05
4.130953E+03	3.584148E-04	3.452186E-05
4.140931E+03	3.476486E-04	3.314836E-05
4.150910E+03	3.370774E-04	3.181628E-05
4.160888E+03	3.269953E-04	3.055246E-05
4.170866E+03	3.176772E-04	2.938084E-05
4.180844E+03	3.093672E-04	2.832151E-05
4.190822E+03	3.022707E-04	2.739016E-05
4.200800E+03	2.965610E-04	2.659891E-05
4.210778E+03	2.923380E-04	2.595275E-05
4.220757E+03	2.896595E-04	2.545268E-05
4.230735E+03	2.885807E-04	2.509938E-05
4.240713E+03	2.890839E-04	2.488713E-05
4.250691E+03	2.911369E-04	2.480911E-05
4.260669E+03	2.946991E-04	2.485805E-05
4.270647E+03	2.996767E-04	2.502246E-05
4.280625E+03	3.059878E-04	2.529228E-05
4.290604E+03	3.135042E-04	2.565404E-05
4.300582E+03	3.220509E-04	2.609102E-05
4.310560E+03	3.314046E-04	2.658331E-05
4.320538E+03	3.412341E-04	2.710321E-05
4.330516E+03	3.511698E-04	2.762115E-05
4.340494E+03	3.607520E-04	2.810170E-05
4.350472E+03	3.695219E-04	2.851091E-05
4.360451E+03	3.769835E-04	2.881330E-05
4.370429E+03	3.827635E-04	2.898405E-05
4.380407E+03	3.867241E-04	2.901688E-05
4.390385E+03	3.890717E-04	2.893136E-05
4.400363E+03	3.903589E-04	2.877181E-05
4.410341E+03	3.913797E-04	2.859864E-05
4.420320E+03	3.930454E-04	2.847865E-05
4.430298E+03	3.962492E-04	2.847518E-05
4.440276E+03	4.018967E-04	2.865043E-05
4.450254E+03	4.107884E-04	2.905743E-05
4.460232E+03	4.236430E-04	2.974204E-05
4.470210E+03	4.411079E-04	3.074415E-05
4.480188E+03	4.637025E-04	3.209410E-05
4.490167E+03	4.917868E-04	3.381097E-05
4.500145E+03	5.255420E-04	3.590175E-05
4.510123E+03	5.649086E-04	3.835761E-05
4.520101E+03	6.094779E-04	4.114710E-05
4.530079E+03	6.584694E-04	4.421491E-05
4.540057E+03	7.107611E-04	4.748444E-05
4.550035E+03	7.647716E-04	5.085045E-05
4.560014E+03	8.186465E-04	5.419181E-05
4.569992E+03	8.702750E-04	5.737258E-05
4.579970E+03	9.175156E-04	6.025673E-05
4.589948E+03	9.582530E-04	6.271148E-05
4.599926E+03	9.907029E-04	6.462674E-05
4.609904E+03	1.013510E-03	6.592078E-05
4.619882E+03	1.025768E-03	6.654088E-05
4.629861E+03	1.027311E-03	6.648170E-05
4.639839E+03	1.018552E-03	6.577421E-05
4.649817E+03	1.000433E-03	6.448208E-05
4.659795E+03	9.744507E-04	6.270356E-05
4.669773E+03	9.423265E-04	6.054975E-05
4.679751E+03	9.059872E-04	5.814393E-05
4.689729E+03	8.673137E-04	5.560551E-05
4.699708E+03	8.280893E-04	5.304701E-05
4.709686E+03	7.899208E-04	5.056937E-05
4.719664E+03	7.541349E-04	4.825546E-05
4.729642E+03	7.218851E-04	4.617714E-05
4.739620E+03	6.941032E-04	4.439233E-05
4.749598E+03	6.715217E-04	4.294646E-05
4.759577E+03	6.547064E-04	4.187464E-05
4.769555E+03	6.440581E-04	4.120177E-05
4.779533E+03	6.397695E-04	4.093975E-05
4.789511E+03	6.418956E-04	4.109199E-05
4.799489E+03	6.503430E-04	4.165259E-05
4.809467E+03	6.647631E-04	4.259953E-05
4.819445E+03	6.846578E-04	4.390130E-05
4.829424E+03	7.092641E-04	4.550941E-05
4.839402E+03	7.376032E-04	4.736147E-05
4.849380E+03	7.685073E-04	4.938278E-05
4.859358E+03	8.006962E-04	5.149119E-05
4.869336E+03	8.329321E-04	5.360700E-05
4.879314E+03	8.641476E-04	5.566118E-05
4.889292E+03	8.935165E-04	5.759998E-05
4.899271E+03	9.205635E-04	5.939211E-05
4.909249E+03	9.450997E-04	6.102459E-05
4.919227E+03	9.670704E-04	6.249310E-05
4.929205E+03	9.863850E-04	6.379094E-05
4.939183E+03	1.002703E-03	6.489528E-05
4.949161E+03	1.015408E-03	6.576530E-05
4.959139E+03	1.023398E-03	6.632875E-05
4.969118E+03	1.025349E-03	6.649877E-05
4.979096E+03	1.019973E-03	6.619063E-05
4.989074E+03	1.006336E-03	6.534272E-05
4.999052E+03	9.841646E-04	6.393615E-05
5.009030E+03	9.540518E-04	6.200868E-05
5.019008E+03	9.174988E-04	5.965731E-05
5.028987E+03	8.767263E-04	5.702623E-05
5.038965E+03	8.343479E-04	5.428551E-05
5.048943E+03	7.930618E-04	5.161106E-05
5.058921E+03	7.552708E-04	4.915973E-05
5.068899E+03	7.228964E-04	4.705712E-05
5.078877E+03	6.972642E-04	4.538997E-05
5.088855E+03	6.791421E-04	4.420860E-05
5.098834E+03	6.688411E-04	4.353342E-05
5.108812E+03	6.662924E-04	4.335990E-05
5.118790E+03	6.711027E-04	4.366219E-05
5.128768E+03	6.826558E-04	4.439981E-05
5.138746E+03	7.000973E-04	4.551665E-05
5.148724E+03	7.223758E-04	4.694373E-05
5.158702E+03	7.482730E-04	4.860121E-05
5.168681E+03	7.764229E-04	5.039975E-05
5.178659E+03	8.054291E-04	5.224821E-05
5.188637E+03	8.339859E-04	5.406153E-05
5.198615E+03	8.609748E-04	5.576707E-05
5.208593E+03	8.855890E-04	5.731261E-05
5.218571E+03	9.073834E-04	5.866960E-05
5.228549E+03	9.262502E-04	5.983146E-05
5.238528E+03	9.423447E-04	6.080870E-05
5.248506E+03	9.560826E-04	6.162866E-05
5.258484E+03	9.679090E-04	6.232053E-05
5.268462E+03	9.783140E-04	6.291634E-05
5.278440E+03	9.877762E-04	6.344728E-05
5.288418E+03	9.966351E-04	6.393546E-05
5.298397E+03	1.005213E-03	6.440190E-05
5.308375E+03	1.013671E-03	6.485708E-05
5.318353E+03	1.022109E-03	6.530777E-05
5.328331E+03	1.030519E-03	6.575355E-05
5.338309E+03	1.038803E-03	6.618850E-05
5.348287E+03	1.046792E-03	6.660221E-05
5.358265E+03	1.054289E-03	6.698251E-05
5.368244E+03	1.061117E-03	6.731856E-05
5.378222E+03	1.067170E-03	6.760432E-05
5.388200E+03	1.072454E-03	6.784057E-05
5.398178E+03	1.077110E-03	6.803683E-05
5.408156E+03	1.081431E-03	6.821217E-05
5.418134E+03	1.085799E-03	6.839114E-05
5.428112E+03	1.090674E-03	6.860304E-05
5.438091E+03	1.096523E-03	6.887743E-05
5.448069E+03	1.103776E-03	6.924143E-05
5.458047E+03	1.112713E-03	6.971277E-05
5.468025E+03	1.123355E-03	7.029266E-05
5.478003E+03	1.135328E-03	7.095790E-05
5.487981E+03	1.147649E-03	7.164729E-05
5.497959E+03	1.158808E-03	7.226714E-05
5.507938E+03	1.167090E-03	7.271138E-05
5.517916E+03	1.171108E-03	7.289467E-05
5.527894E+03	1.170242E-03	7.277966E-05
5.537872E+03	1.164714E-03	7.238125E-05
5.547850E+03	1.155479E-03	7.175935E-05
5.557828E+03	1.143956E-03	7.100187E-05
5.567807E+03	1.131734E-03	7.020721E-05
5.577785E+03	1.120095E-03	6.945429E-05
5.587763E+03	1.109839E-03	6.879205E-05
5.597741E+03	1.101014E-03	6.822291E-05
5.607719E+03	1.092946E-03	6.770453E-05
5.617697E+03	1.084196E-03	6.714720E-05
5.627675E+03	1.072716E-03	6.642372E-05
5.637654E+03	1.056124E-03	6.538632E-05
5.647632E+03	1.032073E-03	6.388920E-05
5.657610E+03	9.987129E-04	6.181770E-05
5.667588E+03	9.551768E-04	5.911780E-05
5.677566E+03	9.019152E-04	5.581710E-05
5.687544E+03	8.407718E-04	5.202945E-05
5.697522E+03	7.747742E-04	4.794198E-05
5.707501E+03	7.076587E-04	4.378568E-05
5.717479E+03	6.432527E-04	3.979723E-05
5.727457E+03	5.849420E-04	3.618600E-05
5.737435E+03	5.353926E-04	3.311677E-05
5.747413E+03	4.964246E-04	3.070195E-05
5.757391E+03	4.691970E-04	2.901297E-05
5.767369E+03	4.544273E-04	2.809385E-05
5.777348E+03	4.527063E-04	2.798059E-05
5.787326E+03	4.646779E-04	2.871228E-05
5.797304E+03	4.910880E-04	3.033404E-05
5.807282E+03	5.328145E-04	3.289888E-05
5.817260E+03	5.906897E-04	3.645654E-05
5.827238E+03	6.651412E-04	4.103142E-05
5.837216E+03	7.557240E-04	4.659367E-05
5.847195E+03	8.606057E-04	5.302758E-05
5.857173E+03	9.761899E-04	6.010874E-05
5.867151E+03	1.097020E-03	6.749854E-05
5.877129E+03	1.216125E-03	7.476597E-05
5.887107E+03	1.325805E-03	8.143671E-05
5.897085E+03	1.418799E-03	8.706513E-05
5.907064E+03	1.489361E-03	9.130049E-05
5.917042E+03	1.534152E-03	9.394159E-05
5.927020E+03	1.552553E-03	9.495505E-05
5.936998E+03	1.546426E-03	9.446003E-05
5.946976E+03	1.519411E-03	9.268445E-05
5.956954E+03	1.476203E-03	8.991973E-05
5.966932E+03	1.421847E-03	8.647751E-05
5.976911E+03	1.361067E-03	8.264872E-05
5.986889E+03	1.298018E-03	7.868787E-05
5.996867E+03	1.236137E-03	7.480460E-05
6.006845E+03	1.178133E-03	7.116323E-05
6.016823E+03	1.126046E-03	6.788628E-05
6.026801E+03	1.081402E-03	6.506432E-05
6.036779E+03	1.045246E-03	6.275811E-05
6.046758E+03	1.018342E-03	6.101091E-05
6.056736E+03	1.001228E-03	5.985169E-05
6.066714E+03	9.943045E-04	5.930078E-05
6.076692E+03	9.978858E-04	5.937295E-05
6.086670E+03	1.012256E-03	6.008074E-05
6.096648E+03	1.037616E-03	6.143135E-05
6.106626E+03	1.073989E-03	6.342122E-05
6.116605E+03	1.121038E-03	6.602539E-05
6.126583E+03	1.177861E-03	6.918574E-05
6.136561E+03	1.242642E-03	7.279105E-05
6.146539E+03	1.312398E-03	7.666322E-05
6.156517E+03	1.382895E-03	8.055304E-05
6.166495E+03	1.449088E-03	8.416721E-05
6.176474E+03	1.506257E-03	8.723465E-05
6.186452E+03	1.551404E-03	8.958722E-05
6.196430E+03	1.584061E-03	9.120439E-05
6.206408E+03	1.605696E-03	9.217743E-05
6.216386E+03	1.618403E-03	9.263242E-05
6.226364E+03	1.623958E-03	9.267596E-05
6.236342E+03	1.623447E-03	9.237420E-05
6.246321E+03	1.617101E-03	9.174405E-05
6.256299E+03	1.604461E-03	9.076315E-05
6.266277E+03	1.584773E-03	8.939275E-05
6.276255E+03	1.557231E-03	8.759166E-05
6.286233E+03	1.521407E-03	8.534013E-05
6.296211E+03	1.477426E-03	8.264937E-05
6.306189E+03	1.426156E-03	7.957181E-05
6.316168E+03	1.369298E-03	7.620539E-05
6.326146E+03	1.309359E-03	7.269146E-05
6.336124E+03	1.249500E-03	6.920617E-05
6.346102E+03	1.193307E-03	6.594714E-05
6.356080E+03	1.144485E-03	6.311692E-05
6.366058E+03	1.106778E-03	6.091847E-05
6.376036E+03	1.083835E-03	5.954838E-05
6.386015E+03	1.079256E-03	5.919959E-05
6.395993E+03	1.096772E-03	6.007184E-05
6.405971E+03	1.140551E-03	6.238894E-05
6.415949E+03	1.215314E-03	6.640502E-05
6.425927E+03	1.326469E-03	7.241266E-05
6.435905E+03	1.480239E-03	8.075015E-05
6.445884E+03	1.683465E-03	9.179168E-05
6.455862E+03	1.943098E-03	1.059201E-04
6.465840E+03	2.265086E-03	1.234678E-04
6.475818E+03	2.652894E-03	1.446367E-04
6.485796E+03	3.105830E-03	1.694078E-04
6.495774E+03	3.617923E-03	1.974799E-04
6.505752E+03	4.177929E-03	2.282686E-04
6.515731E+03	4.768607E-03	2.608644E-04
6.525709E+03	5.362564E-03	2.938007E-04
6.535687E+03	5.920817E-03	3.249673E-04
6.545665E+03	6.399754E-03	3.519785E-04
6.555643E+03	6.760894E-03	3.727036E-04
6.565621E+03	6.976795E-03	3.855922E-04
6.575599E+03	7.035847E-03	3.899438E-04
6.585578E+03	6.941817E-03	3.858929E-04
6.595556E+03	6.711380E-03	3.742848E-04
6.605534E+03	6.369577E-03	3.564352E-04
6.615512E+03	5.945608E-03	3.339048E-04
6.625490E+03	5.469539E-03	3.083220E-04
6.635468E+03	4.969557E-03	2.812316E-04
6.645446E+03	4.470125E-03	2.539907E-04
6.655425E+03	3.990919E-03	2.277071E-04
6.665403E+03	3.546275E-03	2.032027E-04
6.675381E+03	3.145082E-03	1.810026E-04
6.685359E+03	2.791254E-03	1.613561E-04
6.695337E+03	2.484747E-03	1.442889E-04
6.705315E+03	2.222835E-03	1.296730E-04
6.715294E+03	2.001144E-03	1.172829E-04
6.725272E+03	1.814635E-03	1.068505E-04
6.735250E+03	1.658149E-03	9.809675E-05
6.745228E+03	1.526872E-03	9.075820E-05
6.755206E+03	1.416520E-03	8.459841E-05
6.765184E+03	1.323359E-03	7.940967E-05
6.775162E+03	1.244211E-03	7.501400E-05
6.785141E+03	1.176470E-03	7.126467E-05
6.795119E+03	1.118016E-03	6.804180E-05
6.805097E+03	1.067200E-03	6.525203E-05
6.815075E+03	1.022797E-03	6.282613E-05
6.825053E+03	9.839806E-04	6.071835E-05
6.835031E+03	9.502347E-04	5.890112E-05
6.845009E+03	9.213039E-04	5.736261E-05
6.854988E+03	8.971277E-04	5.610289E-05
6.864966E+03	8.777732E-04	5.512992E-05
6.874944E+03	8.633684E-04	5.445555E-05
6.884922E+03	8.540399E-04	5.409161E-05
6.894900E+03	8.498438E-04	5.404546E-05
6.904878E+03	8.507145E-04	5.431668E-05
6.914856E+03	8.564525E-04	5.489603E-05
6.924835E+03	8.666726E-04	5.576200E-05
6.934813E+03	8.808618E-04	5.688430E-05
6.944791E+03	8.983290E-04	5.822047E-05
6.954769E+03	9.182706E-04	5.971997E-05
6.964747E+03	9.398133E-04	6.132684E-05
6.974725E+03	9.620014E-04	6.297893E-05
6.984703E+03	9.839459E-04	6.461755E-05
6.994682E+03	1.004738E-03	6.618201E-05
7.004660E+03	1.023632E-03	6.762169E-05
7.014638E+03	1.039985E-03	6.889227E-05
7.024616E+03	1.053365E-03	6.996312E-05
7.034594E+03	1.063544E-03	7.081685E-05
7.044572E+03	1.070639E-03	7.145936E-05
7.054551E+03	1.075020E-03	7.191352E-05
7.064529E+03	1.077403E-03	7.222580E-05
7.074507E+03	1.078813E-03	7.246395E-05
7.084485E+03	1.080485E-03	7.271061E-05
7.094463E+03	1.083815E-03	7.305967E-05
7.104441E+03	1.090170E-03	7.360389E-05
7.114419E+03	1.100846E-03	7.443143E-05
7.124398E+03	1.116928E-03	7.561670E-05
7.134376E+03	1.139283E-03	7.721923E-05
7.144354E+03	1.168454E-03	7.927660E-05
7.154332E+03	1.204701E-03	8.180695E-05
7.164310E+03	1.247950E-03	8.480546E-05
7.174288E+03	1.297796E-03	8.824411E-05
7.184266E+03	1.353556E-03	9.207575E-05
7.194245E+03	1.414254E-03	9.623279E-05
7.204223E+03	1.478716E-03	1.006337E-04
7.214201E+03	1.545502E-03	1.051787E-04
7.224179E+03	1.612859E-03	1.097464E-04
7.234157E+03	1.678744E-03	1.141957E-04
7.244135E+03	1.740686E-03	1.183567E-04
7.254113E+03	1.795899E-03	1.220385E-04
7.264092E+03	1.841221E-03	1.250255E-04
7.274070E+03	1.873541E-03	1.271069E-04
7.284048E+03	1.890223E-03	1.281054E-04
7.294026E+03	1.889504E-03	1.279043E-04
7.304004E+03	1.870873E-03	1.264735E-04
7.313982E+03	1.835263E-03	1.238814E-04
7.323961E+03	1.784943E-03	1.202873E-04
7.333939E+03	1.723189E-03	1.159178E-04
7.343917E+03	1.653629E-03	1.110226E-04
7.353895E+03	1.579846E-03	1.058470E-04
7.363873E+03	1.504841E-03	1.005957E-04
7.373851E+03	1.430939E-03	9.542655E-05
7.383829E+03	1.359613E-03	9.043919E-05
7.393808E+03	1.291659E-03	8.568737E-05
7.403786E+03	1.227213E-03	8.118033E-05
7.413764E+03	1.166040E-03	7.690249E-05
7.423742E+03	1.107629E-03	7.282001E-05
7.433720E+03	1.051363E-03	6.889238E-05
7.443698E+03	9.966400E-04	6.508050E-05
7.453676E+03	9.429501E-04	6.135163E-05
7.463655E+03	8.899853E-04	5.768663E-05
7.473633E+03	8.376863E-04	5.408262E-05
7.483611E+03	7.862900E-04	5.055583E-05
7.493589E+03	7.364753E-04	4.715050E-05
7.503567E+03	6.893484E-04	4.393726E-05
7.513545E+03	6.462788E-04	4.100208E-05
7.523523E+03	6.085778E-04	3.842543E-05
7.533502E+03	5.772765E-04	3.626830E-05
7.543480E+03	5.530984E-04	3.457082E-05
7.553458E+03	5.364298E-04	3.335084E-05
7.563436E+03	5.274104E-04	3.261001E-05
7.573414E+03	5.259849E-04	3.233739E-05
7.583392E+03	5.319648E-04	3.251356E-05
7.593371E+03	5.449792E-04	3.310789E-05
7.603349E+03	5.645054E-04	3.408073E-05
7.613327E+03	5.898604E-04	3.538328E-05
7.623305E+03	6.201860E-04	3.695704E-05
7.633283E+03	6.544442E-04	3.873400E-05
7.643261E+03	6.914459E-04	4.063873E-05
7.653239E+03	7.299010E-04	4.259177E-05
7.663218E+03	7.684683E-04	4.451280E-05
7.673196E+03	8.058234E-04	4.632481E-05
7.683174E+03	8.406791E-04	4.795528E-05
7.693152E+03	8.719066E-04	4.934311E-05
7.703130E+03	8.984910E-04	5.043580E-05
7.713108E+03	9.196124E-04	5.119382E-05
7.723086E+03	9.346799E-04	5.159207E-05
7.733065E+03	9.433035E-04	5.161780E-05
7.743043E+03	9.454248E-04	5.127727E-05
7.753021E+03	9.412320E-04	5.059037E-05
7.762999E+03	9.312212E-04	4.959323E-05
7.772977E+03	9.161625E-04	4.833564E-05
7.782955E+03	8.970496E-04	4.687772E-05
7.792933E+03	8.749773E-04	4.528287E-05
7.802912E+03	8.510969E-04	4.361529E-05
7.812890E+03	8.265261E-04	4.193512E-05
7.822868E+03	8.022204E-04	4.029205E-05
7.832846E+03	7.790125E-04	3.872773E-05
7.842824E+03	7.575263E-04	3.727176E-05
7.852802E+03	7.381832E-04	3.594257E-05
7.862781E+03	7.212879E-04	3.475210E-05
7.872759E+03	7.069880E-04	3.370417E-05
7.882737E+03	6.953049E-04	3.279635E-05
7.892715E+03	6.862330E-04	3.202494E-05
7.902693E+03	6.797093E-04	3.138369E-05
7.912671E+03	6.756469E-04	3.086543E-05
7.922649E+03	6.740168E-04	3.046589E-05
7.932628E+03	6.747719E-04	3.018019E-05
7.942606E+03	6.778136E-04	3.000139E-05
7.952584E+03	6.830146E-04	2.992166E-05
7.962562E+03	6.900172E-04	2.992361E-05
7.972540E+03	6.982517E-04	2.998158E-05
7.982518E+03	7.067729E-04	3.005508E-05
7.992496E+03	7.143026E-04	3.009132E-05
8.002475E+03	7.192538E-04	3.002664E-05
8.012453E+03	7.199831E-04	2.979731E-05
8.022431E+03	7.152862E-04	2.935959E-05
8.032409E+03	7.049335E-04	2.871046E-05
8.042387E+03	6.896857E-04	2.788646E-05
8.052365E+03	6.708059E-04	2.694258E-05
8.062343E+03	6.497696E-04	2.594022E-05
8.072322E+03	6.280605E-04	2.493912E-05
8.082300E+03	6.069983E-04	2.399092E-05
8.092278E+03	5.876913E-04	2.313786E-05
8.102256E+03	5.709966E-04	2.241173E-05
8.112234E+03	5.574747E-04	2.183263E-05
8.122212E+03	5.474180E-04	2.141042E-05
8.132191E+03	5.408128E-04	2.114306E-05
8.142169E+03	5.373803E-04	2.101843E-05
8.152147E+03	5.365828E-04	2.101485E-05
8.162125E+03	5.376035E-04	2.110011E-05
8.172103E+03	5.394165E-04	2.123387E-05
8.182081E+03	5.408628E-04	2.137024E-05
8.192059E+03	5.407259E-04	2.146030E-05
8.202038E+03	5.379028E-04	2.145860E-05
8.212016E+03	5.315745E-04	2.132977E-05
8.221994E+03	5.213251E-04	2.105341E-05
8.231972E+03	5.072495E-04	2.062893E-05
8.241950E+03	4.899599E-04	2.007652E-05
8.251928E+03	4.704870E-04	1.943397E-05
8.261906E+03	4.501571E-04	1.875251E-05
8.271885E+03	4.304190E-04	1.809035E-05
8.281863E+03	4.126752E-04	1.750595E-05
8.291841E+03	3.981967E-04	1.705465E-05
8.301819E+03	3.880622E-04	1.678590E-05
8.311797E+03	3.831775E-04	1.674393E-05
8.321775E+03	3.843149E-04	1.696918E-05
8.331753E+03	3.921949E-04	1.750176E-05
8.341732E+03	4.075259E-04	1.838310E-05
8.351710E+03	4.310379E-04	1.965754E-05
8.361688E+03	4.634338E-04	2.137017E-05
8.371666E+03	5.053239E-04	2.356371E-05
8.381644E+03	5.570953E-04	2.627214E-05
8.391622E+03	6.187618E-04	2.951292E-05
8.401600E+03	6.898207E-04	3.327906E-05
8.411579E+03	7.691339E-04	3.753188E-05
8.421557E+03	8.550239E-04	4.220382E-05
8.431535E+03	9.455587E-04	4.721105E-05
8.441513E+03	1.038810E-03	5.246564E-05
8.451491E+03	1.133219E-03	5.789419E-05
8.461469E+03	1.228063E-03	6.346267E-05
8.471448E+03	1.323545E-03	6.918397E-05
8.481426E+03	1.420650E-03	7.511247E-05
8.491404E+03	1.521083E-03	8.134364E-05
8.501382E+03	1.626783E-03	8.798968E-05
8.511360E+03	1.739577E-03	9.516156E-05
8.521338E+03	1.860893E-03	1.029529E-04
8.531316E+03	1.991294E-03	1.114126E-04
8.541295E+03	2.130429E-03	1.205397E-04
8.551273E+03	2.276866E-03	1.302706E-04
8.561251E+03	2.428054E-03	1.404737E-04
8.571229E+03	2.580412E-03	1.509509E-04
8.581207E+03	2.729514E-03	1.614448E-04
8.591185E+03	2.870340E-03	1.716512E-04
8.601163E+03	2.997639E-03	1.812389E-04
8.611142E+03	3.106378E-03	1.898755E-04
8.621120E+03	3.192181E-03	1.972558E-04
8.631098E+03	3.251758E-03	2.031299E-04
8.641076E+03	3.283155E-03	2.073230E-04
8.651054E+03	3.286125E-03	2.097628E-04
8.661032E+03	3.261645E-03	2.104546E-04
8.671010E+03	3.211900E-03	2.094842E-04
8.680989E+03	3.140164E-03	2.070143E-04
8.690967E+03	3.049982E-03	2.032340E-04
8.700945E+03	2.945371E-03	1.983738E-04
8.710923E+03	2.830108E-03	1.926581E-04
8.720901E+03	2.708007E-03	1.863245E-04
8.730879E+03	2.582519E-03	1.795961E-04
8.740858E+03	2.456653E-03	1.726747E-04
8.750836E+03	2.332849E-03	1.657307E-04
8.760814E+03	2.212888E-03	1.588940E-04
8.770792E+03	2.098114E-03	1.522687E-04
8.780770E+03	1.989177E-03	1.459121E-04
8.790748E+03	1.886462E-03	1.398641E-04
8.800726E+03	1.790029E-03	1.341415E-04
8.810705E+03	1.699778E-03	1.287495E-04
8.820683E+03	1.615522E-03	1.236863E-04
8.830661E+03	1.537026E-03	1.189456E-04
8.840639E+03	1.463982E-03	1.145149E-04
8.850617E+03	1.396115E-03	1.103838E-04
8.860595E+03	1.333079E-03	1.065356E-04
8.870573E+03	1.274497E-03	1.029501E-04
8.880552E+03	1.219979E-03	9.960532E-05
8.890530E+03	1.169169E-03	9.648084E-05
8.900508E+03	1.121813E-03	9.356366E-05
8.910486E+03	1.077991E-03	9.086837E-05
8.920464E+03	1.037882E-03	8.841849E-05
8.930442E+03	1.001710E-03	8.624222E-05
8.940420E+03	9.695137E-04	8.435254E-05
8.950399E+03	9.411350E-04	8.274563E-05
8.960377E+03	9.163511E-04	8.141142E-05
8.970355E+03	8.947697E-04	8.032397E-05
8.980333E+03	8.760622E-04	7.946184E-05
9.020246E+03	8.241037E-04	7.786427E-05
9.060158E+03	8.028832E-04	7.894829E-05
9.100071E+03	8.078897E-04	8.259236E-05
9.139983E+03	8.362724E-04	8.879131E-05
9.179896E+03	8.868974E-04	9.769043E-05
9.219809E+03	9.405436E-04	1.073559E-04
9.259721E+03	9.630525E-04	1.137823E-04
9.299634E+03	9.416512E-04	1.150282E-04
9.339546E+03	8.948203E-04	1.128905E-04
9.379459E+03	8.442686E-04	1.098843E-04
9.419372E+03	8.012728E-04	1.074745E-04
9.459284E+03	7.708524E-04	1.064425E-04
9.499197E+03	7.513809E-04	1.067049E-04
9.539109E+03	7.363448E-04	1.074388E-04
9.579022E+03	7.247964E-04	1.085529E-04
9.618935E+03	7.192407E-04	1.104710E-04
9.658847E+03	7.174004E-04	1.129020E-04
9.698760E+03	7.147498E-04	1.151574E-04
9.738672E+03	7.110450E-04	1.171865E-04
9.778585E+03	7.086382E-04	1.193730E-04
9.818497E+03	7.091178E-04	1.220035E-04
9.858410E+03	7.149303E-04	1.255376E-04
9.898323E+03	7.315251E-04	1.310061E-04
9.938235E+03	7.665313E-04	1.399111E-04
9.978148E+03	8.246060E-04	1.533018E-04
1.001806E+04	9.002977E-04	1.703708E-04
1.005797E+04	9.798741E-04	1.886373E-04
1.009789E+04	1.053240E-03	2.061497E-04
1.013780E+04	1.117279E-03	2.222155E-04
1.017771E+04	1.171011E-03	2.365371E-04
1.021762E+04	1.213402E-03	2.487975E-04
1.025754E+04	1.243853E-03	2.587611E-04
1.029745E+04	1.262293E-03	2.663003E-04
