#wls	flux	fluxerr
1.594277E+03	1.052811E-04	7.414379E-06
1.634133E+03	1.101865E-04	7.725219E-06
1.673990E+03	1.154446E-04	8.056738E-06
1.713847E+03	1.210733E-04	8.409709E-06
1.753704E+03	1.270536E-04	8.782317E-06
1.793561E+03	1.334748E-04	9.180174E-06
1.833418E+03	1.403177E-04	9.601362E-06
1.873275E+03	1.476384E-04	1.004905E-05
1.913132E+03	1.553724E-04	1.051818E-05
1.952989E+03	1.635724E-04	1.101160E-05
1.992846E+03	1.722948E-04	1.153235E-05
2.032703E+03	1.814629E-04	1.207447E-05
2.072560E+03	1.911747E-04	1.264365E-05
2.112416E+03	2.013903E-04	1.323633E-05
2.152273E+03	2.121590E-04	1.385479E-05
2.192130E+03	2.233722E-04	1.449099E-05
2.231987E+03	2.351106E-04	1.514920E-05
2.271844E+03	2.472834E-04	1.582255E-05
2.311701E+03	2.598232E-04	1.650582E-05
2.351558E+03	2.726249E-04	1.719145E-05
2.391415E+03	2.855317E-04	1.786888E-05
2.431272E+03	2.983210E-04	1.852369E-05
2.471129E+03	3.106924E-04	1.913716E-05
2.510986E+03	3.223288E-04	1.969011E-05
2.550842E+03	3.326615E-04	2.014883E-05
2.590699E+03	3.413080E-04	2.049203E-05
2.630556E+03	3.479299E-04	2.070193E-05
2.670413E+03	3.524637E-04	2.077782E-05
2.710270E+03	3.551099E-04	2.073470E-05
2.750127E+03	3.562001E-04	2.059477E-05
2.789984E+03	3.561652E-04	2.038531E-05
2.829841E+03	3.552345E-04	2.012125E-05
2.869698E+03	3.538401E-04	1.982841E-05
2.909555E+03	3.522398E-04	1.952193E-05
2.949412E+03	3.507031E-04	1.921701E-05
2.989269E+03	3.494579E-04	1.892591E-05
2.999233E+03	3.492076E-04	1.885606E-05
3.009197E+03	3.489703E-04	1.878676E-05
3.019161E+03	3.488010E-04	1.872093E-05
3.029125E+03	3.486482E-04	1.865580E-05
3.039090E+03	3.485668E-04	1.859429E-05
3.049054E+03	3.485058E-04	1.853364E-05
3.059018E+03	3.484672E-04	1.847395E-05
3.068982E+03	3.485564E-04	1.842080E-05
3.078947E+03	3.486197E-04	1.836600E-05
3.088911E+03	3.488136E-04	1.831779E-05
3.098875E+03	3.489853E-04	1.826812E-05
3.108839E+03	3.492898E-04	1.822507E-05
3.118803E+03	3.496268E-04	1.818336E-05
3.128768E+03	3.500482E-04	1.814568E-05
3.138732E+03	3.505559E-04	1.811206E-05
3.148696E+03	3.511010E-04	1.807995E-05
3.158660E+03	3.517351E-04	1.805198E-05
3.168625E+03	3.524592E-04	1.802815E-05
3.178589E+03	3.532753E-04	1.800851E-05
3.188553E+03	3.541847E-04	1.799308E-05
3.198517E+03	3.551884E-04	1.798186E-05
3.208482E+03	3.562880E-04	1.797489E-05
3.218446E+03	3.574855E-04	1.797220E-05
3.228410E+03	3.587818E-04	1.797380E-05
3.238374E+03	3.601789E-04	1.797971E-05
3.248338E+03	3.616779E-04	1.798996E-05
3.258303E+03	3.633289E-04	1.800695E-05
3.268267E+03	3.650374E-04	1.802594E-05
3.278231E+03	3.669480E-04	1.805401E-05
3.288195E+03	3.689195E-04	1.808412E-05
3.298160E+03	3.710483E-04	1.812095E-05
3.308124E+03	3.732891E-04	1.816221E-05
3.318088E+03	3.756906E-04	1.821017E-05
3.328052E+03	3.782542E-04	1.826484E-05
3.338017E+03	3.809338E-04	1.832389E-05
3.347981E+03	3.837789E-04	1.838962E-05
3.357945E+03	3.867437E-04	1.845976E-05
3.367909E+03	3.899238E-04	1.853877E-05
3.377873E+03	3.932265E-04	1.862214E-05
3.387838E+03	3.967004E-04	1.871209E-05
3.397802E+03	4.003939E-04	1.881079E-05
3.407766E+03	4.042140E-04	1.891376E-05
3.417730E+03	4.082094E-04	1.902319E-05
3.427695E+03	4.124282E-04	1.914121E-05
3.437659E+03	4.168246E-04	1.926556E-05
3.447623E+03	4.213992E-04	1.939616E-05
3.457587E+03	4.261529E-04	1.953295E-05
3.467551E+03	4.311340E-04	1.967802E-05
3.477516E+03	4.363430E-04	1.983125E-05
3.487480E+03	4.417330E-04	1.999039E-05
3.497444E+03	4.473514E-04	2.015744E-05
3.507408E+03	4.531505E-04	2.033014E-05
3.517373E+03	4.591782E-04	2.051050E-05
3.527337E+03	4.654814E-04	2.070047E-05
3.537301E+03	4.719639E-04	2.089562E-05
3.547265E+03	4.786720E-04	2.109787E-05
3.557230E+03	4.856046E-04	2.130703E-05
3.567194E+03	4.928079E-04	2.152499E-05
3.577158E+03	5.002315E-04	2.174936E-05
3.587122E+03	5.078723E-04	2.197988E-05
3.597086E+03	5.157269E-04	2.221627E-05
3.607051E+03	5.238407E-04	2.246032E-05
3.617015E+03	5.322096E-04	2.271170E-05
3.626979E+03	5.408283E-04	2.297002E-05
3.636943E+03	5.496421E-04	2.323281E-05
3.646908E+03	5.586943E-04	2.350175E-05
3.656872E+03	5.679776E-04	2.377638E-05
3.666836E+03	5.774846E-04	2.405626E-05
3.676800E+03	5.872566E-04	2.434293E-05
3.686765E+03	5.971841E-04	2.463171E-05
3.696729E+03	6.073571E-04	2.492620E-05
3.706693E+03	6.177141E-04	2.522371E-05
3.716657E+03	6.282933E-04	2.552568E-05
3.726621E+03	6.390821E-04	2.583144E-05
3.736586E+03	6.500150E-04	2.613823E-05
3.746550E+03	6.611279E-04	2.644739E-05
3.756514E+03	6.724043E-04	2.675813E-05
3.766478E+03	6.838269E-04	2.706967E-05
3.776443E+03	6.953770E-04	2.738116E-05
3.786407E+03	7.070350E-04	2.769175E-05
3.796371E+03	7.188316E-04	2.800257E-05
3.806335E+03	7.306931E-04	2.831066E-05
3.816299E+03	7.425969E-04	2.861512E-05
3.826264E+03	7.546216E-04	2.891890E-05
3.836228E+03	7.666393E-04	2.921708E-05
3.846192E+03	7.786752E-04	2.951061E-05
3.856156E+03	7.907026E-04	2.979845E-05
3.866121E+03	8.026938E-04	3.007959E-05
3.876085E+03	8.146208E-04	3.035299E-05
3.886049E+03	8.264541E-04	3.061762E-05
3.896013E+03	8.382163E-04	3.087436E-05
3.905978E+03	8.498268E-04	3.112032E-05
3.915942E+03	8.613580E-04	3.135822E-05
3.925906E+03	8.726294E-04	3.158160E-05
3.935870E+03	8.837642E-04	3.179505E-05
3.945834E+03	8.946848E-04	3.199591E-05
3.955799E+03	9.053168E-04	3.218167E-05
3.965763E+03	9.157350E-04	3.235518E-05
3.975727E+03	9.258688E-04	3.251410E-05
3.985691E+03	9.357480E-04	3.265966E-05
3.995656E+03	9.453082E-04	3.278983E-05
4.005620E+03	9.545375E-04	3.290440E-05
4.015584E+03	9.635226E-04	3.300658E-05
4.025548E+03	9.721630E-04	3.309312E-05
4.035513E+03	9.805056E-04	3.316585E-05
4.045477E+03	9.885530E-04	3.322507E-05
4.055441E+03	9.963127E-04	3.327125E-05
4.065405E+03	1.003795E-03	3.330494E-05
4.075369E+03	1.011016E-03	3.332686E-05
4.085334E+03	1.018038E-03	3.333924E-05
4.095298E+03	1.024836E-03	3.334147E-05
4.105262E+03	1.031438E-03	3.333455E-05
4.115226E+03	1.037912E-03	3.332089E-05
4.125191E+03	1.044288E-03	3.330153E-05
4.135155E+03	1.050557E-03	3.327629E-05
4.145119E+03	1.056796E-03	3.324766E-05
4.155083E+03	1.063001E-03	3.321561E-05
4.165047E+03	1.069294E-03	3.318395E-05
4.175012E+03	1.075635E-03	3.315146E-05
4.184976E+03	1.082070E-03	3.311954E-05
4.194940E+03	1.088723E-03	3.309192E-05
4.204904E+03	1.095562E-03	3.306758E-05
4.214869E+03	1.102673E-03	3.304901E-05
4.224833E+03	1.110103E-03	3.303744E-05
4.234797E+03	1.117896E-03	3.303405E-05
4.244761E+03	1.126057E-03	3.303884E-05
4.254726E+03	1.134663E-03	3.305383E-05
4.264690E+03	1.143713E-03	3.307875E-05
4.274654E+03	1.153271E-03	3.311528E-05
4.284618E+03	1.163328E-03	3.316283E-05
4.294582E+03	1.173936E-03	3.322272E-05
4.304547E+03	1.185079E-03	3.329415E-05
4.314511E+03	1.196770E-03	3.337727E-05
4.324475E+03	1.209027E-03	3.347231E-05
4.334439E+03	1.221842E-03	3.357880E-05
4.344404E+03	1.235326E-03	3.369946E-05
4.354368E+03	1.249478E-03	3.383400E-05
4.364332E+03	1.264404E-03	3.398495E-05
4.374296E+03	1.280248E-03	3.415575E-05
4.384261E+03	1.297028E-03	3.434651E-05
4.394225E+03	1.314644E-03	3.455411E-05
4.404189E+03	1.332991E-03	3.477544E-05
4.414153E+03	1.352058E-03	3.500996E-05
4.424117E+03	1.371760E-03	3.525516E-05
4.434082E+03	1.392119E-03	3.551138E-05
4.444046E+03	1.413095E-03	3.577742E-05
4.454010E+03	1.434710E-03	3.605361E-05
4.463974E+03	1.456881E-03	3.633768E-05
4.473939E+03	1.479574E-03	3.662867E-05
4.483903E+03	1.502770E-03	3.692598E-05
4.493867E+03	1.526333E-03	3.722617E-05
4.503831E+03	1.550201E-03	3.752771E-05
4.513795E+03	1.574227E-03	3.782707E-05
4.523760E+03	1.598240E-03	3.812028E-05
4.533724E+03	1.622084E-03	3.840380E-05
4.543688E+03	1.645616E-03	3.867458E-05
4.553652E+03	1.668586E-03	3.892711E-05
4.563617E+03	1.690802E-03	3.915741E-05
4.573581E+03	1.712040E-03	3.936094E-05
4.583545E+03	1.732152E-03	3.953497E-05
4.593509E+03	1.750912E-03	3.967512E-05
4.603474E+03	1.768218E-03	3.977997E-05
4.613438E+03	1.783942E-03	3.984751E-05
4.623402E+03	1.797997E-03	3.987677E-05
4.633366E+03	1.810376E-03	3.986852E-05
4.643330E+03	1.821112E-03	3.982443E-05
4.653295E+03	1.830242E-03	3.974619E-05
4.663259E+03	1.837845E-03	3.963638E-05
4.673223E+03	1.843953E-03	3.949650E-05
4.683187E+03	1.848573E-03	3.932748E-05
4.693152E+03	1.851611E-03	3.912806E-05
4.703116E+03	1.852769E-03	3.889277E-05
4.713080E+03	1.852140E-03	3.862443E-05
4.723044E+03	1.850551E-03	3.834097E-05
4.733008E+03	1.848696E-03	3.805712E-05
4.742973E+03	1.847179E-03	3.778544E-05
4.752937E+03	1.846409E-03	3.753412E-05
4.762901E+03	1.846706E-03	3.730946E-05
4.772865E+03	1.848279E-03	3.711527E-05
4.782830E+03	1.851318E-03	3.695494E-05
4.792794E+03	1.855874E-03	3.682885E-05
4.802758E+03	1.862027E-03	3.673797E-05
4.812722E+03	1.869752E-03	3.668118E-05
4.822687E+03	1.879002E-03	3.665695E-05
4.832651E+03	1.889679E-03	3.666283E-05
4.842615E+03	1.901610E-03	3.669496E-05
4.852579E+03	1.914626E-03	3.674966E-05
4.862543E+03	1.928463E-03	3.682147E-05
4.872508E+03	1.942838E-03	3.690478E-05
4.882472E+03	1.957438E-03	3.699342E-05
4.892436E+03	1.971919E-03	3.708083E-05
4.902400E+03	1.985893E-03	3.715972E-05
4.912365E+03	1.999013E-03	3.722374E-05
4.922329E+03	2.010885E-03	3.726574E-05
4.932293E+03	2.021179E-03	3.727989E-05
4.942257E+03	2.029568E-03	3.726053E-05
4.952222E+03	2.035737E-03	3.720232E-05
4.962186E+03	2.039454E-03	3.710147E-05
4.972150E+03	2.040573E-03	3.695588E-05
4.982114E+03	2.039000E-03	3.676433E-05
4.992078E+03	2.034693E-03	3.652660E-05
5.002043E+03	2.027771E-03	3.624533E-05
5.012007E+03	2.018331E-03	3.592274E-05
5.021971E+03	2.006649E-03	3.556412E-05
5.031935E+03	1.992964E-03	3.517407E-05
5.041900E+03	1.977689E-03	3.476018E-05
5.051864E+03	1.961154E-03	3.432837E-05
5.061828E+03	1.943775E-03	3.388608E-05
5.071792E+03	1.925947E-03	3.344020E-05
5.081756E+03	1.908048E-03	3.299722E-05
5.091721E+03	1.890447E-03	3.256340E-05
5.101685E+03	1.873448E-03	3.214380E-05
5.111649E+03	1.857325E-03	3.174287E-05
5.121613E+03	1.842229E-03	3.136288E-05
5.131578E+03	1.828360E-03	3.100695E-05
5.141542E+03	1.815766E-03	3.067559E-05
5.151506E+03	1.804464E-03	3.036873E-05
5.161470E+03	1.794452E-03	3.008607E-05
5.171435E+03	1.785601E-03	2.982511E-05
5.181399E+03	1.777818E-03	2.958408E-05
5.191363E+03	1.770939E-03	2.935999E-05
5.201327E+03	1.764771E-03	2.914947E-05
5.211291E+03	1.759127E-03	2.894927E-05
5.221256E+03	1.753790E-03	2.875572E-05
5.231220E+03	1.748540E-03	2.856515E-05
5.241184E+03	1.743184E-03	2.837442E-05
5.251148E+03	1.737541E-03	2.818057E-05
5.261113E+03	1.731407E-03	2.798038E-05
5.271077E+03	1.724622E-03	2.777134E-05
5.281041E+03	1.717089E-03	2.755202E-05
5.291005E+03	1.708704E-03	2.732088E-05
5.300970E+03	1.699395E-03	2.707695E-05
5.310934E+03	1.689129E-03	2.681986E-05
5.320898E+03	1.677930E-03	2.655014E-05
5.330862E+03	1.665859E-03	2.626896E-05
5.340826E+03	1.652965E-03	2.597725E-05
5.350791E+03	1.639429E-03	2.567794E-05
5.360755E+03	1.625376E-03	2.537316E-05
5.370719E+03	1.611040E-03	2.506662E-05
5.380683E+03	1.596647E-03	2.476191E-05
5.390648E+03	1.582449E-03	2.446293E-05
5.400612E+03	1.568714E-03	2.417381E-05
5.410576E+03	1.555734E-03	2.389901E-05
5.420540E+03	1.543783E-03	2.364262E-05
5.430504E+03	1.533099E-03	2.340818E-05
5.440469E+03	1.523939E-03	2.319944E-05
5.450433E+03	1.516469E-03	2.301878E-05
5.460397E+03	1.510768E-03	2.286718E-05
5.470361E+03	1.506847E-03	2.274466E-05
5.480326E+03	1.504663E-03	2.265038E-05
5.490290E+03	1.504267E-03	2.258499E-05
5.500254E+03	1.505595E-03	2.254734E-05
5.510218E+03	1.508550E-03	2.253590E-05
5.520183E+03	1.512938E-03	2.254766E-05
5.530147E+03	1.518481E-03	2.257833E-05
5.540111E+03	1.524950E-03	2.262431E-05
5.550075E+03	1.532029E-03	2.268072E-05
5.560039E+03	1.539432E-03	2.274320E-05
5.570004E+03	1.546903E-03	2.280785E-05
5.579968E+03	1.554172E-03	2.287060E-05
5.589932E+03	1.561029E-03	2.292829E-05
5.599896E+03	1.567248E-03	2.297754E-05
5.609861E+03	1.572702E-03	2.301643E-05
5.619825E+03	1.577256E-03	2.304300E-05
5.629789E+03	1.580839E-03	2.305612E-05
5.639753E+03	1.583407E-03	2.305516E-05
5.649718E+03	1.584998E-03	2.304065E-05
5.659682E+03	1.585670E-03	2.301338E-05
5.669646E+03	1.585533E-03	2.297493E-05
5.679610E+03	1.584797E-03	2.292828E-05
5.689574E+03	1.583645E-03	2.287606E-05
5.699539E+03	1.582391E-03	2.282272E-05
5.709503E+03	1.581336E-03	2.277250E-05
5.719467E+03	1.580867E-03	2.273091E-05
5.729431E+03	1.581363E-03	2.270326E-05
5.739396E+03	1.583290E-03	2.269610E-05
5.749360E+03	1.587047E-03	2.271499E-05
5.759324E+03	1.593094E-03	2.276632E-05
5.769288E+03	1.601839E-03	2.285572E-05
5.779252E+03	1.613669E-03	2.298846E-05
5.789217E+03	1.628901E-03	2.316878E-05
5.799181E+03	1.647792E-03	2.340008E-05
5.809145E+03	1.670511E-03	2.368444E-05
5.819109E+03	1.697091E-03	2.402205E-05
5.829074E+03	1.727480E-03	2.441185E-05
5.839038E+03	1.761504E-03	2.485108E-05
5.849002E+03	1.798864E-03	2.533525E-05
5.858966E+03	1.839108E-03	2.585772E-05
5.868931E+03	1.881709E-03	2.641087E-05
5.878895E+03	1.926037E-03	2.698566E-05
5.888859E+03	1.971440E-03	2.757286E-05
5.898823E+03	2.017180E-03	2.816206E-05
5.908787E+03	2.062634E-03	2.874456E-05
5.918752E+03	2.107178E-03	2.931173E-05
5.928716E+03	2.150325E-03	2.985689E-05
5.938680E+03	2.191758E-03	3.037580E-05
5.948644E+03	2.231351E-03	3.086691E-05
5.958609E+03	2.269150E-03	3.133106E-05
5.968573E+03	2.305424E-03	3.177217E-05
5.978537E+03	2.340587E-03	3.219618E-05
5.988501E+03	2.375252E-03	3.261167E-05
5.998466E+03	2.410150E-03	3.302886E-05
6.008430E+03	2.446080E-03	3.345878E-05
6.018394E+03	2.483836E-03	3.391236E-05
6.028358E+03	2.524161E-03	3.439977E-05
6.038322E+03	2.567709E-03	3.492992E-05
6.048287E+03	2.614937E-03	3.550898E-05
6.058251E+03	2.666092E-03	3.614029E-05
6.068215E+03	2.721067E-03	3.682242E-05
6.078179E+03	2.779400E-03	3.754914E-05
6.088144E+03	2.840162E-03	3.830805E-05
6.098108E+03	2.902081E-03	3.908224E-05
6.108072E+03	2.963424E-03	3.984873E-05
6.118036E+03	3.022218E-03	4.058149E-05
6.128000E+03	3.076440E-03	4.125400E-05
6.137965E+03	3.124451E-03	4.184502E-05
6.147929E+03	3.165508E-03	4.234540E-05
6.157893E+03	3.200273E-03	4.276478E-05
6.167857E+03	3.231285E-03	4.313777E-05
6.177822E+03	3.259247E-03	4.347437E-05
6.187786E+03	3.280274E-03	4.372336E-05
6.197750E+03	3.291912E-03	4.385267E-05
6.207714E+03	3.293388E-03	4.385265E-05
6.217679E+03	3.285114E-03	4.372931E-05
6.227643E+03	3.268305E-03	4.349922E-05
6.237607E+03	3.244583E-03	4.318424E-05
6.247571E+03	3.215652E-03	4.280723E-05
6.257535E+03	3.183055E-03	4.238882E-05
6.267500E+03	3.148233E-03	4.194824E-05
6.277464E+03	3.112354E-03	4.150105E-05
6.287428E+03	3.076510E-03	4.106182E-05
6.297392E+03	3.041614E-03	4.064273E-05
6.307357E+03	3.008615E-03	4.025633E-05
6.317321E+03	2.978471E-03	3.991500E-05
6.327285E+03	2.952320E-03	3.963361E-05
6.337249E+03	2.931310E-03	3.942735E-05
6.347214E+03	2.916826E-03	3.931479E-05
6.357178E+03	2.910463E-03	3.931757E-05
6.367142E+03	2.913895E-03	3.945873E-05
6.377106E+03	2.929030E-03	3.976478E-05
6.387070E+03	2.957814E-03	4.026317E-05
6.397035E+03	3.002378E-03	4.098429E-05
6.406999E+03	3.064747E-03	4.195752E-05
6.416963E+03	3.147019E-03	4.321372E-05
6.426927E+03	3.251137E-03	4.478213E-05
6.436892E+03	3.378750E-03	4.668837E-05
6.446856E+03	3.531221E-03	4.895449E-05
6.456820E+03	3.709316E-03	5.159466E-05
6.466784E+03	3.912928E-03	5.461102E-05
6.476748E+03	4.141115E-03	5.799414E-05
6.486713E+03	4.391592E-03	6.171551E-05
6.496677E+03	4.660631E-03	6.572590E-05
6.506641E+03	4.942931E-03	6.995299E-05
6.516605E+03	5.231652E-03	7.430156E-05
6.526570E+03	5.518523E-03	7.865451E-05
6.536534E+03	5.794024E-03	8.287513E-05
6.546498E+03	6.048132E-03	8.681746E-05
6.556462E+03	6.270615E-03	9.033039E-05
6.566427E+03	6.452083E-03	9.327286E-05
6.576391E+03	6.584286E-03	9.551832E-05
6.586355E+03	6.661259E-03	9.697191E-05
6.596319E+03	6.679464E-03	9.757299E-05
6.606283E+03	6.638115E-03	9.730071E-05
6.616248E+03	6.539475E-03	9.617900E-05
6.626212E+03	6.388279E-03	9.426892E-05
6.636176E+03	6.191343E-03	9.166348E-05
6.646140E+03	5.957119E-03	8.848150E-05
6.656105E+03	5.694800E-03	8.485474E-05
6.666069E+03	5.413699E-03	8.091859E-05
6.676033E+03	5.122694E-03	7.680391E-05
6.685997E+03	4.829617E-03	7.262753E-05
6.695961E+03	4.541125E-03	6.849008E-05
6.705926E+03	4.262551E-03	6.447340E-05
6.715890E+03	3.997811E-03	6.063875E-05
6.725854E+03	3.749563E-03	5.702895E-05
6.735818E+03	3.519370E-03	5.367046E-05
6.745783E+03	3.307864E-03	5.057575E-05
6.755747E+03	3.115081E-03	4.774814E-05
6.765711E+03	2.940416E-03	4.518102E-05
6.775675E+03	2.783039E-03	4.286415E-05
6.785640E+03	2.641778E-03	4.078181E-05
6.795604E+03	2.515469E-03	3.891810E-05
6.805568E+03	2.402826E-03	3.725504E-05
6.815532E+03	2.302590E-03	3.577476E-05
6.825496E+03	2.213636E-03	3.446129E-05
6.835461E+03	2.134847E-03	3.329854E-05
6.845425E+03	2.065226E-03	3.227212E-05
6.855389E+03	2.003856E-03	3.136872E-05
6.865353E+03	1.949988E-03	3.057749E-05
6.875318E+03	1.902876E-03	2.988753E-05
6.885282E+03	1.861930E-03	2.929025E-05
6.895246E+03	1.826633E-03	2.877814E-05
6.905210E+03	1.796457E-03	2.834340E-05
6.915175E+03	1.771050E-03	2.798100E-05
6.925139E+03	1.750008E-03	2.768495E-05
6.935103E+03	1.733004E-03	2.745047E-05
6.945067E+03	1.719755E-03	2.727346E-05
6.955031E+03	1.709982E-03	2.714977E-05
6.964996E+03	1.703378E-03	2.707485E-05
6.974960E+03	1.699722E-03	2.704543E-05
6.984924E+03	1.698758E-03	2.705769E-05
6.994888E+03	1.700194E-03	2.710719E-05
7.004853E+03	1.703795E-03	2.719043E-05
7.014817E+03	1.709315E-03	2.730365E-05
7.024781E+03	1.716513E-03	2.744321E-05
7.034745E+03	1.725163E-03	2.760569E-05
7.044709E+03	1.735039E-03	2.778765E-05
7.054674E+03	1.745987E-03	2.798678E-05
7.064638E+03	1.757865E-03	2.820101E-05
7.074602E+03	1.770555E-03	2.842865E-05
7.084566E+03	1.784007E-03	2.866905E-05
7.094531E+03	1.798215E-03	2.892236E-05
7.104495E+03	1.813220E-03	2.918943E-05
7.114459E+03	1.829120E-03	2.947209E-05
7.124423E+03	1.845977E-03	2.977157E-05
7.134388E+03	1.863926E-03	3.009033E-05
7.144352E+03	1.883075E-03	3.043042E-05
7.154316E+03	1.903509E-03	3.079352E-05
7.164280E+03	1.925246E-03	3.118027E-05
7.174244E+03	1.948265E-03	3.159070E-05
7.184209E+03	1.972493E-03	3.202401E-05
7.194173E+03	1.997725E-03	3.247730E-05
7.204137E+03	2.023688E-03	3.294654E-05
7.214101E+03	2.050019E-03	3.342624E-05
7.224066E+03	2.076273E-03	3.390958E-05
7.234030E+03	2.101937E-03	3.438857E-05
7.243994E+03	2.126452E-03	3.485444E-05
7.253958E+03	2.149208E-03	3.529752E-05
7.263923E+03	2.169684E-03	3.570949E-05
7.273887E+03	2.187258E-03	3.608031E-05
7.283851E+03	2.201500E-03	3.640303E-05
7.293815E+03	2.212015E-03	3.667107E-05
7.303779E+03	2.218471E-03	3.687889E-05
7.313744E+03	2.220671E-03	3.702299E-05
7.323708E+03	2.218516E-03	3.710147E-05
7.333672E+03	2.212031E-03	3.711436E-05
7.343636E+03	2.201236E-03	3.706152E-05
7.353601E+03	2.186323E-03	3.694567E-05
7.363565E+03	2.167423E-03	3.676839E-05
7.373529E+03	2.144784E-03	3.653320E-05
7.383493E+03	2.118682E-03	3.624410E-05
7.393457E+03	2.089343E-03	3.590415E-05
7.403422E+03	2.057106E-03	3.551837E-05
7.413386E+03	2.022324E-03	3.509203E-05
7.423350E+03	1.985402E-03	3.463130E-05
7.433314E+03	1.946766E-03	3.414283E-05
7.443279E+03	1.906962E-03	3.363545E-05
7.453243E+03	1.866460E-03	3.311661E-05
7.463207E+03	1.825796E-03	3.259499E-05
7.473171E+03	1.785440E-03	3.207825E-05
7.483136E+03	1.745765E-03	3.157257E-05
7.493100E+03	1.707283E-03	3.108681E-05
7.503064E+03	1.670544E-03	3.063083E-05
7.513028E+03	1.635993E-03	3.021290E-05
7.522992E+03	1.604044E-03	2.984099E-05
7.532957E+03	1.574950E-03	2.952037E-05
7.542921E+03	1.548998E-03	2.925712E-05
7.552885E+03	1.526345E-03	2.905514E-05
7.562849E+03	1.507188E-03	2.891928E-05
7.572814E+03	1.491621E-03	2.885259E-05
7.582778E+03	1.479733E-03	2.885811E-05
7.592742E+03	1.471519E-03	2.893727E-05
7.602706E+03	1.466942E-03	2.909090E-05
7.612671E+03	1.465931E-03	2.931918E-05
7.622635E+03	1.468319E-03	2.962039E-05
7.632599E+03	1.473924E-03	2.999247E-05
7.642563E+03	1.482472E-03	3.043142E-05
7.652527E+03	1.493680E-03	3.093286E-05
7.662492E+03	1.507198E-03	3.149091E-05
7.672456E+03	1.522638E-03	3.209864E-05
7.682420E+03	1.539577E-03	3.274809E-05
7.692384E+03	1.557564E-03	3.343046E-05
7.702349E+03	1.576110E-03	3.413574E-05
7.712313E+03	1.594780E-03	3.485474E-05
7.722277E+03	1.613077E-03	3.557657E-05
7.732241E+03	1.630539E-03	3.629069E-05
7.742205E+03	1.646727E-03	3.698675E-05
7.752170E+03	1.661266E-03	3.765542E-05
7.762134E+03	1.673759E-03	3.828654E-05
7.772098E+03	1.683985E-03	3.887371E-05
7.782062E+03	1.691653E-03	3.940862E-05
7.792027E+03	1.696664E-03	3.988723E-05
7.801991E+03	1.698926E-03	4.030556E-05
7.811955E+03	1.698472E-03	4.066253E-05
7.821919E+03	1.695363E-03	4.095772E-05
7.831884E+03	1.689775E-03	4.119356E-05
7.841848E+03	1.681893E-03	4.137283E-05
7.851812E+03	1.671997E-03	4.150082E-05
7.861776E+03	1.660351E-03	4.158264E-05
7.871740E+03	1.647286E-03	4.162536E-05
7.881705E+03	1.633091E-03	4.163523E-05
7.891669E+03	1.618096E-03	4.161984E-05
7.901633E+03	1.602567E-03	4.158539E-05
7.911597E+03	1.586788E-03	4.153886E-05
7.921562E+03	1.570968E-03	4.148541E-05
7.931526E+03	1.555320E-03	4.143061E-05
7.941490E+03	1.539996E-03	4.137852E-05
7.951454E+03	1.525085E-03	4.133165E-05
7.961419E+03	1.510656E-03	4.129212E-05
7.971383E+03	1.496769E-03	4.126177E-05
7.981347E+03	1.483426E-03	4.124095E-05
7.991311E+03	1.470583E-03	4.122872E-05
8.001275E+03	1.458197E-03	4.122414E-05
8.011240E+03	1.446234E-03	4.122651E-05
8.021204E+03	1.434613E-03	4.123367E-05
8.031168E+03	1.423294E-03	4.124467E-05
8.041132E+03	1.412201E-03	4.125739E-05
8.051097E+03	1.401286E-03	4.127059E-05
8.061061E+03	1.390538E-03	4.128395E-05
8.071025E+03	1.379914E-03	4.129628E-05
8.080989E+03	1.369408E-03	4.130738E-05
8.090953E+03	1.359021E-03	4.131736E-05
8.100918E+03	1.348786E-03	4.132725E-05
8.110882E+03	1.338699E-03	4.133702E-05
8.120846E+03	1.328782E-03	4.134736E-05
8.130810E+03	1.319055E-03	4.135901E-05
8.140775E+03	1.309559E-03	4.137337E-05
8.150739E+03	1.300274E-03	4.138990E-05
8.160703E+03	1.291239E-03	4.141000E-05
8.170667E+03	1.282496E-03	4.143514E-05
8.180632E+03	1.274030E-03	4.146506E-05
8.190596E+03	1.265897E-03	4.150170E-05
8.200560E+03	1.258141E-03	4.154678E-05
8.210524E+03	1.250805E-03	4.160195E-05
8.220488E+03	1.244009E-03	4.167148E-05
8.230453E+03	1.237813E-03	4.175781E-05
8.240417E+03	1.232344E-03	4.186561E-05
8.250381E+03	1.227768E-03	4.200108E-05
8.260345E+03	1.224255E-03	4.217069E-05
8.270310E+03	1.221980E-03	4.238122E-05
8.280274E+03	1.221153E-03	4.264088E-05
8.290238E+03	1.222003E-03	4.295871E-05
8.300202E+03	1.224789E-03	4.334508E-05
8.310167E+03	1.229743E-03	4.380952E-05
8.320131E+03	1.237096E-03	4.436190E-05
8.330095E+03	1.247140E-03	4.501441E-05
8.340059E+03	1.260085E-03	4.577646E-05
8.350023E+03	1.276205E-03	4.666017E-05
8.359988E+03	1.295683E-03	4.767440E-05
8.369952E+03	1.318719E-03	4.882886E-05
8.379916E+03	1.345509E-03	5.013332E-05
8.389880E+03	1.376201E-03	5.159586E-05
8.399845E+03	1.410885E-03	5.322254E-05
8.409809E+03	1.449635E-03	5.501887E-05
8.419773E+03	1.492485E-03	5.698887E-05
8.429737E+03	1.539451E-03	5.913595E-05
8.439701E+03	1.590434E-03	6.145898E-05
8.449666E+03	1.645368E-03	6.395807E-05
8.459630E+03	1.704151E-03	6.663185E-05
8.469594E+03	1.766567E-03	6.947430E-05
8.479558E+03	1.832419E-03	7.248005E-05
8.489523E+03	1.901551E-03	7.564506E-05
8.499487E+03	1.973631E-03	7.895815E-05
8.509451E+03	2.048464E-03	8.241335E-05
8.519415E+03	2.125778E-03	8.600128E-05
8.529380E+03	2.205240E-03	8.970999E-05
8.539344E+03	2.286526E-03	9.352746E-05
8.549308E+03	2.369279E-03	9.744006E-05
8.559272E+03	2.453095E-03	1.014319E-04
8.569236E+03	2.537564E-03	1.054864E-04
8.579201E+03	2.622089E-03	1.095790E-04
8.589165E+03	2.706127E-03	1.136866E-04
8.599129E+03	2.789029E-03	1.177814E-04
8.609093E+03	2.870023E-03	1.218296E-04
8.619058E+03	2.948428E-03	1.258007E-04
8.629022E+03	3.023311E-03	1.296529E-04
8.638986E+03	3.093799E-03	1.333461E-04
8.648950E+03	3.159074E-03	1.368418E-04
8.658914E+03	3.218265E-03	1.400985E-04
8.668879E+03	3.270496E-03	1.430738E-04
8.678843E+03	3.315055E-03	1.457320E-04
8.688807E+03	3.351218E-03	1.480358E-04
8.698771E+03	3.378419E-03	1.499549E-04
8.708736E+03	3.396289E-03	1.514668E-04
8.718700E+03	3.404485E-03	1.525502E-04
8.728664E+03	3.402878E-03	1.531934E-04
8.738628E+03	3.391559E-03	1.533940E-04
8.748593E+03	3.370657E-03	1.531519E-04
8.758557E+03	3.340519E-03	1.524769E-04
8.768521E+03	3.301691E-03	1.513886E-04
8.778485E+03	3.254735E-03	1.499072E-04
8.788449E+03	3.200388E-03	1.480621E-04
8.798414E+03	3.139481E-03	1.458874E-04
8.808378E+03	3.072973E-03	1.434239E-04
8.818342E+03	3.001760E-03	1.407104E-04
8.828306E+03	2.926820E-03	1.377902E-04
8.838271E+03	2.849190E-03	1.347103E-04
8.848235E+03	2.769774E-03	1.315121E-04
8.858199E+03	2.689495E-03	1.282387E-04
8.868163E+03	2.609260E-03	1.249332E-04
8.878128E+03	2.529802E-03	1.216311E-04
8.888092E+03	2.451874E-03	1.183694E-04
8.898056E+03	2.376037E-03	1.151763E-04
8.908020E+03	2.302802E-03	1.120781E-04
8.917984E+03	2.232678E-03	1.091015E-04
8.927949E+03	2.165901E-03	1.062599E-04
8.937913E+03	2.102710E-03	1.035673E-04
8.947877E+03	2.043344E-03	1.010377E-04
8.957841E+03	1.987808E-03	9.867369E-05
8.967806E+03	1.936163E-03	9.648071E-05
9.007662E+03	1.767186E-03	8.939936E-05
9.047519E+03	1.651638E-03	8.478399E-05
9.087376E+03	1.577498E-03	8.213267E-05
9.127233E+03	1.532470E-03	8.089000E-05
9.167090E+03	1.505993E-03	8.055566E-05
9.206947E+03	1.489451E-03	8.070320E-05
9.246804E+03	1.476090E-03	8.098338E-05
9.286661E+03	1.461243E-03	8.114418E-05
9.326518E+03	1.442166E-03	8.102909E-05
9.366375E+03	1.417815E-03	8.057136E-05
9.406232E+03	1.388165E-03	7.976039E-05
9.446089E+03	1.353689E-03	7.861489E-05
9.485945E+03	1.315098E-03	7.716914E-05
9.525802E+03	1.273119E-03	7.546027E-05
9.565659E+03	1.228555E-03	7.353203E-05
9.605516E+03	1.182102E-03	7.142372E-05
9.645373E+03	1.134472E-03	6.917742E-05
9.685230E+03	1.086207E-03	6.682631E-05
9.725087E+03	1.037819E-03	6.440300E-05
9.764944E+03	9.897908E-04	6.193925E-05
9.804801E+03	9.424715E-04	5.945951E-05
9.844658E+03	8.961548E-04	5.698524E-05
9.884515E+03	8.511141E-04	5.453715E-05
9.924372E+03	8.075399E-04	5.213101E-05
9.964228E+03	7.655804E-04	4.978010E-05
1.000409E+04	7.253438E-04	4.749522E-05
1.004394E+04	6.869050E-04	4.528504E-05
1.008380E+04	6.503087E-04	4.315623E-05
1.012366E+04	6.155456E-04	4.111180E-05
1.016351E+04	5.826438E-04	3.915711E-05
1.020337E+04	5.515282E-04	3.729048E-05
1.024323E+04	5.221680E-04	3.551298E-05
1.028308E+04	4.945215E-04	3.382475E-05
