#wls	flux	fluxerr
1.600000E+03	9.625871E-17	3.737847E-18
1.640000E+03	9.854793E-17	3.820285E-18
1.680000E+03	1.009022E-16	3.904763E-18
1.720000E+03	1.033254E-16	3.991405E-18
1.760000E+03	1.057889E-16	4.079070E-18
1.800000E+03	1.082888E-16	4.167585E-18
1.840000E+03	1.107980E-16	4.255879E-18
1.880000E+03	1.133033E-16	4.343431E-18
1.920000E+03	1.157777E-16	4.429179E-18
1.960000E+03	1.181888E-16	4.511886E-18
2.000000E+03	1.204832E-16	4.589501E-18
2.040000E+03	1.226235E-16	4.660617E-18
2.080000E+03	1.245675E-16	4.723655E-18
2.120000E+03	1.262654E-16	4.776762E-18
2.160000E+03	1.276973E-16	4.819234E-18
2.200000E+03	1.288450E-16	4.850443E-18
2.240000E+03	1.296991E-16	4.870103E-18
2.280000E+03	1.302914E-16	4.879477E-18
2.320000E+03	1.306738E-16	4.880570E-18
2.360000E+03	1.309663E-16	4.877907E-18
2.400000E+03	1.312765E-16	4.875500E-18
2.440000E+03	1.317026E-16	4.876975E-18
2.480000E+03	1.323547E-16	4.886343E-18
2.520000E+03	1.333272E-16	4.906995E-18
2.560000E+03	1.347094E-16	4.942079E-18
2.600000E+03	1.366077E-16	4.995326E-18
2.640000E+03	1.390826E-16	5.068732E-18
2.680000E+03	1.421561E-16	5.162850E-18
2.720000E+03	1.457838E-16	5.275812E-18
2.760000E+03	1.499207E-16	5.405747E-18
2.800000E+03	1.545062E-16	5.550225E-18
2.840000E+03	1.595001E-16	5.707576E-18
2.880000E+03	1.648805E-16	5.876789E-18
2.920000E+03	1.706508E-16	6.057767E-18
2.960000E+03	1.768466E-16	6.251532E-18
3.000000E+03	1.835404E-16	6.460371E-18
3.010000E+03	1.853019E-16	6.515264E-18
3.020000E+03	1.871051E-16	6.571443E-18
3.030000E+03	1.889473E-16	6.628809E-18
3.040000E+03	1.908381E-16	6.687695E-18
3.050000E+03	1.927751E-16	6.748010E-18
3.060000E+03	1.947604E-16	6.809819E-18
3.070000E+03	1.967960E-16	6.873182E-18
3.080000E+03	1.988923E-16	6.938462E-18
3.090000E+03	2.010438E-16	7.005450E-18
3.100000E+03	2.032615E-16	7.074526E-18
3.110000E+03	2.055444E-16	7.145643E-18
3.120000E+03	2.078998E-16	7.219048E-18
3.130000E+03	2.103312E-16	7.294848E-18
3.140000E+03	2.128428E-16	7.373178E-18
3.150000E+03	2.154386E-16	7.454169E-18
3.160000E+03	2.181275E-16	7.538108E-18
3.170000E+03	2.209101E-16	7.625010E-18
3.180000E+03	2.237959E-16	7.715184E-18
3.190000E+03	2.267905E-16	7.808813E-18
3.200000E+03	2.299001E-16	7.906087E-18
3.210000E+03	2.331354E-16	8.007359E-18
3.220000E+03	2.364951E-16	8.112568E-18
3.230000E+03	2.399988E-16	8.222365E-18
3.240000E+03	2.436422E-16	8.336582E-18
3.250000E+03	2.474456E-16	8.455891E-18
3.260000E+03	2.514096E-16	8.580289E-18
3.270000E+03	2.555472E-16	8.710199E-18
3.280000E+03	2.598677E-16	8.845905E-18
3.290000E+03	2.643766E-16	8.987570E-18
3.300000E+03	2.690916E-16	9.135764E-18
3.310000E+03	2.740137E-16	9.290493E-18
3.320000E+03	2.791522E-16	9.452035E-18
3.330000E+03	2.845232E-16	9.620906E-18
3.340000E+03	2.901251E-16	9.797016E-18
3.350000E+03	2.959622E-16	9.980470E-18
3.360000E+03	3.020346E-16	1.017124E-17
3.370000E+03	3.083419E-16	1.036927E-17
3.380000E+03	3.148631E-16	1.057382E-17
3.390000E+03	3.215772E-16	1.078414E-17
3.400000E+03	3.284564E-16	1.099929E-17
3.410000E+03	3.354533E-16	1.121764E-17
3.420000E+03	3.425114E-16	1.143728E-17
3.430000E+03	3.495532E-16	1.165562E-17
3.440000E+03	3.565032E-16	1.187013E-17
3.450000E+03	3.632713E-16	1.207784E-17
3.460000E+03	3.697530E-16	1.227529E-17
3.470000E+03	3.758528E-16	1.245935E-17
3.480000E+03	3.814803E-16	1.262709E-17
3.490000E+03	3.865744E-16	1.277655E-17
3.500000E+03	3.910842E-16	1.290612E-17
3.510000E+03	3.950088E-16	1.301586E-17
3.520000E+03	3.983611E-16	1.310628E-17
3.530000E+03	4.011789E-16	1.317870E-17
3.540000E+03	4.035087E-16	1.323473E-17
3.550000E+03	4.053900E-16	1.327574E-17
3.560000E+03	4.068595E-16	1.330298E-17
3.570000E+03	4.079240E-16	1.331675E-17
3.580000E+03	4.085825E-16	1.331708E-17
3.590000E+03	4.088227E-16	1.330361E-17
3.600000E+03	4.086100E-16	1.327531E-17
3.610000E+03	4.079026E-16	1.323088E-17
3.620000E+03	4.066441E-16	1.316857E-17
3.630000E+03	4.047688E-16	1.308635E-17
3.640000E+03	4.022071E-16	1.298207E-17
3.650000E+03	3.988800E-16	1.285330E-17
3.660000E+03	3.947300E-16	1.269831E-17
3.670000E+03	3.897152E-16	1.251589E-17
3.680000E+03	3.838485E-16	1.230661E-17
3.690000E+03	3.772142E-16	1.207330E-17
3.700000E+03	3.699678E-16	1.182106E-17
3.710000E+03	3.623581E-16	1.155793E-17
3.720000E+03	3.547144E-16	1.129447E-17
3.730000E+03	3.474071E-16	1.104246E-17
3.740000E+03	3.408334E-16	1.081445E-17
3.750000E+03	3.353908E-16	1.062292E-17
3.760000E+03	3.314394E-16	1.047906E-17
3.770000E+03	3.293055E-16	1.039292E-17
3.780000E+03	3.292793E-16	1.037333E-17
3.790000E+03	3.316143E-16	1.042792E-17
3.800000E+03	3.365470E-16	1.056369E-17
3.810000E+03	3.443032E-16	1.078726E-17
3.820000E+03	3.551029E-16	1.110503E-17
3.830000E+03	3.691616E-16	1.152318E-17
3.840000E+03	3.866720E-16	1.204713E-17
3.850000E+03	4.077963E-16	1.268130E-17
3.860000E+03	4.326306E-16	1.342804E-17
3.870000E+03	4.611548E-16	1.428603E-17
3.880000E+03	4.931930E-16	1.524916E-17
3.890000E+03	5.283673E-16	1.630512E-17
3.900000E+03	5.660407E-16	1.743369E-17
3.910000E+03	6.053010E-16	1.860636E-17
3.920000E+03	6.449967E-16	1.978748E-17
3.930000E+03	6.837785E-16	2.093564E-17
3.940000E+03	7.201905E-16	2.200647E-17
3.950000E+03	7.528414E-16	2.295797E-17
3.960000E+03	7.805147E-16	2.375376E-17
3.970000E+03	8.022792E-16	2.436648E-17
3.980000E+03	8.175550E-16	2.477962E-17
3.990000E+03	8.261519E-16	2.498863E-17
4.000000E+03	8.281771E-16	2.499800E-17
4.010000E+03	8.240126E-16	2.482045E-17
4.020000E+03	8.142742E-16	2.447567E-17
4.030000E+03	7.997359E-16	2.398795E-17
4.040000E+03	7.813214E-16	2.338586E-17
4.050000E+03	7.599961E-16	2.269897E-17
4.060000E+03	7.367575E-16	2.195761E-17
4.070000E+03	7.125203E-16	2.118935E-17
4.080000E+03	6.881048E-16	2.041875E-17
4.090000E+03	6.642170E-16	1.966676E-17
4.100000E+03	6.414087E-16	1.894961E-17
4.110000E+03	6.201304E-16	1.828038E-17
4.120000E+03	6.006913E-16	1.766789E-17
4.130000E+03	5.833150E-16	1.711833E-17
4.140000E+03	5.681383E-16	1.663534E-17
4.150000E+03	5.552149E-16	1.622004E-17
4.160000E+03	5.445475E-16	1.587209E-17
4.170000E+03	5.360876E-16	1.558963E-17
4.180000E+03	5.297485E-16	1.536969E-17
4.190000E+03	5.254352E-16	1.520912E-17
4.200000E+03	5.230255E-16	1.510398E-17
4.210000E+03	5.224115E-16	1.505078E-17
4.220000E+03	5.234676E-16	1.504553E-17
4.230000E+03	5.260737E-16	1.508446E-17
4.240000E+03	5.300856E-16	1.516312E-17
4.250000E+03	5.353111E-16	1.527574E-17
4.260000E+03	5.415142E-16	1.541534E-17
4.270000E+03	5.483642E-16	1.557232E-17
4.280000E+03	5.554384E-16	1.573458E-17
4.290000E+03	5.622289E-16	1.588770E-17
4.300000E+03	5.681814E-16	1.601613E-17
4.310000E+03	5.727318E-16	1.610417E-17
4.320000E+03	5.753669E-16	1.613772E-17
4.330000E+03	5.757385E-16	1.610745E-17
4.340000E+03	5.736857E-16	1.600934E-17
4.350000E+03	5.693241E-16	1.584713E-17
4.360000E+03	5.630157E-16	1.563137E-17
4.370000E+03	5.553846E-16	1.537975E-17
4.380000E+03	5.472576E-16	1.511542E-17
4.390000E+03	5.395991E-16	1.486505E-17
4.400000E+03	5.334329E-16	1.465667E-17
4.410000E+03	5.297641E-16	1.451751E-17
4.420000E+03	5.295037E-16	1.447193E-17
4.430000E+03	5.334156E-16	1.454001E-17
4.440000E+03	5.421011E-16	1.473718E-17
4.450000E+03	5.559743E-16	1.507363E-17
4.460000E+03	5.752798E-16	1.555482E-17
4.470000E+03	6.000603E-16	1.618069E-17
4.480000E+03	6.301665E-16	1.694602E-17
4.490000E+03	6.652326E-16	1.783979E-17
4.500000E+03	7.046479E-16	1.884455E-17
4.510000E+03	7.475277E-16	1.993573E-17
4.520000E+03	7.927001E-16	2.108137E-17
4.530000E+03	8.387040E-16	2.224218E-17
4.540000E+03	8.838835E-16	2.337417E-17
4.550000E+03	9.264273E-16	2.442973E-17
4.560000E+03	9.645460E-16	2.536240E-17
4.570000E+03	9.966067E-16	2.613034E-17
4.580000E+03	1.021308E-15	2.670088E-17
4.590000E+03	1.037756E-15	2.705239E-17
4.600000E+03	1.045533E-15	2.717585E-17
4.610000E+03	1.044747E-15	2.707608E-17
4.620000E+03	1.035918E-15	2.676845E-17
4.630000E+03	1.019946E-15	2.627797E-17
4.640000E+03	9.980152E-16	2.563673E-17
4.650000E+03	9.714601E-16	2.488028E-17
4.660000E+03	9.416423E-16	2.404446E-17
4.670000E+03	9.099331E-16	2.316495E-17
4.680000E+03	8.775758E-16	2.227376E-17
4.690000E+03	8.456652E-16	2.139875E-17
4.700000E+03	8.151243E-16	2.056311E-17
4.710000E+03	7.866736E-16	1.978468E-17
4.720000E+03	7.608463E-16	1.907633E-17
4.730000E+03	7.379746E-16	1.844578E-17
4.740000E+03	7.182618E-16	1.789743E-17
4.750000E+03	7.017948E-16	1.743270E-17
4.760000E+03	6.885519E-16	1.705030E-17
4.770000E+03	6.784878E-16	1.674838E-17
4.780000E+03	6.714974E-16	1.652362E-17
4.790000E+03	6.674368E-16	1.637177E-17
4.800000E+03	6.661320E-16	1.628790E-17
4.810000E+03	6.673186E-16	1.626492E-17
4.820000E+03	6.707159E-16	1.629544E-17
4.830000E+03	6.759811E-16	1.637065E-17
4.840000E+03	6.828251E-16	1.648313E-17
4.850000E+03	6.909945E-16	1.662641E-17
4.860000E+03	7.003434E-16	1.679670E-17
4.870000E+03	7.107705E-16	1.699130E-17
4.880000E+03	7.222235E-16	1.720871E-17
4.890000E+03	7.345984E-16	1.744624E-17
4.900000E+03	7.476508E-16	1.769788E-17
4.910000E+03	7.609331E-16	1.795292E-17
4.920000E+03	7.737503E-16	1.819497E-17
4.930000E+03	7.851816E-16	1.840257E-17
4.940000E+03	7.941295E-16	1.855042E-17
4.950000E+03	7.995201E-16	1.861409E-17
4.960000E+03	8.004360E-16	1.857314E-17
4.970000E+03	7.963653E-16	1.841678E-17
4.980000E+03	7.873055E-16	1.814612E-17
4.990000E+03	7.738426E-16	1.777579E-17
5.000000E+03	7.570805E-16	1.733210E-17
5.010000E+03	7.384827E-16	1.684919E-17
5.020000E+03	7.196192E-16	1.636320E-17
5.030000E+03	7.019932E-16	1.590826E-17
5.040000E+03	6.868324E-16	1.551179E-17
5.050000E+03	6.750065E-16	1.519282E-17
5.060000E+03	6.669688E-16	1.496074E-17
5.070000E+03	6.628036E-16	1.481657E-17
5.080000E+03	6.623082E-16	1.475490E-17
5.090000E+03	6.650532E-16	1.476537E-17
5.100000E+03	6.704617E-16	1.483448E-17
5.110000E+03	6.778967E-16	1.494759E-17
5.120000E+03	6.867574E-16	1.509104E-17
5.130000E+03	6.964994E-16	1.525262E-17
5.140000E+03	7.067283E-16	1.542351E-17
5.150000E+03	7.172190E-16	1.559874E-17
5.160000E+03	7.279185E-16	1.577710E-17
5.170000E+03	7.389139E-16	1.596047E-17
5.180000E+03	7.504061E-16	1.615310E-17
5.190000E+03	7.626133E-16	1.635958E-17
5.200000E+03	7.757519E-16	1.658442E-17
5.210000E+03	7.899397E-16	1.682993E-17
5.220000E+03	8.052183E-16	1.709679E-17
5.230000E+03	8.214799E-16	1.738250E-17
5.240000E+03	8.385263E-16	1.768271E-17
5.250000E+03	8.560365E-16	1.799051E-17
5.260000E+03	8.736386E-16	1.829807E-17
5.270000E+03	8.909027E-16	1.859641E-17
5.280000E+03	9.073546E-16	1.887577E-17
5.290000E+03	9.225344E-16	1.912683E-17
5.300000E+03	9.360146E-16	1.934104E-17
5.310000E+03	9.474033E-16	1.951074E-17
5.320000E+03	9.563954E-16	1.963011E-17
5.330000E+03	9.628134E-16	1.969605E-17
5.340000E+03	9.666241E-16	1.970843E-17
5.350000E+03	9.679476E-16	1.967025E-17
5.360000E+03	9.670361E-16	1.958713E-17
5.370000E+03	9.642639E-16	1.946709E-17
5.380000E+03	9.600343E-16	1.931862E-17
5.390000E+03	9.547613E-16	1.915032E-17
5.400000E+03	9.487835E-16	1.896917E-17
5.410000E+03	9.423862E-16	1.878101E-17
5.420000E+03	9.357734E-16	1.858995E-17
5.430000E+03	9.291042E-16	1.839921E-17
5.440000E+03	9.226100E-16	1.821335E-17
5.450000E+03	9.165815E-16	1.803808E-17
5.460000E+03	9.113807E-16	1.788040E-17
5.470000E+03	9.075326E-16	1.775044E-17
5.480000E+03	9.055683E-16	1.765832E-17
5.490000E+03	9.059418E-16	1.761254E-17
5.500000E+03	9.086792E-16	1.761321E-17
5.510000E+03	9.130795E-16	1.764638E-17
5.520000E+03	9.181744E-16	1.769311E-17
5.530000E+03	9.230998E-16	1.773669E-17
5.540000E+03	9.271945E-16	1.776448E-17
5.550000E+03	9.300808E-16	1.776942E-17
5.560000E+03	9.315993E-16	1.774866E-17
5.570000E+03	9.317516E-16	1.770245E-17
5.580000E+03	9.306578E-16	1.763329E-17
5.590000E+03	9.284613E-16	1.754407E-17
5.600000E+03	9.252865E-16	1.743730E-17
5.610000E+03	9.212218E-16	1.731478E-17
5.620000E+03	9.162969E-16	1.717718E-17
5.630000E+03	9.105037E-16	1.702448E-17
5.640000E+03	9.038276E-16	1.685650E-17
5.650000E+03	8.962550E-16	1.667311E-17
5.660000E+03	8.878171E-16	1.647500E-17
5.670000E+03	8.785911E-16	1.626369E-17
5.680000E+03	8.687231E-16	1.604197E-17
5.690000E+03	8.584472E-16	1.581421E-17
5.700000E+03	8.480739E-16	1.558616E-17
5.710000E+03	8.379983E-16	1.536504E-17
5.720000E+03	8.287009E-16	1.515959E-17
5.730000E+03	8.207107E-16	1.497935E-17
5.740000E+03	8.145895E-16	1.483436E-17
5.750000E+03	8.108596E-16	1.473388E-17
5.760000E+03	8.099840E-16	1.468599E-17
5.770000E+03	8.122455E-16	1.469549E-17
5.780000E+03	8.177188E-16	1.476335E-17
5.790000E+03	8.262345E-16	1.488616E-17
5.800000E+03	8.373015E-16	1.505479E-17
5.810000E+03	8.501804E-16	1.525568E-17
5.820000E+03	8.638764E-16	1.547087E-17
5.830000E+03	8.772560E-16	1.568004E-17
5.840000E+03	8.891827E-16	1.586296E-17
5.850000E+03	8.987364E-16	1.600344E-17
5.860000E+03	9.053234E-16	1.609117E-17
5.870000E+03	9.088097E-16	1.612408E-17
5.880000E+03	9.094525E-16	1.610703E-17
5.890000E+03	9.077623E-16	1.604933E-17
5.900000E+03	9.043631E-16	1.596219E-17
5.910000E+03	8.998279E-16	1.585587E-17
5.920000E+03	8.945503E-16	1.573737E-17
5.930000E+03	8.887665E-16	1.561091E-17
5.940000E+03	8.825352E-16	1.547753E-17
5.950000E+03	8.758170E-16	1.533659E-17
5.960000E+03	8.685111E-16	1.518634E-17
5.970000E+03	8.605945E-16	1.502642E-17
5.980000E+03	8.520945E-16	1.485733E-17
5.990000E+03	8.431720E-16	1.468190E-17
6.000000E+03	8.340584E-16	1.450418E-17
6.010000E+03	8.250121E-16	1.432864E-17
6.020000E+03	8.163107E-16	1.416008E-17
6.030000E+03	8.081886E-16	1.400252E-17
6.040000E+03	8.008983E-16	1.386028E-17
6.050000E+03	7.946152E-16	1.373634E-17
6.060000E+03	7.895027E-16	1.363345E-17
6.070000E+03	7.855869E-16	1.355198E-17
6.080000E+03	7.827813E-16	1.349038E-17
6.090000E+03	7.808039E-16	1.344373E-17
6.100000E+03	7.792184E-16	1.340448E-17
6.110000E+03	7.774336E-16	1.336247E-17
6.120000E+03	7.747876E-16	1.330632E-17
6.130000E+03	7.706144E-16	1.322465E-17
6.140000E+03	7.643695E-16	1.310817E-17
6.150000E+03	7.557088E-16	1.295105E-17
6.160000E+03	7.445001E-16	1.275109E-17
6.170000E+03	7.307693E-16	1.250879E-17
6.180000E+03	7.146166E-16	1.222592E-17
6.190000E+03	6.959845E-16	1.190151E-17
6.200000E+03	6.744655E-16	1.152862E-17
6.210000E+03	6.491443E-16	1.109163E-17
6.220000E+03	6.186248E-16	1.056670E-17
6.230000E+03	5.814831E-16	9.929529E-18
6.240000E+03	5.373324E-16	9.173518E-18
6.250000E+03	4.885402E-16	8.339039E-18
6.260000E+03	4.397985E-16	7.506083E-18
6.270000E+03	3.952690E-16	6.745546E-18
6.280000E+03	3.575264E-16	6.101230E-18
6.290000E+03	3.277213E-16	5.592665E-18
6.300000E+03	3.060829E-16	5.223690E-18
6.310000E+03	2.923128E-16	4.989183E-18
6.320000E+03	2.859558E-16	4.881380E-18
6.330000E+03	2.865738E-16	4.892833E-18
6.340000E+03	2.938814E-16	5.018731E-18
6.350000E+03	3.077608E-16	5.257152E-18
6.360000E+03	3.282230E-16	5.608396E-18
6.370000E+03	3.553133E-16	6.073374E-18
6.380000E+03	3.889755E-16	6.651291E-18
6.390000E+03	4.289138E-16	7.337271E-18
6.400000E+03	4.744761E-16	8.120357E-18
6.410000E+03	5.245438E-16	8.981601E-18
6.420000E+03	5.775822E-16	9.894903E-18
6.430000E+03	6.317362E-16	1.082863E-17
6.440000E+03	6.850809E-16	1.174988E-17
6.450000E+03	7.358873E-16	1.262903E-17
6.460000E+03	7.828470E-16	1.344361E-17
6.470000E+03	8.251598E-16	1.417980E-17
6.480000E+03	8.625501E-16	1.483274E-17
6.490000E+03	8.951324E-16	1.540429E-17
6.500000E+03	9.232217E-16	1.589972E-17
6.510000E+03	9.472740E-16	1.632673E-17
6.520000E+03	9.677428E-16	1.669302E-17
6.530000E+03	9.850569E-16	1.700584E-17
6.540000E+03	9.996735E-16	1.727298E-17
6.550000E+03	1.011986E-15	1.750112E-17
6.560000E+03	1.022356E-15	1.769643E-17
6.570000E+03	1.031139E-15	1.786496E-17
6.580000E+03	1.038543E-15	1.801027E-17
6.590000E+03	1.044658E-15	1.813381E-17
6.600000E+03	1.049430E-15	1.823463E-17
6.610000E+03	1.052595E-15	1.830803E-17
6.620000E+03	1.053809E-15	1.834792E-17
6.630000E+03	1.052728E-15	1.834821E-17
6.640000E+03	1.049022E-15	1.830301E-17
6.650000E+03	1.042573E-15	1.821010E-17
6.660000E+03	1.033508E-15	1.807154E-17
6.670000E+03	1.022163E-15	1.789301E-17
6.680000E+03	1.009066E-15	1.768365E-17
6.690000E+03	9.948435E-16	1.745433E-17
6.700000E+03	9.800392E-16	1.721449E-17
6.710000E+03	9.651083E-16	1.697210E-17
6.720000E+03	9.503756E-16	1.673284E-17
6.730000E+03	9.359324E-16	1.649833E-17
6.740000E+03	9.217721E-16	1.626845E-17
6.750000E+03	9.078123E-16	1.604174E-17
6.760000E+03	8.939018E-16	1.581553E-17
6.770000E+03	8.799150E-16	1.558759E-17
6.780000E+03	8.657694E-16	1.535642E-17
6.790000E+03	8.514446E-16	1.512166E-17
6.800000E+03	8.369687E-16	1.488376E-17
6.810000E+03	8.224486E-16	1.464461E-17
6.820000E+03	8.079999E-16	1.440627E-17
6.830000E+03	7.937187E-16	1.417042E-17
6.840000E+03	7.797009E-16	1.393880E-17
6.850000E+03	7.659688E-16	1.371181E-17
6.860000E+03	7.525158E-16	1.348934E-17
6.870000E+03	7.393119E-16	1.327086E-17
6.880000E+03	7.263216E-16	1.305575E-17
6.890000E+03	7.135921E-16	1.284486E-17
6.900000E+03	7.011973E-16	1.263953E-17
6.910000E+03	6.892926E-16	1.244259E-17
6.920000E+03	6.781311E-16	1.225865E-17
6.930000E+03	6.679804E-16	1.209259E-17
6.940000E+03	6.591145E-16	1.194946E-17
6.950000E+03	6.517623E-16	1.183351E-17
6.960000E+03	6.460228E-16	1.174666E-17
6.970000E+03	6.418671E-16	1.168851E-17
6.980000E+03	6.391134E-16	1.165587E-17
6.990000E+03	6.374432E-16	1.164304E-17
7.000000E+03	6.364301E-16	1.164232E-17
7.010000E+03	6.356477E-16	1.164594E-17
7.020000E+03	6.346501E-16	1.164574E-17
7.030000E+03	6.331098E-16	1.163570E-17
7.040000E+03	6.308470E-16	1.161246E-17
7.050000E+03	6.278001E-16	1.157481E-17
7.060000E+03	6.240405E-16	1.152402E-17
7.070000E+03	6.197241E-16	1.146290E-17
7.080000E+03	6.150476E-16	1.139504E-17
7.090000E+03	6.102209E-16	1.132431E-17
7.100000E+03	6.053879E-16	1.125337E-17
7.110000E+03	6.006705E-16	1.118449E-17
7.120000E+03	5.961512E-16	1.111921E-17
7.130000E+03	5.918555E-16	1.105803E-17
7.140000E+03	5.877685E-16	1.100070E-17
7.150000E+03	5.838901E-16	1.094723E-17
7.160000E+03	5.801907E-16	1.089709E-17
7.170000E+03	5.767017E-16	1.085089E-17
7.180000E+03	5.734300E-16	1.080878E-17
7.190000E+03	5.703968E-16	1.077118E-17
7.200000E+03	5.676014E-16	1.073811E-17
7.210000E+03	5.650539E-16	1.070978E-17
7.220000E+03	5.626845E-16	1.068490E-17
7.230000E+03	5.604278E-16	1.066225E-17
7.240000E+03	5.581727E-16	1.063971E-17
7.250000E+03	5.558255E-16	1.061552E-17
7.260000E+03	5.532821E-16	1.058766E-17
7.270000E+03	5.504828E-16	1.055496E-17
7.280000E+03	5.474250E-16	1.051737E-17
7.290000E+03	5.441328E-16	1.047530E-17
7.300000E+03	5.406992E-16	1.043053E-17
7.310000E+03	5.372161E-16	1.038482E-17
7.320000E+03	5.338276E-16	1.034095E-17
7.330000E+03	5.306781E-16	1.030173E-17
7.340000E+03	5.278625E-16	1.026905E-17
7.350000E+03	5.254859E-16	1.024500E-17
7.360000E+03	5.235990E-16	1.023062E-17
7.370000E+03	5.222395E-16	1.022672E-17
7.380000E+03	5.213807E-16	1.023285E-17
7.390000E+03	5.209618E-16	1.024787E-17
7.400000E+03	5.208751E-16	1.026974E-17
7.410000E+03	5.209590E-16	1.029531E-17
7.420000E+03	5.210302E-16	1.032097E-17
7.430000E+03	5.208881E-16	1.034276E-17
7.440000E+03	5.203368E-16	1.035674E-17
7.450000E+03	5.192192E-16	1.035973E-17
7.460000E+03	5.173981E-16	1.034890E-17
7.470000E+03	5.148199E-16	1.032308E-17
7.480000E+03	5.114525E-16	1.028151E-17
7.490000E+03	5.072999E-16	1.022414E-17
7.500000E+03	5.023906E-16	1.015143E-17
7.510000E+03	4.967683E-16	1.006413E-17
7.520000E+03	4.905111E-16	9.963677E-18
7.530000E+03	4.836680E-16	9.850963E-18
7.540000E+03	4.763519E-16	9.728173E-18
7.550000E+03	4.687140E-16	9.598302E-18
7.560000E+03	4.609886E-16	9.466089E-18
7.570000E+03	4.534674E-16	9.337501E-18
7.580000E+03	4.465614E-16	9.221041E-18
7.590000E+03	4.407334E-16	9.126379E-18
7.600000E+03	4.364798E-16	9.063996E-18
7.610000E+03	4.342311E-16	9.043121E-18
7.620000E+03	4.342316E-16	9.069206E-18
7.630000E+03	4.362078E-16	9.136919E-18
7.640000E+03	4.396422E-16	9.235746E-18
7.650000E+03	4.440390E-16	9.355511E-18
7.660000E+03	4.489324E-16	9.486547E-18
7.670000E+03	4.539594E-16	9.621259E-18
7.680000E+03	4.588584E-16	9.754107E-18
7.690000E+03	4.634600E-16	9.881461E-18
7.700000E+03	4.676720E-16	1.000129E-17
7.710000E+03	4.714729E-16	1.011307E-17
7.720000E+03	4.748510E-16	1.021645E-17
7.730000E+03	4.778727E-16	1.031278E-17
7.740000E+03	4.805949E-16	1.040324E-17
7.750000E+03	4.831056E-16	1.048966E-17
7.760000E+03	4.855033E-16	1.057415E-17
7.770000E+03	4.878967E-16	1.065906E-17
7.780000E+03	4.903516E-16	1.074581E-17
7.790000E+03	4.929143E-16	1.083545E-17
7.800000E+03	4.955921E-16	1.092815E-17
7.810000E+03	4.983652E-16	1.102349E-17
7.820000E+03	5.011532E-16	1.111971E-17
7.830000E+03	5.038622E-16	1.121472E-17
7.840000E+03	5.063980E-16	1.130639E-17
7.850000E+03	5.086269E-16	1.139169E-17
7.860000E+03	5.104778E-16	1.146896E-17
7.870000E+03	5.118604E-16	1.153606E-17
7.880000E+03	5.127212E-16	1.159171E-17
7.890000E+03	5.130316E-16	1.163512E-17
7.900000E+03	5.127833E-16	1.166599E-17
7.910000E+03	5.119672E-16	1.168398E-17
7.920000E+03	5.105913E-16	1.168916E-17
7.930000E+03	5.086715E-16	1.168176E-17
7.940000E+03	5.061728E-16	1.166084E-17
7.950000E+03	5.030744E-16	1.162581E-17
7.960000E+03	4.993600E-16	1.157614E-17
7.970000E+03	4.949837E-16	1.151063E-17
7.980000E+03	4.899023E-16	1.142811E-17
7.990000E+03	4.841306E-16	1.132877E-17
8.000000E+03	4.776381E-16	1.121174E-17
8.010000E+03	4.704090E-16	1.107649E-17
8.020000E+03	4.624348E-16	1.092264E-17
8.030000E+03	4.536948E-16	1.074953E-17
8.040000E+03	4.441183E-16	1.055530E-17
8.050000E+03	4.336822E-16	1.033921E-17
8.060000E+03	4.222826E-16	1.009859E-17
8.070000E+03	4.098832E-16	9.832335E-18
8.080000E+03	3.963963E-16	9.538115E-18
8.090000E+03	3.817993E-16	9.215133E-18
8.100000E+03	3.660647E-16	8.862475E-18
8.110000E+03	3.492453E-16	8.481160E-18
8.120000E+03	3.314870E-16	8.074498E-18
8.130000E+03	3.129815E-16	7.646961E-18
8.140000E+03	2.940305E-16	7.205768E-18
8.150000E+03	2.749812E-16	6.759352E-18
8.160000E+03	2.562261E-16	6.317364E-18
8.170000E+03	2.381332E-16	5.888972E-18
8.180000E+03	2.210418E-16	5.482731E-18
8.190000E+03	2.052098E-16	5.105283E-18
8.200000E+03	1.908229E-16	4.761539E-18
8.210000E+03	1.779924E-16	4.454607E-18
8.220000E+03	1.667460E-16	4.185530E-18
8.230000E+03	1.570776E-16	3.954506E-18
8.240000E+03	1.489242E-16	3.760291E-18
8.250000E+03	1.422154E-16	3.601446E-18
8.260000E+03	1.368509E-16	3.475742E-18
8.270000E+03	1.327420E-16	3.381221E-18
8.280000E+03	1.297869E-16	3.315558E-18
8.290000E+03	1.278995E-16	3.276805E-18
8.300000E+03	1.270082E-16	3.263357E-18
8.310000E+03	1.270513E-16	3.273847E-18
8.320000E+03	1.279779E-16	3.307166E-18
8.330000E+03	1.297600E-16	3.362781E-18
8.340000E+03	1.323775E-16	3.440358E-18
8.350000E+03	1.358286E-16	3.540037E-18
8.360000E+03	1.401299E-16	3.662428E-18
8.370000E+03	1.453018E-16	3.808256E-18
8.380000E+03	1.513781E-16	3.978598E-18
8.390000E+03	1.583975E-16	4.174668E-18
8.400000E+03	1.663914E-16	4.397500E-18
8.410000E+03	1.753945E-16	4.648228E-18
8.420000E+03	1.854052E-16	4.927020E-18
8.430000E+03	1.963918E-16	5.233252E-18
8.440000E+03	2.082710E-16	5.564902E-18
8.450000E+03	2.209183E-16	5.918824E-18
8.460000E+03	2.341451E-16	6.290117E-18
8.470000E+03	2.477361E-16	6.673095E-18
8.480000E+03	2.614496E-16	7.061308E-18
8.490000E+03	2.750436E-16	7.448216E-18
8.500000E+03	2.883193E-16	7.828392E-18
8.510000E+03	3.011474E-16	8.198244E-18
8.520000E+03	3.134452E-16	8.555405E-18
8.530000E+03	3.252352E-16	8.900374E-18
8.540000E+03	3.365692E-16	9.234458E-18
8.550000E+03	3.475424E-16	9.560167E-18
8.560000E+03	3.582569E-16	9.880240E-18
8.570000E+03	3.687953E-16	1.019690E-17
8.580000E+03	3.791846E-16	1.051084E-17
8.590000E+03	3.894128E-16	1.082171E-17
8.600000E+03	3.993901E-16	1.112694E-17
8.610000E+03	4.089556E-16	1.142200E-17
8.620000E+03	4.179236E-16	1.170159E-17
8.630000E+03	4.261130E-16	1.196049E-17
8.640000E+03	4.333358E-16	1.219325E-17
8.650000E+03	4.394590E-16	1.239592E-17
8.660000E+03	4.444088E-16	1.256616E-17
8.670000E+03	4.481755E-16	1.270346E-17
8.680000E+03	4.507945E-16	1.280858E-17
8.690000E+03	4.523912E-16	1.288485E-17
8.700000E+03	4.530507E-16	1.293449E-17
8.710000E+03	4.529560E-16	1.296255E-17
8.720000E+03	4.522033E-16	1.297162E-17
8.730000E+03	4.509373E-16	1.296574E-17
8.740000E+03	4.492919E-16	1.294866E-17
8.750000E+03	4.473449E-16	1.292256E-17
8.760000E+03	4.452027E-16	1.289044E-17
8.770000E+03	4.429243E-16	1.285399E-17
8.780000E+03	4.405616E-16	1.281469E-17
8.790000E+03	4.381414E-16	1.277330E-17
8.800000E+03	4.356504E-16	1.272943E-17
8.810000E+03	4.330775E-16	1.268274E-17
8.820000E+03	4.303619E-16	1.263142E-17
8.830000E+03	4.274420E-16	1.257364E-17
8.840000E+03	4.242386E-16	1.250703E-17
8.850000E+03	4.206972E-16	1.242992E-17
8.860000E+03	4.167995E-16	1.234170E-17
8.870000E+03	4.125414E-16	1.224219E-17
8.880000E+03	4.079561E-16	1.213231E-17
8.890000E+03	4.030761E-16	1.201296E-17
8.900000E+03	3.979486E-16	1.188551E-17
8.910000E+03	3.925994E-16	1.175067E-17
8.920000E+03	3.870427E-16	1.160884E-17
8.930000E+03	3.812821E-16	1.146009E-17
8.940000E+03	3.753435E-16	1.130516E-17
8.950000E+03	3.692018E-16	1.114328E-17
8.960000E+03	3.628943E-16	1.097552E-17
8.970000E+03	3.564422E-16	1.080250E-17
8.980000E+03	3.498786E-16	1.062522E-17
8.990000E+03	3.432380E-16	1.044470E-17
9.000000E+03	3.366136E-16	1.026378E-17
9.040000E+03	3.124884E-16	9.604110E-18
9.080000E+03	2.995819E-16	9.279078E-18
9.120000E+03	3.037284E-16	9.478953E-18
9.160000E+03	3.199018E-16	1.005769E-17
9.200000E+03	3.358151E-16	1.063434E-17
9.240000E+03	3.438703E-16	1.096623E-17
9.280000E+03	3.460111E-16	1.111041E-17
9.320000E+03	3.467484E-16	1.120879E-17
9.360000E+03	3.462935E-16	1.126731E-17
9.400000E+03	3.430250E-16	1.123216E-17
9.440000E+03	3.380533E-16	1.113819E-17
9.480000E+03	3.333494E-16	1.104977E-17
9.520000E+03	3.277986E-16	1.092996E-17
9.560000E+03	3.194938E-16	1.071438E-17
9.600000E+03	3.085745E-16	1.040625E-17
9.640000E+03	2.966272E-16	1.005802E-17
9.680000E+03	2.850168E-16	9.715801E-18
9.720000E+03	2.743118E-16	9.399398E-18
9.760000E+03	2.651788E-16	9.132374E-18
9.800000E+03	2.590565E-16	8.965449E-18
9.840000E+03	2.561955E-16	8.908946E-18
9.880000E+03	2.546719E-16	8.897319E-18
9.920000E+03	2.521393E-16	8.848896E-18
9.960000E+03	2.478704E-16	8.737598E-18
1.000000E+04	2.420648E-16	8.569740E-18
1.004000E+04	2.350514E-16	8.356384E-18
1.008000E+04	2.274021E-16	8.117483E-18
1.012000E+04	2.198980E-16	7.880850E-18
1.016000E+04	2.127631E-16	7.654680E-18
1.020000E+04	2.059601E-16	7.437869E-18
1.024000E+04	1.994336E-16	7.228611E-18
1.028000E+04	1.931317E-16	7.025203E-18
1.032000E+04	1.870210E-16	6.826576E-18
