#wls	flux	fluxerr
1.581262E+03	1.232822E-04	1.356245E-05
1.620794E+03	1.252157E-04	1.375746E-05
1.660325E+03	1.270948E-04	1.394547E-05
1.699857E+03	1.290013E-04	1.413546E-05
1.739388E+03	1.308245E-04	1.431524E-05
1.778920E+03	1.325393E-04	1.448210E-05
1.818451E+03	1.342107E-04	1.464314E-05
1.857983E+03	1.357094E-04	1.478426E-05
1.897514E+03	1.370457E-04	1.490664E-05
1.937046E+03	1.381872E-04	1.500680E-05
1.976578E+03	1.391204E-04	1.508336E-05
2.016109E+03	1.398757E-04	1.513969E-05
2.055641E+03	1.405504E-04	1.518638E-05
2.095172E+03	1.413001E-04	1.524023E-05
2.134704E+03	1.422715E-04	1.531697E-05
2.174235E+03	1.435105E-04	1.542136E-05
2.213767E+03	1.449325E-04	1.554415E-05
2.253298E+03	1.463798E-04	1.566828E-05
2.292830E+03	1.477001E-04	1.577744E-05
2.332362E+03	1.487865E-04	1.586029E-05
2.371893E+03	1.495795E-04	1.591061E-05
2.411425E+03	1.500117E-04	1.592143E-05
2.450956E+03	1.501569E-04	1.590078E-05
2.490488E+03	1.499760E-04	1.584471E-05
2.530019E+03	1.494381E-04	1.575021E-05
2.569551E+03	1.486306E-04	1.562672E-05
2.609082E+03	1.474918E-04	1.546796E-05
2.648614E+03	1.460756E-04	1.527985E-05
2.688145E+03	1.444011E-04	1.506462E-05
2.727677E+03	1.425235E-04	1.482823E-05
2.767209E+03	1.404341E-04	1.456999E-05
2.806740E+03	1.381631E-04	1.429322E-05
2.846272E+03	1.358037E-04	1.400772E-05
2.885803E+03	1.333596E-04	1.371398E-05
2.925335E+03	1.308974E-04	1.341897E-05
2.964866E+03	1.284840E-04	1.312955E-05
2.974749E+03	1.278987E-04	1.305914E-05
2.984632E+03	1.273372E-04	1.299119E-05
2.994515E+03	1.267491E-04	1.292056E-05
3.004398E+03	1.262115E-04	1.285511E-05
3.014281E+03	1.256503E-04	1.278729E-05
3.024164E+03	1.251414E-04	1.272483E-05
3.034047E+03	1.246115E-04	1.266025E-05
3.043929E+03	1.241100E-04	1.259859E-05
3.053812E+03	1.236371E-04	1.253985E-05
3.063695E+03	1.231929E-04	1.248405E-05
3.073578E+03	1.227311E-04	1.242648E-05
3.083461E+03	1.223226E-04	1.237433E-05
3.093344E+03	1.219214E-04	1.232291E-05
3.103227E+03	1.215511E-04	1.227464E-05
3.113110E+03	1.212122E-04	1.222953E-05
3.122993E+03	1.208830E-04	1.218541E-05
3.132875E+03	1.206086E-04	1.214680E-05
3.142758E+03	1.203456E-04	1.210932E-05
3.152641E+03	1.201166E-04	1.207526E-05
3.162524E+03	1.199011E-04	1.204253E-05
3.172407E+03	1.197429E-04	1.201551E-05
3.182290E+03	1.196210E-04	1.199212E-05
3.192173E+03	1.195156E-04	1.197033E-05
3.202056E+03	1.194694E-04	1.195443E-05
3.211939E+03	1.194626E-04	1.194240E-05
3.221821E+03	1.194960E-04	1.193434E-05
3.231704E+03	1.195708E-04	1.193034E-05
3.241587E+03	1.197084E-04	1.193251E-05
3.251470E+03	1.198696E-04	1.193695E-05
3.261353E+03	1.200958E-04	1.194775E-05
3.271236E+03	1.203880E-04	1.196502E-05
3.281119E+03	1.207082E-04	1.198493E-05
3.291002E+03	1.211167E-04	1.201348E-05
3.300885E+03	1.215564E-04	1.204497E-05
3.310767E+03	1.220872E-04	1.208531E-05
3.320650E+03	1.226719E-04	1.213082E-05
3.330533E+03	1.233125E-04	1.218167E-05
3.340416E+03	1.240490E-04	1.224179E-05
3.350299E+03	1.248454E-04	1.230758E-05
3.360182E+03	1.257226E-04	1.238111E-05
3.370065E+03	1.266831E-04	1.246257E-05
3.379948E+03	1.277478E-04	1.255401E-05
3.389831E+03	1.288817E-04	1.265194E-05
3.399713E+03	1.301064E-04	1.275846E-05
3.409596E+03	1.314433E-04	1.287566E-05
3.419479E+03	1.328769E-04	1.300194E-05
3.429362E+03	1.344103E-04	1.313761E-05
3.439245E+03	1.360658E-04	1.328478E-05
3.449128E+03	1.378282E-04	1.344195E-05
3.459011E+03	1.397203E-04	1.361129E-05
3.468894E+03	1.417273E-04	1.379133E-05
3.478776E+03	1.438726E-04	1.398428E-05
3.488659E+03	1.461798E-04	1.419238E-05
3.498542E+03	1.486161E-04	1.441243E-05
3.508425E+03	1.512058E-04	1.464669E-05
3.518308E+03	1.539547E-04	1.489568E-05
3.528191E+03	1.568685E-04	1.515992E-05
3.538074E+03	1.599732E-04	1.544182E-05
3.547957E+03	1.632564E-04	1.574013E-05
3.557840E+03	1.667447E-04	1.605734E-05
3.567722E+03	1.704263E-04	1.639226E-05
3.577605E+03	1.743292E-04	1.674747E-05
3.587488E+03	1.784421E-04	1.712182E-05
3.597371E+03	1.828144E-04	1.751996E-05
3.607254E+03	1.874154E-04	1.793887E-05
3.617137E+03	1.922758E-04	1.838137E-05
3.627020E+03	1.974272E-04	1.885038E-05
3.636903E+03	2.028607E-04	1.934495E-05
3.646786E+03	2.085883E-04	1.986612E-05
3.656668E+03	2.146443E-04	2.041700E-05
3.666551E+03	2.210210E-04	2.099676E-05
3.676434E+03	2.277543E-04	2.160866E-05
3.686317E+03	2.348597E-04	2.225404E-05
3.696200E+03	2.423534E-04	2.293427E-05
3.706083E+03	2.502521E-04	2.365077E-05
3.715966E+03	2.585498E-04	2.440283E-05
3.725849E+03	2.673359E-04	2.519868E-05
3.735732E+03	2.765585E-04	2.603326E-05
3.745614E+03	2.863104E-04	2.691509E-05
3.755497E+03	2.965396E-04	2.783909E-05
3.765380E+03	3.073427E-04	2.881411E-05
3.775263E+03	3.187186E-04	2.983979E-05
3.785146E+03	3.306651E-04	3.091570E-05
3.795029E+03	3.432600E-04	3.204886E-05
3.804912E+03	3.565035E-04	3.323899E-05
3.814795E+03	3.704499E-04	3.449090E-05
3.824678E+03	3.850999E-04	3.580433E-05
3.834560E+03	4.004819E-04	3.718161E-05
3.844443E+03	4.166841E-04	3.863062E-05
3.854326E+03	4.337093E-04	4.015123E-05
3.864209E+03	4.515581E-04	4.174315E-05
3.874092E+03	4.703249E-04	4.341473E-05
3.883975E+03	4.900441E-04	4.516872E-05
3.893858E+03	5.107183E-04	4.700496E-05
3.903741E+03	5.323808E-04	4.892605E-05
3.913624E+03	5.551345E-04	5.094100E-05
3.923506E+03	5.789469E-04	5.304634E-05
3.933389E+03	6.038875E-04	5.524793E-05
3.943272E+03	6.300291E-04	5.755191E-05
3.953155E+03	6.573708E-04	5.995765E-05
3.963038E+03	6.859861E-04	6.247128E-05
3.972921E+03	7.158716E-04	6.509189E-05
3.982804E+03	7.470999E-04	6.782549E-05
3.992687E+03	7.797046E-04	7.067449E-05
4.002570E+03	8.137176E-04	7.364110E-05
4.012452E+03	8.492119E-04	7.673126E-05
4.022335E+03	8.861304E-04	7.993912E-05
4.032218E+03	9.245848E-04	8.327403E-05
4.042101E+03	9.646000E-04	8.673749E-05
4.051984E+03	1.006198E-03	9.033069E-05
4.061867E+03	1.049348E-03	9.405014E-05
4.071750E+03	1.094110E-03	9.790040E-05
4.081633E+03	1.140492E-03	1.018814E-04
4.091516E+03	1.188550E-03	1.059973E-04
4.101398E+03	1.238181E-03	1.102381E-04
4.111281E+03	1.289534E-03	1.146162E-04
4.121164E+03	1.342439E-03	1.191157E-04
4.131047E+03	1.397037E-03	1.237482E-04
4.140930E+03	1.453141E-03	1.284963E-04
4.150813E+03	1.510883E-03	1.333709E-04
4.160696E+03	1.570171E-03	1.383630E-04
4.170579E+03	1.630960E-03	1.434678E-04
4.180462E+03	1.693138E-03	1.486747E-04
4.190344E+03	1.756765E-03	1.539880E-04
4.200227E+03	1.821717E-03	1.593963E-04
4.210110E+03	1.887924E-03	1.648925E-04
4.219993E+03	1.955375E-03	1.704751E-04
4.229876E+03	2.023930E-03	1.761311E-04
4.239759E+03	2.093575E-03	1.818587E-04
4.249642E+03	2.164166E-03	1.876446E-04
4.259525E+03	2.235624E-03	1.934815E-04
4.269408E+03	2.308015E-03	1.993744E-04
4.279290E+03	2.381131E-03	2.053050E-04
4.289173E+03	2.454913E-03	2.112674E-04
4.299056E+03	2.529445E-03	2.172687E-04
4.308939E+03	2.604611E-03	2.232982E-04
4.318822E+03	2.680293E-03	2.293454E-04
4.328705E+03	2.756585E-03	2.354178E-04
4.338588E+03	2.833347E-03	2.415033E-04
4.348471E+03	2.910496E-03	2.475942E-04
4.358354E+03	2.987919E-03	2.536807E-04
4.368236E+03	3.065559E-03	2.597576E-04
4.378119E+03	3.143272E-03	2.658125E-04
4.388002E+03	3.220760E-03	2.718200E-04
4.397885E+03	3.298101E-03	2.777867E-04
4.407768E+03	3.375078E-03	2.836942E-04
4.417651E+03	3.451482E-03	2.895251E-04
4.427534E+03	3.527267E-03	2.952757E-04
4.437417E+03	3.602402E-03	3.009434E-04
4.447300E+03	3.676633E-03	3.065075E-04
4.457182E+03	3.749958E-03	3.119679E-04
4.467065E+03	3.822230E-03	3.173128E-04
4.476948E+03	3.893466E-03	3.225442E-04
4.486831E+03	3.963546E-03	3.276524E-04
4.496714E+03	4.032438E-03	3.326352E-04
4.506597E+03	4.100045E-03	3.374853E-04
4.516480E+03	4.166508E-03	3.422147E-04
4.526363E+03	4.231672E-03	3.468112E-04
4.536245E+03	4.295626E-03	3.512827E-04
4.546128E+03	4.358231E-03	3.556184E-04
4.556011E+03	4.419517E-03	3.598213E-04
4.565894E+03	4.479516E-03	3.638947E-04
4.575777E+03	4.538115E-03	3.678299E-04
4.585660E+03	4.595288E-03	3.716256E-04
4.595543E+03	4.651089E-03	3.752866E-04
4.605426E+03	4.705424E-03	3.788062E-04
4.615309E+03	4.758287E-03	3.821846E-04
4.625191E+03	4.809668E-03	3.854217E-04
4.635074E+03	4.859494E-03	3.885124E-04
4.644957E+03	4.907696E-03	3.914520E-04
4.654840E+03	4.954352E-03	3.942474E-04
4.664723E+03	4.999400E-03	3.968946E-04
4.674606E+03	5.042847E-03	3.993950E-04
4.684489E+03	5.084565E-03	4.017393E-04
4.694372E+03	5.124644E-03	4.039354E-04
4.704255E+03	5.163023E-03	4.059796E-04
4.714137E+03	5.199722E-03	4.078742E-04
4.724020E+03	5.234619E-03	4.096105E-04
4.733903E+03	5.267865E-03	4.112015E-04
4.743786E+03	5.299406E-03	4.126438E-04
4.753669E+03	5.329257E-03	4.139394E-04
4.763552E+03	5.357429E-03	4.150902E-04
4.773435E+03	5.383934E-03	4.160981E-04
4.783318E+03	5.408779E-03	4.169645E-04
4.793201E+03	5.431973E-03	4.176911E-04
4.803083E+03	5.453521E-03	4.182792E-04
4.812966E+03	5.473362E-03	4.187251E-04
4.822849E+03	5.491501E-03	4.190302E-04
4.832732E+03	5.508004E-03	4.192005E-04
4.842615E+03	5.522745E-03	4.192274E-04
4.852498E+03	5.535787E-03	4.191168E-04
4.862381E+03	5.547130E-03	4.188695E-04
4.872264E+03	5.556836E-03	4.184914E-04
4.882147E+03	5.564900E-03	4.179831E-04
4.892029E+03	5.571317E-03	4.173451E-04
4.901912E+03	5.576208E-03	4.165876E-04
4.911795E+03	5.579626E-03	4.157153E-04
4.921678E+03	5.581505E-03	4.147245E-04
4.931561E+03	5.582019E-03	4.136288E-04
4.941444E+03	5.581163E-03	4.124288E-04
4.951327E+03	5.579046E-03	4.111335E-04
4.961210E+03	5.575664E-03	4.097433E-04
4.971093E+03	5.571241E-03	4.082753E-04
4.980975E+03	5.565656E-03	4.067217E-04
4.990858E+03	5.559134E-03	4.050993E-04
5.000741E+03	5.551726E-03	4.034127E-04
5.010624E+03	5.543536E-03	4.016699E-04
5.020507E+03	5.534560E-03	3.998712E-04
5.030390E+03	5.525019E-03	3.980330E-04
5.040273E+03	5.514904E-03	3.961551E-04
5.050156E+03	5.504321E-03	3.942455E-04
5.060039E+03	5.493434E-03	3.923163E-04
5.069921E+03	5.482286E-03	3.903708E-04
5.079804E+03	5.470983E-03	3.884168E-04
5.089687E+03	5.459629E-03	3.864617E-04
5.099570E+03	5.448324E-03	3.845127E-04
5.109453E+03	5.437170E-03	3.825771E-04
5.119336E+03	5.426212E-03	3.806579E-04
5.129219E+03	5.415600E-03	3.787656E-04
5.139102E+03	5.405436E-03	3.769072E-04
5.148985E+03	5.395816E-03	3.750891E-04
5.158867E+03	5.386830E-03	3.733172E-04
5.168750E+03	5.378525E-03	3.715945E-04
5.178633E+03	5.371039E-03	3.699301E-04
5.188516E+03	5.364415E-03	3.683264E-04
5.198399E+03	5.358845E-03	3.667963E-04
5.208282E+03	5.354309E-03	3.653376E-04
5.218165E+03	5.350893E-03	3.639557E-04
5.228048E+03	5.348727E-03	3.626587E-04
5.237931E+03	5.347895E-03	3.614515E-04
5.247813E+03	5.348415E-03	3.603345E-04
5.257696E+03	5.350361E-03	3.593120E-04
5.267579E+03	5.353849E-03	3.583908E-04
5.277462E+03	5.358889E-03	3.575707E-04
5.287345E+03	5.365533E-03	3.568542E-04
5.297228E+03	5.373776E-03	3.562401E-04
5.307111E+03	5.383711E-03	3.557333E-04
5.316994E+03	5.395361E-03	3.553347E-04
5.326877E+03	5.408693E-03	3.550407E-04
5.336759E+03	5.423651E-03	3.548469E-04
5.346642E+03	5.440277E-03	3.547549E-04
5.356525E+03	5.458538E-03	3.547617E-04
5.366408E+03	5.478271E-03	3.548556E-04
5.376291E+03	5.499465E-03	3.550351E-04
5.386174E+03	5.521969E-03	3.552897E-04
5.396057E+03	5.545684E-03	3.556122E-04
5.405940E+03	5.570446E-03	3.559914E-04
5.415823E+03	5.596152E-03	3.564203E-04
5.425705E+03	5.622690E-03	3.568913E-04
5.435588E+03	5.650122E-03	3.574076E-04
5.445471E+03	5.678470E-03	3.579704E-04
5.455354E+03	5.707817E-03	3.585844E-04
5.465237E+03	5.738230E-03	3.592532E-04
5.475120E+03	5.769953E-03	3.599915E-04
5.485003E+03	5.803006E-03	3.607997E-04
5.494886E+03	5.837499E-03	3.616841E-04
5.504768E+03	5.873595E-03	3.626536E-04
5.514651E+03	5.911316E-03	3.637089E-04
5.524534E+03	5.950723E-03	3.648527E-04
5.534417E+03	5.991860E-03	3.660867E-04
5.544300E+03	6.034693E-03	3.674079E-04
5.554183E+03	6.079294E-03	3.688197E-04
5.564066E+03	6.125598E-03	3.703170E-04
5.573949E+03	6.173582E-03	3.718977E-04
5.583832E+03	6.223159E-03	3.735556E-04
5.593714E+03	6.274280E-03	3.752869E-04
5.603597E+03	6.326891E-03	3.770875E-04
5.613480E+03	6.380862E-03	3.789490E-04
5.623363E+03	6.436053E-03	3.808623E-04
5.633246E+03	6.492440E-03	3.828256E-04
5.643129E+03	6.549798E-03	3.848250E-04
5.653012E+03	6.608020E-03	3.868538E-04
5.662895E+03	6.666987E-03	3.889048E-04
5.672778E+03	6.726509E-03	3.909668E-04
5.682660E+03	6.786384E-03	3.930278E-04
5.692543E+03	6.846401E-03	3.950758E-04
5.702426E+03	6.906468E-03	3.971057E-04
5.712309E+03	6.966290E-03	3.991007E-04
5.722192E+03	7.025622E-03	4.010473E-04
5.732075E+03	7.084351E-03	4.029398E-04
5.741958E+03	7.142148E-03	4.047600E-04
5.751841E+03	7.198745E-03	4.064939E-04
5.761724E+03	7.253928E-03	4.081302E-04
5.771606E+03	7.307343E-03	4.096505E-04
5.781489E+03	7.358833E-03	4.110473E-04
5.791372E+03	7.408093E-03	4.123051E-04
5.801255E+03	7.454744E-03	4.134047E-04
5.811138E+03	7.498541E-03	4.143344E-04
5.821021E+03	7.539228E-03	4.150821E-04
5.830904E+03	7.576409E-03	4.156283E-04
5.840787E+03	7.609758E-03	4.159577E-04
5.850670E+03	7.639083E-03	4.160622E-04
5.860552E+03	7.663909E-03	4.159190E-04
5.870435E+03	7.684050E-03	4.155208E-04
5.880318E+03	7.699256E-03	4.148573E-04
5.890201E+03	7.709072E-03	4.139072E-04
5.900084E+03	7.713342E-03	4.126655E-04
5.909967E+03	7.711731E-03	4.111178E-04
5.919850E+03	7.704160E-03	4.092635E-04
5.929733E+03	7.690498E-03	4.070994E-04
5.939616E+03	7.670770E-03	4.046304E-04
5.949498E+03	7.645363E-03	4.018803E-04
5.959381E+03	7.615088E-03	3.988950E-04
5.969264E+03	7.581528E-03	3.957600E-04
5.979147E+03	7.547004E-03	3.925980E-04
5.989030E+03	7.514276E-03	3.895526E-04
5.998913E+03	7.486356E-03	3.867788E-04
6.008796E+03	7.465899E-03	3.844107E-04
6.018679E+03	7.455196E-03	3.825622E-04
6.028562E+03	7.455964E-03	3.813163E-04
6.038444E+03	7.469292E-03	3.807229E-04
6.048327E+03	7.495334E-03	3.807838E-04
6.058210E+03	7.533390E-03	3.814574E-04
6.068093E+03	7.581458E-03	3.826373E-04
6.077976E+03	7.636062E-03	3.841442E-04
6.087859E+03	7.691876E-03	3.857085E-04
6.097742E+03	7.742158E-03	3.869931E-04
6.107625E+03	7.779483E-03	3.876314E-04
6.117508E+03	7.797936E-03	3.873364E-04
6.127390E+03	7.794838E-03	3.859845E-04
6.137273E+03	7.771134E-03	3.836328E-04
6.147156E+03	7.730700E-03	3.804815E-04
6.157039E+03	7.678447E-03	3.767792E-04
6.166922E+03	7.619774E-03	3.727953E-04
6.176805E+03	7.559521E-03	3.687685E-04
6.186688E+03	7.501981E-03	3.649084E-04
6.196571E+03	7.450510E-03	3.613764E-04
6.206454E+03	7.406566E-03	3.582403E-04
6.216336E+03	7.369875E-03	3.554836E-04
6.226219E+03	7.337793E-03	3.529759E-04
6.236102E+03	7.305982E-03	3.505070E-04
6.245985E+03	7.268216E-03	3.477788E-04
6.255868E+03	7.217194E-03	3.444447E-04
6.265751E+03	7.145234E-03	3.401437E-04
6.275634E+03	7.045105E-03	3.345394E-04
6.285517E+03	6.910925E-03	3.273626E-04
6.295400E+03	6.739195E-03	3.184589E-04
6.305282E+03	6.529560E-03	3.078232E-04
6.315165E+03	6.285834E-03	2.956460E-04
6.325048E+03	6.016224E-03	2.823220E-04
6.334931E+03	5.733173E-03	2.684400E-04
6.344814E+03	5.451889E-03	2.547129E-04
6.354697E+03	5.189017E-03	2.419140E-04
6.364580E+03	4.961055E-03	2.308035E-04
6.374463E+03	4.783192E-03	2.220747E-04
6.384346E+03	4.668883E-03	2.163355E-04
6.394228E+03	4.630237E-03	2.141275E-04
6.404111E+03	4.678919E-03	2.159684E-04
6.413994E+03	4.827440E-03	2.224119E-04
6.423877E+03	5.090214E-03	2.340965E-04
6.433760E+03	5.484394E-03	2.517830E-04
6.443643E+03	6.029865E-03	2.763540E-04
6.453526E+03	6.748298E-03	3.087694E-04
6.463409E+03	7.659624E-03	3.499055E-04
6.473291E+03	8.774831E-03	4.002270E-04
6.483174E+03	1.008690E-02	4.593781E-04
6.493057E+03	1.156146E-02	5.257630E-04
6.502940E+03	1.313479E-02	5.964652E-04
6.512823E+03	1.471857E-02	6.674702E-04
6.522706E+03	1.620960E-02	7.341103E-04
6.532589E+03	1.750572E-02	7.917907E-04
6.542472E+03	1.852069E-02	8.366560E-04
6.552355E+03	1.919710E-02	8.661683E-04
6.562237E+03	1.951273E-02	8.793847E-04
6.572120E+03	1.948091E-02	8.769622E-04
6.582003E+03	1.914461E-02	8.608847E-04
6.591886E+03	1.856753E-02	8.340564E-04
6.601769E+03	1.782232E-02	7.997676E-04
6.611652E+03	1.697991E-02	7.612161E-04
6.621535E+03	1.609987E-02	7.210784E-04
6.631418E+03	1.522632E-02	6.813282E-04
6.641301E+03	1.438802E-02	6.432469E-04
6.651183E+03	1.360085E-02	6.075344E-04
6.661066E+03	1.287092E-02	5.744542E-04
6.670949E+03	1.219722E-02	5.439510E-04
6.680832E+03	1.157540E-02	5.158219E-04
6.690715E+03	1.099909E-02	4.897755E-04
6.700598E+03	1.046254E-02	4.655479E-04
6.710481E+03	9.961928E-03	4.429644E-04
6.720364E+03	9.495929E-03	4.219596E-04
6.730247E+03	9.065011E-03	4.025498E-04
6.740129E+03	8.670406E-03	3.847848E-04
6.750012E+03	8.313227E-03	3.687095E-04
6.759895E+03	7.993793E-03	3.543336E-04
6.769778E+03	7.711558E-03	3.416289E-04
6.779661E+03	7.464767E-03	3.305137E-04
6.789544E+03	7.250591E-03	3.208595E-04
6.799427E+03	7.066008E-03	3.125296E-04
6.809310E+03	6.907147E-03	3.053500E-04
6.819193E+03	6.770343E-03	2.991566E-04
6.829075E+03	6.652025E-03	2.937897E-04
6.838958E+03	6.548693E-03	2.890932E-04
6.848841E+03	6.457562E-03	2.849430E-04
6.858724E+03	6.376718E-03	2.812534E-04
6.868607E+03	6.305074E-03	2.779759E-04
6.878490E+03	6.242282E-03	2.750940E-04
6.888373E+03	6.188650E-03	2.726207E-04
6.898256E+03	6.144859E-03	2.705853E-04
6.908139E+03	6.111757E-03	2.690243E-04
6.918021E+03	6.090165E-03	2.679731E-04
6.927904E+03	6.080613E-03	2.674544E-04
6.937787E+03	6.083408E-03	2.674808E-04
6.947670E+03	6.098213E-03	2.680370E-04
6.957553E+03	6.123858E-03	2.690707E-04
6.967436E+03	6.158713E-03	2.705098E-04
6.977319E+03	6.200161E-03	2.722389E-04
6.987202E+03	6.244838E-03	2.741099E-04
6.997085E+03	6.288945E-03	2.759561E-04
7.006967E+03	6.327899E-03	2.775762E-04
7.016850E+03	6.357197E-03	2.787731E-04
7.026733E+03	6.372997E-03	2.793785E-04
7.036616E+03	6.372781E-03	2.792827E-04
7.046499E+03	6.355813E-03	2.784541E-04
7.056382E+03	6.323619E-03	2.769600E-04
7.066265E+03	6.279080E-03	2.749272E-04
7.076148E+03	6.226185E-03	2.725307E-04
7.086031E+03	6.169696E-03	2.699791E-04
7.095913E+03	6.114052E-03	2.674668E-04
7.105796E+03	6.063569E-03	2.651824E-04
7.115679E+03	6.021900E-03	2.632854E-04
7.125562E+03	5.992330E-03	2.619191E-04
7.135445E+03	5.977507E-03	2.611987E-04
7.145328E+03	5.979810E-03	2.612278E-04
7.155211E+03	6.001063E-03	2.620851E-04
7.165094E+03	6.042674E-03	2.638318E-04
7.174977E+03	6.105393E-03	2.664998E-04
7.184859E+03	6.189066E-03	2.700819E-04
7.194742E+03	6.292103E-03	2.745079E-04
7.204625E+03	6.411996E-03	2.796680E-04
7.214508E+03	6.544855E-03	2.853921E-04
7.224391E+03	6.685927E-03	2.914729E-04
7.234274E+03	6.829817E-03	2.976751E-04
7.244157E+03	6.970923E-03	3.037547E-04
7.254040E+03	7.103857E-03	3.094773E-04
7.263923E+03	7.223887E-03	3.146372E-04
7.273805E+03	7.326920E-03	3.190570E-04
7.283688E+03	7.409963E-03	3.226069E-04
7.293571E+03	7.471119E-03	3.252052E-04
7.303454E+03	7.509200E-03	3.268010E-04
7.313337E+03	7.524148E-03	3.273926E-04
7.323220E+03	7.516311E-03	3.269959E-04
7.333103E+03	7.487275E-03	3.256805E-04
7.342986E+03	7.439130E-03	3.235380E-04
7.352869E+03	7.374800E-03	3.206960E-04
7.362751E+03	7.297937E-03	3.173139E-04
7.372634E+03	7.212118E-03	3.135473E-04
7.382517E+03	7.121302E-03	3.095686E-04
7.392400E+03	7.028813E-03	3.055225E-04
7.402283E+03	6.937583E-03	3.015364E-04
7.412166E+03	6.849560E-03	2.976951E-04
7.422049E+03	6.766370E-03	2.940694E-04
7.431932E+03	6.688611E-03	2.906852E-04
7.441814E+03	6.616808E-03	2.875654E-04
7.451697E+03	6.550849E-03	2.847053E-04
7.461580E+03	6.490697E-03	2.821034E-04
7.471463E+03	6.436347E-03	2.797597E-04
7.481346E+03	6.387532E-03	2.776626E-04
7.491229E+03	6.344071E-03	2.758046E-04
7.501112E+03	6.305516E-03	2.741664E-04
7.510995E+03	6.271448E-03	2.727300E-04
7.520878E+03	6.241491E-03	2.714794E-04
7.530760E+03	6.215086E-03	2.703906E-04
7.540643E+03	6.191781E-03	2.694441E-04
7.550526E+03	6.171296E-03	2.686283E-04
7.560409E+03	6.153323E-03	2.679300E-04
7.570292E+03	6.137964E-03	2.673539E-04
7.580175E+03	6.125376E-03	2.669074E-04
7.590058E+03	6.116081E-03	2.666136E-04
7.599941E+03	6.110556E-03	2.664938E-04
7.609824E+03	6.109128E-03	2.665628E-04
7.619706E+03	6.112291E-03	2.668427E-04
7.629589E+03	6.120121E-03	2.673377E-04
7.639472E+03	6.132554E-03	2.680456E-04
7.649355E+03	6.149659E-03	2.689703E-04
7.659238E+03	6.171212E-03	2.701029E-04
7.669121E+03	6.196701E-03	2.714217E-04
7.679004E+03	6.225917E-03	2.729188E-04
7.688887E+03	6.258420E-03	2.745755E-04
7.698770E+03	6.293657E-03	2.763687E-04
7.708652E+03	6.331211E-03	2.782810E-04
7.718535E+03	6.370445E-03	2.802853E-04
7.728418E+03	6.410849E-03	2.823600E-04
7.738301E+03	6.451809E-03	2.844789E-04
7.748184E+03	6.492725E-03	2.866164E-04
7.758067E+03	6.532963E-03	2.887451E-04
7.767950E+03	6.572289E-03	2.908553E-04
7.777833E+03	6.610197E-03	2.929252E-04
7.787716E+03	6.646628E-03	2.949526E-04
7.797598E+03	6.681447E-03	2.969319E-04
7.807481E+03	6.714847E-03	2.988723E-04
7.817364E+03	6.746989E-03	3.007812E-04
7.827247E+03	6.778000E-03	3.026648E-04
7.837130E+03	6.808212E-03	3.045385E-04
7.847013E+03	6.837697E-03	3.064059E-04
7.856896E+03	6.866508E-03	3.082700E-04
7.866779E+03	6.894322E-03	3.101167E-04
7.876662E+03	6.920783E-03	3.119305E-04
7.886544E+03	6.944517E-03	3.136496E-04
7.896427E+03	6.964219E-03	3.152149E-04
7.906310E+03	6.977327E-03	3.165095E-04
7.916193E+03	6.981305E-03	3.174166E-04
7.926076E+03	6.972926E-03	3.177869E-04
7.935959E+03	6.949586E-03	3.174970E-04
7.945842E+03	6.909706E-03	3.164689E-04
7.955725E+03	6.853026E-03	3.146843E-04
7.965608E+03	6.780827E-03	3.121953E-04
7.975490E+03	6.695412E-03	3.091012E-04
7.985373E+03	6.599431E-03	3.055187E-04
7.995256E+03	6.495701E-03	3.015731E-04
8.005139E+03	6.387003E-03	2.973894E-04
8.015022E+03	6.275944E-03	2.930860E-04
8.024905E+03	6.164866E-03	2.887703E-04
8.034788E+03	6.055874E-03	2.845396E-04
8.044671E+03	5.950585E-03	2.804698E-04
8.054554E+03	5.850152E-03	2.766158E-04
8.064436E+03	5.755459E-03	2.730205E-04
8.074319E+03	5.667198E-03	2.697182E-04
8.084202E+03	5.585628E-03	2.667233E-04
8.094085E+03	5.510909E-03	2.640458E-04
8.103968E+03	5.443236E-03	2.616972E-04
8.113851E+03	5.382256E-03	2.596632E-04
8.123734E+03	5.327906E-03	2.579434E-04
8.133617E+03	5.280089E-03	2.565357E-04
8.143500E+03	5.238508E-03	2.554283E-04
8.153382E+03	5.202884E-03	2.546103E-04
8.163265E+03	5.172807E-03	2.540640E-04
8.173148E+03	5.147594E-03	2.537583E-04
8.183031E+03	5.126522E-03	2.536596E-04
8.192914E+03	5.108552E-03	2.537183E-04
8.202797E+03	5.092339E-03	2.538685E-04
8.212680E+03	5.076408E-03	2.540370E-04
8.222563E+03	5.059128E-03	2.541417E-04
8.232446E+03	5.038866E-03	2.540992E-04
8.242328E+03	5.013832E-03	2.538167E-04
8.252211E+03	4.982768E-03	2.532270E-04
8.262094E+03	4.944705E-03	2.522767E-04
8.271977E+03	4.899386E-03	2.509480E-04
8.281860E+03	4.846994E-03	2.492456E-04
8.291743E+03	4.788499E-03	2.472146E-04
8.301626E+03	4.725240E-03	2.449202E-04
8.311509E+03	4.659355E-03	2.424702E-04
8.321392E+03	4.593369E-03	2.399944E-04
8.331274E+03	4.530007E-03	2.376352E-04
8.341157E+03	4.472126E-03	2.355442E-04
8.351040E+03	4.422555E-03	2.338740E-04
8.360923E+03	4.383737E-03	2.327593E-04
8.370806E+03	4.357867E-03	2.323237E-04
8.380689E+03	4.346715E-03	2.326698E-04
8.390572E+03	4.351809E-03	2.338893E-04
8.400455E+03	4.374247E-03	2.360519E-04
8.410338E+03	4.414682E-03	2.392040E-04
8.420220E+03	4.473464E-03	2.433767E-04
8.430103E+03	4.550529E-03	2.485785E-04
8.439986E+03	4.645454E-03	2.547984E-04
8.449869E+03	4.757124E-03	2.619871E-04
8.459752E+03	4.884199E-03	2.700817E-04
8.469635E+03	5.024860E-03	2.789919E-04
8.479518E+03	5.176999E-03	2.886094E-04
8.489401E+03	5.338644E-03	2.988318E-04
8.499283E+03	5.508204E-03	3.095763E-04
8.509166E+03	5.684389E-03	3.207757E-04
8.519049E+03	5.866085E-03	3.323715E-04
8.528932E+03	6.052821E-03	3.443409E-04
8.538815E+03	6.244023E-03	3.566547E-04
8.548698E+03	6.439217E-03	3.692889E-04
8.558581E+03	6.637766E-03	3.822097E-04
8.568464E+03	6.838682E-03	3.953624E-04
8.578347E+03	7.040531E-03	4.086654E-04
8.588229E+03	7.240851E-03	4.219760E-04
8.598112E+03	7.436778E-03	4.351256E-04
8.607995E+03	7.624823E-03	4.479061E-04
8.617878E+03	7.800626E-03	4.600549E-04
8.627761E+03	7.960083E-03	4.713203E-04
8.637644E+03	8.098777E-03	4.814283E-04
8.647527E+03	8.212779E-03	4.901296E-04
8.657410E+03	8.298905E-03	4.972160E-04
8.667293E+03	8.354448E-03	5.025049E-04
8.677175E+03	8.377734E-03	5.058736E-04
8.687058E+03	8.368315E-03	5.072717E-04
8.696941E+03	8.326136E-03	5.066729E-04
8.706824E+03	8.252513E-03	5.041342E-04
8.716707E+03	8.149364E-03	4.997508E-04
8.726590E+03	8.019644E-03	4.936834E-04
8.736473E+03	7.866779E-03	4.861250E-04
8.746356E+03	7.694569E-03	4.772946E-04
8.756239E+03	7.506945E-03	4.674233E-04
8.766121E+03	7.307636E-03	4.567330E-04
8.776004E+03	7.100434E-03	4.454533E-04
8.785887E+03	6.888591E-03	4.337832E-04
8.795770E+03	6.675170E-03	4.219131E-04
8.805653E+03	6.462997E-03	4.100210E-04
8.815536E+03	6.254201E-03	3.982434E-04
8.825419E+03	6.050905E-03	3.867183E-04
8.835302E+03	5.854742E-03	3.755543E-04
8.845185E+03	5.666995E-03	3.648390E-04
8.855067E+03	5.488492E-03	3.546319E-04
8.864950E+03	5.319954E-03	3.449861E-04
8.874833E+03	5.161533E-03	3.359188E-04
8.884716E+03	5.013528E-03	3.274564E-04
8.894599E+03	4.875834E-03	3.195995E-04
8.934131E+03	4.420356E-03	2.938517E-04
8.973662E+03	4.094487E-03	2.759711E-04
9.013194E+03	3.871141E-03	2.644684E-04
9.052725E+03	3.730456E-03	2.582523E-04
9.092257E+03	3.642290E-03	2.554351E-04
9.131788E+03	3.570204E-03	2.535708E-04
9.171320E+03	3.499144E-03	2.516198E-04
9.210851E+03	3.434886E-03	2.500056E-04
9.250383E+03	3.382497E-03	2.491195E-04
9.289915E+03	3.339767E-03	2.488279E-04
9.329446E+03	3.306233E-03	2.491209E-04
9.368978E+03	3.287781E-03	2.504704E-04
9.408509E+03	3.292126E-03	2.535077E-04
9.448041E+03	3.320039E-03	2.583483E-04
9.487572E+03	3.366747E-03	2.646728E-04
9.527104E+03	3.427411E-03	2.721396E-04
9.566635E+03	3.488166E-03	2.796674E-04
9.606167E+03	3.532143E-03	2.858887E-04
9.645698E+03	3.554546E-03	2.903713E-04
9.685230E+03	3.552399E-03	2.928203E-04
9.724762E+03	3.514905E-03	2.922832E-04
9.764293E+03	3.441807E-03	2.886630E-04
9.803825E+03	3.345269E-03	2.829147E-04
9.843356E+03	3.235558E-03	2.758680E-04
9.882888E+03	3.118173E-03	2.679721E-04
9.922419E+03	2.996098E-03	2.594745E-04
9.961951E+03	2.871518E-03	2.505610E-04
1.000148E+04	2.745689E-03	2.413418E-04
1.004101E+04	2.620093E-03	2.319505E-04
1.008055E+04	2.495832E-03	2.224905E-04
1.012008E+04	2.373750E-03	2.130446E-04
1.015961E+04	2.254740E-03	2.037020E-04
1.019914E+04	2.139447E-03	1.945313E-04
