#wls	flux	fluxerr
1.590410E+03	6.718840E-04	7.973179E-05
1.630170E+03	6.928203E-04	8.214317E-05
1.669930E+03	7.149774E-04	8.469276E-05
1.709691E+03	7.381537E-04	8.735609E-05
1.749451E+03	7.629282E-04	9.020102E-05
1.789211E+03	7.888412E-04	9.317247E-05
1.828971E+03	8.162204E-04	9.630844E-05
1.868732E+03	8.448569E-04	9.958349E-05
1.908492E+03	8.753780E-04	1.030707E-04
1.948252E+03	9.075853E-04	1.067457E-04
1.988012E+03	9.412596E-04	1.105818E-04
2.027773E+03	9.770678E-04	1.146562E-04
2.067533E+03	1.014491E-03	1.189069E-04
2.107293E+03	1.054222E-03	1.234138E-04
2.147053E+03	1.095717E-03	1.281121E-04
2.186814E+03	1.139365E-03	1.330458E-04
2.226574E+03	1.185242E-03	1.382223E-04
2.266334E+03	1.233419E-03	1.436486E-04
2.306094E+03	1.283617E-03	1.492902E-04
2.345854E+03	1.336229E-03	1.551915E-04
2.385615E+03	1.391304E-03	1.613563E-04
2.425375E+03	1.448507E-03	1.677440E-04
2.465135E+03	1.508218E-03	1.743966E-04
2.504895E+03	1.570441E-03	1.813127E-04
2.544656E+03	1.634761E-03	1.884425E-04
2.584416E+03	1.701112E-03	1.957763E-04
2.624176E+03	1.769808E-03	2.033484E-04
2.663936E+03	1.840323E-03	2.110962E-04
2.703697E+03	1.912486E-03	2.189986E-04
2.743457E+03	1.986525E-03	2.270794E-04
2.783217E+03	2.062205E-03	2.353101E-04
2.822977E+03	2.138787E-03	2.436046E-04
2.862738E+03	2.216827E-03	2.520248E-04
2.902498E+03	2.295479E-03	2.604728E-04
2.942258E+03	2.374752E-03	2.689484E-04
2.982018E+03	2.455095E-03	2.775012E-04
2.991958E+03	2.475149E-03	2.796288E-04
3.001899E+03	2.495075E-03	2.817391E-04
3.011839E+03	2.515347E-03	2.838857E-04
3.021779E+03	2.535471E-03	2.860127E-04
3.031719E+03	2.555924E-03	2.881738E-04
3.041659E+03	2.576207E-03	2.903130E-04
3.051599E+03	2.596310E-03	2.924290E-04
3.061539E+03	2.616712E-03	2.945756E-04
3.071479E+03	2.636909E-03	2.966963E-04
3.081419E+03	2.657384E-03	2.988453E-04
3.091359E+03	2.678125E-03	3.010213E-04
3.101299E+03	2.698628E-03	3.031675E-04
3.111239E+03	2.718878E-03	3.052822E-04
3.121179E+03	2.739356E-03	3.074196E-04
3.131119E+03	2.760054E-03	3.095786E-04
3.141059E+03	2.780956E-03	3.117575E-04
3.150999E+03	2.801551E-03	3.138988E-04
3.160940E+03	2.822824E-03	3.161130E-04
3.170880E+03	2.843761E-03	3.182864E-04
3.180820E+03	2.864346E-03	3.204173E-04
3.190760E+03	2.885565E-03	3.226160E-04
3.200700E+03	2.906902E-03	3.248247E-04
3.210640E+03	2.927839E-03	3.269856E-04
3.220580E+03	2.949363E-03	3.292088E-04
3.230520E+03	2.970955E-03	3.314363E-04
3.240460E+03	2.992095E-03	3.336101E-04
3.250400E+03	3.013769E-03	3.358403E-04
3.260340E+03	3.035957E-03	3.381243E-04
3.270280E+03	3.057637E-03	3.403485E-04
3.280220E+03	3.079791E-03	3.426221E-04
3.290160E+03	3.101897E-03	3.448870E-04
3.300100E+03	3.123935E-03	3.471409E-04
3.310040E+03	3.146381E-03	3.494368E-04
3.319981E+03	3.168714E-03	3.517167E-04
3.329921E+03	3.191407E-03	3.540332E-04
3.339861E+03	3.214438E-03	3.563835E-04
3.349801E+03	3.237280E-03	3.587095E-04
3.359741E+03	3.260407E-03	3.610635E-04
3.369681E+03	3.283790E-03	3.634421E-04
3.379621E+03	3.307398E-03	3.658422E-04
3.389561E+03	3.330712E-03	3.682061E-04
3.399501E+03	3.354685E-03	3.706392E-04
3.409441E+03	3.378793E-03	3.730835E-04
3.419381E+03	3.403004E-03	3.755354E-04
3.429321E+03	3.427284E-03	3.779913E-04
3.439261E+03	3.451599E-03	3.804473E-04
3.449201E+03	3.476398E-03	3.829528E-04
3.459141E+03	3.501161E-03	3.854505E-04
3.469081E+03	3.526328E-03	3.879889E-04
3.479022E+03	3.551382E-03	3.905110E-04
3.488962E+03	3.576759E-03	3.930647E-04
3.498902E+03	3.602415E-03	3.956452E-04
3.508842E+03	3.628306E-03	3.982474E-04
3.518782E+03	3.654383E-03	4.008661E-04
3.528722E+03	3.680137E-03	4.034454E-04
3.538662E+03	3.706451E-03	4.060821E-04
3.548602E+03	3.732810E-03	4.087196E-04
3.558542E+03	3.759165E-03	4.113528E-04
3.568482E+03	3.785920E-03	4.140255E-04
3.578422E+03	3.812567E-03	4.166824E-04
3.588362E+03	3.839501E-03	4.193666E-04
3.598302E+03	3.866663E-03	4.220716E-04
3.608242E+03	3.893554E-03	4.247428E-04
3.618182E+03	3.920558E-03	4.274223E-04
3.628122E+03	3.947616E-03	4.301034E-04
3.638062E+03	3.974664E-03	4.327795E-04
3.648003E+03	4.001644E-03	4.354440E-04
3.657943E+03	4.028493E-03	4.380901E-04
3.667883E+03	4.055569E-03	4.407569E-04
3.677823E+03	4.082386E-03	4.433913E-04
3.687763E+03	4.109293E-03	4.460316E-04
3.697703E+03	4.135813E-03	4.486259E-04
3.707643E+03	4.162289E-03	4.512113E-04
3.717583E+03	4.188652E-03	4.537805E-04
3.727523E+03	4.214831E-03	4.563258E-04
3.737463E+03	4.241146E-03	4.588821E-04
3.747403E+03	4.266749E-03	4.613573E-04
3.757343E+03	4.292345E-03	4.638280E-04
3.767283E+03	4.317483E-03	4.662454E-04
3.777223E+03	4.342099E-03	4.686028E-04
3.787163E+03	4.366864E-03	4.709727E-04
3.797103E+03	4.390968E-03	4.732676E-04
3.807044E+03	4.414712E-03	4.755202E-04
3.816984E+03	4.438026E-03	4.777232E-04
3.826924E+03	4.460844E-03	4.798694E-04
3.836864E+03	4.483446E-03	4.819891E-04
3.846804E+03	4.505079E-03	4.840014E-04
3.856744E+03	4.526702E-03	4.860096E-04
3.866684E+03	4.547571E-03	4.879338E-04
3.876624E+03	4.567960E-03	4.898037E-04
3.886564E+03	4.587807E-03	4.916125E-04
3.896504E+03	4.607051E-03	4.933542E-04
3.906444E+03	4.625639E-03	4.950229E-04
3.916384E+03	4.643519E-03	4.966135E-04
3.926324E+03	4.660944E-03	4.981530E-04
3.936264E+03	4.677562E-03	4.996040E-04
3.946204E+03	4.693623E-03	5.009935E-04
3.956144E+03	4.709083E-03	5.023167E-04
3.966085E+03	4.723895E-03	5.035690E-04
3.976025E+03	4.737749E-03	5.047174E-04
3.985965E+03	4.751165E-03	5.058175E-04
3.995905E+03	4.764101E-03	5.068650E-04
4.005845E+03	4.776000E-03	5.078007E-04
4.015785E+03	4.787369E-03	5.086789E-04
4.025725E+03	4.798184E-03	5.094971E-04
4.035665E+03	4.808423E-03	5.102530E-04
4.045605E+03	4.818072E-03	5.109455E-04
4.055545E+03	4.826883E-03	5.115483E-04
4.065485E+03	4.835330E-03	5.121119E-04
4.075425E+03	4.843174E-03	5.126111E-04
4.085365E+03	4.850420E-03	5.130465E-04
4.095305E+03	4.857299E-03	5.134428E-04
4.105245E+03	4.863599E-03	5.137775E-04
4.115185E+03	4.869339E-03	5.140531E-04
4.125125E+03	4.874961E-03	5.143162E-04
4.135066E+03	4.880063E-03	5.145244E-04
4.145006E+03	4.884878E-03	5.147025E-04
4.154946E+03	4.889434E-03	5.148536E-04
4.164886E+03	4.893762E-03	5.149810E-04
4.174826E+03	4.898085E-03	5.151081E-04
4.184766E+03	4.902061E-03	5.151991E-04
4.194706E+03	4.906105E-03	5.152979E-04
4.204646E+03	4.910076E-03	5.153893E-04
4.214586E+03	4.914020E-03	5.154786E-04
4.224526E+03	4.918160E-03	5.155890E-04
4.234466E+03	4.922539E-03	5.157252E-04
4.244406E+03	4.927041E-03	5.158747E-04
4.254346E+03	4.931721E-03	5.160437E-04
4.264286E+03	4.936955E-03	5.162712E-04
4.274226E+03	4.942476E-03	5.165294E-04
4.284166E+03	4.948649E-03	5.168564E-04
4.294107E+03	4.955221E-03	5.172256E-04
4.304047E+03	4.962548E-03	5.176742E-04
4.313987E+03	4.970390E-03	5.181772E-04
4.323927E+03	4.979235E-03	5.187853E-04
4.333867E+03	4.988709E-03	5.194593E-04
4.343807E+03	4.999287E-03	5.202487E-04
4.353747E+03	5.010743E-03	5.211299E-04
4.363687E+03	5.023271E-03	5.221228E-04
4.373627E+03	5.037053E-03	5.232462E-04
4.383567E+03	5.051883E-03	5.244787E-04
4.393507E+03	5.068199E-03	5.258655E-04
4.403447E+03	5.085922E-03	5.273982E-04
4.413387E+03	5.105103E-03	5.290820E-04
4.423327E+03	5.125911E-03	5.309341E-04
4.433267E+03	5.148392E-03	5.329592E-04
4.443207E+03	5.172590E-03	5.351614E-04
4.453148E+03	5.198778E-03	5.375688E-04
4.463088E+03	5.226761E-03	5.401609E-04
4.473028E+03	5.256913E-03	5.429761E-04
4.482968E+03	5.289148E-03	5.460053E-04
4.492908E+03	5.323601E-03	5.492620E-04
4.502848E+03	5.360288E-03	5.527475E-04
4.512788E+03	5.399224E-03	5.564632E-04
4.522728E+03	5.440523E-03	5.604205E-04
4.532668E+03	5.484187E-03	5.646192E-04
4.542608E+03	5.530110E-03	5.690481E-04
4.552548E+03	5.578288E-03	5.737065E-04
4.562488E+03	5.628607E-03	5.785826E-04
4.572428E+03	5.681056E-03	5.836748E-04
4.582368E+03	5.735519E-03	5.889710E-04
4.592308E+03	5.791878E-03	5.944589E-04
4.602248E+03	5.849918E-03	6.001163E-04
4.612189E+03	5.909622E-03	6.059412E-04
4.622129E+03	5.970871E-03	6.119215E-04
4.632069E+03	6.033269E-03	6.180162E-04
4.642009E+03	6.096992E-03	6.242434E-04
4.651949E+03	6.161559E-03	6.305539E-04
4.661889E+03	6.227061E-03	6.369569E-04
4.671829E+03	6.293314E-03	6.434336E-04
4.681769E+03	6.360046E-03	6.499563E-04
4.691709E+03	6.427093E-03	6.565083E-04
4.701649E+03	6.494487E-03	6.630930E-04
4.711589E+03	6.561978E-03	6.696848E-04
4.721529E+03	6.629346E-03	6.762615E-04
4.731469E+03	6.696636E-03	6.828280E-04
4.741409E+03	6.763629E-03	6.893620E-04
4.751349E+03	6.830309E-03	6.958620E-04
4.761289E+03	6.896389E-03	7.022991E-04
4.771229E+03	6.961933E-03	7.086800E-04
4.781170E+03	7.026750E-03	7.149853E-04
4.791110E+03	7.090740E-03	7.212055E-04
4.801050E+03	7.153882E-03	7.273384E-04
4.810990E+03	7.216159E-03	7.333826E-04
4.820930E+03	7.277380E-03	7.393189E-04
4.830870E+03	7.337591E-03	7.451525E-04
4.840810E+03	7.396670E-03	7.508710E-04
4.850750E+03	7.454651E-03	7.564784E-04
4.860690E+03	7.511406E-03	7.619618E-04
4.870630E+03	7.567025E-03	7.673308E-04
4.880570E+03	7.621349E-03	7.725694E-04
4.890510E+03	7.674468E-03	7.776871E-04
4.900450E+03	7.726273E-03	7.826732E-04
4.910390E+03	7.776675E-03	7.875188E-04
4.920330E+03	7.825725E-03	7.922296E-04
4.930270E+03	7.873377E-03	7.968012E-04
4.940211E+03	7.919604E-03	8.012310E-04
4.950151E+03	7.964267E-03	8.055053E-04
4.960091E+03	8.007485E-03	8.096366E-04
4.970031E+03	8.049121E-03	8.136111E-04
4.979971E+03	8.089282E-03	8.174402E-04
4.989911E+03	8.127755E-03	8.211025E-04
4.999851E+03	8.164724E-03	8.246168E-04
5.009791E+03	8.200056E-03	8.279700E-04
5.019731E+03	8.233759E-03	8.311633E-04
5.029671E+03	8.265876E-03	8.342011E-04
5.039611E+03	8.296420E-03	8.370853E-04
5.049551E+03	8.325328E-03	8.398095E-04
5.059491E+03	8.352714E-03	8.423857E-04
5.069431E+03	8.378427E-03	8.447987E-04
5.079371E+03	8.402655E-03	8.470678E-04
5.089311E+03	8.425247E-03	8.491781E-04
5.099252E+03	8.446392E-03	8.511488E-04
5.109192E+03	8.465932E-03	8.529641E-04
5.119132E+03	8.483956E-03	8.546334E-04
5.129072E+03	8.500479E-03	8.561583E-04
5.139012E+03	8.515505E-03	8.575394E-04
5.148952E+03	8.529037E-03	8.587772E-04
5.158892E+03	8.540979E-03	8.598622E-04
5.168832E+03	8.551505E-03	8.608122E-04
5.178772E+03	8.560515E-03	8.616172E-04
5.188712E+03	8.568005E-03	8.622770E-04
5.198652E+03	8.574039E-03	8.627983E-04
5.208592E+03	8.578435E-03	8.631628E-04
5.218532E+03	8.581350E-03	8.633865E-04
5.228472E+03	8.582768E-03	8.634679E-04
5.238412E+03	8.582496E-03	8.633877E-04
5.248352E+03	8.580781E-03	8.631709E-04
5.258292E+03	8.577350E-03	8.627902E-04
5.268233E+03	8.572370E-03	8.622625E-04
5.278173E+03	8.565839E-03	8.615876E-04
5.288113E+03	8.557667E-03	8.607565E-04
5.298053E+03	8.547954E-03	8.597795E-04
5.307993E+03	8.536543E-03	8.586407E-04
5.317933E+03	8.523717E-03	8.573688E-04
5.327873E+03	8.509260E-03	8.559419E-04
5.337813E+03	8.493306E-03	8.543737E-04
5.347753E+03	8.475920E-03	8.526705E-04
5.357693E+03	8.457175E-03	8.508400E-04
5.367633E+03	8.437172E-03	8.488921E-04
5.377573E+03	8.415838E-03	8.468197E-04
5.387513E+03	8.393480E-03	8.446534E-04
5.397453E+03	8.370141E-03	8.423977E-04
5.407393E+03	8.345902E-03	8.400606E-04
5.417333E+03	8.320929E-03	8.376589E-04
5.427274E+03	8.295325E-03	8.352029E-04
5.437214E+03	8.269359E-03	8.327197E-04
5.447154E+03	8.243160E-03	8.302221E-04
5.457094E+03	8.216843E-03	8.277218E-04
5.467034E+03	8.190542E-03	8.252323E-04
5.476974E+03	8.164542E-03	8.227821E-04
5.486914E+03	8.138890E-03	8.203756E-04
5.496854E+03	8.113713E-03	8.180254E-04
5.506794E+03	8.089208E-03	8.157515E-04
5.516734E+03	8.065425E-03	8.135584E-04
5.526674E+03	8.042469E-03	8.114568E-04
5.536614E+03	8.020456E-03	8.094581E-04
5.546554E+03	7.999584E-03	8.075824E-04
5.556494E+03	7.979785E-03	8.058225E-04
5.566434E+03	7.961240E-03	8.041968E-04
5.576374E+03	7.943971E-03	8.027073E-04
5.586315E+03	7.928129E-03	8.013693E-04
5.596255E+03	7.913658E-03	8.001771E-04
5.606195E+03	7.900617E-03	7.991367E-04
5.616135E+03	7.889084E-03	7.982560E-04
5.626075E+03	7.879040E-03	7.975329E-04
5.636015E+03	7.870623E-03	7.969815E-04
5.645955E+03	7.863657E-03	7.965840E-04
5.655895E+03	7.858333E-03	7.963599E-04
5.665835E+03	7.854531E-03	7.962970E-04
5.675775E+03	7.852291E-03	7.963994E-04
5.685715E+03	7.851486E-03	7.966544E-04
5.695655E+03	7.852279E-03	7.970785E-04
5.705595E+03	7.854462E-03	7.976508E-04
5.715535E+03	7.858042E-03	7.983719E-04
5.725475E+03	7.862945E-03	7.992345E-04
5.735415E+03	7.869170E-03	8.002386E-04
5.745356E+03	7.876639E-03	8.013763E-04
5.755296E+03	7.885266E-03	8.026389E-04
5.765236E+03	7.894953E-03	8.040166E-04
5.775176E+03	7.905689E-03	8.055082E-04
5.785116E+03	7.917369E-03	8.071032E-04
5.795056E+03	7.929897E-03	8.087919E-04
5.804996E+03	7.943091E-03	8.105556E-04
5.814936E+03	7.957065E-03	8.124061E-04
5.824876E+03	7.971479E-03	8.143087E-04
5.834816E+03	7.986370E-03	8.162672E-04
5.844756E+03	8.001623E-03	8.182698E-04
5.854696E+03	8.017109E-03	8.203032E-04
5.864636E+03	8.032714E-03	8.223558E-04
5.874576E+03	8.048303E-03	8.244137E-04
5.884516E+03	8.063761E-03	8.264651E-04
5.894456E+03	8.079033E-03	8.285041E-04
5.904396E+03	8.093998E-03	8.305183E-04
5.914337E+03	8.108539E-03	8.324955E-04
5.924277E+03	8.122541E-03	8.344237E-04
5.934217E+03	8.135967E-03	8.362990E-04
5.944157E+03	8.148635E-03	8.381025E-04
5.954097E+03	8.160610E-03	8.398406E-04
5.964037E+03	8.171722E-03	8.414957E-04
5.973977E+03	8.181964E-03	8.430667E-04
5.983917E+03	8.191282E-03	8.445477E-04
5.993857E+03	8.199686E-03	8.459398E-04
6.003797E+03	8.207194E-03	8.472443E-04
6.013737E+03	8.213714E-03	8.484515E-04
6.023677E+03	8.219355E-03	8.495725E-04
6.033617E+03	8.224109E-03	8.506061E-04
6.043557E+03	8.228038E-03	8.515585E-04
6.053497E+03	8.231225E-03	8.524380E-04
6.063437E+03	8.233748E-03	8.532525E-04
6.073378E+03	8.235638E-03	8.540050E-04
6.083318E+03	8.237063E-03	8.547127E-04
6.093258E+03	8.238061E-03	8.553792E-04
6.103198E+03	8.238891E-03	8.560315E-04
6.113138E+03	8.239530E-03	8.566669E-04
6.123078E+03	8.240250E-03	8.573137E-04
6.133018E+03	8.241186E-03	8.579857E-04
6.142958E+03	8.242397E-03	8.586893E-04
6.152898E+03	8.244177E-03	8.594549E-04
6.162838E+03	8.246666E-03	8.602971E-04
6.172778E+03	8.250028E-03	8.612332E-04
6.182718E+03	8.254549E-03	8.622932E-04
6.192658E+03	8.260250E-03	8.634794E-04
6.202598E+03	8.267587E-03	8.648397E-04
6.212538E+03	8.276500E-03	8.663683E-04
6.222478E+03	8.287455E-03	8.681139E-04
6.232419E+03	8.300452E-03	8.700771E-04
6.242359E+03	8.315737E-03	8.722840E-04
6.252299E+03	8.333610E-03	8.747666E-04
6.262239E+03	8.354221E-03	8.775410E-04
6.272179E+03	8.377704E-03	8.806221E-04
6.282119E+03	8.404258E-03	8.840312E-04
6.292059E+03	8.434068E-03	8.877885E-04
6.301999E+03	8.467222E-03	8.919039E-04
6.311939E+03	8.503858E-03	8.963925E-04
6.321879E+03	8.544168E-03	9.012754E-04
6.331819E+03	8.587996E-03	9.065368E-04
6.341759E+03	8.635546E-03	9.121991E-04
6.351699E+03	8.686742E-03	9.182551E-04
6.361639E+03	8.741464E-03	9.246927E-04
6.371579E+03	8.799698E-03	9.315112E-04
6.381519E+03	8.861139E-03	9.386792E-04
6.391459E+03	8.925589E-03	9.461761E-04
6.401400E+03	8.992780E-03	9.539743E-04
6.411340E+03	9.062304E-03	9.620310E-04
6.421280E+03	9.133764E-03	9.703045E-04
6.431220E+03	9.206523E-03	9.787275E-04
6.441160E+03	9.280142E-03	9.872535E-04
6.451100E+03	9.353841E-03	9.957995E-04
6.461040E+03	9.426852E-03	1.004284E-03
6.470980E+03	9.498461E-03	1.012630E-03
6.480920E+03	9.567876E-03	1.020754E-03
6.490860E+03	9.634085E-03	1.028545E-03
6.500800E+03	9.696323E-03	1.035923E-03
6.510740E+03	9.753712E-03	1.042792E-03
6.520680E+03	9.805072E-03	1.049024E-03
6.530620E+03	9.849640E-03	1.054538E-03
6.540560E+03	9.886479E-03	1.059229E-03
6.550500E+03	9.914812E-03	1.063015E-03
6.560441E+03	9.933657E-03	1.065786E-03
6.570381E+03	9.942627E-03	1.067500E-03
6.580321E+03	9.941065E-03	1.068083E-03
6.590261E+03	9.928435E-03	1.067476E-03
6.600201E+03	9.904709E-03	1.065672E-03
6.610141E+03	9.869695E-03	1.062649E-03
6.620081E+03	9.823491E-03	1.058415E-03
6.630021E+03	9.766470E-03	1.053007E-03
6.639961E+03	9.698978E-03	1.046460E-03
6.649901E+03	9.621726E-03	1.038848E-03
6.659841E+03	9.535458E-03	1.030250E-03
6.669781E+03	9.440938E-03	1.020746E-03
6.679721E+03	9.339127E-03	1.010438E-03
6.689661E+03	9.231261E-03	9.994589E-04
6.699601E+03	9.118101E-03	9.878889E-04
6.709541E+03	9.001035E-03	9.758776E-04
6.719482E+03	8.880930E-03	9.635183E-04
6.729422E+03	8.758819E-03	9.509223E-04
6.739362E+03	8.635770E-03	9.382053E-04
6.749302E+03	8.512590E-03	9.254547E-04
6.759242E+03	8.390194E-03	9.127703E-04
6.769182E+03	8.269218E-03	9.002212E-04
6.779122E+03	8.150270E-03	8.878740E-04
6.789062E+03	8.033892E-03	8.757885E-04
6.799002E+03	7.920503E-03	8.640107E-04
6.808942E+03	7.810434E-03	8.525777E-04
6.818882E+03	7.703933E-03	8.415170E-04
6.828822E+03	7.601151E-03	8.308462E-04
6.838762E+03	7.502098E-03	8.205670E-04
6.848702E+03	7.406890E-03	8.106931E-04
6.858642E+03	7.315407E-03	8.012121E-04
6.868582E+03	7.227657E-03	7.921259E-04
6.878523E+03	7.143465E-03	7.834159E-04
6.888463E+03	7.062596E-03	7.750572E-04
6.898403E+03	6.985074E-03	7.670531E-04
6.908343E+03	6.910645E-03	7.593766E-04
6.918283E+03	6.839143E-03	7.520101E-04
6.928223E+03	6.770323E-03	7.449272E-04
6.938163E+03	6.704087E-03	7.381176E-04
6.948103E+03	6.640206E-03	7.315569E-04
6.958043E+03	6.578602E-03	7.252368E-04
6.967983E+03	6.519063E-03	7.191346E-04
6.977923E+03	6.461461E-03	7.132365E-04
6.987863E+03	6.405692E-03	7.075314E-04
6.997803E+03	6.351637E-03	7.020068E-04
7.007743E+03	6.299225E-03	6.966549E-04
7.017683E+03	6.248297E-03	6.914586E-04
7.027623E+03	6.198860E-03	6.864191E-04
7.037563E+03	6.150856E-03	6.815303E-04
7.047504E+03	6.104163E-03	6.767788E-04
7.057444E+03	6.058737E-03	6.721601E-04
7.067384E+03	6.014617E-03	6.676788E-04
7.077324E+03	5.971697E-03	6.633235E-04
7.087264E+03	5.929877E-03	6.590832E-04
7.097204E+03	5.889280E-03	6.549720E-04
7.107144E+03	5.849814E-03	6.509798E-04
7.117084E+03	5.811459E-03	6.471046E-04
7.127024E+03	5.774125E-03	6.433367E-04
7.136964E+03	5.737945E-03	6.396911E-04
7.146904E+03	5.702759E-03	6.361502E-04
7.156844E+03	5.668554E-03	6.327127E-04
7.166784E+03	5.635462E-03	6.293937E-04
7.176724E+03	5.603326E-03	6.261759E-04
7.186664E+03	5.572136E-03	6.230581E-04
7.196604E+03	5.542022E-03	6.200554E-04
7.206545E+03	5.512830E-03	6.171506E-04
7.216485E+03	5.484549E-03	6.143427E-04
7.226425E+03	5.457238E-03	6.116384E-04
7.236365E+03	5.430885E-03	6.090367E-04
7.246305E+03	5.405477E-03	6.065364E-04
7.256245E+03	5.380932E-03	6.041283E-04
7.266185E+03	5.357308E-03	6.018192E-04
7.276125E+03	5.334593E-03	5.996079E-04
7.286065E+03	5.312704E-03	5.974852E-04
7.296005E+03	5.291767E-03	5.954657E-04
7.305945E+03	5.271630E-03	5.935322E-04
7.315885E+03	5.252420E-03	5.916991E-04
7.325825E+03	5.234052E-03	5.899574E-04
7.335765E+03	5.216514E-03	5.883055E-04
7.345705E+03	5.199722E-03	5.867344E-04
7.355645E+03	5.183872E-03	5.852661E-04
7.365586E+03	5.168741E-03	5.838757E-04
7.375526E+03	5.154452E-03	5.825775E-04
7.385466E+03	5.140924E-03	5.813620E-04
7.395406E+03	5.128141E-03	5.802280E-04
7.405346E+03	5.116089E-03	5.791739E-04
7.415286E+03	5.104824E-03	5.782061E-04
7.425226E+03	5.094261E-03	5.773151E-04
7.435166E+03	5.084386E-03	5.764995E-04
7.445106E+03	5.075183E-03	5.757577E-04
7.455046E+03	5.066709E-03	5.750961E-04
7.464986E+03	5.058877E-03	5.745052E-04
7.474926E+03	5.051744E-03	5.739913E-04
7.484866E+03	5.045224E-03	5.735450E-04
7.494806E+03	5.039372E-03	5.731726E-04
7.504746E+03	5.034104E-03	5.728646E-04
7.514686E+03	5.029474E-03	5.726274E-04
7.524627E+03	5.025397E-03	5.724512E-04
7.534567E+03	5.021930E-03	5.723428E-04
7.544507E+03	5.019057E-03	5.723003E-04
7.554447E+03	5.016763E-03	5.723222E-04
7.564387E+03	5.014963E-03	5.723990E-04
7.574327E+03	5.013643E-03	5.725289E-04
7.584267E+03	5.012930E-03	5.727268E-04
7.594207E+03	5.012596E-03	5.729665E-04
7.604147E+03	5.012841E-03	5.732711E-04
7.614087E+03	5.013507E-03	5.736226E-04
7.624027E+03	5.014654E-03	5.740277E-04
7.633967E+03	5.016194E-03	5.744768E-04
7.643907E+03	5.018187E-03	5.749764E-04
7.653847E+03	5.020619E-03	5.755254E-04
7.663787E+03	5.023478E-03	5.761222E-04
7.673727E+03	5.026677E-03	5.767570E-04
7.683667E+03	5.030352E-03	5.774454E-04
7.693608E+03	5.034342E-03	5.781690E-04
7.703548E+03	5.038709E-03	5.789350E-04
7.713488E+03	5.043442E-03	5.797423E-04
7.723428E+03	5.048529E-03	5.805893E-04
7.733368E+03	5.053960E-03	5.814750E-04
7.743308E+03	5.059798E-03	5.824069E-04
7.753248E+03	5.065882E-03	5.833664E-04
7.763188E+03	5.072354E-03	5.843698E-04
7.773128E+03	5.079204E-03	5.854161E-04
7.783068E+03	5.086348E-03	5.864955E-04
7.793008E+03	5.093774E-03	5.876070E-04
7.802948E+03	5.101552E-03	5.887583E-04
7.812888E+03	5.109672E-03	5.899487E-04
7.822828E+03	5.118051E-03	5.911684E-04
7.832768E+03	5.126835E-03	5.924344E-04
7.842708E+03	5.135862E-03	5.937279E-04
7.852649E+03	5.145201E-03	5.950571E-04
7.862589E+03	5.154847E-03	5.964213E-04
7.872529E+03	5.164793E-03	5.978198E-04
7.882469E+03	5.175033E-03	5.992520E-04
7.892409E+03	5.185640E-03	6.007263E-04
7.902349E+03	5.196450E-03	6.022237E-04
7.912289E+03	5.207697E-03	6.037716E-04
7.922229E+03	5.219136E-03	6.053413E-04
7.932169E+03	5.230923E-03	6.069512E-04
7.942109E+03	5.242973E-03	6.085913E-04
7.952049E+03	5.255362E-03	6.102706E-04
7.961989E+03	5.268006E-03	6.119791E-04
7.971929E+03	5.280982E-03	6.137261E-04
7.981869E+03	5.294205E-03	6.155017E-04
7.991809E+03	5.307671E-03	6.173053E-04
8.001749E+03	5.321461E-03	6.191464E-04
8.011690E+03	5.335569E-03	6.210245E-04
8.021630E+03	5.349828E-03	6.229200E-04
8.031570E+03	5.364402E-03	6.248521E-04
8.041510E+03	5.379287E-03	6.268204E-04
8.051450E+03	5.394315E-03	6.288052E-04
8.061390E+03	5.409565E-03	6.308158E-04
8.071330E+03	5.425120E-03	6.328620E-04
8.081270E+03	5.440808E-03	6.349237E-04
8.091210E+03	5.456711E-03	6.370105E-04
8.101150E+03	5.472829E-03	6.391223E-04
8.111090E+03	5.489071E-03	6.412486E-04
8.121030E+03	5.505523E-03	6.433994E-04
8.130970E+03	5.522181E-03	6.455744E-04
8.140910E+03	5.538871E-03	6.477530E-04
8.150850E+03	5.555764E-03	6.499554E-04
8.160790E+03	5.572770E-03	6.521712E-04
8.170730E+03	5.589888E-03	6.543999E-04
8.180671E+03	5.607027E-03	6.566312E-04
8.190611E+03	5.624272E-03	6.588749E-04
8.200551E+03	5.641623E-03	6.611309E-04
8.210491E+03	5.659075E-03	6.633989E-04
8.220431E+03	5.676450E-03	6.656579E-04
8.230371E+03	5.693923E-03	6.679283E-04
8.240311E+03	5.711403E-03	6.701995E-04
8.250251E+03	5.728886E-03	6.724710E-04
8.260191E+03	5.746280E-03	6.747321E-04
8.270131E+03	5.763673E-03	6.769931E-04
8.280071E+03	5.781063E-03	6.792536E-04
8.290011E+03	5.798356E-03	6.815027E-04
8.299951E+03	5.815548E-03	6.837400E-04
8.309891E+03	5.832638E-03	6.859650E-04
8.319831E+03	5.849622E-03	6.881775E-04
8.329771E+03	5.866499E-03	6.903773E-04
8.339712E+03	5.883264E-03	6.925638E-04
8.349652E+03	5.899823E-03	6.947259E-04
8.359592E+03	5.916172E-03	6.968631E-04
8.369532E+03	5.932308E-03	6.989751E-04
8.379472E+03	5.948323E-03	7.010725E-04
8.389412E+03	5.964025E-03	7.031328E-04
8.399352E+03	5.979599E-03	7.051778E-04
8.409292E+03	5.994758E-03	7.071737E-04
8.419232E+03	6.009786E-03	7.091537E-04
8.429172E+03	6.024392E-03	7.110836E-04
8.439112E+03	6.038764E-03	7.129856E-04
8.449052E+03	6.052804E-03	7.148479E-04
8.458992E+03	6.066411E-03	7.166588E-04
8.468932E+03	6.079776E-03	7.184405E-04
8.478872E+03	6.092703E-03	7.201701E-04
8.488812E+03	6.105284E-03	7.218583E-04
8.498753E+03	6.117419E-03	7.234933E-04
8.508693E+03	6.129203E-03	7.250862E-04
8.518633E+03	6.140437E-03	7.266135E-04
8.528573E+03	6.151313E-03	7.280979E-04
8.538513E+03	6.161731E-03	7.295274E-04
8.548453E+03	6.171688E-03	7.309016E-04
8.558393E+03	6.181080E-03	7.322083E-04
8.568333E+03	6.190104E-03	7.334706E-04
8.578273E+03	6.198558E-03	7.346647E-04
8.588213E+03	6.206439E-03	7.357900E-04
8.598153E+03	6.213843E-03	7.368579E-04
8.608093E+03	6.220767E-03	7.378682E-04
8.618033E+03	6.227110E-03	7.388086E-04
8.627973E+03	6.232969E-03	7.396906E-04
8.637913E+03	6.238239E-03	7.405019E-04
8.647853E+03	6.242920E-03	7.412422E-04
8.657794E+03	6.247108E-03	7.419231E-04
8.667734E+03	6.250702E-03	7.425322E-04
8.677674E+03	6.253800E-03	7.430815E-04
8.687614E+03	6.256297E-03	7.435584E-04
8.697554E+03	6.258296E-03	7.439747E-04
8.707494E+03	6.259690E-03	7.443182E-04
8.717434E+03	6.260478E-03	7.445884E-04
8.727374E+03	6.260762E-03	7.447975E-04
8.737314E+03	6.260539E-03	7.449450E-04
8.747254E+03	6.259706E-03	7.450187E-04
8.757194E+03	6.258363E-03	7.450305E-04
8.767134E+03	6.256511E-03	7.449803E-04
8.777074E+03	6.254043E-03	7.448555E-04
8.787014E+03	6.251063E-03	7.446684E-04
8.796954E+03	6.247570E-03	7.444189E-04
8.806894E+03	6.243563E-03	7.441067E-04
8.816834E+03	6.238938E-03	7.437194E-04
8.826775E+03	6.233692E-03	7.432567E-04
8.836715E+03	6.228034E-03	7.427435E-04
8.846655E+03	6.221650E-03	7.421422E-04
8.856595E+03	6.214748E-03	7.414777E-04
8.866535E+03	6.207330E-03	7.407500E-04
8.876475E+03	6.199181E-03	7.399337E-04
8.886415E+03	6.190514E-03	7.390539E-04
8.896355E+03	6.181329E-03	7.381108E-04
8.906295E+03	6.171412E-03	7.370787E-04
8.916235E+03	6.160871E-03	7.359704E-04
8.926175E+03	6.149809E-03	7.347984E-04
8.936115E+03	6.138123E-03	7.335500E-04
8.946055E+03	6.125810E-03	7.322252E-04
8.985816E+03	6.070408E-03	7.261736E-04
9.025576E+03	6.005327E-03	7.189366E-04
9.065336E+03	5.930922E-03	7.105548E-04
9.105096E+03	5.847572E-03	7.010721E-04
9.144857E+03	5.756112E-03	6.905874E-04
9.184617E+03	5.657072E-03	6.791632E-04
9.224377E+03	5.551327E-03	6.669040E-04
9.264137E+03	5.439550E-03	6.538901E-04
9.303897E+03	5.322647E-03	6.402302E-04
9.343658E+03	5.201313E-03	6.260079E-04
9.383418E+03	5.076359E-03	6.113211E-04
9.423178E+03	4.948493E-03	5.962553E-04
9.462938E+03	4.818422E-03	5.808964E-04
9.502699E+03	4.686855E-03	5.653305E-04
9.542459E+03	4.554276E-03	5.496166E-04
9.582219E+03	4.421386E-03	5.338405E-04
9.621979E+03	4.288550E-03	5.180469E-04
9.661740E+03	4.156347E-03	5.023069E-04
9.701500E+03	4.025130E-03	4.866641E-04
9.741260E+03	3.895462E-03	4.711880E-04
9.781020E+03	3.767345E-03	4.558795E-04
9.820781E+03	3.641329E-03	4.408065E-04
9.860541E+03	3.517622E-03	4.259952E-04
9.900301E+03	3.396424E-03	4.114709E-04
9.940061E+03	3.277812E-03	3.972440E-04
9.979822E+03	3.162083E-03	3.833516E-04
1.001958E+04	3.049301E-03	3.698024E-04
1.005934E+04	2.939524E-03	3.566045E-04
1.009910E+04	2.832916E-03	3.437784E-04
1.013886E+04	2.729518E-03	3.313305E-04
1.017862E+04	2.629260E-03	3.192528E-04
1.021838E+04	2.532287E-03	3.075638E-04
1.025814E+04	2.438514E-03	2.962540E-04
