#wls	flux	fluxerr
1.600000E+03	3.530530E-17	3.727575E-17
1.640000E+03	3.549187E-17	3.739769E-17
1.680000E+03	3.567682E-17	3.751489E-17
1.720000E+03	3.587372E-17	3.764155E-17
1.760000E+03	3.607174E-17	3.776612E-17
1.800000E+03	3.627263E-17	3.789026E-17
1.840000E+03	3.649100E-17	3.802888E-17
1.880000E+03	3.671678E-17	3.817102E-17
1.920000E+03	3.696525E-17	3.833196E-17
1.960000E+03	3.722684E-17	3.850097E-17
2.000000E+03	3.751110E-17	3.868698E-17
2.040000E+03	3.782790E-17	3.889893E-17
2.080000E+03	3.816824E-17	3.912606E-17
2.120000E+03	3.854235E-17	3.937711E-17
2.160000E+03	3.896073E-17	3.966066E-17
2.200000E+03	3.942112E-17	3.997185E-17
2.240000E+03	3.992120E-17	4.030535E-17
2.280000E+03	4.047838E-17	4.067526E-17
2.320000E+03	4.109723E-17	4.108194E-17
2.360000E+03	4.176887E-17	4.151160E-17
2.400000E+03	4.251134E-17	4.197654E-17
2.440000E+03	4.332955E-17	4.247479E-17
2.480000E+03	4.421449E-17	4.298963E-17
2.520000E+03	4.519235E-17	4.353739E-17
2.560000E+03	4.624721E-17	4.409185E-17
2.600000E+03	4.739911E-17	4.465970E-17
2.640000E+03	4.865443E-17	4.523218E-17
2.680000E+03	5.002005E-17	4.579845E-17
2.720000E+03	5.148764E-17	4.633109E-17
2.760000E+03	5.308856E-17	4.683550E-17
2.800000E+03	5.481564E-17	4.727835E-17
2.840000E+03	5.668642E-17	4.764406E-17
2.880000E+03	5.871135E-17	4.790562E-17
2.920000E+03	6.089270E-17	4.802392E-17
2.960000E+03	6.325096E-17	4.796839E-17
3.000000E+03	6.579873E-17	4.769462E-17
3.010000E+03	6.647103E-17	4.758919E-17
3.020000E+03	6.715503E-17	4.746512E-17
3.030000E+03	6.784111E-17	4.731466E-17
3.040000E+03	6.854898E-17	4.715058E-17
3.050000E+03	6.926909E-17	4.696502E-17
3.060000E+03	7.000160E-17	4.675695E-17
3.070000E+03	7.074668E-17	4.652533E-17
3.080000E+03	7.151473E-17	4.627568E-17
3.090000E+03	7.228552E-17	4.599358E-17
3.100000E+03	7.307977E-17	4.569105E-17
3.110000E+03	7.387688E-17	4.535380E-17
3.120000E+03	7.469792E-17	4.499357E-17
3.130000E+03	7.553262E-17	4.460255E-17
3.140000E+03	7.638109E-17	4.417943E-17
3.150000E+03	7.724346E-17	4.372287E-17
3.160000E+03	7.811983E-17	4.323147E-17
3.170000E+03	7.902140E-17	4.270982E-17
3.180000E+03	7.992617E-17	4.214440E-17
3.190000E+03	8.085650E-17	4.154563E-17
3.200000E+03	8.178998E-17	4.090033E-17
3.210000E+03	8.274933E-17	4.021847E-17
3.220000E+03	8.372331E-17	3.949275E-17
3.230000E+03	8.471195E-17	3.872162E-17
3.240000E+03	8.571525E-17	3.790357E-17
3.250000E+03	8.673320E-17	3.703711E-17
3.260000E+03	8.776580E-17	3.612078E-17
3.270000E+03	8.882517E-17	3.515798E-17
3.280000E+03	8.988705E-17	3.413760E-17
3.290000E+03	9.097583E-17	3.306789E-17
3.300000E+03	9.207927E-17	3.194294E-17
3.310000E+03	9.319730E-17	3.076185E-17
3.320000E+03	9.432982E-17	2.952399E-17
3.330000E+03	9.547673E-17	2.822912E-17
3.340000E+03	9.663794E-17	2.687744E-17
3.350000E+03	9.781333E-17	2.546988E-17
3.360000E+03	9.901607E-17	2.401148E-17
3.370000E+03	1.002196E-16	2.249879E-17
3.380000E+03	1.014506E-16	2.094311E-17
3.390000E+03	1.026819E-16	1.934655E-17
3.400000E+03	1.039406E-16	1.772668E-17
3.410000E+03	1.052133E-16	1.609951E-17
3.420000E+03	1.064998E-16	1.449421E-17
3.430000E+03	1.078001E-16	1.295648E-17
3.440000E+03	1.091285E-16	1.155890E-17
3.450000E+03	1.104566E-16	1.040484E-17
3.460000E+03	1.117987E-16	9.639010E-18
3.470000E+03	1.131698E-16	9.410559E-18
3.480000E+03	1.145407E-16	9.797599E-18
3.490000E+03	1.159415E-16	1.076508E-17
3.500000E+03	1.173580E-16	1.219200E-17
3.510000E+03	1.187909E-16	1.394809E-17
3.520000E+03	1.202409E-16	1.593052E-17
3.530000E+03	1.217087E-16	1.806794E-17
3.540000E+03	1.231953E-16	2.031273E-17
3.550000E+03	1.247016E-16	2.263310E-17
3.560000E+03	1.262446E-16	2.501052E-17
3.570000E+03	1.277935E-16	2.742373E-17
3.580000E+03	1.293816E-16	2.986841E-17
3.590000E+03	1.309776E-16	3.232915E-17
3.600000E+03	1.326155E-16	3.480759E-17
3.610000E+03	1.342803E-16	3.729508E-17
3.620000E+03	1.359734E-16	3.978771E-17
3.630000E+03	1.376960E-16	4.228229E-17
3.640000E+03	1.394496E-16	4.477612E-17
3.650000E+03	1.412357E-16	4.726693E-17
3.660000E+03	1.430557E-16	4.975274E-17
3.670000E+03	1.449111E-16	5.223177E-17
3.680000E+03	1.468036E-16	5.470243E-17
3.690000E+03	1.487529E-16	5.717030E-17
3.700000E+03	1.507243E-16	5.962020E-17
3.710000E+03	1.527561E-16	6.206518E-17
3.720000E+03	1.548129E-16	6.448902E-17
3.730000E+03	1.569337E-16	6.690592E-17
3.740000E+03	1.591016E-16	6.930700E-17
3.750000E+03	1.613183E-16	7.169095E-17
3.760000E+03	1.635655E-16	7.404744E-17
3.770000E+03	1.658843E-16	7.639271E-17
3.780000E+03	1.682567E-16	7.871659E-17
3.790000E+03	1.706844E-16	8.101747E-17
3.800000E+03	1.731690E-16	8.329369E-17
3.810000E+03	1.757120E-16	8.554344E-17
3.820000E+03	1.783362E-16	8.777523E-17
3.830000E+03	1.810010E-16	8.996633E-17
3.840000E+03	1.837289E-16	9.212471E-17
3.850000E+03	1.865212E-16	9.424797E-17
3.860000E+03	1.894017E-16	9.634487E-17
3.870000E+03	1.923274E-16	9.839014E-17
3.880000E+03	1.953445E-16	1.004037E-16
3.890000E+03	1.984087E-16	1.023590E-16
3.900000E+03	2.015673E-16	1.042763E-16
3.910000E+03	2.047745E-16	1.061278E-16
3.920000E+03	2.080787E-16	1.079340E-16
3.930000E+03	2.114328E-16	1.096658E-16
3.940000E+03	2.148861E-16	1.113440E-16
3.950000E+03	2.184150E-16	1.129512E-16
3.960000E+03	2.219946E-16	1.144692E-16
3.970000E+03	2.256759E-16	1.159187E-16
3.980000E+03	2.294337E-16	1.172809E-16
3.990000E+03	2.332415E-16	1.185364E-16
4.000000E+03	2.371519E-16	1.197055E-16
4.010000E+03	2.411383E-16	1.207682E-16
4.020000E+03	2.451721E-16	1.217038E-16
4.030000E+03	2.493077E-16	1.225321E-16
4.040000E+03	2.535164E-16	1.232319E-16
4.050000E+03	2.577969E-16	1.237950E-16
4.060000E+03	2.621181E-16	1.241992E-16
4.070000E+03	2.665361E-16	1.244635E-16
4.080000E+03	2.710197E-16	1.245650E-16
4.090000E+03	2.755662E-16	1.244944E-16
4.100000E+03	2.801415E-16	1.242285E-16
4.110000E+03	2.848037E-16	1.237849E-16
4.120000E+03	2.895185E-16	1.231397E-16
4.130000E+03	2.942492E-16	1.222694E-16
4.140000E+03	2.990554E-16	1.211905E-16
4.150000E+03	3.039001E-16	1.198790E-16
4.160000E+03	3.087442E-16	1.183115E-16
4.170000E+03	3.136486E-16	1.165032E-16
4.180000E+03	3.185391E-16	1.144183E-16
4.190000E+03	3.234776E-16	1.120714E-16
4.200000E+03	3.283872E-16	1.094276E-16
4.210000E+03	3.333306E-16	1.065011E-16
4.220000E+03	3.382284E-16	1.032587E-16
4.230000E+03	3.431075E-16	9.970322E-17
4.240000E+03	3.479959E-16	9.583608E-17
4.250000E+03	3.528104E-16	9.162822E-17
4.260000E+03	3.575779E-16	8.708296E-17
4.270000E+03	3.622883E-16	8.219378E-17
4.280000E+03	3.669311E-16	7.695522E-17
4.290000E+03	3.714954E-16	7.136315E-17
4.300000E+03	3.759705E-16	6.541512E-17
4.310000E+03	3.803451E-16	5.911098E-17
4.320000E+03	3.846081E-16	5.245402E-17
4.330000E+03	3.887485E-16	4.545309E-17
4.340000E+03	3.927148E-16	3.812324E-17
4.350000E+03	3.965784E-16	3.051391E-17
4.360000E+03	4.002892E-16	2.271679E-17
4.370000E+03	4.037968E-16	1.502011E-17
4.380000E+03	4.071352E-16	8.730475E-18
4.390000E+03	4.103406E-16	9.006862E-18
4.400000E+03	4.133242E-16	1.575333E-17
4.410000E+03	4.161256E-16	2.407246E-17
4.420000E+03	4.187436E-16	3.275766E-17
4.430000E+03	4.211787E-16	4.152614E-17
4.440000E+03	4.234325E-16	5.027437E-17
4.450000E+03	4.255075E-16	5.895115E-17
4.460000E+03	4.274077E-16	6.752557E-17
4.470000E+03	4.290940E-16	7.596852E-17
4.480000E+03	4.306588E-16	8.427837E-17
4.490000E+03	4.320207E-16	9.242589E-17
4.500000E+03	4.332295E-16	1.004080E-16
4.510000E+03	4.342920E-16	1.082157E-16
4.520000E+03	4.352587E-16	1.158529E-16
4.530000E+03	4.360056E-16	1.232780E-16
4.540000E+03	4.366711E-16	1.305206E-16
4.550000E+03	4.372189E-16	1.375646E-16
4.560000E+03	4.376564E-16	1.444062E-16
4.570000E+03	4.379476E-16	1.510277E-16
4.580000E+03	4.381438E-16	1.574410E-16
4.590000E+03	4.382959E-16	1.636610E-16
4.600000E+03	4.383244E-16	1.696553E-16
4.610000E+03	4.382804E-16	1.754397E-16
4.620000E+03	4.381712E-16	1.810149E-16
4.630000E+03	4.379610E-16	1.863636E-16
4.640000E+03	4.377430E-16	1.915237E-16
4.650000E+03	4.374812E-16	1.964794E-16
4.660000E+03	4.371395E-16	2.012135E-16
4.670000E+03	4.367674E-16	2.057475E-16
4.680000E+03	4.363715E-16	2.100846E-16
4.690000E+03	4.359578E-16	2.142280E-16
4.700000E+03	4.355324E-16	2.181812E-16
4.710000E+03	4.350588E-16	2.219262E-16
4.720000E+03	4.346271E-16	2.255096E-16
4.730000E+03	4.341583E-16	2.288919E-16
4.740000E+03	4.337415E-16	2.321208E-16
4.750000E+03	4.332978E-16	2.351556E-16
4.760000E+03	4.328737E-16	2.380224E-16
4.770000E+03	4.324322E-16	2.407019E-16
4.780000E+03	4.320605E-16	2.432439E-16
4.790000E+03	4.316796E-16	2.456055E-16
4.800000E+03	4.313762E-16	2.478372E-16
4.810000E+03	4.310711E-16	2.498951E-16
4.820000E+03	4.308091E-16	2.518060E-16
4.830000E+03	4.305934E-16	2.535731E-16
4.840000E+03	4.303859E-16	2.551750E-16
4.850000E+03	4.302714E-16	2.566629E-16
4.860000E+03	4.301708E-16	2.579907E-16
4.870000E+03	4.301275E-16	2.591849E-16
4.880000E+03	4.301844E-16	2.602723E-16
4.890000E+03	4.302216E-16	2.611810E-16
4.900000E+03	4.303631E-16	2.619864E-16
4.910000E+03	4.305701E-16	2.626653E-16
4.920000E+03	4.308038E-16	2.631940E-16
4.930000E+03	4.311064E-16	2.635981E-16
4.940000E+03	4.314791E-16	2.638783E-16
4.950000E+03	4.319233E-16	2.640350E-16
4.960000E+03	4.324402E-16	2.640681E-16
4.970000E+03	4.330307E-16	2.639775E-16
4.980000E+03	4.336553E-16	2.637381E-16
4.990000E+03	4.343551E-16	2.633739E-16
5.000000E+03	4.351713E-16	2.629082E-16
5.010000E+03	4.359827E-16	2.622663E-16
5.020000E+03	4.369113E-16	2.615201E-16
5.030000E+03	4.379166E-16	2.606431E-16
5.040000E+03	4.389582E-16	2.596090E-16
5.050000E+03	4.400763E-16	2.584397E-16
5.060000E+03	4.413114E-16	2.571561E-16
5.070000E+03	4.425409E-16	2.556838E-16
5.080000E+03	4.438863E-16	2.540907E-16
5.090000E+03	4.453061E-16	2.523494E-16
5.100000E+03	4.467581E-16	2.504329E-16
5.110000E+03	4.482821E-16	2.483603E-16
5.120000E+03	4.499179E-16	2.461497E-16
5.130000E+03	4.515399E-16	2.437286E-16
5.140000E+03	4.532701E-16	2.411597E-16
5.150000E+03	4.550651E-16	2.384151E-16
5.160000E+03	4.568807E-16	2.354676E-16
5.170000E+03	4.587556E-16	2.323336E-16
5.180000E+03	4.607289E-16	2.290280E-16
5.190000E+03	4.626710E-16	2.254820E-16
5.200000E+03	4.647046E-16	2.217519E-16
5.210000E+03	4.667835E-16	2.178104E-16
5.220000E+03	4.688607E-16	2.136315E-16
5.230000E+03	4.709739E-16	2.092286E-16
5.240000E+03	4.731608E-16	2.046139E-16
5.250000E+03	4.752872E-16	1.997248E-16
5.260000E+03	4.774758E-16	1.946105E-16
5.270000E+03	4.796776E-16	1.892460E-16
5.280000E+03	4.818420E-16	1.836084E-16
5.290000E+03	4.840491E-16	1.777253E-16
5.300000E+03	4.862038E-16	1.715586E-16
5.310000E+03	4.883419E-16	1.651194E-16
5.320000E+03	4.904106E-16	1.583889E-16
5.330000E+03	4.924897E-16	1.513922E-16
5.340000E+03	4.944813E-16	1.440983E-16
5.350000E+03	4.964650E-16	1.365314E-16
5.360000E+03	4.983420E-16	1.286652E-16
5.370000E+03	5.001469E-16	1.205132E-16
5.380000E+03	5.018696E-16	1.120778E-16
5.390000E+03	5.034549E-16	1.033545E-16
5.400000E+03	5.049829E-16	9.437084E-17
5.410000E+03	5.063530E-16	8.512231E-17
5.420000E+03	5.076462E-16	7.564563E-17
5.430000E+03	5.087619E-16	6.595951E-17
5.440000E+03	5.097365E-16	5.612718E-17
5.450000E+03	5.105158E-16	4.624521E-17
5.460000E+03	5.111835E-16	3.652573E-17
5.470000E+03	5.116415E-16	2.743114E-17
5.480000E+03	5.119760E-16	2.020174E-17
5.490000E+03	5.120917E-16	1.762675E-17
5.500000E+03	5.120332E-16	2.152628E-17
5.510000E+03	5.118017E-16	2.934578E-17
5.520000E+03	5.113549E-16	3.863394E-17
5.530000E+03	5.107892E-16	4.840491E-17
5.540000E+03	5.100651E-16	5.827077E-17
5.550000E+03	5.091444E-16	6.805321E-17
5.560000E+03	5.080809E-16	7.766854E-17
5.570000E+03	5.068831E-16	8.706698E-17
5.580000E+03	5.055600E-16	9.621829E-17
5.590000E+03	5.041211E-16	1.051033E-16
5.600000E+03	5.025312E-16	1.136994E-16
5.610000E+03	5.008895E-16	1.220182E-16
5.620000E+03	4.991164E-16	1.300339E-16
5.630000E+03	4.972663E-16	1.377544E-16
5.640000E+03	4.953484E-16	1.451788E-16
5.650000E+03	4.933722E-16	1.523081E-16
5.660000E+03	4.913464E-16	1.591442E-16
5.670000E+03	4.892799E-16	1.656899E-16
5.680000E+03	4.871378E-16	1.719337E-16
5.690000E+03	4.850147E-16	1.779097E-16
5.700000E+03	4.828319E-16	1.835918E-16
5.710000E+03	4.806400E-16	1.890005E-16
5.720000E+03	4.784459E-16	1.941414E-16
5.730000E+03	4.762560E-16	1.990204E-16
5.740000E+03	4.740765E-16	2.036435E-16
5.750000E+03	4.719130E-16	2.080168E-16
5.760000E+03	4.697291E-16	2.121278E-16
5.770000E+03	4.676135E-16	2.160200E-16
5.780000E+03	4.654875E-16	2.196617E-16
5.790000E+03	4.634381E-16	2.230976E-16
5.800000E+03	4.613869E-16	2.262946E-16
5.810000E+03	4.593788E-16	2.292782E-16
5.820000E+03	4.574171E-16	2.320542E-16
5.830000E+03	4.554644E-16	2.346076E-16
5.840000E+03	4.536045E-16	2.369851E-16
5.850000E+03	4.517991E-16	2.391714E-16
5.860000E+03	4.500108E-16	2.411503E-16
5.870000E+03	4.482817E-16	2.429475E-16
5.880000E+03	4.466532E-16	2.445895E-16
5.890000E+03	4.450476E-16	2.460373E-16
5.900000E+03	4.435060E-16	2.473166E-16
5.910000E+03	4.420298E-16	2.484312E-16
5.920000E+03	4.406198E-16	2.493848E-16
5.930000E+03	4.392771E-16	2.501806E-16
5.940000E+03	4.379637E-16	2.507995E-16
5.950000E+03	4.367577E-16	2.512886E-16
5.960000E+03	4.355824E-16	2.516059E-16
5.970000E+03	4.345152E-16	2.517984E-16
5.980000E+03	4.334794E-16	2.518233E-16
5.990000E+03	4.325136E-16	2.517047E-16
6.000000E+03	4.316180E-16	2.514439E-16
6.010000E+03	4.307922E-16	2.510423E-16
6.020000E+03	4.300363E-16	2.505007E-16
6.030000E+03	4.293497E-16	2.498197E-16
6.040000E+03	4.287322E-16	2.489996E-16
6.050000E+03	4.281453E-16	2.480187E-16
6.060000E+03	4.276642E-16	2.469208E-16
6.070000E+03	4.272501E-16	2.456835E-16
6.080000E+03	4.268645E-16	2.442843E-16
6.090000E+03	4.265442E-16	2.427443E-16
6.100000E+03	4.263259E-16	2.410837E-16
6.110000E+03	4.261327E-16	2.392582E-16
6.120000E+03	4.260011E-16	2.372877E-16
6.130000E+03	4.259295E-16	2.351703E-16
6.140000E+03	4.259163E-16	2.329038E-16
6.150000E+03	4.259598E-16	2.304860E-16
6.160000E+03	4.260578E-16	2.279142E-16
6.170000E+03	4.261703E-16	2.251658E-16
6.180000E+03	4.263708E-16	2.222779E-16
6.190000E+03	4.266189E-16	2.192272E-16
6.200000E+03	4.268738E-16	2.159911E-16
6.210000E+03	4.272085E-16	2.126049E-16
6.220000E+03	4.275440E-16	2.090269E-16
6.230000E+03	4.279146E-16	2.052725E-16
6.240000E+03	4.283549E-16	2.013558E-16
6.250000E+03	4.287849E-16	1.972368E-16
6.260000E+03	4.292384E-16	1.929298E-16
6.270000E+03	4.297109E-16	1.884308E-16
6.280000E+03	4.301978E-16	1.837360E-16
6.290000E+03	4.306942E-16	1.788414E-16
6.300000E+03	4.311947E-16	1.737433E-16
6.310000E+03	4.316938E-16	1.684380E-16
6.320000E+03	4.321856E-16	1.629221E-16
6.330000E+03	4.326255E-16	1.571783E-16
6.340000E+03	4.330842E-16	1.512324E-16
6.350000E+03	4.335165E-16	1.450672E-16
6.360000E+03	4.338767E-16	1.386685E-16
6.370000E+03	4.342353E-16	1.320598E-16
6.380000E+03	4.345073E-16	1.252163E-16
6.390000E+03	4.347629E-16	1.181607E-16
6.400000E+03	4.349167E-16	1.108720E-16
6.410000E+03	4.350000E-16	1.033633E-16
6.420000E+03	4.350438E-16	9.564614E-17
6.430000E+03	4.349628E-16	8.770762E-17
6.440000E+03	4.347882E-16	7.956391E-17
6.450000E+03	4.345125E-16	7.122515E-17
6.460000E+03	4.341286E-16	6.270630E-17
6.470000E+03	4.336296E-16	5.403039E-17
6.480000E+03	4.330092E-16	4.523547E-17
6.490000E+03	4.322615E-16	3.639120E-17
6.500000E+03	4.313815E-16	2.764549E-17
6.510000E+03	4.303648E-16	1.938535E-17
6.520000E+03	4.292086E-16	1.290429E-17
6.530000E+03	4.279114E-16	1.184982E-17
6.540000E+03	4.264355E-16	1.720027E-17
6.550000E+03	4.248603E-16	2.501111E-17
6.560000E+03	4.231517E-16	3.344157E-17
6.570000E+03	4.212773E-16	4.196169E-17
6.580000E+03	4.193194E-16	5.039366E-17
6.590000E+03	4.172093E-16	5.864907E-17
6.600000E+03	4.150298E-16	6.669764E-17
6.610000E+03	4.127136E-16	7.450620E-17
6.620000E+03	4.103433E-16	8.207502E-17
6.630000E+03	4.078527E-16	8.938299E-17
6.640000E+03	4.053238E-16	9.644197E-17
6.650000E+03	4.026912E-16	1.032340E-16
6.660000E+03	3.999996E-16	1.097676E-16
6.670000E+03	3.972567E-16	1.160445E-16
6.680000E+03	3.945059E-16	1.220786E-16
6.690000E+03	3.916829E-16	1.278519E-16
6.700000E+03	3.888307E-16	1.333791E-16
6.710000E+03	3.859558E-16	1.386652E-16
6.720000E+03	3.830649E-16	1.437153E-16
6.730000E+03	3.801640E-16	1.485351E-16
6.740000E+03	3.772587E-16	1.531306E-16
6.750000E+03	3.743547E-16	1.575080E-16
6.760000E+03	3.714568E-16	1.616735E-16
6.770000E+03	3.685699E-16	1.656338E-16
6.780000E+03	3.656984E-16	1.693953E-16
6.790000E+03	3.628463E-16	1.729647E-16
6.800000E+03	3.600174E-16	1.763486E-16
6.810000E+03	3.571828E-16	1.795374E-16
6.820000E+03	3.544107E-16	1.825699E-16
6.830000E+03	3.516715E-16	1.854366E-16
6.840000E+03	3.489360E-16	1.881268E-16
6.850000E+03	3.462703E-16	1.906808E-16
6.860000E+03	3.436446E-16	1.930878E-16
6.870000E+03	3.410299E-16	1.953360E-16
6.880000E+03	3.384903E-16	1.974668E-16
6.890000E+03	3.359653E-16	1.994501E-16
6.900000E+03	3.335179E-16	2.013276E-16
6.910000E+03	3.310882E-16	2.030681E-16
6.920000E+03	3.287381E-16	2.047139E-16
6.930000E+03	3.264080E-16	2.062326E-16
6.940000E+03	3.241588E-16	2.076668E-16
6.950000E+03	3.219315E-16	2.089832E-16
6.960000E+03	3.197567E-16	2.102053E-16
6.970000E+03	3.176349E-16	2.113374E-16
6.980000E+03	3.155953E-16	2.124031E-16
6.990000E+03	3.135802E-16	2.133677E-16
7.000000E+03	3.116189E-16	2.142544E-16
7.010000E+03	3.097118E-16	2.150667E-16
7.020000E+03	3.078588E-16	2.158083E-16
7.030000E+03	3.060601E-16	2.164824E-16
7.040000E+03	3.043156E-16	2.170923E-16
7.050000E+03	3.026255E-16	2.176410E-16
7.060000E+03	3.009896E-16	2.181315E-16
7.070000E+03	2.994079E-16	2.185664E-16
7.080000E+03	2.978802E-16	2.189484E-16
7.090000E+03	2.964065E-16	2.192800E-16
7.100000E+03	2.949867E-16	2.195635E-16
7.110000E+03	2.935935E-16	2.197809E-16
7.120000E+03	2.922810E-16	2.199747E-16
7.130000E+03	2.910220E-16	2.201268E-16
7.140000E+03	2.898162E-16	2.202389E-16
7.150000E+03	2.886367E-16	2.202924E-16
7.160000E+03	2.875369E-16	2.203297E-16
7.170000E+03	2.864634E-16	2.203115E-16
7.180000E+03	2.854690E-16	2.202800E-16
7.190000E+03	2.845007E-16	2.201957E-16
7.200000E+03	2.836111E-16	2.201006E-16
7.210000E+03	2.827473E-16	2.199549E-16
7.220000E+03	2.819356E-16	2.197802E-16
7.230000E+03	2.812020E-16	2.195976E-16
7.240000E+03	2.804941E-16	2.193671E-16
7.250000E+03	2.798377E-16	2.191099E-16
7.260000E+03	2.792329E-16	2.188265E-16
7.270000E+03	2.786796E-16	2.185174E-16
7.280000E+03	2.781775E-16	2.181831E-16
7.290000E+03	2.777266E-16	2.178237E-16
7.300000E+03	2.773268E-16	2.174397E-16
7.310000E+03	2.769780E-16	2.170309E-16
7.320000E+03	2.766801E-16	2.165975E-16
7.330000E+03	2.764330E-16	2.161394E-16
7.340000E+03	2.762367E-16	2.156564E-16
7.350000E+03	2.760909E-16	2.151481E-16
7.360000E+03	2.759698E-16	2.145942E-16
7.370000E+03	2.759250E-16	2.140343E-16
7.380000E+03	2.759047E-16	2.134278E-16
7.390000E+03	2.759605E-16	2.128140E-16
7.400000E+03	2.760404E-16	2.121521E-16
7.410000E+03	2.761963E-16	2.114812E-16
7.420000E+03	2.763761E-16	2.107603E-16
7.430000E+03	2.766315E-16	2.100282E-16
7.440000E+03	2.769104E-16	2.092439E-16
7.450000E+03	2.772385E-16	2.084259E-16
7.460000E+03	2.776157E-16	2.075729E-16
7.470000E+03	2.780417E-16	2.066831E-16
7.480000E+03	2.785161E-16	2.057549E-16
7.490000E+03	2.790388E-16	2.047865E-16
7.500000E+03	2.796093E-16	2.037759E-16
7.510000E+03	2.802272E-16	2.027210E-16
7.520000E+03	2.808921E-16	2.016196E-16
7.530000E+03	2.816034E-16	2.004694E-16
7.540000E+03	2.823607E-16	1.992679E-16
7.550000E+03	2.831364E-16	1.979936E-16
7.560000E+03	2.839834E-16	1.966816E-16
7.570000E+03	2.848472E-16	1.952914E-16
7.580000E+03	2.857810E-16	1.938573E-16
7.590000E+03	2.867295E-16	1.923391E-16
7.600000E+03	2.877463E-16	1.907703E-16
7.610000E+03	2.887754E-16	1.891109E-16
7.620000E+03	2.898428E-16	1.873758E-16
7.630000E+03	2.909473E-16	1.855611E-16
7.640000E+03	2.920872E-16	1.836632E-16
7.650000E+03	2.932611E-16	1.816780E-16
7.660000E+03	2.944671E-16	1.796015E-16
7.670000E+03	2.957032E-16	1.774295E-16
7.680000E+03	2.969675E-16	1.751577E-16
7.690000E+03	2.982576E-16	1.727818E-16
7.700000E+03	2.995422E-16	1.702807E-16
7.710000E+03	3.008763E-16	1.676831E-16
7.720000E+03	3.022283E-16	1.649677E-16
7.730000E+03	3.035660E-16	1.621141E-16
7.740000E+03	3.049149E-16	1.591340E-16
7.750000E+03	3.063014E-16	1.560376E-16
7.760000E+03	3.076626E-16	1.527899E-16
7.770000E+03	3.090239E-16	1.494016E-16
7.780000E+03	3.103813E-16	1.458682E-16
7.790000E+03	3.117303E-16	1.421853E-16
7.800000E+03	3.130662E-16	1.383486E-16
7.810000E+03	3.143839E-16	1.343539E-16
7.820000E+03	3.156785E-16	1.301973E-16
7.830000E+03	3.169443E-16	1.258752E-16
7.840000E+03	3.181757E-16	1.213842E-16
7.850000E+03	3.193356E-16	1.167100E-16
7.860000E+03	3.204801E-16	1.118732E-16
7.870000E+03	3.215402E-16	1.068495E-16
7.880000E+03	3.225723E-16	1.016588E-16
7.890000E+03	3.235066E-16	9.627996E-17
7.900000E+03	3.243678E-16	9.072335E-17
7.910000E+03	3.251811E-16	8.499824E-17
7.920000E+03	3.258756E-16	7.908927E-17
7.930000E+03	3.264765E-16	7.300861E-17
7.940000E+03	3.269770E-16	6.676113E-17
7.950000E+03	3.273706E-16	6.035391E-17
7.960000E+03	3.276185E-16	5.379183E-17
7.970000E+03	3.277795E-16	4.710127E-17
7.980000E+03	3.278157E-16	4.029964E-17
7.990000E+03	3.276896E-16	3.342284E-17
8.000000E+03	3.274617E-16	2.655204E-17
8.010000E+03	3.270632E-16	1.984489E-17
8.020000E+03	3.265562E-16	1.375610E-17
8.030000E+03	3.258738E-16	9.750914E-18
8.040000E+03	3.250478E-16	1.062149E-17
8.050000E+03	3.240791E-16	1.550342E-17
8.060000E+03	3.230027E-16	2.173858E-17
8.070000E+03	3.217573E-16	2.832151E-17
8.080000E+03	3.203798E-16	3.494009E-17
8.090000E+03	3.188433E-16	4.146883E-17
8.100000E+03	3.172177E-16	4.785868E-17
8.110000E+03	3.154770E-16	5.407590E-17
8.120000E+03	3.136277E-16	6.010292E-17
8.130000E+03	3.116452E-16	6.592242E-17
8.140000E+03	3.095994E-16	7.154059E-17
8.150000E+03	3.074349E-16	7.693978E-17
8.160000E+03	3.051901E-16	8.212482E-17
8.170000E+03	3.029029E-16	8.710420E-17
8.180000E+03	3.005187E-16	9.186149E-17
8.190000E+03	2.980753E-16	9.640673E-17
8.200000E+03	2.955793E-16	1.007424E-16
8.210000E+03	2.930373E-16	1.048715E-16
8.220000E+03	2.904553E-16	1.087977E-16
8.230000E+03	2.878395E-16	1.125252E-16
8.240000E+03	2.851661E-16	1.160464E-16
8.250000E+03	2.824992E-16	1.193895E-16
8.260000E+03	2.798145E-16	1.225481E-16
8.270000E+03	2.770883E-16	1.255144E-16
8.280000E+03	2.743821E-16	1.283194E-16
8.290000E+03	2.716434E-16	1.309423E-16
8.300000E+03	2.689323E-16	1.334155E-16
8.310000E+03	2.661966E-16	1.357172E-16
8.320000E+03	2.634677E-16	1.378667E-16
8.330000E+03	2.607486E-16	1.398695E-16
8.340000E+03	2.580419E-16	1.417312E-16
8.350000E+03	2.553503E-16	1.434572E-16
8.360000E+03	2.526761E-16	1.450531E-16
8.370000E+03	2.500212E-16	1.465240E-16
8.380000E+03	2.473875E-16	1.478753E-16
8.390000E+03	2.447767E-16	1.491119E-16
8.400000E+03	2.421903E-16	1.502389E-16
8.410000E+03	2.396042E-16	1.512451E-16
8.420000E+03	2.370703E-16	1.521669E-16
8.430000E+03	2.345392E-16	1.529770E-16
8.440000E+03	2.320616E-16	1.537118E-16
8.450000E+03	2.295888E-16	1.543433E-16
8.460000E+03	2.271460E-16	1.548917E-16
8.470000E+03	2.247576E-16	1.553773E-16
8.480000E+03	2.223760E-16	1.557710E-16
8.490000E+03	2.200253E-16	1.560930E-16
8.500000E+03	2.177058E-16	1.563467E-16
8.510000E+03	2.154174E-16	1.565354E-16
8.520000E+03	2.131601E-16	1.566623E-16
8.530000E+03	2.109339E-16	1.567305E-16
8.540000E+03	2.087384E-16	1.567428E-16
8.550000E+03	2.065735E-16	1.567021E-16
8.560000E+03	2.044389E-16	1.566110E-16
8.570000E+03	2.023124E-16	1.564552E-16
8.580000E+03	2.002375E-16	1.562708E-16
8.590000E+03	1.981918E-16	1.560432E-16
8.600000E+03	1.961535E-16	1.557578E-16
8.610000E+03	1.941650E-16	1.554503E-16
8.620000E+03	1.921833E-16	1.550890E-16
8.630000E+03	1.902499E-16	1.547095E-16
8.640000E+03	1.883227E-16	1.542799E-16
8.650000E+03	1.864423E-16	1.538355E-16
8.660000E+03	1.845674E-16	1.533444E-16
8.670000E+03	1.827179E-16	1.528248E-16
8.680000E+03	1.808932E-16	1.522782E-16
8.690000E+03	1.791123E-16	1.517227E-16
8.700000E+03	1.773353E-16	1.511263E-16
8.710000E+03	1.755814E-16	1.505067E-16
8.720000E+03	1.738499E-16	1.498653E-16
8.730000E+03	1.721404E-16	1.492032E-16
8.740000E+03	1.704521E-16	1.485213E-16
8.750000E+03	1.687847E-16	1.478207E-16
8.760000E+03	1.671375E-16	1.471024E-16
8.770000E+03	1.655099E-16	1.463673E-16
8.780000E+03	1.638832E-16	1.456000E-16
8.790000E+03	1.622935E-16	1.448339E-16
8.800000E+03	1.607219E-16	1.440534E-16
8.810000E+03	1.591679E-16	1.432593E-16
8.820000E+03	1.576310E-16	1.424523E-16
8.830000E+03	1.560930E-16	1.416172E-16
8.840000E+03	1.545889E-16	1.407866E-16
8.850000E+03	1.531005E-16	1.399449E-16
8.860000E+03	1.516102E-16	1.390773E-16
8.870000E+03	1.501519E-16	1.382156E-16
8.880000E+03	1.486911E-16	1.373291E-16
8.890000E+03	1.472614E-16	1.364496E-16
8.900000E+03	1.458452E-16	1.355619E-16
8.910000E+03	1.444258E-16	1.346510E-16
8.920000E+03	1.430359E-16	1.337484E-16
8.930000E+03	1.416423E-16	1.328238E-16
8.940000E+03	1.402773E-16	1.319080E-16
8.950000E+03	1.389082E-16	1.309713E-16
8.960000E+03	1.375510E-16	1.300292E-16
8.970000E+03	1.362211E-16	1.290970E-16
8.980000E+03	1.348866E-16	1.281452E-16
8.990000E+03	1.335787E-16	1.272039E-16
9.000000E+03	1.322660E-16	1.262440E-16
9.040000E+03	1.271492E-16	1.224013E-16
9.080000E+03	1.221740E-16	1.185089E-16
9.120000E+03	1.173613E-16	1.146151E-16
9.160000E+03	1.126772E-16	1.107114E-16
9.200000E+03	1.081466E-16	1.068428E-16
9.240000E+03	1.037550E-16	1.030130E-16
9.280000E+03	9.950409E-17	9.923867E-17
9.320000E+03	9.540849E-17	9.554719E-17
9.360000E+03	9.145941E-17	9.194067E-17
9.400000E+03	8.766104E-17	8.843252E-17
9.440000E+03	8.402822E-17	8.504551E-17
9.480000E+03	8.056359E-17	8.178900E-17
9.520000E+03	7.725911E-17	7.866051E-17
9.560000E+03	7.412643E-17	7.567670E-17
9.600000E+03	7.116537E-17	7.284161E-17
9.640000E+03	6.836557E-17	7.014822E-17
9.680000E+03	6.573407E-17	6.760689E-17
9.720000E+03	6.327563E-17	6.522530E-17
9.760000E+03	6.096823E-17	6.298322E-17
9.800000E+03	5.881494E-17	6.088593E-17
9.840000E+03	5.680930E-17	5.892869E-17
9.880000E+03	5.494429E-17	5.710591E-17
9.920000E+03	5.321248E-17	5.541137E-17
9.960000E+03	5.160615E-17	5.383842E-17
1.000000E+04	5.011750E-17	5.238009E-17
1.004000E+04	4.873872E-17	5.102928E-17
1.008000E+04	4.746895E-17	4.978602E-17
1.012000E+04	4.628697E-17	4.862888E-17
1.016000E+04	4.519910E-17	4.756520E-17
1.020000E+04	4.419171E-17	4.658122E-17
1.024000E+04	4.325832E-17	4.567066E-17
1.028000E+04	4.239284E-17	4.482753E-17
1.032000E+04	4.158960E-17	4.404618E-17
