#wls	flux	fluxerr
1.600000E+03	2.665568E-17	2.855065E-17
1.640000E+03	2.679708E-17	2.866916E-17
1.680000E+03	2.694277E-17	2.879016E-17
1.720000E+03	2.709844E-17	2.891947E-17
1.760000E+03	2.725560E-17	2.904778E-17
1.800000E+03	2.742978E-17	2.919130E-17
1.840000E+03	2.760794E-17	2.933574E-17
1.880000E+03	2.780116E-17	2.949238E-17
1.920000E+03	2.801111E-17	2.966240E-17
1.960000E+03	2.823470E-17	2.984182E-17
2.000000E+03	2.847380E-17	3.003178E-17
2.040000E+03	2.873541E-17	3.023868E-17
2.080000E+03	2.901678E-17	3.045845E-17
2.120000E+03	2.932526E-17	3.069742E-17
2.160000E+03	2.965832E-17	3.095134E-17
2.200000E+03	3.001854E-17	3.122103E-17
2.240000E+03	3.041386E-17	3.151254E-17
2.280000E+03	3.084736E-17	3.182644E-17
2.320000E+03	3.131695E-17	3.215756E-17
2.360000E+03	3.182590E-17	3.250578E-17
2.400000E+03	3.238316E-17	3.287616E-17
2.440000E+03	3.299268E-17	3.326787E-17
2.480000E+03	3.365303E-17	3.367391E-17
2.520000E+03	3.437427E-17	3.409788E-17
2.560000E+03	3.515543E-17	3.453128E-17
2.600000E+03	3.600751E-17	3.497618E-17
2.640000E+03	3.693015E-17	3.542205E-17
2.680000E+03	3.793551E-17	3.586881E-17
2.720000E+03	3.902397E-17	3.630311E-17
2.760000E+03	4.020908E-17	3.672178E-17
2.800000E+03	4.149206E-17	3.710766E-17
2.840000E+03	4.288808E-17	3.745329E-17
2.880000E+03	4.440651E-17	3.774245E-17
2.920000E+03	4.605001E-17	3.794960E-17
2.960000E+03	4.783638E-17	3.805794E-17
3.000000E+03	4.976904E-17	3.803449E-17
3.010000E+03	5.027636E-17	3.800451E-17
3.020000E+03	5.079370E-17	3.796386E-17
3.030000E+03	5.132123E-17	3.791200E-17
3.040000E+03	5.185915E-17	3.784840E-17
3.050000E+03	5.241602E-17	3.777853E-17
3.060000E+03	5.297532E-17	3.768969E-17
3.070000E+03	5.354554E-17	3.758736E-17
3.080000E+03	5.413552E-17	3.747694E-17
3.090000E+03	5.472824E-17	3.734581E-17
3.100000E+03	5.533243E-17	3.719938E-17
3.110000E+03	5.595720E-17	3.704292E-17
3.120000E+03	5.658500E-17	3.686398E-17
3.130000E+03	5.723393E-17	3.667372E-17
3.140000E+03	5.788607E-17	3.645984E-17
3.150000E+03	5.855989E-17	3.623335E-17
3.160000E+03	5.924649E-17	3.598786E-17
3.170000E+03	5.993655E-17	3.571716E-17
3.180000E+03	6.064913E-17	3.543210E-17
3.190000E+03	6.137502E-17	3.512651E-17
3.200000E+03	6.210459E-17	3.479451E-17
3.210000E+03	6.285751E-17	3.444681E-17
3.220000E+03	6.362425E-17	3.407764E-17
3.230000E+03	6.440497E-17	3.368688E-17
3.240000E+03	6.518959E-17	3.326934E-17
3.250000E+03	6.599862E-17	3.283573E-17
3.260000E+03	6.682210E-17	3.238117E-17
3.270000E+03	6.766015E-17	3.190630E-17
3.280000E+03	6.851292E-17	3.141204E-17
3.290000E+03	6.938052E-17	3.089967E-17
3.300000E+03	7.026308E-17	3.037089E-17
3.310000E+03	7.116071E-17	2.982783E-17
3.320000E+03	7.207351E-17	2.927323E-17
3.330000E+03	7.300159E-17	2.871045E-17
3.340000E+03	7.394502E-17	2.814359E-17
3.350000E+03	7.490388E-17	2.757763E-17
3.360000E+03	7.587826E-17	2.701846E-17
3.370000E+03	7.688013E-17	2.647715E-17
3.380000E+03	7.788588E-17	2.595350E-17
3.390000E+03	7.890734E-17	2.546095E-17
3.400000E+03	7.994458E-17	2.500990E-17
3.410000E+03	8.101017E-17	2.461556E-17
3.420000E+03	8.207935E-17	2.428252E-17
3.430000E+03	8.316459E-17	2.402736E-17
3.440000E+03	8.426600E-17	2.386273E-17
3.450000E+03	8.539686E-17	2.380430E-17
3.460000E+03	8.653132E-17	2.385544E-17
3.470000E+03	8.769601E-17	2.403217E-17
3.480000E+03	8.886454E-17	2.433327E-17
3.490000E+03	9.005053E-17	2.476562E-17
3.500000E+03	9.126835E-17	2.533329E-17
3.510000E+03	9.249078E-17	2.602603E-17
3.520000E+03	9.374641E-17	2.684670E-17
3.530000E+03	9.500744E-17	2.778037E-17
3.540000E+03	9.630326E-17	2.882720E-17
3.550000E+03	9.762030E-17	2.997422E-17
3.560000E+03	9.894430E-17	3.120753E-17
3.570000E+03	1.003058E-16	3.252734E-17
3.580000E+03	1.016756E-16	3.391526E-17
3.590000E+03	1.030848E-16	3.537312E-17
3.600000E+03	1.045194E-16	3.688840E-17
3.610000E+03	1.059641E-16	3.844834E-17
3.620000E+03	1.074516E-16	4.005798E-17
3.630000E+03	1.089507E-16	4.169974E-17
3.640000E+03	1.104948E-16	4.338073E-17
3.650000E+03	1.120688E-16	4.509025E-17
3.660000E+03	1.136736E-16	4.682406E-17
3.670000E+03	1.152930E-16	4.857103E-17
3.680000E+03	1.169621E-16	5.034192E-17
3.690000E+03	1.186649E-16	5.212650E-17
3.700000E+03	1.204025E-16	5.392174E-17
3.710000E+03	1.221575E-16	5.571657E-17
3.720000E+03	1.239671E-16	5.752468E-17
3.730000E+03	1.258145E-16	5.933552E-17
3.740000E+03	1.277004E-16	6.114669E-17
3.750000E+03	1.296259E-16	6.295583E-17
3.760000E+03	1.315725E-16	6.475105E-17
3.770000E+03	1.335797E-16	6.654903E-17
3.780000E+03	1.356294E-16	6.833814E-17
3.790000E+03	1.377224E-16	7.011610E-17
3.800000E+03	1.398595E-16	7.188060E-17
3.810000E+03	1.420208E-16	7.361840E-17
3.820000E+03	1.442486E-16	7.534853E-17
3.830000E+03	1.465231E-16	7.705787E-17
3.840000E+03	1.488449E-16	7.874381E-17
3.850000E+03	1.512149E-16	8.040363E-17
3.860000E+03	1.536337E-16	8.203451E-17
3.870000E+03	1.561019E-16	8.363348E-17
3.880000E+03	1.585969E-16	8.518500E-17
3.890000E+03	1.611651E-16	8.671051E-17
3.900000E+03	1.637842E-16	8.819438E-17
3.910000E+03	1.664545E-16	8.963302E-17
3.920000E+03	1.691762E-16	9.102271E-17
3.930000E+03	1.719496E-16	9.235951E-17
3.940000E+03	1.747748E-16	9.363929E-17
3.950000E+03	1.776258E-16	9.484402E-17
3.960000E+03	1.805538E-16	9.599651E-17
3.970000E+03	1.835330E-16	9.707847E-17
3.980000E+03	1.865632E-16	9.808497E-17
3.990000E+03	1.896439E-16	9.901089E-17
4.000000E+03	1.927742E-16	9.985088E-17
4.010000E+03	1.959254E-16	1.005849E-16
4.020000E+03	1.991523E-16	1.012361E-16
4.030000E+03	2.024261E-16	1.017841E-16
4.040000E+03	2.057455E-16	1.022227E-16
4.050000E+03	2.091090E-16	1.025456E-16
4.060000E+03	2.124845E-16	1.027315E-16
4.070000E+03	2.159305E-16	1.028032E-16
4.080000E+03	2.194151E-16	1.027389E-16
4.090000E+03	2.229359E-16	1.025317E-16
4.100000E+03	2.264581E-16	1.021598E-16
4.110000E+03	2.300432E-16	1.016452E-16
4.120000E+03	2.336564E-16	1.009658E-16
4.130000E+03	2.372607E-16	1.001000E-16
4.140000E+03	2.409197E-16	9.906873E-17
4.150000E+03	2.445965E-16	9.785025E-17
4.160000E+03	2.482522E-16	9.642334E-17
4.170000E+03	2.519523E-16	9.480811E-17
4.180000E+03	2.556579E-16	9.298328E-17
4.190000E+03	2.593278E-16	9.092879E-17
4.200000E+03	2.630299E-16	8.866355E-17
4.210000E+03	2.666854E-16	8.615542E-17
4.220000E+03	2.703639E-16	8.342246E-17
4.230000E+03	2.739843E-16	8.043458E-17
4.240000E+03	2.776175E-16	7.720895E-17
4.250000E+03	2.811803E-16	7.371802E-17
4.260000E+03	2.847454E-16	6.997808E-17
4.270000E+03	2.882272E-16	6.596471E-17
4.280000E+03	2.917001E-16	6.169340E-17
4.290000E+03	2.950767E-16	5.714371E-17
4.300000E+03	2.983914E-16	5.232351E-17
4.310000E+03	3.016799E-16	4.723971E-17
4.320000E+03	3.048527E-16	4.188123E-17
4.330000E+03	3.079455E-16	3.626248E-17
4.340000E+03	3.109524E-16	3.039854E-17
4.350000E+03	3.139117E-16	2.432513E-17
4.360000E+03	3.167312E-16	1.811195E-17
4.370000E+03	3.194493E-16	1.199689E-17
4.380000E+03	3.220619E-16	7.024822E-18
4.390000E+03	3.245652E-16	7.242518E-18
4.400000E+03	3.269567E-16	1.257566E-17
4.410000E+03	3.292345E-16	1.917957E-17
4.420000E+03	3.313978E-16	2.608710E-17
4.430000E+03	3.334463E-16	3.307088E-17
4.440000E+03	3.353803E-16	4.004863E-17
4.450000E+03	3.372007E-16	4.698035E-17
4.460000E+03	3.389086E-16	5.384226E-17
4.470000E+03	3.405059E-16	6.061807E-17
4.480000E+03	3.419945E-16	6.729544E-17
4.490000E+03	3.433771E-16	7.386441E-17
4.500000E+03	3.446091E-16	8.030555E-17
4.510000E+03	3.457879E-16	8.663274E-17
4.520000E+03	3.468698E-16	9.282952E-17
4.530000E+03	3.478584E-16	9.889033E-17
4.540000E+03	3.487098E-16	1.047960E-16
4.550000E+03	3.495230E-16	1.105702E-16
4.560000E+03	3.502070E-16	1.161800E-16
4.570000E+03	3.508612E-16	1.216532E-16
4.580000E+03	3.513947E-16	1.269550E-16
4.590000E+03	3.519071E-16	1.321172E-16
4.600000E+03	3.523075E-16	1.371031E-16
4.610000E+03	3.526480E-16	1.419291E-16
4.620000E+03	3.529810E-16	1.466143E-16
4.630000E+03	3.532153E-16	1.511194E-16
4.640000E+03	3.534032E-16	1.554638E-16
4.650000E+03	3.535490E-16	1.596480E-16
4.660000E+03	3.537050E-16	1.636949E-16
4.670000E+03	3.537799E-16	1.675617E-16
4.680000E+03	3.538257E-16	1.712714E-16
4.690000E+03	3.538465E-16	1.748254E-16
4.700000E+03	3.538465E-16	1.782254E-16
4.710000E+03	3.538296E-16	1.814732E-16
4.720000E+03	3.537997E-16	1.845709E-16
4.730000E+03	3.537605E-16	1.875204E-16
4.740000E+03	3.536682E-16	1.902984E-16
4.750000E+03	3.536214E-16	1.929579E-16
4.760000E+03	3.535758E-16	1.954758E-16
4.770000E+03	3.535349E-16	1.978545E-16
4.780000E+03	3.534544E-16	2.000695E-16
4.790000E+03	3.534321E-16	2.021763E-16
4.800000E+03	3.533762E-16	2.041233E-16
4.810000E+03	3.533840E-16	2.059669E-16
4.820000E+03	3.533638E-16	2.076546E-16
4.830000E+03	3.534123E-16	2.092434E-16
4.840000E+03	3.534377E-16	2.106798E-16
4.850000E+03	3.534894E-16	2.119932E-16
4.860000E+03	3.536165E-16	2.132136E-16
4.870000E+03	3.537269E-16	2.142861E-16
4.880000E+03	3.538695E-16	2.152403E-16
4.890000E+03	3.540459E-16	2.160773E-16
4.900000E+03	3.542579E-16	2.167983E-16
4.910000E+03	3.545068E-16	2.174042E-16
4.920000E+03	3.547939E-16	2.178957E-16
4.930000E+03	3.551205E-16	2.182733E-16
4.940000E+03	3.554876E-16	2.185374E-16
4.950000E+03	3.558962E-16	2.186881E-16
4.960000E+03	3.563470E-16	2.187254E-16
4.970000E+03	3.567937E-16	2.186202E-16
4.980000E+03	3.573310E-16	2.184298E-16
4.990000E+03	3.579121E-16	2.181245E-16
5.000000E+03	3.584902E-16	2.176750E-16
5.010000E+03	3.591598E-16	2.171375E-16
5.020000E+03	3.598264E-16	2.164535E-16
5.030000E+03	3.605845E-16	2.156785E-16
5.040000E+03	3.613391E-16	2.147541E-16
5.050000E+03	3.621847E-16	2.137349E-16
5.060000E+03	3.630257E-16	2.125625E-16
5.070000E+03	3.639088E-16	2.112630E-16
5.080000E+03	3.648332E-16	2.098337E-16
5.090000E+03	3.658459E-16	2.082994E-16
5.100000E+03	3.668499E-16	2.066024E-16
5.110000E+03	3.678918E-16	2.047672E-16
5.120000E+03	3.689701E-16	2.027906E-16
5.130000E+03	3.700832E-16	2.006693E-16
5.140000E+03	3.712292E-16	1.983998E-16
5.150000E+03	3.723577E-16	1.959530E-16
5.160000E+03	3.735637E-16	1.933766E-16
5.170000E+03	3.747963E-16	1.906410E-16
5.180000E+03	3.760531E-16	1.877422E-16
5.190000E+03	3.772824E-16	1.846522E-16
5.200000E+03	3.785794E-16	1.814156E-16
5.210000E+03	3.798429E-16	1.779808E-16
5.220000E+03	3.811684E-16	1.743905E-16
5.230000E+03	3.824536E-16	1.705950E-16
5.240000E+03	3.837943E-16	1.666353E-16
5.250000E+03	3.850873E-16	1.624636E-16
5.260000E+03	3.864288E-16	1.581193E-16
5.270000E+03	3.877146E-16	1.535570E-16
5.280000E+03	3.889906E-16	1.487948E-16
5.290000E+03	3.902528E-16	1.438295E-16
5.300000E+03	3.914967E-16	1.386584E-16
5.310000E+03	3.927179E-16	1.332793E-16
5.320000E+03	3.939120E-16	1.276902E-16
5.330000E+03	3.950743E-16	1.218897E-16
5.340000E+03	3.962002E-16	1.158768E-16
5.350000E+03	3.972850E-16	1.096514E-16
5.360000E+03	3.983240E-16	1.032142E-16
5.370000E+03	3.993124E-16	9.656699E-17
5.380000E+03	4.001939E-16	8.970122E-17
5.390000E+03	4.010672E-16	8.264597E-17
5.400000E+03	4.018763E-16	7.539625E-17
5.410000E+03	4.025647E-16	6.795460E-17
5.420000E+03	4.032322E-16	6.035681E-17
5.430000E+03	4.037707E-16	5.261369E-17
5.440000E+03	4.042808E-16	4.478563E-17
5.450000E+03	4.046548E-16	3.694305E-17
5.460000E+03	4.049941E-16	2.926361E-17
5.470000E+03	4.051917E-16	2.212218E-17
5.480000E+03	4.052979E-16	1.650441E-17
5.490000E+03	4.053115E-16	1.452757E-17
5.500000E+03	4.052842E-16	1.752341E-17
5.510000E+03	4.051121E-16	2.360632E-17
5.520000E+03	4.048487E-16	3.090088E-17
5.530000E+03	4.044959E-16	3.861253E-17
5.540000E+03	4.040563E-16	4.642602E-17
5.550000E+03	4.035328E-16	5.419969E-17
5.560000E+03	4.029287E-16	6.186131E-17
5.570000E+03	4.021959E-16	6.936124E-17
5.580000E+03	4.014418E-16	7.669169E-17
5.590000E+03	4.006187E-16	8.382889E-17
5.600000E+03	3.997310E-16	9.076243E-17
5.610000E+03	3.987316E-16	9.747280E-17
5.620000E+03	3.977279E-16	1.039796E-16
5.630000E+03	3.966729E-16	1.102683E-16
5.640000E+03	3.955205E-16	1.163224E-16
5.650000E+03	3.943771E-16	1.221703E-16
5.660000E+03	3.931458E-16	1.277818E-16
5.670000E+03	3.918820E-16	1.331728E-16
5.680000E+03	3.906403E-16	1.383625E-16
5.690000E+03	3.893249E-16	1.433181E-16
5.700000E+03	3.879902E-16	1.480592E-16
5.710000E+03	3.866902E-16	1.526079E-16
5.720000E+03	3.853297E-16	1.569289E-16
5.730000E+03	3.839624E-16	1.610444E-16
5.740000E+03	3.825922E-16	1.649578E-16
5.750000E+03	3.812228E-16	1.686728E-16
5.760000E+03	3.798579E-16	1.721932E-16
5.770000E+03	3.785008E-16	1.755227E-16
5.780000E+03	3.771548E-16	1.786654E-16
5.790000E+03	3.758231E-16	1.816252E-16
5.800000E+03	3.745086E-16	1.844059E-16
5.810000E+03	3.732140E-16	1.870115E-16
5.820000E+03	3.719422E-16	1.894460E-16
5.830000E+03	3.706954E-16	1.917130E-16
5.840000E+03	3.694286E-16	1.937914E-16
5.850000E+03	3.682390E-16	1.957345E-16
5.860000E+03	3.670808E-16	1.975209E-16
5.870000E+03	3.659093E-16	1.991288E-16
5.880000E+03	3.648198E-16	2.006120E-16
5.890000E+03	3.637203E-16	2.019226E-16
5.900000E+03	3.627055E-16	2.031151E-16
5.910000E+03	3.616836E-16	2.041403E-16
5.920000E+03	3.607485E-16	2.050529E-16
5.930000E+03	3.598086E-16	2.058031E-16
5.940000E+03	3.589570E-16	2.064456E-16
5.950000E+03	3.581022E-16	2.069297E-16
5.960000E+03	3.572910E-16	2.072835E-16
5.970000E+03	3.565694E-16	2.075353E-16
5.980000E+03	3.558462E-16	2.076333E-16
5.990000E+03	3.551673E-16	2.076054E-16
6.000000E+03	3.545327E-16	2.074524E-16
6.010000E+03	3.539424E-16	2.071753E-16
6.020000E+03	3.533960E-16	2.067745E-16
6.030000E+03	3.529384E-16	2.062769E-16
6.040000E+03	3.524787E-16	2.056297E-16
6.050000E+03	3.520615E-16	2.048594E-16
6.060000E+03	3.516861E-16	2.039658E-16
6.070000E+03	3.513516E-16	2.029483E-16
6.080000E+03	3.510121E-16	2.017806E-16
6.090000E+03	3.507564E-16	2.005137E-16
6.100000E+03	3.505383E-16	1.991205E-16
6.110000E+03	3.503564E-16	1.976000E-16
6.120000E+03	3.502092E-16	1.959508E-16
6.130000E+03	3.500951E-16	1.941714E-16
6.140000E+03	3.499677E-16	1.922356E-16
6.150000E+03	3.499145E-16	1.901911E-16
6.160000E+03	3.498889E-16	1.880111E-16
6.170000E+03	3.498439E-16	1.856699E-16
6.180000E+03	3.498668E-16	1.832132E-16
6.190000E+03	3.498656E-16	1.805916E-16
6.200000E+03	3.499274E-16	1.778496E-16
6.210000E+03	3.500047E-16	1.749613E-16
6.220000E+03	3.500500E-16	1.719023E-16
6.230000E+03	3.501499E-16	1.687149E-16
6.240000E+03	3.502118E-16	1.653530E-16
6.250000E+03	3.502773E-16	1.618364E-16
6.260000E+03	3.503880E-16	1.581831E-16
6.270000E+03	3.504508E-16	1.543502E-16
6.280000E+03	3.505069E-16	1.503562E-16
6.290000E+03	3.505978E-16	1.462180E-16
6.300000E+03	3.506297E-16	1.418959E-16
6.310000E+03	3.506439E-16	1.374077E-16
6.320000E+03	3.506814E-16	1.327691E-16
6.330000E+03	3.506483E-16	1.279443E-16
6.340000E+03	3.505855E-16	1.229504E-16
6.350000E+03	3.504890E-16	1.177868E-16
6.360000E+03	3.503546E-16	1.124536E-16
6.370000E+03	3.501782E-16	1.069512E-16
6.380000E+03	3.499557E-16	1.012805E-16
6.390000E+03	3.497279E-16	9.545533E-17
6.400000E+03	3.494009E-16	8.945248E-17
6.410000E+03	3.490157E-16	8.328787E-17
6.420000E+03	3.485684E-16	7.696539E-17
6.430000E+03	3.480552E-16	7.049013E-17
6.440000E+03	3.474280E-16	6.386068E-17
6.450000E+03	3.467726E-16	5.710349E-17
6.460000E+03	3.460410E-16	5.022254E-17
6.470000E+03	3.452305E-16	4.323736E-17
6.480000E+03	3.443384E-16	3.617976E-17
6.490000E+03	3.433625E-16	2.910764E-17
6.500000E+03	3.423008E-16	2.214356E-17
6.510000E+03	3.411081E-16	1.560380E-17
6.520000E+03	3.398714E-16	1.053012E-17
6.530000E+03	3.385467E-16	9.706122E-18
6.540000E+03	3.371347E-16	1.385165E-17
6.550000E+03	3.355943E-16	1.996804E-17
6.560000E+03	3.340143E-16	2.660012E-17
6.570000E+03	3.323547E-16	3.331549E-17
6.580000E+03	3.305765E-16	3.995693E-17
6.590000E+03	3.287686E-16	4.646817E-17
6.600000E+03	3.268926E-16	5.281236E-17
6.610000E+03	3.249109E-16	5.896434E-17
6.620000E+03	3.229119E-16	6.492863E-17
6.630000E+03	3.208167E-16	7.068380E-17
6.640000E+03	3.187128E-16	7.624450E-17
6.650000E+03	3.165228E-16	8.159084E-17
6.660000E+03	3.143329E-16	8.674341E-17
6.670000E+03	3.120667E-16	9.168176E-17
6.680000E+03	3.098095E-16	9.643085E-17
6.690000E+03	3.074858E-16	1.009690E-16
6.700000E+03	3.051402E-16	1.053113E-16
6.710000E+03	3.028161E-16	1.094752E-16
6.720000E+03	3.004395E-16	1.134370E-16
6.730000E+03	2.980538E-16	1.172144E-16
6.740000E+03	2.957011E-16	1.208274E-16
6.750000E+03	2.933088E-16	1.242501E-16
6.760000E+03	2.909189E-16	1.275023E-16
6.770000E+03	2.885723E-16	1.306059E-16
6.780000E+03	2.861974E-16	1.335326E-16
6.790000E+03	2.838352E-16	1.363041E-16
6.800000E+03	2.814887E-16	1.389255E-16
6.810000E+03	2.791606E-16	1.414020E-16
6.820000E+03	2.768539E-16	1.437391E-16
6.830000E+03	2.746065E-16	1.459606E-16
6.840000E+03	2.723495E-16	1.480345E-16
6.850000E+03	2.701211E-16	1.499844E-16
6.860000E+03	2.679233E-16	1.518154E-16
6.870000E+03	2.657581E-16	1.535326E-16
6.880000E+03	2.636274E-16	1.551410E-16
6.890000E+03	2.615328E-16	1.566453E-16
6.900000E+03	2.594759E-16	1.580503E-16
6.910000E+03	2.574582E-16	1.593607E-16
6.920000E+03	2.554809E-16	1.605810E-16
6.930000E+03	2.535453E-16	1.617155E-16
6.940000E+03	2.516525E-16	1.627686E-16
6.950000E+03	2.498035E-16	1.637443E-16
6.960000E+03	2.479993E-16	1.646467E-16
6.970000E+03	2.462405E-16	1.654795E-16
6.980000E+03	2.444963E-16	1.662251E-16
6.990000E+03	2.428310E-16	1.669299E-16
7.000000E+03	2.412132E-16	1.675759E-16
7.010000E+03	2.396433E-16	1.681665E-16
7.020000E+03	2.381220E-16	1.687048E-16
7.030000E+03	2.366187E-16	1.691718E-16
7.040000E+03	2.351955E-16	1.696144E-16
7.050000E+03	2.338218E-16	1.700132E-16
7.060000E+03	2.324978E-16	1.703710E-16
7.070000E+03	2.311936E-16	1.706681E-16
7.080000E+03	2.299696E-16	1.709510E-16
7.090000E+03	2.287957E-16	1.711999E-16
7.100000E+03	2.276424E-16	1.713946E-16
7.110000E+03	2.265691E-16	1.715815E-16
7.120000E+03	2.255460E-16	1.717403E-16
7.130000E+03	2.245440E-16	1.718503E-16
7.140000E+03	2.236215E-16	1.719578E-16
7.150000E+03	2.227200E-16	1.720196E-16
7.160000E+03	2.218979E-16	1.720817E-16
7.170000E+03	2.210968E-16	1.721007E-16
7.180000E+03	2.203745E-16	1.721226E-16
7.190000E+03	2.196732E-16	1.721034E-16
7.200000E+03	2.190503E-16	1.720890E-16
7.210000E+03	2.184483E-16	1.720354E-16
7.220000E+03	2.178957E-16	1.719657E-16
7.230000E+03	2.174207E-16	1.719030E-16
7.240000E+03	2.169662E-16	1.718028E-16
7.250000E+03	2.165605E-16	1.716881E-16
7.260000E+03	2.162317E-16	1.715817E-16
7.270000E+03	2.159229E-16	1.714387E-16
7.280000E+03	2.156621E-16	1.712819E-16
7.290000E+03	2.154775E-16	1.711336E-16
7.300000E+03	2.153122E-16	1.709489E-16
7.310000E+03	2.151941E-16	1.707501E-16
7.320000E+03	2.151231E-16	1.705368E-16
7.330000E+03	2.150988E-16	1.703088E-16
7.340000E+03	2.151492E-16	1.700879E-16
7.350000E+03	2.152174E-16	1.698287E-16
7.360000E+03	2.153313E-16	1.695531E-16
7.370000E+03	2.154906E-16	1.692602E-16
7.380000E+03	2.156949E-16	1.689491E-16
7.390000E+03	2.159437E-16	1.686190E-16
7.400000E+03	2.162367E-16	1.682686E-16
7.410000E+03	2.165734E-16	1.678969E-16
7.420000E+03	2.169533E-16	1.675026E-16
7.430000E+03	2.173759E-16	1.670843E-16
7.440000E+03	2.178407E-16	1.666405E-16
7.450000E+03	2.183471E-16	1.661696E-16
7.460000E+03	2.188944E-16	1.656700E-16
7.470000E+03	2.194820E-16	1.651397E-16
7.480000E+03	2.201092E-16	1.645770E-16
7.490000E+03	2.207752E-16	1.639797E-16
7.500000E+03	2.214500E-16	1.633242E-16
7.510000E+03	2.221911E-16	1.626516E-16
7.520000E+03	2.229685E-16	1.619377E-16
7.530000E+03	2.237812E-16	1.611801E-16
7.540000E+03	2.245983E-16	1.603550E-16
7.550000E+03	2.254782E-16	1.595024E-16
7.560000E+03	2.263899E-16	1.585982E-16
7.570000E+03	2.273323E-16	1.576394E-16
7.580000E+03	2.282737E-16	1.566024E-16
7.590000E+03	2.292731E-16	1.555256E-16
7.600000E+03	2.302681E-16	1.543647E-16
7.610000E+03	2.313183E-16	1.531574E-16
7.620000E+03	2.323913E-16	1.518798E-16
7.630000E+03	2.334544E-16	1.505085E-16
7.640000E+03	2.345675E-16	1.490801E-16
7.650000E+03	2.356663E-16	1.475514E-16
7.660000E+03	2.368111E-16	1.459582E-16
7.670000E+03	2.379368E-16	1.442578E-16
7.680000E+03	2.390724E-16	1.424661E-16
7.690000E+03	2.402472E-16	1.405984E-16
7.700000E+03	2.413947E-16	1.386131E-16
7.710000E+03	2.425764E-16	1.365439E-16
7.720000E+03	2.437246E-16	1.343503E-16
7.730000E+03	2.448687E-16	1.320472E-16
7.740000E+03	2.460052E-16	1.296312E-16
7.750000E+03	2.471640E-16	1.271157E-16
7.760000E+03	2.482756E-16	1.244632E-16
7.770000E+03	2.493694E-16	1.216875E-16
7.780000E+03	2.504416E-16	1.187858E-16
7.790000E+03	2.515221E-16	1.157706E-16
7.800000E+03	2.525397E-16	1.126078E-16
7.810000E+03	2.535238E-16	1.093109E-16
7.820000E+03	2.544705E-16	1.058776E-16
7.830000E+03	2.553753E-16	1.023060E-16
7.840000E+03	2.562340E-16	9.859472E-17
7.850000E+03	2.570423E-16	9.474241E-17
7.860000E+03	2.577958E-16	9.074834E-17
7.870000E+03	2.584899E-16	8.661219E-17
7.880000E+03	2.591204E-16	8.233415E-17
7.890000E+03	2.596826E-16	7.791495E-17
7.900000E+03	2.601723E-16	7.335597E-17
7.910000E+03	2.605852E-16	6.865932E-17
7.920000E+03	2.609169E-16	6.382795E-17
7.930000E+03	2.611280E-16	5.885788E-17
7.940000E+03	2.612852E-16	5.377096E-17
7.950000E+03	2.613492E-16	4.856558E-17
7.960000E+03	2.613167E-16	4.325129E-17
7.970000E+03	2.611488E-16	3.783644E-17
7.980000E+03	2.609133E-16	3.235233E-17
7.990000E+03	2.605721E-16	2.682650E-17
8.000000E+03	2.600876E-16	2.131819E-17
8.010000E+03	2.595286E-16	1.597010E-17
8.020000E+03	2.588586E-16	1.114753E-17
8.030000E+03	2.580416E-16	8.011863E-18
8.040000E+03	2.571482E-16	8.677380E-18
8.050000E+03	2.561092E-16	1.248287E-17
8.060000E+03	2.549962E-16	1.738331E-17
8.070000E+03	2.537422E-16	2.256920E-17
8.080000E+03	2.524194E-16	2.778755E-17
8.090000E+03	2.509625E-16	3.293079E-17
8.100000E+03	2.494437E-16	3.796003E-17
8.110000E+03	2.477990E-16	4.284045E-17
8.120000E+03	2.461006E-16	4.756841E-17
8.130000E+03	2.442855E-16	5.212260E-17
8.140000E+03	2.423923E-16	5.650326E-17
8.150000E+03	2.404586E-16	6.071535E-17
8.160000E+03	2.384233E-16	6.474095E-17
8.170000E+03	2.363243E-16	6.858713E-17
8.180000E+03	2.341665E-16	7.225409E-17
8.190000E+03	2.319866E-16	7.575319E-17
8.200000E+03	2.297255E-16	7.906570E-17
8.210000E+03	2.274200E-16	8.220364E-17
8.220000E+03	2.250746E-16	8.516957E-17
8.230000E+03	2.226941E-16	8.796646E-17
8.240000E+03	2.202826E-16	9.059762E-17
8.250000E+03	2.178746E-16	9.307947E-17
8.260000E+03	2.154137E-16	9.539058E-17
8.270000E+03	2.129344E-16	9.754749E-17
8.280000E+03	2.104404E-16	9.955446E-17
8.290000E+03	2.079353E-16	1.014159E-16
8.300000E+03	2.054226E-16	1.031364E-16
8.310000E+03	2.029057E-16	1.047205E-16
8.320000E+03	2.003877E-16	1.061729E-16
8.330000E+03	1.978440E-16	1.074835E-16
8.340000E+03	1.953328E-16	1.086866E-16
8.350000E+03	1.928287E-16	1.097722E-16
8.360000E+03	1.903343E-16	1.107452E-16
8.370000E+03	1.878519E-16	1.116101E-16
8.380000E+03	1.853836E-16	1.123717E-16
8.390000E+03	1.829059E-16	1.130187E-16
8.400000E+03	1.804718E-16	1.135871E-16
8.410000E+03	1.780573E-16	1.140657E-16
8.420000E+03	1.756638E-16	1.144588E-16
8.430000E+03	1.732687E-16	1.147545E-16
8.440000E+03	1.709217E-16	1.149890E-16
8.450000E+03	1.685996E-16	1.151504E-16
8.460000E+03	1.662802E-16	1.152264E-16
8.470000E+03	1.640110E-16	1.152529E-16
8.480000E+03	1.617694E-16	1.152176E-16
8.490000E+03	1.595338E-16	1.151079E-16
8.500000E+03	1.573496E-16	1.149593E-16
8.510000E+03	1.551731E-16	1.147430E-16
8.520000E+03	1.530484E-16	1.144942E-16
8.530000E+03	1.509326E-16	1.141839E-16
8.540000E+03	1.488687E-16	1.138470E-16
8.550000E+03	1.468148E-16	1.134543E-16
8.560000E+03	1.448125E-16	1.130404E-16
8.570000E+03	1.428209E-16	1.125760E-16
8.580000E+03	1.408805E-16	1.120952E-16
8.590000E+03	1.389513E-16	1.115688E-16
8.600000E+03	1.370726E-16	1.110304E-16
8.610000E+03	1.352054E-16	1.104507E-16
8.620000E+03	1.333692E-16	1.098475E-16
8.630000E+03	1.315822E-16	1.092380E-16
8.640000E+03	1.298068E-16	1.085932E-16
8.650000E+03	1.280616E-16	1.079302E-16
8.660000E+03	1.263642E-16	1.072659E-16
8.670000E+03	1.246782E-16	1.065712E-16
8.680000E+03	1.230214E-16	1.058629E-16
8.690000E+03	1.213934E-16	1.051423E-16
8.700000E+03	1.198109E-16	1.044257E-16
8.710000E+03	1.182391E-16	1.036843E-16
8.720000E+03	1.166951E-16	1.029343E-16
8.730000E+03	1.151782E-16	1.021768E-16
8.740000E+03	1.136881E-16	1.014127E-16
8.750000E+03	1.122404E-16	1.006573E-16
8.760000E+03	1.108024E-16	9.988275E-17
8.770000E+03	1.093897E-16	9.910429E-17
8.780000E+03	1.080021E-16	9.832270E-17
8.790000E+03	1.066391E-16	9.753871E-17
8.800000E+03	1.053001E-16	9.675300E-17
8.810000E+03	1.039847E-16	9.596620E-17
8.820000E+03	1.027073E-16	9.519261E-17
8.830000E+03	1.014377E-16	9.440528E-17
8.840000E+03	1.001903E-16	9.361852E-17
8.850000E+03	9.896471E-17	9.283282E-17
8.860000E+03	9.776053E-17	9.204862E-17
8.870000E+03	9.657728E-17	9.126632E-17
8.880000E+03	9.541453E-17	9.048632E-17
8.890000E+03	9.427185E-17	8.970897E-17
8.900000E+03	9.314883E-17	8.893459E-17
8.910000E+03	9.204503E-17	8.816349E-17
8.920000E+03	9.096006E-17	8.739595E-17
8.930000E+03	8.989351E-17	8.663223E-17
8.940000E+03	8.884499E-17	8.587257E-17
8.950000E+03	8.781409E-17	8.511718E-17
8.960000E+03	8.680046E-17	8.436626E-17
8.970000E+03	8.580370E-17	8.362000E-17
8.980000E+03	8.482346E-17	8.287856E-17
8.990000E+03	8.385938E-17	8.214210E-17
9.000000E+03	8.291110E-17	8.141075E-17
9.040000E+03	7.925775E-17	7.852737E-17
9.080000E+03	7.584353E-17	7.574589E-17
9.120000E+03	7.263780E-17	7.305849E-17
9.160000E+03	6.961364E-17	7.045715E-17
9.200000E+03	6.677736E-17	6.796427E-17
9.240000E+03	6.409564E-17	6.555961E-17
9.280000E+03	6.157648E-17	6.326277E-17
9.320000E+03	5.919095E-17	6.105374E-17
9.360000E+03	5.694829E-17	5.895017E-17
9.400000E+03	5.483142E-17	5.694131E-17
9.440000E+03	5.283338E-17	5.502573E-17
9.480000E+03	5.094795E-17	5.320181E-17
9.520000E+03	4.916950E-17	5.146780E-17
9.560000E+03	4.749286E-17	4.982175E-17
9.600000E+03	4.591326E-17	4.826160E-17
9.640000E+03	4.443307E-17	4.679233E-17
9.680000E+03	4.304074E-17	4.540390E-17
9.720000E+03	4.173218E-17	4.409377E-17
9.760000E+03	4.050341E-17	4.285925E-17
9.800000E+03	3.935674E-17	4.170408E-17
9.840000E+03	3.827583E-17	4.061206E-17
9.880000E+03	3.727507E-17	3.959939E-17
9.920000E+03	3.633270E-17	3.864378E-17
9.960000E+03	3.545116E-17	3.774851E-17
1.000000E+04	3.463248E-17	3.691632E-17
1.004000E+04	3.387290E-17	3.614376E-17
1.008000E+04	3.315814E-17	3.541601E-17
1.012000E+04	3.249577E-17	3.474154E-17
1.016000E+04	3.187725E-17	3.411155E-17
1.020000E+04	3.130471E-17	3.352860E-17
1.024000E+04	3.077007E-17	3.298428E-17
1.028000E+04	3.027062E-17	3.247589E-17
1.032000E+04	2.980869E-17	3.200611E-17
